Results for 2 tap points, only having angles for features

[[2.0, 2.0, 61.5],
 [2.0, 2.25, 62.3333],
 [2.0, 2.5, 64.3333],
 [2.0, 2.75, 67.8333],
 [2.0, 3.0, 69.3333],
 [2.25, 2.0, 61.3333],
 [2.25, 2.25, 63.1667],
 [2.25, 2.5, 65.5],
 [2.25, 2.75, 68.5],
 [2.25, 3.0, 69.1667],
 [2.5, 2.0, 60.6667],
 [2.5, 2.25, 62.8333],
 [2.5, 2.5, 65.6667],
 [2.5, 2.75, 69.8333],
 [2.5, 3.0, 69.1667],
 [2.75, 2.0, 61.0],
 [2.75, 2.25, 63.5],
 [2.75, 2.5, 66.0],
 [2.75, 2.75, 68.6667],
 [2.75, 3.0, 69.3333],
 [3.0, 2.0, 61.1667],
 [3.0, 2.25, 63.6667],
 [3.0, 2.5, 67.3333],
 [3.0, 2.75, 68.6667],
 [3.0, 3.0, 69.3333]]
[2.5, 2.75, 69.8333]

results for 5 tap points, only having angles for features.

[[7.5, -8.0, 50.25],
 [7.5, -7.75, 50.6667],
 [7.5, -7.5, 51.9167],
 [7.5, -7.25, 52.4167],
 [7.5, -7.0, 51.1667],
 [7.75, -8.0, 50.6667],
 [7.75, -7.75, 51.8333],
 [7.75, -7.5, 52.5833],
 [7.75, -7.25, 52.0],
 [7.75, -7.0, 50.9167],
 [8.0, -8.0, 50.6667],
 [8.0, -7.75, 52.0],
 [8.0, -7.5, 52.4167],
 [8.0, -7.25, 51.1667],
 [8.0, -7.0, 50.5],
 [8.25, -8.0, 51.8333],
 [8.25, -7.75, 52.5833],
 [8.25, -7.5, 52.0],
 [8.25, -7.25, 50.9167],
 [8.25, -7.0, 50.5],
 [8.5, -8.0, 52.0],
 [8.5, -7.75, 52.4167],
 [8.5, -7.5, 51.0833],
 [8.5, -7.25, 50.5],
 [8.5, -7.0, 50.25]]
[7.75, -7.5, 52.5833]

Results for 5 tap points, using only standard features

[[10.0, -7.5, 78.4167],
 [10.0, -7.375, 78.25],
 [10.0, -7.25, 78.5833],
 [10.0, -7.125, 78.6667],
 [10.0, -7.0, 79.0],
 [10.5, -7.5, 78.5],
 [10.5, -7.375, 78.8333],
 [10.5, -7.25, 78.75],
 [10.5, -7.125, 79.3333],
 [10.5, -7.0, 80.4167],
 [11.0, -7.5, 78.5833],
 [11.0, -7.375, 79.3333],
 [11.0, -7.25, 80.3333],
 [11.0, -7.125, 80.3333],
 [11.0, -7.0, 80.0833],
 [11.5, -7.5, 80.0],
 [11.5, -7.375, 80.3333],
 [11.5, -7.25, 80.0833],
 [11.5, -7.125, 80.6667],
 [11.5, -7.0, 80.5833],
 [12.0, -7.5, 80.0],
 [12.0, -7.375, 80.4167],
 [12.0, -7.25, 80.5833],
 [12.0, -7.125, 80.0],
 [12.0, -7.0, 79.75]]
[11.5, -7.125, 80.6667]

results for 5 tap points, using standard features + angle

[[2.0, -1.5, 82.25],
 [2.0, -1.375, 82.5833],
 [2.0, -1.25, 82.4167],
 [2.0, -1.125, 82.3333],
 [2.0, -1.0, 82.4167],
 [2.25, -1.5, 82.1667],
 [2.25, -1.375, 82.5],
 [2.25, -1.25, 82.75],
 [2.25, -1.125, 82.5],
 [2.25, -1.0, 82.5833],
 [2.5, -1.5, 82.0],
 [2.5, -1.375, 82.8333],
 [2.5, -1.25, 82.75],
 [2.5, -1.125, 82.5],
 [2.5, -1.0, 82.1667],
 [2.75, -1.5, 82.4167],
 [2.75, -1.375, 82.9167],
 [2.75, -1.25, 82.5],
 [2.75, -1.125, 82.1667],
 [2.75, -1.0, 81.9167],
 [3.0, -1.5, 82.5],
 [3.0, -1.375, 82.5833],
 [3.0, -1.25, 82.1667],
 [3.0, -1.125, 81.9167],
 [3.0, -1.0, 81.75]]
[2.75, -1.375, 82.9167]

Results for 5 tap points, using only new features

[[12.6, -6.5, 77.5],
 [12.6, -6.25, 79.0],
 [12.6, -6.0, 79.5],
 [12.6, -5.75, 78.6667],
 [12.6, -5.5, 78.4167],
 [12.800000000000001, -6.5, 77.8333],
 [12.800000000000001, -6.25, 79.1667],
 [12.800000000000001, -6.0, 79.5833],
 [12.800000000000001, -5.75, 78.75],
 [12.800000000000001, -5.5, 78.6667],
 [13.0, -6.5, 78.4167],
 [13.0, -6.25, 79.5],
 [13.0, -6.0, 79.5],
 [13.0, -5.75, 78.5],
 [13.0, -5.5, 78.6667],
 [13.199999999999999, -6.5, 78.75],
 [13.199999999999999, -6.25, 79.6667],
 [13.199999999999999, -6.0, 79.0],
 [13.199999999999999, -5.75, 78.5],
 [13.199999999999999, -5.5, 78.75],
 [13.4, -6.5, 79.1667],
 [13.4, -6.25, 79.3333],
 [13.4, -6.0, 79.0833],
 [13.4, -5.75, 78.25],
 [13.4, -5.5, 79.3333]]
[13.199999999999999, -6.25, 79.6667]

results for 5 tap points, using own features + angle

[[10.0, -5.0999999999999996, 79.75],
 [10.0, -5.0499999999999998, 79.75],
 [10.0, -5.0, 80.0],
 [10.0, -4.9500000000000002, 80.0833],
 [10.0, -4.9000000000000004, 79.9167],
 [10.125, -5.0999999999999996, 79.9167],
 [10.125, -5.0499999999999998, 80.0833],
 [10.125, -5.0, 79.8333],
 [10.125, -4.9500000000000002, 80.1667],
 [10.125, -4.9000000000000004, 79.8333],
 [10.25, -5.0999999999999996, 80.0],
 [10.25, -5.0499999999999998, 80.1667],
 [10.25, -5.0, 80.0],
 [10.25, -4.9500000000000002, 80.0833],
 [10.25, -4.9000000000000004, 79.75],
 [10.375, -5.0999999999999996, 80.25],
 [10.375, -5.0499999999999998, 80.0],
 [10.375, -5.0, 79.75],
 [10.375, -4.9500000000000002, 79.9167],
 [10.375, -4.9000000000000004, 79.4167],
 [10.5, -5.0999999999999996, 79.75],
 [10.5, -5.0499999999999998, 79.75],
 [10.5, -5.0, 80.0],
 [10.5, -4.9500000000000002, 79.5],
 [10.5, -4.9000000000000004, 79.3333]]
[10.375, -5.0999999999999996, 80.25]