x
-1 1
1 0.03958219334017486 6.569814270734787
2 0.03053156635724008 4.69348072608312
3 0.07479394203401171 6.554109849532446
4 0.04125914121370183 11.47030044810709
5 0.02322385756275021 11.52711123889123
6 0.0500268438764189 14.78426631856833
7 -3.415125391333105 3.426387640969482
8 -3.432172930293994 3.464995450267176
9 -3.432474806221685 3.336501126280647
10 -1.708973466582677 9.866973432262032
11 -1.720590381498608 10.03120864959267
12 -1.74173122979893 9.893687585680304
13 1.2505606357 98.54721406100001
14 0.344405539334 97.7924194336
15 0.558117364681 63.8342894961
16 0.008465599951644738 1.597230776151021
17 0.009360999893397092 2.570774753888448
18 0.007488799933344126 1.329261971265078
19 0.007274458470136708 1.839723160227006
20 0.008381772393678561 3.297157795411513
21 0.005030079621277619 2.259739502754072
22 -3.072679248240508 2.686217161130115
23 -3.127879413054022 3.296651297432149
24 -3.426645622681012 2.979407816190781
25 -1.747709691492897 8.382769054140262
26 -1.720506729382972 9.292278901575358
27 -1.822656036696546 9.869453533956746
28 0.216116995784 38.5616213083
29 0.06471299938860001 14.5421099663
30 0.102141593443 14.1515262253
