x
-1 1
1 0.2480995072051883 5.638810547192891
2 0.1986127082258463 4.539999429384867
3 0.2612007014453411 5.080146639545759
4 0.4824919398825447 11.05746601945224
5 0.2263766075320108 11.52711123889123
6 0.2284391832233061 11.12662098828689
7 -3.363724293039242 3.426387640969482
8 -3.393097134430196 3.425621349734516
9 -3.408664688908237 3.327941724454073
10 -1.444665152064988 9.866973432262032
11 -1.607993571383365 9.859787111633715
12 -1.558449384453535 9.798303477589483
13 3.91801052168 84.58215820789999
14 2.53270190954 97.7924194336
15 2.68281564814 62.1406371198
16 0.02205939963459969 1.597230776151021
17 0.04810739907746513 2.570774753888448
18 0.01595439976081252 1.326412972869972
19 0.02537241249672673 1.839723160227006
20 0.05829464344456166 3.106874406279238
21 0.01992388640689298 1.730595622349063
22 -2.756561894179721 2.686217161130115
23 -3.127879413054022 3.137834533078857
24 -3.118025525058258 2.979407816190781
25 -1.542091819899699 7.204948487725931
26 -1.553022563257829 8.668795008819629
27 -1.706981592228337 8.513453332874343
28 1.07203797717 38.5616213083
29 0.394382996485 12.2698287964
30 0.574297187292 14.1515262253
