1451267559289,1,0.4920629858970642,1.2112319469451904,0.536018967628479
1451267559300,1,0.3992669880390167,1.515260934829712,0.390720009803772
1451267559322,1,0.04639799892902374,1.688642978668213,0.2332109957933426
1451267559343,1,-0.10012199729681015,1.6141619682312012,-0.11233200132846832
1451267559364,1,0.12576299905776978,1.472525954246521,-0.36507898569107056
1451267559382,1,0.4175820052623749,0.8962140083312988,-0.2771669924259186
1451267559406,1,0.6092789769172668,0.28937700390815735,-0.09157499670982361
1451267559423,1,0.5384609699249268,-0.5763120055198669,0.1025639995932579
1451267559442,1,0.38217300176620483,-0.781440019607544,0.05738699808716774
1451267559465,1,0.3040289878845215,-0.9206339716911316,-0.007325999904423952
1451267559481,1,0.432233989238739,-1.1269829273223877,0.017093999311327934
1451267559502,1,0.6251519918441772,-0.5726490020751953,0.18681299686431885
1451267559523,1,0.44078099727630615,-0.15506699681282043,0.31623899936676025
1451267559543,1,0.42612898349761963,-0.26129400730133057,0.3150179982185364
1451267559563,1,0.390720009803772,-0.46275898814201355,0.2698409855365753
1451267559583,1,0.32234400510787964,-0.6422460079193115,0.2429789900779724
1451267559608,1,0.22100099921226501,-0.7142850160598755,0.20879100263118744
1451267559623,1,0.40659299492836,-0.37118399143218994,0.13430999219417572
1451267559645,1,0.46764299273490906,0.1404149979352951,0.13430999219417572
1451267559668,1,0.18314999341964722,0.4871789813041687,0.3150179982185364
1451267559684,1,-0.33821699023246765,0.4639799892902374,1.1684969663619995
1451267559709,1,-0.2698409855365753,-0.926738977432251,1.8229529857635498
1451267559725,1,0.586080014705658,-1.1807069778442383,1.7741129398345947
1451267559745,1,0.3846150040626526,-0.4493280053138733,0.5738700032234192
1451267559764,1,-0.097680002450943,0.2600730061531067,-0.2820509970188141
1451267559784,1,-0.5299140214920044,0.6043949723243713,-0.617825984954834
1451267559804,1,-0.7619040012359619,0.42612898349761963,-0.38217300176620483
1451267559832,1,-0.731378972530365,0.03296700119972229,0.025640999898314476
1451267559846,1,-0.1355309933423996,-0.7594619989395142,-0.17216099798679352
1451267559865,1,0.15506699681282043,-0.8046389818191528,-0.6214889883995056
1451267559884,1,0.08791200071573257,-0.6666659712791443,-0.9426119923591614
1451267559906,1,-0.3040289878845215,-0.5738700032234192,-0.9877889752388
1451267559925,1,-0.803417980670929,-0.2771669924259186,-0.9108659625053406
1451267559945,1,-0.9938939809799194,0.02319899946451187,-1.1978009939193726
1451267559965,1,-0.7203899621963501,-0.1575089991092682,-1.3882769346237183
1451267559986,1,-0.6666659712791443,-0.5604389905929565,-1.4969459772109985
1451267560006,1,-0.7338209748268127,-0.9597060084342957,-1.4651999473571777
1451267560026,1,-0.7521359920501709,-1.3687410354614258,-1.3394370079040527
1451267560046,1,-0.9413909912109375,-1.0695959329605103,-1.1233199834823608
1451267560065,1,-1.0354080200195313,-0.8901090025901794,0.07936500012874603
1451267560090,1,-0.81318598985672,-0.8571419715881348,0.4639799892902374
1451267560106,1,-0.48351600766181946,-0.5616599917411804,0.6300359964370728
1451267560126,1,-0.16361400485038757,-0.35897400975227356,0.6190469861030579
1451267560147,1,0.08180700242519379,-0.3028079867362976,0.41269800066947937
1451267560170,1,0.15384599566459656,-0.23931600153446198,0.13186800479888916
1451267560187,1,-0.07692299783229828,-0.040293000638484955,0.27960899472236633
1451267560207,1,-0.20879100263118744,0.09035399556159973,0.30524998903274536
1451267560227,1,-0.211232990026474,0.09645900130271912,0.195360004901886
1451267560248,1,-0.15384599566459656,0.05128199979662895,0.09523800015449524
1451267560267,1,0.07081799954175949,-0.19169700145721436,0.10378500074148178
1451267560287,1,0.11477399617433548,-0.2490839958190918,0.17093999683856964
1451267560308,1,0.09035399556159973,-0.20146499574184418,0.22588500380516052
1451267560327,1,0.05250300094485283,-0.1514039933681488,0.20634900033473969
1451267560348,1,0.059829000383615494,-0.07326000183820724,0.09523800015449524
1451267560367,1,0.07326000183820724,0.0488400012254715,0.00976799987256527
1451267560389,1,0.12820500135421753,0.12209999561309814,0.012210000306367874
1451267560407,1,0.1892549991607666,0.050060998648405075,0.0378509983420372
1451267560433,1,0.22588500380516052,-0.02808300033211708,0.03907199949026108
1451267560449,1,0.21367499232292175,-0.030524998903274536,0.004883999936282635
1451267560467,1,0.15262499451637268,0.00976799987256527,-0.02442000061273575
1451267560489,1,0.07326000183820724,0.07326000183820724,0.008546999655663967
1451267560509,1,0.10012199729681015,0.06104999780654907,0.04151399806141853
1451267560534,1,0.15873000025749207,0.06349200010299683,0.06715499609708786
1451267560549,1,0.21001200377941132,0.09157499670982361,0.05128199979662895
1451267560569,1,0.21367499232292175,0.08546999841928482,0.030524998903274536
1451267560589,1,0.1562879979610443,-0.02930399961769581,-0.014651999808847904
1451267560610,1,0.12087900191545486,-0.10134299844503403,-0.04151399806141853
1451267560629,1,0.07448099553585052,-0.11111100018024445,-0.07203900068998337
1451267560648,1,0.025640999898314476,-0.054944999516010284,-0.10378500074148178
1451267560670,1,-0.02808300033211708,0.0378509983420372,-0.12698400020599365
1451267560690,1,-0.05738699808716774,0.08302799612283707,-0.12576299905776978
1451267560717,1,-0.014651999808847904,0.014651999808847904,-0.08546999841928482
1451267560730,1,0.01953599974513054,-0.05372399836778641,-0.06837599724531174
1451267560750,1,0.045176997780799866,-0.0866909995675087,-0.08302799612283707
1451267560770,1,0.05250300094485283,-0.08424899727106094,-0.12698400020599365
1451267560791,1,0.0378509983420372,-0.04761900007724762,-0.1514039933681488
1451267560811,1,0.0647130012512207,-0.012210000306367874,-0.09035399556159973
1451267560831,1,0.09890099614858627,-0.030524998903274536,-0.04761900007724762
1451267560853,1,0.10744799673557281,-0.06593400239944458,-0.02319899946451187
1451267560874,1,0.10622699558734894,-0.08546999841928482,-0.03174600005149841
1451267560893,1,0.12576299905776978,-0.11111100018024445,-0.05616600066423416
1451267560913,1,0.1135529950261116,-0.09523800015449524,-0.04273499920964241
1451267560940,1,0.07814399898052216,-0.06837599724531174,-0.012210000306367874
1451267560953,1,0.04761900007724762,-0.04273499920964241,0.013430999591946602
1451267560973,1,0.0024419999681413174,-0.020756999030709267,0.006105000153183937
1451267560994,1,0.012210000306367874,0.01831500045955181,0.003662999952211976
1451267561013,1,0.05860799923539162,0.021978000178933144,0.03418799862265587
1451267561034,1,0.09279599785804749,0.017093999311327934,0.06959699839353561
1451267561079,1,0.04395600035786629,-0.0024419999681413174,0.0866909995675087
1451267561095,1,0.059829000383615494,0.07081799954175949,0.01953599974513054
1451267561121,1,0.05250300094485283,0.07936500012874603,0.02442000061273575
1451267561135,2,0.01831500045955181,0.05738699808716774,0.05128199979662895
1451267561154,2,-0.014651999808847904,0.014651999808847904,0.06227099895477295
1451267561175,2,-0.01831500045955181,-0.008546999655663967,0.05128199979662895
1451267561202,2,-0.015873000025749207,0.0012209999840706587,0.03907199949026108
1451267561216,2,0.0012209999840706587,0.010989000089466572,0.02930399961769581
1451267561235,2,-0.0012209999840706587,0.02442000061273575,0.02319899946451187
1451267561261,2,-0.03296700119972229,0.013430999591946602,0.02319899946451187
1451267561282,2,-0.04395600035786629,0.012210000306367874,0.0024419999681413174
1451267561303,2,-0.04639799892902374,0.004883999936282635,0.01953599974513054
1451267561324,2,-0.04639799892902374,-0.00976799987256527,0.03907199949026108
1451267561343,2,-0.04761900007724762,-0.02930399961769581,0.05250300094485283
1451267561365,2,-0.06593400239944458,-0.04395600035786629,0.059829000383615494
1451267561383,2,-0.07326000183820724,-0.050060998648405075,0.04761900007724762
1451267561404,2,-0.07814399898052216,-0.00976799987256527,0.03418799862265587
1451267561424,2,-0.03663000091910362,0.01953599974513054,0.0488400012254715
1451267561444,2,-0.012210000306367874,0.05738699808716774,0.07203900068998337
1451267561465,2,-0.02808300033211708,0.10988999903202057,0.059829000383615494
1451267561488,2,-0.10012199729681015,0.19658099114894867,-0.003662999952211976
1451267561504,2,-0.30647099018096924,0.34798499941825867,-0.12332099676132202
1451267561524,2,-0.33943799138069153,0.3040289878845215,-0.07326000183820724
1451267561545,2,-0.29426100850105286,0.13430999219417572,0.0024419999681413174
1451267561564,2,-0.15506699681282043,-0.06593400239944458,0.004883999936282635
1451267561584,2,-0.11599499732255936,-0.26739898324012756,-0.16971899569034576
1451267561604,2,-0.4774110019207001,-0.555554986000061,-0.3516480028629303
1451267561625,2,-0.4749689996242523,-0.586080014705658,-0.1892549991607666
1451267561645,2,-0.31746000051498413,-0.4798530042171478,0.006105000153183937
1451267561664,2,-0.12332099676132202,-0.33943799138069153,0.17704500257968903
1451267561685,2,0.07081799954175949,-0.40659299492836,0.16605599224567413
1451267561705,2,0.195360004901886,-0.47863200306892395,0.08791200071573257
1451267561725,2,0.3125759959220886,0.1135529950261116,0.416361004114151
1451267561746,2,0.4932839870452881,0.26129400730133057,0.45787498354911804
1451267561771,2,0.422465980052948,0.43467599153518677,0.44566500186920166
1451267561786,2,0.19169700145721436,0.7069590091705322,0.45177000761032104
1451267561807,2,0.08302799612283707,0.7240529656410217,0.47252699732780457
1451267561827,2,0.3028079867362976,0.26861998438835144,0.586080014705658
1451267561851,2,0.4053719937801361,0.10134299844503403,0.6605609655380249
1451267561872,2,0.39194098114967346,0.1404149979352951,0.7203899621963501
1451267561887,2,0.24664199352264404,0.334553986787796,0.7423679828643799
1451267561906,2,0.0866909995675087,0.47252699732780457,0.7020750045776367
1451267561927,2,0.07081799954175949,0.3675209879875183,0.6312569975852966
1451267561946,2,0.21855899691581726,0.24786299467086792,0.6874229907989502
1451267561966,2,0.4004879891872406,0.17460300028324127,0.8412690162658691
1451267561986,2,0.5592179894447327,0.1782660037279129,1.028082013130188
1451267562006,2,0.6166049838066101,0.2710619866847992,1.1318669319152832
1451267562027,2,0.5702069997787476,0.3455429971218109,1.1355299949645996
1451267562049,2,0.4749689996242523,0.1562879979610443,1.1367509365081787
1451267562067,2,0.6581189632415771,1.6178250312805176,1.1404139995574951
1451267562088,2,0.6715499758720398,3.777773857116699,0.586080014705658
1451267562108,2,0.17093999683856964,3.3162360191345215,0.34432199597358704
1451267562129,2,0.11965800076723099,2.064710855484009,0.48473697900772095
1451267562149,2,-0.2429789900779724,-0.8754569888114929,0.7045170068740845
1451267562167,2,-0.38217300176620483,-2.048837900161743,0.5775330066680908
1451267562188,2,-0.3040289878845215,-2.5421218872070313,0.3296699821949005
1451267562209,2,-0.16971899569034576,-2.096457004547119,-0.18803399801254272
1451267562229,2,-0.10622699558734894,-1.1355299949645996,-0.6800969839096069
1451267562249,2,-0.47863200306892395,0.040293000638484955,-0.8083019852638245
1451267562268,2,-0.6446880102157593,0.16971899569034576,-0.7277159690856934
1451267562289,2,-0.6300359964370728,0.04151399806141853,-0.6910859942436218
1451267562309,2,-0.44688600301742554,-0.17582400143146515,-0.6923069953918457
1451267562329,2,-0.22100099921226501,-0.3296699821949005,-0.7142850160598755
1451267562349,2,-0.10500600188970566,-0.32844898104667664,-0.750914990901947
1451267562369,2,-0.27228298783302307,-0.16971899569034576,-0.7643460035324097
1451267562390,2,-0.43101298809051514,-0.13064700365066528,-0.7387049794197083
1451267562409,2,-0.5445659756660461,-0.10744799673557281,-0.6874229907989502
1451267562430,2,-0.5726490020751953,-0.10622699558734894,-0.6153839826583862
1451267562449,2,-0.5091570019721985,-0.10988999903202057,-0.5482289791107178
1451267562469,2,-0.2332109957933426,0.006105000153183937,-0.49084198474884033
1451267562489,2,-0.14285700023174286,-0.025640999898314476,-0.45177000761032104
1451267562510,2,-0.07692299783229828,-0.14163599908351898,-0.37118399143218994
1451267562529,2,-0.007325999904423952,-0.2857140004634857,-0.3076919913291931
1451267562550,2,0.06959699839353561,-0.3992669880390167,-0.2759459912776947
1451267562570,2,0.1514039933681488,-0.4114769995212555,-0.3247860074043274
1451267562591,2,0.1514039933681488,-0.30036598443984985,-0.3577530086040497
1451267562612,2,0.1404149979352951,-0.21001200377941132,-0.3797309994697571
1451267562631,2,0.08546999841928482,-0.15995100140571594,-0.36996299028396606
1451267562650,2,0.054944999516010284,-0.1404149979352951,-0.3028079867362976
1451267562674,2,0.04761900007724762,-0.14285700023174286,-0.2588520050048828
1451267562691,2,0.04639799892902374,-0.09035399556159973,-0.2429789900779724
1451267562712,2,0.02442000061273575,-0.04639799892902374,-0.2539680004119873
1451267562731,2,0.021978000178933144,0.008546999655663967,-0.24542099237442017
1451267562751,2,0.05372399836778641,0.04273499920964241,-0.22100099921226501
1451267562771,2,0.06349200010299683,0.03907199949026108,-0.16361400485038757
1451267562792,2,0.05250300094485283,-0.040293000638484955,-0.040293000638484955
1451267562811,2,0.05128199979662895,-0.08058600127696991,-0.03174600005149841
1451267562832,2,0.04395600035786629,-0.10866899788379669,-0.035408999770879745
1451267562851,2,0.02319899946451187,-0.1135529950261116,-0.03663000091910362
1451267562872,2,0.01953599974513054,-0.10378500074148178,-0.017093999311327934
1451267562892,2,0.06837599724531174,-0.06104999780654907,0.02319899946451187
1451267562911,2,0.08546999841928482,-0.059829000383615494,0.0488400012254715
1451267562931,2,0.08791200071573257,-0.09157499670982361,0.07814399898052216
1451267562951,2,0.08424899727106094,-0.11111100018024445,0.09279599785804749
1451267562973,2,0.06959699839353561,-0.11111100018024445,0.09157499670982361
1451267562993,2,0.045176997780799866,-0.09401699900627136,0.097680002450943
1451267563018,2,-0.00976799987256527,-0.01953599974513054,0.10500600188970566
1451267563034,2,-0.021978000178933144,0.014651999808847904,0.08791200071573257
1451267563052,2,-0.01831500045955181,0.020756999030709267,0.07081799954175949
1451267563073,2,-0.0012209999840706587,-0.003662999952211976,0.06349200010299683
1451267563094,2,0.007325999904423952,-0.02442000061273575,0.06104999780654907
1451267563113,2,0.0024419999681413174,-0.06349200010299683,0.05128199979662895
1451267563133,2,0.02319899946451187,-0.06227099895477295,0.02808300033211708
1451267563154,2,0.04273499920964241,-0.06349200010299683,0.006105000153183937
1451267563174,1,0.0488400012254715,-0.05616600066423416,-0.004883999936282635
1451267563194,1,0.04639799892902374,-0.05128199979662895,0.0
1451267563218,1,0.01831500045955181,0.003662999952211976,-0.00976799987256527
1451267563235,1,0.0024419999681413174,0.02930399961769581,-0.006105000153183937
1451267563255,1,-0.006105000153183937,0.015873000025749207,-0.0012209999840706587
1451267563275,1,0.004883999936282635,-0.010989000089466572,-0.010989000089466572
1451267563294,1,0.012210000306367874,-0.03174600005149841,-0.014651999808847904
1451267563321,1,0.004883999936282635,-0.020756999030709267,0.0024419999681413174
1451267563334,1,-0.012210000306367874,0.02442000061273575,0.01831500045955181
1451267563355,1,-0.02930399961769581,0.03663000091910362,0.02930399961769581
1451267563376,1,-0.03174600005149841,0.035408999770879745,0.03174600005149841
1451267563396,1,-0.02319899946451187,0.030524998903274536,0.04273499920964241
1451267563415,1,-0.017093999311327934,0.02319899946451187,0.04639799892902374
1451267563435,1,-0.020756999030709267,0.0378509983420372,0.06959699839353561
1451267563456,1,-0.0024419999681413174,0.06227099895477295,0.07081799954175949
1451267563474,1,0.026861999183893204,0.10622699558734894,0.05860799923539162
1451267563496,1,0.03174600005149841,0.24786299467086792,0.05738699808716774
1451267563515,1,-0.00976799987256527,0.5030519962310791,0.04273499920964241
1451267563535,1,-0.14163599908351898,0.7472519874572754,-0.05860799923539162
1451267563563,1,-0.04639799892902374,0.5628809928894043,-0.13308899104595184
1451267563580,1,0.15995100140571594,0.3943829834461212,-0.14896199107170105
1451267563596,1,0.27960899472236633,0.2857140004634857,-0.15873000025749207
1451267563615,1,0.27350398898124695,0.30524998903274536,-0.1623930037021637
1451267563637,1,0.18803399801254272,0.4481070041656494,-0.26861998438835144
1451267563660,1,0.015873000025749207,0.6336989998817444,-0.16361400485038757
1451267563676,1,-0.1562879979610443,0.7020750045776367,-0.05372399836778641
1451267563697,1,-0.2967030107975006,0.6153839826583862,0.01831500045955181
1451267563716,1,-0.35897400975227356,0.49572598934173584,0.035408999770879745
1451267563736,1,-0.27960899472236633,0.47374799847602844,0.007325999904423952
1451267563757,1,0.36996299028396606,0.40292999148368835,-0.1733819991350174
1451267563778,1,0.5775330066680908,0.017093999311327934,-0.2527469992637634
1451267563797,1,0.45054900646209717,-0.5628809928894043,-0.23565299808979034
1451267563817,1,0.6141629815101624,-1.5921839475631714,0.5775330066680908
1451267563838,1,1.0073249340057373,-2.3907179832458496,1.1672760248184204
1451267563858,1,0.6617819666862488,-1.5067139863967896,0.39682498574256897
1451267563878,1,0.0378509983420372,-0.44566500186920166,-0.2490839958190918
1451267563898,1,-0.47252699732780457,0.5787540078163147,-0.5848590135574341
1451267563917,1,-0.8925510048866272,1.554332971572876,-0.4871789813041687
1451267563937,1,-1.2796080112457275,1.9792410135269165,-0.1135529950261116
1451267563963,1,-1.09157395362854,1.1465189456939697,0.299144983291626
1451267563978,1,-0.6153839826583862,0.40292999148368835,0.16483499109745026
1451267564001,1,-0.13430999219417572,-0.11111100018024445,-0.021978000178933144
1451267564018,1,0.1355309933423996,-0.30524998903274536,-0.10866899788379669
1451267564038,1,0.1684979945421219,-0.30158698558807373,-0.10988999903202057
1451267564058,1,0.13064700365066528,-0.2808299958705902,-0.06349200010299683
1451267564079,1,0.13430999219417572,-0.38583600521087646,-0.04273499920964241
1451267564099,1,0.1623930037021637,-0.4053719937801361,-0.06593400239944458
1451267564119,1,0.1562879979610443,-0.3785099983215332,-0.10866899788379669
1451267564138,1,0.1404149979352951,-0.3418799936771393,-0.1294260025024414
1451267564160,1,0.11843699961900711,-0.3028079867362976,-0.11721599847078323
1451267564180,1,0.05372399836778641,-0.1135529950261116,0.0012209999840706587
1451267564200,1,0.04639799892902374,-0.06227099895477295,0.03296700119972229
1451267564219,1,0.05738699808716774,-0.06104999780654907,0.05128199979662895
1451267564240,1,0.06349200010299683,-0.04151399806141853,0.0378509983420372
1451267564261,1,0.050060998648405075,-0.02319899946451187,0.013430999591946602
1451267564280,1,-0.012210000306367874,-0.02319899946451187,-0.040293000638484955
1451267564300,1,-0.04639799892902374,-0.03418799862265587,-0.02442000061273575
1451267564320,1,-0.06349200010299683,-0.02442000061273575,0.01953599974513054
1451267564341,1,-0.0757019966840744,-0.021978000178933144,0.05616600066423416
1451267564361,1,-0.0647130012512207,-0.030524998903274536,0.059829000383615494
1451267564382,1,-0.03296700119972229,-0.04151399806141853,0.025640999898314476
1451267564400,1,0.015873000025749207,-0.03663000091910362,-0.030524998903274536
1451267564421,1,-0.004883999936282635,-0.01831500045955181,-0.0012209999840706587
1451267564441,1,-0.02930399961769581,-0.008546999655663967,0.03418799862265587
1451267564462,1,-0.03296700119972229,-0.02808300033211708,0.054944999516010284
1451267564481,1,-0.02930399961769581,-0.06593400239944458,0.04639799892902374
1451267564501,1,0.013430999591946602,-0.12087900191545486,-0.02442000061273575
1451267564521,1,0.006105000153183937,-0.10500600188970566,-0.02442000061273575
1451267564541,1,-0.008546999655663967,-0.07814399898052216,0.006105000153183937
1451267564561,1,-0.02319899946451187,-0.07081799954175949,0.030524998903274536
1451267564582,1,-0.02319899946451187,-0.05616600066423416,0.02808300033211708
1451267564601,1,-0.03663000091910362,-0.021978000178933144,-0.007325999904423952
1451267564621,1,-0.03174600005149841,-0.045176997780799866,-0.020756999030709267
1451267564642,1,-0.014651999808847904,-0.10012199729681015,-0.015873000025749207
1451267564662,1,0.00976799987256527,-0.14407800137996674,-0.010989000089466572
1451267564683,1,0.02442000061273575,-0.13308899104595184,0.004883999936282635
1451267564702,1,0.007325999904423952,-0.09890099614858627,0.015873000025749207
1451267564723,1,-0.03907199949026108,0.017093999311327934,0.0024419999681413174
1451267564743,1,-0.02442000061273575,0.03907199949026108,-0.007325999904423952
1451267564763,1,-0.012210000306367874,0.007325999904423952,-0.0024419999681413174
1451267564783,1,0.0024419999681413174,0.015873000025749207,0.006105000153183937
1451267564808,1,0.03296700119972229,-0.020756999030709267,-0.004883999936282635
1451267564824,1,0.06837599724531174,-0.06104999780654907,-0.040293000638484955
1451267564843,1,0.04395600035786629,-0.0488400012254715,-0.02319899946451187
1451267564872,1,0.014651999808847904,-0.02319899946451187,-0.01953599974513054
1451267564882,1,-0.0012209999840706587,0.015873000025749207,-0.02930399961769581
1451267564903,1,-0.03296700119972229,0.0378509983420372,-0.020756999030709267
1451267564923,1,-0.06837599724531174,0.026861999183893204,0.020756999030709267
1451267564943,1,-0.05616600066423416,0.010989000089466572,0.030524998903274536
1451267564962,1,-0.03174600005149841,0.0,0.020756999030709267
1451267564983,1,-0.008546999655663967,-0.0024419999681413174,0.008546999655663967
1451267565007,1,-0.006105000153183937,-0.003662999952211976,-0.0012209999840706587
1451267565024,1,-0.01953599974513054,-0.0012209999840706587,0.017093999311327934
1451267565043,1,-0.015873000025749207,-0.006105000153183937,0.04151399806141853
1451267565069,1,0.0024419999681413174,0.006105000153183937,0.02808300033211708
1451267565083,1,0.02442000061273575,-0.008546999655663967,0.0012209999840706587
1451267565104,1,0.03663000091910362,-0.017093999311327934,0.007325999904423952
1451267565124,1,0.045176997780799866,-0.01831500045955181,0.02442000061273575
1451267565144,1,0.030524998903274536,-0.00976799987256527,0.02808300033211708
1451267565164,1,0.006105000153183937,0.00976799987256527,0.020756999030709267
1451267565188,1,-0.003662999952211976,-0.0012209999840706587,0.01953599974513054
1451267565205,2,-0.003662999952211976,-0.0012209999840706587,0.021978000178933144
1451267565225,2,0.004883999936282635,-0.004883999936282635,0.02930399961769581
1451267565247,2,0.01953599974513054,-0.03296700119972229,0.02930399961769581
1451267565268,2,0.012210000306367874,-0.03296700119972229,0.02808300033211708
1451267565285,2,0.0,-0.010989000089466572,0.0378509983420372
1451267565305,2,-0.004883999936282635,0.003662999952211976,0.03296700119972229
1451267565325,2,-0.00976799987256527,0.003662999952211976,0.03663000091910362
1451267565351,2,-0.008546999655663967,0.006105000153183937,0.040293000638484955
1451267565365,2,0.003662999952211976,-0.0012209999840706587,0.0378509983420372
1451267565385,2,0.010989000089466572,-0.014651999808847904,0.021978000178933144
1451267565407,2,0.007325999904423952,-0.00976799987256527,0.01831500045955181
1451267565427,2,0.010989000089466572,0.003662999952211976,0.020756999030709267
1451267565448,2,0.013430999591946602,0.004883999936282635,0.020756999030709267
1451267565466,2,0.01831500045955181,-0.010989000089466572,0.03174600005149841
1451267565488,2,0.020756999030709267,-0.015873000025749207,0.02930399961769581
1451267565507,2,0.020756999030709267,-0.0378509983420372,0.014651999808847904
1451267565527,2,0.021978000178933144,-0.07081799954175949,-0.0012209999840706587
1451267565548,2,0.021978000178933144,-0.10744799673557281,-0.0024419999681413174
1451267565566,2,0.09523800015449524,-0.1733819991350174,-0.01831500045955181
1451267565588,2,0.0866909995675087,-0.17704500257968903,-0.02442000061273575
1451267565608,2,0.06349200010299683,-0.23076899349689484,-0.020756999030709267
1451267565628,2,0.0488400012254715,-0.2698409855365753,-0.03174600005149841
1451267565649,2,0.045176997780799866,-0.2808299958705902,-0.03296700119972229
1451267565667,2,0.04761900007724762,-0.17704500257968903,0.030524998903274536
1451267565688,2,0.14163599908351898,0.18314999341964722,0.14896199107170105
1451267565708,2,0.16971899569034576,0.26861998438835144,0.14285700023174286
1451267565728,2,0.12698400020599365,0.2869350016117096,0.13797299563884735
1451267565754,2,0.05738699808716774,0.28449299931526184,0.15018299221992493
1451267565767,2,0.01831500045955181,0.2380950003862381,0.16971899569034576
1451267565788,2,0.06104999780654907,0.10744799673557281,0.20146499574184418
1451267565808,2,0.07448099553585052,0.11599499732255936,0.21489599347114563
1451267565830,2,0.0647130012512207,0.12820500135421753,0.2222220003604889
1451267565848,2,0.040293000638484955,0.12209999561309814,0.2271059900522232
1451267565869,2,0.025640999898314476,0.09279599785804749,0.23687399923801422
1451267565890,2,0.02930399961769581,-0.003662999952211976,0.2698409855365753
1451267565910,2,0.035408999770879745,0.012210000306367874,0.27960899472236633
1451267565930,2,0.0378509983420372,0.06837599724531174,0.2747249901294708
1451267565949,2,0.03663000091910362,0.12209999561309814,0.2649570107460022
1451267565970,2,0.030524998903274536,0.1465200036764145,0.28937700390815735
1451267565990,2,0.017093999311327934,0.1465200036764145,0.33211198449134827
1451267566010,2,0.04273499920964241,0.19658099114894867,0.3785099983215332
1451267566029,2,0.07203900068998337,0.2051279991865158,0.42002400755882263
1451267566049,2,0.15018299221992493,0.14407800137996674,0.4969469904899597
1451267566069,2,0.23931600153446198,0.07814399898052216,0.5885220170021057
1451267566090,2,0.0647130012512207,-2.387054920196533,0.6227099895477295
1451267566110,2,-0.2905980050563812,0.14285700023174286,0.10866899788379669
1451267566132,2,-0.22954799234867096,0.24664199352264404,0.1623930037021637
1451267566150,2,-0.2539680004119873,0.422465980052948,0.3516480028629303
1451267566170,2,-0.2588520050048828,0.5470079779624939,0.42490798234939575
1451267566191,2,-0.3626369833946228,0.2490839958190918,0.32234400510787964
1451267566211,2,-0.30524998903274536,0.19780199229717255,-0.2429789900779724
1451267566232,2,-0.1575089991092682,0.167276993393898,-0.33211198449134827
1451267566251,2,-0.02319899946451187,0.04761900007724762,-0.2759459912776947
1451267566271,2,0.01831500045955181,-0.05738699808716774,-0.2002439945936203
1451267566290,2,-0.021978000178933144,-0.04395600035786629,-0.16361400485038757
1451267566311,2,-0.0866909995675087,0.05616600066423416,-0.19291800260543823
1451267566331,2,-0.09401699900627136,0.15995100140571594,-0.2905980050563812
1451267566356,2,-0.07203900068998337,0.09523800015449524,-0.3247860074043274
1451267566372,2,-0.06837599724531174,0.01953599974513054,-0.34310099482536316
1451267566392,2,-0.097680002450943,-0.015873000025749207,-0.3577530086040497
1451267566413,2,-0.1452990025281906,0.007325999904423952,-0.3638579845428467
1451267566433,2,-0.22954799234867096,0.10500600188970566,-0.35531100630760193
1451267566452,2,-0.2271059900522232,0.12209999561309814,-0.35531100630760193
1451267566473,2,-0.19658099114894867,0.10744799673557281,-0.3577530086040497
1451267566493,2,-0.1684979945421219,0.10500600188970566,-0.36019498109817505
1451267566515,2,-0.14896199107170105,0.08913300186395645,-0.34920600056648254
1451267566532,2,-0.10378500074148178,0.09157499670982361,-0.30647099018096924
1451267566552,2,-0.07081799954175949,0.08058600127696991,-0.2869350016117096
1451267566573,2,-0.03174600005149841,0.04761900007724762,-0.2649570107460022
1451267566593,2,-0.008546999655663967,0.0,-0.2503049969673157
1451267566614,2,-0.012210000306367874,-0.01953599974513054,-0.23687399923801422
1451267566632,2,-0.008546999655663967,-0.012210000306367874,-0.17948700487613678
1451267566652,2,0.008546999655663967,0.03296700119972229,-0.14774100482463837
1451267566673,2,0.013430999591946602,0.04639799892902374,-0.10744799673557281
1451267566693,2,0.017093999311327934,0.03174600005149841,-0.07081799954175949
1451267566713,2,0.04395600035786629,-0.010989000089466572,-0.05250300094485283
1451267566734,2,0.07203900068998337,-0.04639799892902374,-0.05860799923539162
1451267566754,2,0.03296700119972229,-0.012210000306367874,0.0024419999681413174
1451267566774,2,-0.017093999311327934,0.010989000089466572,0.035408999770879745
1451267566794,2,-0.045176997780799866,0.02442000061273575,0.04395600035786629
1451267566814,2,-0.05128199979662895,0.012210000306367874,0.04395600035786629
1451267566838,2,-0.04395600035786629,0.004883999936282635,0.04639799892902374
1451267566854,2,0.0024419999681413174,-0.03663000091910362,0.04395600035786629
1451267566874,2,0.013430999591946602,-0.026861999183893204,0.04273499920964241
1451267566895,2,0.01953599974513054,-0.004883999936282635,0.05372399836778641
1451267566914,2,-0.0012209999840706587,0.014651999808847904,0.0488400012254715
1451267566934,2,-0.00976799987256527,0.015873000025749207,0.03418799862265587
1451267566959,2,-0.008546999655663967,0.003662999952211976,0.017093999311327934
1451267566982,2,0.006105000153183937,-0.007325999904423952,0.01831500045955181
1451267566995,2,0.017093999311327934,-0.01831500045955181,-0.0012209999840706587
1451267567020,2,0.014651999808847904,-0.004883999936282635,-0.010989000089466572
1451267567035,2,-0.0024419999681413174,0.0,-0.01953599974513054
1451267567055,2,-0.008546999655663967,0.0024419999681413174,-0.01953599974513054
1451267567076,2,-0.007325999904423952,0.007325999904423952,-0.026861999183893204
1451267567097,2,0.008546999655663967,0.004883999936282635,-0.03663000091910362
1451267567115,2,0.007325999904423952,0.003662999952211976,-0.02808300033211708
1451267567136,2,0.014651999808847904,-0.020756999030709267,-0.01953599974513054
1451267567156,2,0.015873000025749207,-0.035408999770879745,-0.017093999311327934
1451267567176,2,-0.04151399806141853,-0.014651999808847904,-0.03418799862265587
1451267567197,2,-0.059829000383615494,-0.010989000089466572,-0.04151399806141853
1451267567225,1,-0.06959699839353561,-0.012210000306367874,-0.03663000091910362
1451267567236,1,-0.05616600066423416,-0.02319899946451187,-0.025640999898314476
1451267567258,1,-0.03418799862265587,-0.03174600005149841,-0.014651999808847904
1451267567277,1,-0.007325999904423952,-0.021978000178933144,0.010989000089466572
1451267567297,1,-0.003662999952211976,-0.025640999898314476,0.02442000061273575
1451267567316,1,-0.008546999655663967,-0.025640999898314476,0.02442000061273575
1451267567341,1,-0.00976799987256527,-0.007325999904423952,0.015873000025749207
1451267567357,1,-0.020756999030709267,0.0,0.025640999898314476
1451267567377,1,-0.010989000089466572,0.0024419999681413174,0.0488400012254715
1451267567399,1,0.008546999655663967,-0.00976799987256527,0.05372399836778641
1451267567416,1,0.0024419999681413174,-0.017093999311327934,0.05128199979662895
1451267567438,1,-0.015873000025749207,-0.006105000153183937,0.04273499920964241
1451267567458,1,-0.02930399961769581,0.003662999952211976,0.02442000061273575
1451267567478,1,-0.02930399961769581,0.02930399961769581,-0.00976799987256527
1451267567498,1,0.0378509983420372,0.03907199949026108,-0.06349200010299683
1451267567517,1,0.13675199449062347,0.03907199949026108,-0.07692299783229828
1451267567542,1,0.22344300150871277,0.00976799987256527,-0.07936500012874603
1451267567559,1,0.1684979945421219,-0.05616600066423416,-0.05372399836778641
1451267567580,1,0.06104999780654907,-0.07692299783229828,-0.012210000306367874
1451267567598,1,-0.16117200255393982,0.10134299844503403,-0.0488400012254715
1451267567618,1,-0.2503049969673157,0.2588520050048828,-0.10012199729681015
1451267567639,1,-0.2857140004634857,0.38583600521087646,-0.14285700023174286
1451267567659,1,-0.24664199352264404,0.4151400029659271,-0.1684979945421219
1451267567680,1,-0.14285700023174286,0.3199020028114319,-0.17216099798679352
1451267567698,1,-0.04273499920964241,0.20268599689006805,-0.14285700023174286
1451267567719,1,0.006105000153183937,0.040293000638484955,-0.06959699839353561
1451267567740,1,-0.04151399806141853,0.012210000306367874,-0.03663000091910362
1451267567760,1,-0.10866899788379669,0.015873000025749207,-0.006105000153183937
1451267567780,1,-0.17216099798679352,0.045176997780799866,0.0
1451267567806,1,-0.21733799576759338,0.09035399556159973,-0.02319899946451187
1451267567828,1,-0.1575089991092682,0.11477399617433548,-0.050060998648405075
1451267567839,1,-0.0866909995675087,0.01953599974513054,-0.02930399961769581
1451267567860,1,-0.03663000091910362,-0.06715499609708786,0.02442000061273575
1451267567885,1,-0.004883999936282635,-0.10012199729681015,0.02808300033211708
1451267567899,1,-0.006105000153183937,-0.06715499609708786,0.003662999952211976
1451267567921,1,0.004883999936282635,0.010989000089466572,-0.02808300033211708
1451267567940,1,0.02319899946451187,-0.0024419999681413174,-0.02442000061273575
1451267567960,1,0.050060998648405075,0.050060998648405075,-0.050060998648405075
1451267567983,1,0.19169700145721436,0.20879100263118744,-0.11843699961900711
1451267568000,1,0.40659299492836,0.3418799936771393,-0.13919399678707123
1451267568020,1,0.5213670134544373,0.19902299344539642,-0.03418799862265587
1451267568041,1,0.8168489933013916,-1.2673979997634888,1.2344310283660889
1451267568062,1,1.1037839651107788,-1.6825380325317383,1.2905969619750977
1451267568081,1,1.070816993713379,-1.6153830289840698,0.894993007183075
1451267568101,1,0.7533569931983948,-1.0891319513320923,0.40415099263191223
1451267568122,1,0.31746000051498413,-0.40903499722480774,0.06104999780654907
1451267568142,1,-0.5531129837036133,0.8363850116729736,-0.16361400485038757
1451267568161,1,-0.8815619945526123,1.1709389686584473,-0.03418799862265587
1451267568182,1,-0.9829049706459045,1.1514029502868652,0.2271059900522232
1451267568201,1,-0.8461529612541199,0.8144069910049438,0.2429789900779724
1451267568223,1,-0.5677649974822998,0.38583600521087646,0.10012199729681015
1451267568243,1,-0.10622699558734894,-0.11599499732255936,-0.10988999903202057
1451267568264,1,-0.07692299783229828,-0.12576299905776978,-0.11721599847078323
1451267568282,1,-0.10378500074148178,-0.04273499920964241,-0.09157499670982361
1451267568302,1,-0.12576299905776978,0.040293000638484955,-0.1135529950261116
1451267568322,1,-0.08546999841928482,0.10378500074148178,-0.1782660037279129
1451267568342,1,-0.0378509983420372,0.14163599908351898,-0.2539680004119873
1451267568364,1,0.0378509983420372,0.05860799923539162,-0.195360004901886
1451267568382,1,0.08180700242519379,-0.03174600005149841,-0.11599499732255936
1451267568402,1,0.10744799673557281,-0.07936500012874603,-0.050060998648405075
1451267568423,1,0.11477399617433548,-0.06593400239944458,-0.025640999898314476
1451267568443,1,0.07814399898052216,0.004883999936282635,-0.04761900007724762
1451267568466,1,-0.00976799987256527,0.05128199979662895,-0.04273499920964241
1451267568482,1,-0.021978000178933144,0.0,-0.010989000089466572
1451267568503,1,-0.006105000153183937,-0.03663000091910362,-0.010989000089466572
1451267568523,1,-0.0012209999840706587,-0.030524998903274536,-0.017093999311327934
1451267568544,1,-0.021978000178933144,-0.014651999808847904,-0.004883999936282635
1451267568565,1,-0.04151399806141853,0.00976799987256527,0.015873000025749207
1451267568583,1,-0.04395600035786629,0.008546999655663967,0.03907199949026108
1451267568603,1,-0.015873000025749207,-0.01831500045955181,0.05250300094485283
1451267568624,1,0.021978000178933144,-0.03907199949026108,0.03907199949026108
1451267568644,1,0.035408999770879745,-0.026861999183893204,0.01953599974513054
1451267568663,1,0.035408999770879745,-0.010989000089466572,0.014651999808847904
1451267568684,1,0.010989000089466572,0.00976799987256527,0.030524998903274536
1451267568704,1,0.004883999936282635,-0.006105000153183937,0.04273499920964241
1451267568725,1,0.020756999030709267,-0.02442000061273575,0.03418799862265587
1451267568745,1,0.026861999183893204,-0.050060998648405075,0.01953599974513054
1451267568764,1,0.01953599974513054,-0.03663000091910362,0.021978000178933144
1451267568790,1,-0.020756999030709267,-0.013430999591946602,0.021978000178933144
1451267568805,1,-0.010989000089466572,-0.021978000178933144,0.021978000178933144
1451267568825,1,-0.0012209999840706587,-0.03174600005149841,0.01953599974513054
1451267568848,1,0.003662999952211976,-0.02808300033211708,0.025640999898314476
1451267568866,1,0.0,-0.01953599974513054,0.026861999183893204
1451267568885,1,-0.004883999936282635,-0.017093999311327934,0.0378509983420372
1451267568906,1,0.006105000153183937,-0.01953599974513054,0.035408999770879745
1451267568927,1,0.0024419999681413174,-0.01953599974513054,0.040293000638484955
1451267568945,1,-0.007325999904423952,-0.004883999936282635,0.03663000091910362
1451267568967,1,-0.021978000178933144,0.020756999030709267,0.03174600005149841
1451267568986,1,-0.021978000178933144,0.021978000178933144,0.030524998903274536
1451267569006,1,0.007325999904423952,-0.007325999904423952,0.05250300094485283
1451267569027,1,0.02319899946451187,-0.02808300033211708,0.05738699808716774
1451267569050,1,0.026861999183893204,-0.02930399961769581,0.054944999516010284
1451267569066,1,0.030524998903274536,-0.021978000178933144,0.054944999516010284
1451267569092,1,0.012210000306367874,-0.004883999936282635,0.0647130012512207
1451267569119,1,-0.012210000306367874,0.01831500045955181,0.05250300094485283
1451267569139,1,0.012210000306367874,0.015873000025749207,0.054944999516010284
1451267569159,1,0.020756999030709267,0.008546999655663967,0.06349200010299683
1451267569179,1,0.020756999030709267,0.003662999952211976,0.05616600066423416
1451267569201,1,-0.0012209999840706587,0.010989000089466572,0.04273499920964241
1451267569220,1,-0.01831500045955181,0.015873000025749207,0.03418799862265587
1451267569240,1,-0.03296700119972229,0.013430999591946602,0.02442000061273575
1451267569260,2,-0.050060998648405075,0.004883999936282635,0.020756999030709267
1451267569280,2,-0.054944999516010284,0.007325999904423952,-0.0012209999840706587
1451267569311,2,-0.07326000183820724,0.03663000091910362,-0.006105000153183937
1451267569320,2,-0.08546999841928482,0.05860799923539162,0.012210000306367874
1451267569341,2,-0.04761900007724762,0.05616600066423416,0.02442000061273575
1451267569361,2,-0.007325999904423952,0.02319899946451187,0.02808300033211708
1451267569381,2,0.015873000025749207,0.0,0.03296700119972229
1451267569401,2,0.00976799987256527,-0.003662999952211976,0.03907199949026108
1451267569420,2,-0.012210000306367874,0.02319899946451187,0.025640999898314476
1451267569441,2,-0.0378509983420372,0.06349200010299683,0.0378509983420372
1451267569461,2,-0.01831500045955181,0.0488400012254715,0.05616600066423416
1451267569480,2,0.003662999952211976,0.01953599974513054,0.06227099895477295
1451267569516,2,0.0,0.00976799987256527,0.08791200071573257
1451267569537,2,-0.015873000025749207,0.045176997780799866,0.10012199729681015
1451267569553,2,-0.026861999183893204,0.06959699839353561,0.12698400020599365
1451267569575,2,-0.03418799862265587,0.07448099553585052,0.14163599908351898
1451267569594,2,-0.021978000178933144,0.08180700242519379,0.1623930037021637
1451267569616,2,0.012210000306367874,0.04639799892902374,0.21367499232292175
1451267569635,2,0.030524998903274536,0.050060998648405075,0.22466400265693665
1451267569655,2,0.035408999770879745,0.06959699839353561,0.21733799576759338
1451267569676,2,0.01953599974513054,0.08058600127696991,0.21489599347114563
1451267569699,2,0.0,0.08913300186395645,0.21001200377941132
1451267569716,2,0.0024419999681413174,0.08180700242519379,0.21733799576759338
1451267569735,2,0.012210000306367874,0.06959699839353561,0.22954799234867096
1451267569756,2,0.020756999030709267,0.06959699839353561,0.2332109957933426
1451267569775,2,0.013430999591946602,0.09157499670982361,0.22344300150871277
1451267569803,2,-0.004883999936282635,0.11721599847078323,0.2271059900522232
1451267569819,2,-0.013430999591946602,0.11721599847078323,0.25152599811553955
1451267569835,2,0.008546999655663967,0.09523800015449524,0.36019498109817505
1451267569855,2,0.03418799862265587,0.12332099676132202,0.4102559983730316
1451267569876,2,-0.49084198474884033,-0.5604389905929565,-1.1562869548797607
1451267569896,2,-0.5799750089645386,0.9474959969520569,-1.1672760248184204
1451267569916,2,-0.5299140214920044,0.7277159690856934,-0.2649570107460022
1451267569937,2,-0.11721599847078323,-0.1575089991092682,0.6068369746208191
1451267569957,2,0.0024419999681413174,-0.37606799602508545,0.6349200010299683
1451267569976,2,-0.08791200071573257,-0.3772889971733093,0.3785099983215332
1451267569997,2,-0.20268599689006805,0.026861999183893204,-0.0757019966840744
1451267570020,2,-0.2429789900779724,0.25763100385665894,-0.3418799936771393
1451267570037,2,0.04395600035786629,-0.03174600005149841,-0.11965800076723099
1451267570068,2,0.13064700365066528,-0.2051279991865158,0.02442000061273575
1451267570078,2,0.08913300186395645,-0.1843709945678711,0.059829000383615494
1451267570096,2,0.02319899946451187,-0.0488400012254715,0.014651999808847904
1451267570116,2,0.017093999311327934,0.03296700119972229,-0.05372399836778641
1451267570138,2,0.035408999770879745,0.0,-0.09035399556159973
1451267570158,2,-0.03296700119972229,-0.10012199729681015,-0.15873000025749207
1451267570179,2,-0.10378500074148178,-0.0647130012512207,-0.20146499574184418
1451267570204,2,-0.1514039933681488,-0.004883999936282635,-0.21489599347114563
1451267570218,2,-0.1514039933681488,0.04151399806141853,-0.19780199229717255
1451267570238,2,-0.09279599785804749,0.021978000178933144,-0.1733819991350174
1451267570258,2,0.04151399806141853,-0.026861999183893204,-0.167276993393898
1451267570278,2,0.0647130012512207,-0.04761900007724762,-0.17216099798679352
1451267570302,2,0.0647130012512207,-0.04273499920964241,-0.1782660037279129
1451267570317,2,0.06349200010299683,-0.025640999898314476,-0.17216099798679352
1451267570338,2,0.0757019966840744,-0.006105000153183937,-0.16605599224567413
1451267570360,2,0.035408999770879745,-0.01831500045955181,-0.1465200036764145
1451267570379,2,-0.012210000306367874,-0.015873000025749207,-0.1404149979352951
1451267570399,2,-0.04273499920964241,0.0,-0.1294260025024414
1451267570419,2,-0.03174600005149841,0.02319899946451187,-0.12209999561309814
1451267570440,2,0.004883999936282635,0.014651999808847904,-0.10988999903202057
1451267570459,2,0.03296700119972229,-0.014651999808847904,-0.09890099614858627
1451267570480,2,0.020756999030709267,-0.04395600035786629,-0.08302799612283707
1451267570504,2,-0.0024419999681413174,-0.010989000089466572,-0.08058600127696991
1451267570524,2,-0.02808300033211708,0.01831500045955181,-0.07448099553585052
1451267570540,2,-0.04151399806141853,0.03907199949026108,-0.059829000383615494
1451267570560,2,0.0024419999681413174,0.01831500045955181,-0.03907199949026108
1451267570580,2,0.05616600066423416,-0.030524998903274536,0.006105000153183937
1451267570599,2,0.0378509983420372,-0.017093999311327934,0.015873000025749207
1451267570620,2,0.010989000089466572,-0.0012209999840706587,0.014651999808847904
1451267570641,2,-0.0012209999840706587,0.00976799987256527,0.003662999952211976
1451267570661,2,-0.007325999904423952,-0.004883999936282635,0.01831500045955181
1451267570682,2,-0.014651999808847904,-0.012210000306367874,0.03296700119972229
1451267570700,2,-0.008546999655663967,-0.003662999952211976,0.026861999183893204
1451267570722,2,0.003662999952211976,-0.0012209999840706587,0.006105000153183937
1451267570742,2,0.007325999904423952,-0.006105000153183937,0.0
1451267570760,2,-0.00976799987256527,-0.013430999591946602,0.012210000306367874
1451267570782,2,-0.01831500045955181,-0.013430999591946602,0.035408999770879745
1451267570804,2,-0.007325999904423952,-0.025640999898314476,0.03296700119972229
1451267570822,2,-0.0012209999840706587,-0.007325999904423952,0.01831500045955181
1451267570842,2,-0.00976799987256527,0.003662999952211976,0.010989000089466572
1451267570861,2,-0.017093999311327934,-0.0012209999840706587,0.026861999183893204
1451267570887,2,-0.013430999591946602,0.0,0.035408999770879745
1451267570905,2,-0.04151399806141853,0.02442000061273575,0.02808300033211708
1451267570921,2,-0.04761900007724762,0.03174600005149841,0.035408999770879745
1451267570942,2,-0.054944999516010284,0.04639799892902374,0.03907199949026108
1451267570964,2,-0.054944999516010284,0.09157499670982361,0.04273499920964241
1451267570982,2,-0.05128199979662895,0.1025639995932579,0.05250300094485283
1451267571002,2,-0.0024419999681413174,0.054944999516010284,0.06593400239944458
1451267571022,2,0.025640999898314476,0.030524998903274536,0.05372399836778641
1451267571044,2,0.035408999770879745,0.02319899946451187,0.050060998648405075
1451267571062,2,0.012210000306367874,0.03418799862265587,0.05860799923539162
1451267571082,2,-0.010989000089466572,0.017093999311327934,0.06349200010299683
1451267571103,2,-0.015873000025749207,-0.012210000306367874,0.030524998903274536
1451267571158,2,0.012210000306367874,-0.013430999591946602,0.021978000178933144
1451267571179,2,0.013430999591946602,-0.02319899946451187,0.03174600005149841
1451267571192,2,0.04639799892902374,-0.05738699808716774,0.03174600005149841
1451267571209,2,0.0488400012254715,-0.05860799923539162,0.01831500045955181
