1451267575047,1,0.20757000148296356,-0.3748469948768616,-0.36629998683929443
1451267575067,1,0.06959699839353561,0.2380950003862381,-0.4114769995212555
1451267575087,1,0.28937700390815735,0.20757000148296356,-0.4639799892902374
1451267575108,1,0.6007319688796997,-0.39316198229789734,-0.6642239689826965
1451267575128,1,0.9706949591636658,-0.7264949679374695,-0.9340649843215942
1451267575150,1,1.0109879970550537,-0.9255179762840271,-1.1318669319152832
1451267575167,1,0.5702069997787476,-0.8901090025901794,-1.1404139995574951
1451267575187,1,-0.390720009803772,-0.32234400510787964,-0.9010980129241943
1451267575208,1,-0.5115990042686462,-0.08302799612283707,-0.7435889840126038
1451267575229,1,-0.40292999148368835,0.021978000178933144,-0.6153839826583862
1451267575249,1,-0.17948700487613678,-0.07081799954175949,-0.5738700032234192
1451267575268,1,-0.003662999952211976,-0.27350398898124695,-0.5201460123062134
1451267575288,1,0.11477399617433548,-0.4175820052623749,-0.1294260025024414
1451267575308,1,0.008546999655663967,-0.422465980052948,-0.03174600005149841
1451267575329,1,-0.1025639995932579,-0.2710619866847992,-0.0488400012254715
1451267575348,1,-0.16971899569034576,0.026861999183893204,-0.12332099676132202
1451267575368,1,-0.21489599347114563,0.2588520050048828,-0.17093999683856964
1451267575389,1,-0.09401699900627136,0.01953599974513054,-0.02442000061273575
1451267575409,1,0.010989000089466572,-0.30524998903274536,0.07448099553585052
1451267575430,1,0.06837599724531174,-0.4652009904384613,0.10744799673557281
1451267575450,1,0.07326000183820724,-0.3882780075073242,0.07326000183820724
1451267575469,1,0.04761900007724762,-0.22954799234867096,0.03174600005149841
1451267575490,1,0.030524998903274536,-0.026861999183893204,0.006105000153183937
1451267575511,1,0.026861999183893204,-0.06227099895477295,0.07326000183820724
1451267575530,1,0.10012199729681015,-0.1782660037279129,0.06104999780654907
1451267575556,1,0.15262499451637268,-0.10988999903202057,0.01831500045955181
1451267575570,1,0.10744799673557281,0.15018299221992493,0.007325999904423952
1451267575591,1,0.05860799923539162,0.293040007352829,0.01953599974513054
1451267575610,1,0.08058600127696991,0.2905980050563812,0.050060998648405075
1451267575630,1,0.1452990025281906,0.25763100385665894,0.06227099895477295
1451267575649,1,0.21977999806404114,0.3296699821949005,0.14896199107170105
1451267575670,1,0.06715499609708786,0.3943829834461212,0.3638579845428467
1451267575690,1,0.2869350016117096,-0.965811014175415,1.3711830377578735
1451267575710,1,0.8009759783744812,-0.6666659712791443,1.0622700452804565
1451267575731,1,0.05738699808716774,0.20634900033473969,0.15506699681282043
1451267575750,1,-0.5946269631385803,0.8046389818191528,-0.6849809885025024
1451267575770,1,-0.7765560150146484,0.7118430137634277,-0.6800969839096069
1451267575791,1,-0.6398040056228638,0.308912992477417,0.19902299344539642
1451267575811,1,-0.2808299958705902,-0.20146499574184418,0.9120869636535645
1451267575832,1,0.30647099018096924,-0.3882780075073242,0.3748469948768616
1451267575851,1,0.28937700390815735,-0.26861998438835144,0.030524998903274536
1451267575872,1,0.14285700023174286,-0.06104999780654907,-0.1135529950261116
1451267575892,1,-0.015873000025749207,-0.01831500045955181,-0.04761900007724762
1451267575912,1,-0.02442000061273575,-0.06227099895477295,0.040293000638484955
1451267575933,1,0.17948700487613678,-0.15873000025749207,-0.026861999183893204
1451267575952,1,0.1623930037021637,-0.16117200255393982,-0.09401699900627136
1451267575973,1,0.017093999311327934,-0.1355309933423996,-0.13308899104595184
1451267575993,1,-0.14285700023174286,-0.09645900130271912,-0.13675199449062347
1451267576014,1,-0.21977999806404114,-0.0647130012512207,-0.11477399617433548
1451267576033,1,-0.11111100018024445,-0.00976799987256527,-0.08180700242519379
1451267576058,1,-0.004883999936282635,-0.007325999904423952,-0.097680002450943
1451267576074,1,0.0488400012254715,0.020756999030709267,-0.08424899727106094
1451267576095,1,0.054944999516010284,0.06349200010299683,-0.0378509983420372
1451267576112,1,0.03663000091910362,0.06837599724531174,-0.004883999936282635
1451267576132,1,-0.00976799987256527,0.06104999780654907,-0.040293000638484955
1451267576154,1,-0.050060998648405075,0.07448099553585052,-0.07814399898052216
1451267576174,1,0.01953599974513054,0.0866909995675087,-0.04273499920964241
1451267576200,1,0.0866909995675087,0.06593400239944458,-0.0024419999681413174
1451267576214,1,0.12209999561309814,0.05128199979662895,0.007325999904423952
1451267576233,1,0.13186800479888916,-0.02930399961769581,-0.007325999904423952
1451267576253,1,0.11721599847078323,-0.07448099553585052,-0.054944999516010284
1451267576274,1,0.09157499670982361,-0.05738699808716774,-0.06715499609708786
1451267576295,1,0.05860799923539162,-0.04151399806141853,-0.07692299783229828
1451267576314,1,0.014651999808847904,-0.05738699808716774,-0.10012199729681015
1451267576334,1,-0.02319899946451187,-0.06837599724531174,-0.1245419979095459
1451267576355,1,-0.054944999516010284,-0.13919399678707123,-0.18070799112319946
1451267576374,1,-0.026861999183893204,-0.1245419979095459,-0.18681299686431885
1451267576396,1,-0.0012209999840706587,-0.11599499732255936,-0.18681299686431885
1451267576416,1,0.0024419999681413174,-0.11721599847078323,-0.19291800260543823
1451267576434,1,0.015873000025749207,-0.12332099676132202,-0.20757000148296356
1451267576460,1,0.05860799923539162,-0.11965800076723099,-0.2319899946451187
1451267576475,1,0.14774100482463837,-0.0378509983420372,-0.22954799234867096
1451267576496,1,0.13064700365066528,0.008546999655663967,-0.21733799576759338
1451267576516,1,0.09279599785804749,0.026861999183893204,-0.21489599347114563
1451267576535,1,0.05860799923539162,-0.003662999952211976,-0.21733799576759338
1451267576556,1,0.06104999780654907,-0.026861999183893204,-0.22100099921226501
1451267576577,1,0.12209999561309814,-0.035408999770879745,-0.1733819991350174
1451267576596,1,0.12209999561309814,-0.045176997780799866,-0.15018299221992493
1451267576617,1,0.08791200071573257,-0.040293000638484955,-0.1294260025024414
1451267576636,1,0.045176997780799866,-0.04273499920964241,-0.11721599847078323
1451267576656,1,0.014651999808847904,-0.021978000178933144,-0.11111100018024445
1451267576677,1,0.004883999936282635,0.030524998903274536,-0.059829000383615494
1451267576696,1,-0.015873000025749207,0.050060998648405075,-0.03663000091910362
1451267576716,1,-0.02930399961769581,0.0378509983420372,-0.014651999808847904
1451267576737,1,-0.017093999311327934,0.02442000061273575,0.012210000306367874
1451267576757,1,0.017093999311327934,0.02808300033211708,0.03296700119972229
1451267576777,1,0.03418799862265587,0.02930399961769581,0.04151399806141853
1451267576799,1,0.015873000025749207,-0.025640999898314476,0.06104999780654907
1451267576817,1,0.003662999952211976,-0.05372399836778641,0.06837599724531174
1451267576836,1,0.007325999904423952,-0.06959699839353561,0.08180700242519379
1451267576857,1,0.02808300033211708,-0.05372399836778641,0.07081799954175949
1451267576878,1,0.02808300033211708,-0.021978000178933144,0.06837599724531174
1451267576897,1,0.017093999311327934,0.030524998903274536,0.07936500012874603
1451267576919,2,0.020756999030709267,0.021978000178933144,0.08302799612283707
1451267576938,2,0.025640999898314476,-0.0012209999840706587,0.08058600127696991
1451267576958,2,0.03174600005149841,-0.026861999183893204,0.06715499609708786
1451267576979,2,0.0378509983420372,-0.05128199979662895,0.05250300094485283
1451267577005,2,0.026861999183893204,-0.05128199979662895,0.04761900007724762
1451267577017,2,0.00976799987256527,-0.030524998903274536,0.03663000091910362
1451267577039,2,-0.01953599974513054,-0.006105000153183937,0.01831500045955181
1451267577059,2,-0.0378509983420372,0.004883999936282635,0.006105000153183937
1451267577079,2,-0.03418799862265587,0.010989000089466572,0.006105000153183937
1451267577099,2,-0.008546999655663967,0.01953599974513054,0.003662999952211976
1451267577119,2,-0.0012209999840706587,0.008546999655663967,0.0024419999681413174
1451267577139,2,-0.02442000061273575,-0.0012209999840706587,0.004883999936282635
1451267577160,2,-0.035408999770879745,-0.00976799987256527,-0.007325999904423952
1451267577180,2,-0.0488400012254715,-0.004883999936282635,-0.021978000178933144
1451267577200,2,-0.05250300094485283,0.0,-0.026861999183893204
1451267577219,2,-0.07692299783229828,-0.007325999904423952,-0.003662999952211976
1451267577240,2,-0.0647130012512207,-0.015873000025749207,0.00976799987256527
1451267577259,2,-0.020756999030709267,-0.012210000306367874,0.012210000306367874
1451267577279,2,0.004883999936282635,-0.008546999655663967,0.020756999030709267
1451267577300,2,0.013430999591946602,0.01953599974513054,0.03418799862265587
1451267577319,2,-0.014651999808847904,0.010989000089466572,0.015873000025749207
1451267577341,2,-0.054944999516010284,0.026861999183893204,0.0
1451267577360,2,-0.10988999903202057,0.05128199979662895,-0.003662999952211976
1451267577379,2,-0.1623930037021637,0.09401699900627136,-0.003662999952211976
1451267577399,2,-0.19902299344539642,0.11843699961900711,0.021978000178933144
1451267577420,2,-0.19658099114894867,0.21489599347114563,0.025640999898314476
1451267577441,2,-0.15995100140571594,0.21001200377941132,0.021978000178933144
1451267577461,2,-0.12332099676132202,0.17948700487613678,-0.015873000025749207
1451267577481,2,-0.09401699900627136,0.211232990026474,-0.0378509983420372
1451267577500,2,-0.0757019966840744,0.23076899349689484,-0.008546999655663967
1451267577521,2,-0.08302799612283707,0.2222220003604889,-0.040293000638484955
1451267577542,2,-0.1294260025024414,0.13919399678707123,-0.020756999030709267
1451267577562,2,-0.09279599785804749,0.02930399961769581,0.013430999591946602
1451267577582,2,-0.02442000061273575,-0.02808300033211708,0.04639799892902374
1451267577601,2,0.007325999904423952,-0.02319899946451187,0.0647130012512207
1451267577622,2,-0.014651999808847904,0.04761900007724762,0.05738699808716774
1451267577642,2,-0.08302799612283707,0.14285700023174286,0.06593400239944458
1451267577662,2,-0.05860799923539162,0.097680002450943,0.08180700242519379
1451267577682,2,0.0012209999840706587,0.017093999311327934,0.08913300186395645
1451267577702,2,0.06227099895477295,-0.07448099553585052,0.07692299783229828
1451267577723,2,0.09523800015449524,-0.14407800137996674,0.05860799923539162
1451267577743,2,0.03296700119972229,-0.06715499609708786,0.06104999780654907
1451267577763,2,0.00976799987256527,-0.006105000153183937,0.06227099895477295
1451267577783,2,0.010989000089466572,-0.01953599974513054,0.07936500012874603
1451267577802,2,0.020756999030709267,-0.1355309933423996,0.11721599847078323
1451267577824,2,-0.013430999591946602,-0.2588520050048828,0.09279599785804749
1451267577844,2,-0.020756999030709267,-0.28449299931526184,0.1684979945421219
1451267577868,2,-0.00976799987256527,-0.21733799576759338,0.09890099614858627
1451267577883,2,-0.04151399806141853,-0.030524998903274536,0.13308899104595184
1451267577904,2,-0.11721599847078323,0.09890099614858627,0.1562879979610443
1451267577923,2,-0.09401699900627136,0.21001200377941132,0.24175800383090973
1451267577944,2,-0.040293000638484955,0.23931600153446198,0.27960899472236633
1451267577964,2,-0.03296700119972229,0.31135499477386475,0.4542119801044464
1451267577983,2,-0.004883999936282635,0.2490839958190918,0.4493280053138733
1451267578004,2,0.004883999936282635,0.1562879979610443,0.38095200061798096
1451267578024,2,-0.03907199949026108,0.09401699900627136,0.3308909833431244
1451267578043,2,-0.10500600188970566,0.07692299783229828,0.2979239821434021
1451267578066,2,-0.13186800479888916,0.15506699681282043,0.2869350016117096
1451267578083,2,-0.08180700242519379,0.22588500380516052,0.3308909833431244
1451267578108,2,-0.06104999780654907,0.26861998438835144,0.33333298563957214
1451267578125,2,-0.1135529950261116,0.24786299467086792,0.28449299931526184
1451267578145,2,-0.16361400485038757,0.23931600153446198,0.2698409855365753
1451267578166,2,-0.167276993393898,0.2161169946193695,0.2918190062046051
1451267578184,2,-0.08180700242519379,0.09401699900627136,0.390720009803772
1451267578205,2,-0.012210000306367874,0.07936500012874603,0.42979198694229126
1451267578229,2,-0.5018309950828552,-1.4774099588394165,-0.24786299467086792
1451267578245,2,-0.36629998683929443,1.4554319381713867,-0.6971909999847412
1451267578267,2,-0.20757000148296356,0.11599499732255936,0.21977999806404114
1451267578285,2,0.017093999311327934,-0.37606799602508545,0.4774110019207001
1451267578306,2,0.05860799923539162,-0.35897400975227356,0.4652009904384613
1451267578326,2,0.09645900130271912,-0.21977999806404114,0.2429789900779724
1451267578346,2,0.0647130012512207,-0.05250300094485283,0.020756999030709267
1451267578366,2,-0.017093999311327934,0.013430999591946602,-0.07448099553585052
1451267578385,2,0.045176997780799866,-0.04273499920964241,-0.11599499732255936
1451267578410,2,0.05860799923539162,-0.08180700242519379,-0.14163599908351898
1451267578426,2,0.025640999898314476,-0.08058600127696991,-0.1562879979610443
1451267578446,2,-0.0024419999681413174,-0.06715499609708786,-0.1733819991350174
1451267578467,2,0.007325999904423952,-0.06349200010299683,-0.21733799576759338
1451267578486,2,0.010989000089466572,-0.045176997780799866,-0.2710619866847992
1451267578507,2,-0.004883999936282635,-0.004883999936282635,-0.2759459912776947
1451267578538,2,0.017093999311327934,-0.06593400239944458,-0.23076899349689484
1451267578559,2,0.04761900007724762,-0.10378500074148178,-0.21001200377941132
1451267578579,2,0.10012199729681015,-0.11233200132846832,-0.22588500380516052
1451267578600,2,0.10744799673557281,-0.10500600188970566,-0.24542099237442017
1451267578639,2,0.045176997780799866,-0.059829000383615494,-0.2490839958190918
1451267578660,2,0.026861999183893204,-0.08424899727106094,-0.24053700268268585
1451267578682,2,0.021978000178933144,-0.097680002450943,-0.211232990026474
1451267578700,2,0.03418799862265587,-0.09401699900627136,-0.16971899569034576
1451267578720,2,0.04273499920964241,-0.0647130012512207,-0.15018299221992493
1451267578740,2,0.010989000089466572,0.02930399961769581,-0.1684979945421219
1451267578760,2,-0.01953599974513054,0.05616600066423416,-0.16117200255393982
1451267578780,2,-0.02442000061273575,0.06104999780654907,-0.13308899104595184
1451267578801,2,-0.015873000025749207,0.030524998903274536,-0.097680002450943
1451267578820,2,0.003662999952211976,-0.00976799987256527,-0.07692299783229828
1451267578841,2,0.013430999591946602,-0.050060998648405075,-0.06837599724531174
1451267578860,2,0.006105000153183937,-0.01953599974513054,-0.06959699839353561
1451267578883,2,-0.0012209999840706587,0.025640999898314476,-0.0647130012512207
1451267578901,2,-0.015873000025749207,0.030524998903274536,-0.04761900007724762
1451267578933,1,0.017093999311327934,-0.01953599974513054,-0.003662999952211976
1451267578954,1,0.03663000091910362,-0.04273499920964241,0.0024419999681413174
1451267578975,1,0.040293000638484955,-0.03663000091910362,0.007325999904423952
1451267578994,1,0.017093999311327934,-0.012210000306367874,-0.012210000306367874
1451267579015,1,-0.03418799862265587,0.014651999808847904,-0.040293000638484955
1451267579035,1,-0.03296700119972229,0.02319899946451187,-0.015873000025749207
1451267579055,1,0.0012209999840706587,0.025640999898314476,0.017093999311327934
1451267579075,1,0.03907199949026108,0.01953599974513054,0.0378509983420372
1451267579095,1,0.040293000638484955,-0.004883999936282635,0.03907199949026108
1451267579114,1,0.007325999904423952,0.0,-0.020756999030709267
1451267579135,1,-0.00976799987256527,-0.013430999591946602,-0.02930399961769581
1451267579156,1,-0.008546999655663967,-0.03174600005149841,-0.008546999655663967
1451267579175,1,0.003662999952211976,-0.0378509983420372,0.0012209999840706587
1451267579195,1,0.0,-0.040293000638484955,0.00976799987256527
1451267579215,1,-0.0012209999840706587,-0.06593400239944458,0.02442000061273575
1451267579235,1,0.004883999936282635,-0.08302799612283707,0.017093999311327934
1451267579255,1,-0.007325999904423952,-0.08058600127696991,0.02319899946451187
1451267579276,1,-0.02442000061273575,-0.09157499670982361,0.0488400012254715
1451267579297,1,-0.004883999936282635,-0.1135529950261116,0.05860799923539162
1451267579316,1,0.02808300033211708,-0.1245419979095459,0.06349200010299683
1451267579336,1,0.054944999516010284,-0.1135529950261116,0.07081799954175949
1451267579357,1,0.06593400239944458,-0.12087900191545486,0.08424899727106094
1451267579377,1,0.09523800015449524,-0.2051279991865158,0.08058600127696991
1451267579397,1,0.13919399678707123,-0.15506699681282043,0.07692299783229828
1451267579416,1,0.1135529950261116,-0.09279599785804749,0.08913300186395645
1451267579436,1,0.167276993393898,-0.12576299905776978,0.11843699961900711
1451267579457,1,0.20634900033473969,-0.11965800076723099,0.11965800076723099
1451267579477,1,0.1892549991607666,-0.11965800076723099,0.10622699558734894
1451267579499,1,0.13675199449062347,-0.12576299905776978,0.07692299783229828
1451267579517,1,0.09279599785804749,-0.09401699900627136,0.05616600066423416
1451267579537,1,0.06349200010299683,-0.09645900130271912,0.01831500045955181
1451267579558,1,0.10378500074148178,-0.12820500135421753,-0.0012209999840706587
1451267579578,1,0.1575089991092682,-0.10744799673557281,-0.0012209999840706587
1451267579599,1,0.17093999683856964,-0.03418799862265587,0.008546999655663967
1451267579617,1,0.11843699961900711,0.02442000061273575,-0.012210000306367874
1451267579639,1,0.035408999770879745,0.04395600035786629,-0.06104999780654907
1451267579659,1,-0.11965800076723099,-0.05616600066423416,-0.09890099614858627
1451267579679,1,-0.13919399678707123,-0.06593400239944458,-0.09523800015449524
1451267579699,1,-0.10378500074148178,-0.026861999183893204,-0.1294260025024414
1451267579718,1,-0.05250300094485283,0.012210000306367874,-0.1465200036764145
1451267579739,1,-0.021978000178933144,0.035408999770879745,-0.1025639995932579
1451267579758,1,-0.05128199979662895,0.054944999516010284,-0.03663000091910362
1451267579778,1,-0.07692299783229828,0.059829000383615494,-0.06715499609708786
1451267579799,1,-0.07936500012874603,0.07448099553585052,-0.08302799612283707
1451267579818,1,-0.03174600005149841,0.08180700242519379,-0.06227099895477295
1451267579842,1,0.02808300033211708,0.04151399806141853,-0.040293000638484955
1451267579859,1,0.025640999898314476,-0.05738699808716774,-0.10134299844503403
1451267579879,1,-0.03663000091910362,-0.10622699558734894,-0.10988999903202057
1451267579899,1,-0.07326000183820724,-0.1465200036764145,-0.07081799954175949
1451267579919,1,-0.06959699839353561,-0.12576299905776978,-0.030524998903274536
1451267579940,1,-0.05372399836778641,-0.06837599724531174,-0.004883999936282635
1451267579961,1,-0.05250300094485283,-0.02442000061273575,-0.010989000089466572
1451267579978,1,-0.04273499920964241,-0.05372399836778641,-0.03418799862265587
1451267579999,1,-0.05860799923539162,-0.05128199979662895,-0.01953599974513054
1451267580019,1,-0.08302799612283707,-0.012210000306367874,0.0378509983420372
1451267580041,1,-0.08913300186395645,0.006105000153183937,0.10744799673557281
1451267580064,1,-0.02442000061273575,0.012210000306367874,0.1404149979352951
1451267580080,1,0.17460300028324127,0.211232990026474,0.22954799234867096
1451267580100,1,0.013430999591946602,0.299144983291626,0.35409000515937805
1451267580119,1,-0.003662999952211976,-0.23565299808979034,1.3345530033111572
1451267580140,1,0.7765560150146484,-0.8656889796257019,0.7619040012359619
1451267580167,1,0.8083019852638245,-0.2918190062046051,0.6971909999847412
1451267580181,1,-0.10012199729681015,0.44078099727630615,-0.1514039933681488
1451267580200,1,-0.2979239821434021,0.4334549903869629,-0.38217300176620483
1451267580220,1,-0.42612898349761963,0.3504270017147064,-0.2222220003604889
1451267580242,1,-0.3736259937286377,0.11599499732255936,0.10866899788379669
1451267580262,1,-0.19047600030899048,-0.097680002450943,0.3357749879360199
1451267580282,1,-0.03907199949026108,-0.1514039933681488,0.2918190062046051
1451267580301,1,-0.07081799954175949,0.014651999808847904,-0.167276993393898
1451267580322,1,-0.17704500257968903,0.04761900007724762,-0.2539680004119873
1451267580343,1,-0.2002439945936203,0.07081799954175949,-0.24175800383090973
1451267580363,1,-0.15262499451637268,0.07081799954175949,-0.18314999341964722
1451267580381,1,-0.06715499609708786,0.04761900007724762,-0.11111100018024445
1451267580401,1,0.003662999952211976,-0.04761900007724762,-0.11477399617433548
1451267580428,1,-0.0647130012512207,-0.017093999311327934,-0.1514039933681488
1451267580443,1,-0.13186800479888916,0.026861999183893204,-0.15506699681282043
1451267580463,1,-0.1294260025024414,0.04273499920964241,-0.11477399617433548
1451267580483,1,-0.07448099553585052,0.030524998903274536,-0.05250300094485283
1451267580502,1,0.021978000178933144,-0.015873000025749207,0.04639799892902374
1451267580523,1,0.006105000153183937,-0.012210000306367874,0.010989000089466572
1451267580543,1,-0.021978000178933144,0.03174600005149841,-0.02808300033211708
1451267580570,1,-0.045176997780799866,0.03296700119972229,-0.01953599974513054
1451267580583,1,-0.04151399806141853,0.010989000089466572,0.013430999591946602
1451267580604,1,0.0,-0.02319899946451187,0.02319899946451187
1451267580624,1,0.0,0.04151399806141853,0.02442000061273575
1451267580644,1,-0.014651999808847904,0.02808300033211708,0.040293000638484955
1451267580666,1,0.0,0.007325999904423952,0.026861999183893204
1451267580687,1,0.0,0.026861999183893204,0.004883999936282635
1451267580704,1,-0.02442000061273575,0.03296700119972229,0.0
1451267580723,1,-0.03663000091910362,0.01831500045955181,0.0
1451267580744,1,-0.0024419999681413174,0.012210000306367874,0.017093999311327934
1451267580764,1,0.004883999936282635,0.013430999591946602,0.02319899946451187
1451267580789,1,-0.02319899946451187,0.012210000306367874,0.014651999808847904
1451267580804,1,-0.02930399961769581,0.0,0.010989000089466572
1451267580824,1,-0.02442000061273575,0.01831500045955181,0.01831500045955181
1451267580844,1,-0.015873000025749207,0.025640999898314476,0.020756999030709267
1451267580864,1,-0.014651999808847904,0.00976799987256527,0.03663000091910362
1451267580885,1,-0.003662999952211976,-0.017093999311327934,0.05128199979662895
1451267580904,1,0.012210000306367874,-0.03907199949026108,0.05372399836778641
1451267580930,1,0.003662999952211976,-0.040293000638484955,0.03418799862265587
1451267580946,2,-0.03907199949026108,0.04273499920964241,0.026861999183893204
1451267580972,2,-0.02442000061273575,0.03418799862265587,0.035408999770879745
1451267580985,2,-0.00976799987256527,-0.007325999904423952,0.03663000091910362
1451267581006,2,-0.003662999952211976,-0.040293000638484955,0.04151399806141853
1451267581025,2,0.012210000306367874,-0.045176997780799866,0.035408999770879745
1451267581047,2,-0.006105000153183937,-0.003662999952211976,0.012210000306367874
1451267581066,2,-0.014651999808847904,0.0024419999681413174,0.007325999904423952
1451267581085,2,-0.03174600005149841,-0.013430999591946602,0.006105000153183937
1451267581105,2,-0.03418799862265587,-0.01953599974513054,0.013430999591946602
1451267581126,2,-0.025640999898314476,-0.003662999952211976,0.012210000306367874
1451267581146,2,-0.014651999808847904,-0.0024419999681413174,0.013430999591946602
1451267581166,2,-0.007325999904423952,0.014651999808847904,0.025640999898314476
1451267581186,2,0.006105000153183937,0.00976799987256527,0.02808300033211708
1451267581206,2,0.0024419999681413174,-0.012210000306367874,0.020756999030709267
1451267581227,2,-0.0024419999681413174,-0.03174600005149841,0.017093999311327934
1451267581248,2,-0.010989000089466572,-0.012210000306367874,0.003662999952211976
1451267581267,2,-0.010989000089466572,-0.020756999030709267,0.026861999183893204
1451267581287,2,0.007325999904423952,-0.03907199949026108,0.03174600005149841
1451267581308,2,0.004883999936282635,-0.017093999311327934,0.01831500045955181
1451267581333,2,-0.012210000306367874,0.012210000306367874,0.0
1451267581349,2,-0.02808300033211708,0.020756999030709267,-0.0012209999840706587
1451267581367,2,-0.03174600005149841,-0.006105000153183937,0.04395600035786629
1451267581387,2,-0.015873000025749207,-0.008546999655663967,0.05860799923539162
1451267581409,2,-0.004883999936282635,0.0,0.05738699808716774
1451267581428,2,-0.0012209999840706587,0.012210000306367874,0.05372399836778641
1451267581450,2,-0.010989000089466572,0.02442000061273575,0.05860799923539162
1451267581469,2,-0.06715499609708786,0.05860799923539162,0.13675199449062347
1451267581488,2,-0.05616600066423416,0.09157499670982361,0.1892549991607666
1451267581509,2,-0.0024419999681413174,0.10012199729681015,0.25152599811553955
1451267581529,2,0.03174600005149841,0.10622699558734894,0.2967030107975006
1451267581549,2,0.020756999030709267,0.13919399678707123,0.31013399362564087
1451267581569,2,-0.02808300033211708,0.22466400265693665,0.3247860074043274
1451267581590,2,-0.06593400239944458,0.21977999806404114,0.3504270017147064
1451267581610,2,-0.030524998903274536,0.2051279991865158,0.40659299492836
1451267581630,2,-0.004883999936282635,0.19902299344539642,0.4493280053138733
1451267581650,2,-0.012210000306367874,0.2222220003604889,0.4444440007209778
1451267581670,2,-0.03907199949026108,0.22588500380516052,0.4285709857940674
1451267581689,2,-0.06349200010299683,0.15262499451637268,0.4102559983730316
1451267581710,2,-0.05738699808716774,0.09645900130271912,0.4053719937801361
1451267581736,2,-0.03296700119972229,0.07326000183820724,0.3956039845943451
1451267581749,2,-0.01831500045955181,0.09279599785804749,0.3846150040626526
1451267581770,2,-0.017093999311327934,0.09645900130271912,0.36507898569107056
1451267581790,2,-0.06349200010299683,0.08180700242519379,0.3137969970703125
1451267581811,2,-0.07814399898052216,0.07081799954175949,0.2820509970188141
1451267581838,2,-0.07081799954175949,0.07448099553585052,0.25763100385665894
1451267581850,2,-0.05738699808716774,0.0757019966840744,0.2588520050048828
1451267581872,2,-0.050060998648405075,0.07936500012874603,0.2539680004119873
1451267581892,2,-0.045176997780799866,0.09157499670982361,0.20757000148296356
1451267581912,2,-0.04639799892902374,0.097680002450943,0.18314999341964722
1451267581933,2,-0.0378509983420372,0.09890099614858627,0.1733819991350174
1451267581951,2,-0.020756999030709267,0.10134299844503403,0.167276993393898
1451267581972,2,-0.015873000025749207,0.07936500012874603,0.15262499451637268
1451267581992,2,0.0012209999840706587,0.0757019966840744,0.13430999219417572
1451267582012,2,-0.007325999904423952,0.07936500012874603,0.0866909995675087
1451267582033,2,-0.012210000306367874,0.06104999780654907,0.0647130012512207
1451267582051,2,-0.01953599974513054,0.04273499920964241,0.05128199979662895
1451267582072,2,-0.0378509983420372,0.04395600035786629,0.03296700119972229
1451267582093,2,-0.04761900007724762,0.03296700119972229,0.04151399806141853
1451267582113,2,0.0,-0.006105000153183937,0.08180700242519379
1451267582134,2,0.02808300033211708,-0.012210000306367874,0.09645900130271912
1451267582152,2,-0.904761016368866,-0.9145289659500122,-1.9523789882659912
1451267582173,2,0.2051279991865158,1.3528679609298706,-0.8534789681434631
1451267582194,2,0.28815600275993347,0.10622699558734894,0.2002439945936203
1451267582213,2,0.04761900007724762,-0.5494499802589417,0.4395599961280823
1451267582233,2,0.020756999030709267,-0.37606799602508545,0.09523800015449524
1451267582252,2,-0.06837599724531174,-0.03418799862265587,-0.2490839958190918
1451267582272,2,-0.21855899691581726,0.1135529950261116,-0.28449299931526184
1451267582293,2,-0.20879100263118744,0.10866899788379669,-0.15384599566459656
1451267582314,2,-0.021978000178933144,0.03663000091910362,-0.04151399806141853
1451267582333,2,0.13919399678707123,-0.08546999841928482,-0.09645900130271912
1451267582353,2,0.00976799987256527,-0.08546999841928482,-0.15018299221992493
1451267582374,2,-0.059829000383615494,-0.02930399961769581,-0.14896199107170105
1451267582393,2,-0.021978000178933144,0.007325999904423952,-0.10866899788379669
1451267582418,2,0.05128199979662895,-0.01953599974513054,-0.07936500012874603
1451267582433,2,0.0378509983420372,-0.1025639995932579,-0.12209999561309814
1451267582453,2,-0.015873000025749207,-0.08424899727106094,-0.15262499451637268
1451267582474,2,-0.05616600066423416,-0.06837599724531174,-0.1452990025281906
1451267582494,2,-0.06715499609708786,-0.06227099895477295,-0.12209999561309814
1451267582514,2,-0.0378509983420372,-0.05738699808716774,-0.10012199729681015
1451267582534,2,0.03418799862265587,-0.06104999780654907,-0.05372399836778641
1451267582554,2,0.04151399806141853,-0.08180700242519379,-0.06104999780654907
1451267582574,2,0.021978000178933144,-0.07203900068998337,-0.08058600127696991
1451267582594,2,-0.015873000025749207,-0.03907199949026108,-0.08546999841928482
1451267582614,2,-0.014651999808847904,-0.02319899946451187,-0.07326000183820724
1451267582634,2,-0.007325999904423952,-0.02930399961769581,-0.05616600066423416
1451267582659,2,0.010989000089466572,-0.04273499920964241,-0.05128199979662895
1451267582675,2,-0.0012209999840706587,0.0012209999840706587,-0.07814399898052216
1451267582695,2,-0.015873000025749207,0.035408999770879745,-0.07936500012874603
1451267582717,2,-0.013430999591946602,0.026861999183893204,-0.04761900007724762
1451267582734,2,0.010989000089466572,-0.008546999655663967,-0.021978000178933144
1451267582755,2,0.008546999655663967,-0.0378509983420372,-0.03663000091910362
1451267582775,2,-0.010989000089466572,-0.03296700119972229,-0.03418799862265587
1451267582796,2,-0.004883999936282635,-0.02930399961769581,-0.03418799862265587
1451267582817,2,0.0024419999681413174,-0.014651999808847904,-0.03418799862265587
1451267582836,2,0.0012209999840706587,-0.03296700119972229,-0.03663000091910362
1451267582856,2,-0.02930399961769581,-0.04395600035786629,-0.03663000091910362
1451267582876,2,-0.035408999770879745,-0.04761900007724762,-0.035408999770879745
1451267582896,2,-0.026861999183893204,-0.05372399836778641,-0.040293000638484955
1451267582916,2,-0.01831500045955181,-0.06349200010299683,-0.05128199979662895
1451267582937,2,-0.030524998903274536,-0.08180700242519379,-0.06593400239944458
1451267582958,1,-0.050060998648405075,-0.08546999841928482,-0.06593400239944458
1451267582976,1,-0.040293000638484955,-0.035408999770879745,-0.07326000183820724
1451267583002,1,-0.010989000089466572,-0.01953599974513054,-0.07326000183820724
1451267583017,1,0.006105000153183937,-0.012210000306367874,-0.06593400239944458
1451267583037,1,0.013430999591946602,-0.01953599974513054,-0.07814399898052216
1451267583057,1,-0.003662999952211976,-0.01953599974513054,-0.0866909995675087
1451267583077,1,-0.050060998648405075,-0.0024419999681413174,-0.097680002450943
1451267583097,1,-0.06593400239944458,0.013430999591946602,-0.07692299783229828
1451267583117,1,-0.059829000383615494,0.004883999936282635,-0.06715499609708786
1451267583137,1,-0.04639799892902374,-0.013430999591946602,-0.08058600127696991
1451267583159,1,-0.0647130012512207,-0.040293000638484955,-0.09523800015449524
1451267583179,1,-0.1025639995932579,-0.0012209999840706587,-0.054944999516010284
1451267583201,1,-0.097680002450943,0.0,-0.01953599974513054
1451267583218,1,-0.05372399836778641,-0.021978000178933144,0.035408999770879745
1451267583239,1,0.0024419999681413174,-0.0012209999840706587,0.07081799954175949
1451267583259,1,0.04273499920964241,0.0378509983420372,0.05738699808716774
1451267583279,1,0.02930399961769581,0.059829000383615494,0.05128199979662895
1451267583306,1,-0.030524998903274536,-0.013430999591946602,0.09401699900627136
1451267583319,1,-0.030524998903274536,-0.07203900068998337,0.1514039933681488
1451267583339,1,-0.020756999030709267,-0.08791200071573257,0.2319899946451187
1451267583360,1,-0.03296700119972229,-0.03174600005149841,0.2979239821434021
1451267583379,1,-0.02442000061273575,0.11965800076723099,0.37606799602508545
1451267583405,1,-0.10988999903202057,0.2380950003862381,0.40292999148368835
1451267583419,1,-0.13919399678707123,0.12820500135421753,0.3992669880390167
1451267583440,1,-0.045176997780799866,-0.13186800479888916,0.2539680004119873
1451267583460,1,-0.02442000061273575,-0.1245419979095459,-0.03418799862265587
1451267583479,1,-0.1575089991092682,-0.14896199107170105,-0.2857140004634857
1451267583499,1,-0.19047600030899048,0.18314999341964722,-0.07081799954175949
1451267583519,1,-0.24175800383090973,0.26739898324012756,-0.06593400239944458
1451267583544,1,-0.38095200061798096,0.31013399362564087,-0.059829000383615494
1451267583561,1,-0.3797309994697571,0.3577530086040497,-0.02808300033211708
1451267583580,1,-0.14896199107170105,0.26739898324012756,0.12698400020599365
1451267583600,1,0.10012199729681015,0.07936500012874603,0.2698409855365753
1451267583620,1,0.3076919913291931,0.004883999936282635,0.5775330066680908
1451267583646,1,0.34310099482536316,-0.012210000306367874,0.6984120011329651
1451267583661,1,0.23076899349689484,-0.37118399143218994,0.7081800103187561
1451267583683,1,0.07326000183820724,-0.2649570107460022,0.6141629815101624
1451267583701,1,-0.10012199729681015,-0.007325999904423952,0.5323559641838074
1451267583722,1,-0.2698409855365753,0.293040007352829,0.40903499722480774
1451267583742,1,-0.2905980050563812,0.31746000051498413,0.38705700635910034
1451267583762,1,-0.2808299958705902,0.23565299808979034,0.36019498109817505
1451267583783,1,-0.13675199449062347,0.02930399961769581,0.32112300395965576
1451267583801,1,0.02808300033211708,-0.1892549991607666,0.27228298783302307
1451267583821,1,0.1892549991607666,-0.28327199816703796,0.07936500012874603
1451267583842,1,0.21489599347114563,-0.09035399556159973,0.02808300033211708
1451267583861,1,0.18070799112319946,-0.006105000153183937,0.1025639995932579
1451267583882,1,0.11721599847078323,0.23076899349689484,0.11843699961900711
1451267583901,1,0.10378500074148178,0.35531100630760193,0.09645900130271912
1451267583921,1,0.05616600066423416,0.5201460123062134,0.07326000183820724
1451267583943,1,-0.07692299783229828,0.38583600521087646,-0.008546999655663967
1451267583963,1,-0.014651999808847904,0.14407800137996674,-0.01953599974513054
1451267583983,1,0.09890099614858627,-0.021978000178933144,-0.00976799987256527
1451267584002,1,0.21733799576759338,-0.09401699900627136,-0.02319899946451187
1451267584024,1,0.2710619866847992,-0.07203900068998337,-0.05250300094485283
1451267584044,1,0.23687399923801422,-0.11599499732255936,-0.04761900007724762
1451267584064,1,0.27960899472236633,-0.08424899727106094,-0.08791200071573257
1451267584084,1,0.26739898324012756,0.1025639995932579,-0.05250300094485283
1451267584104,1,0.2332109957933426,0.1562879979610443,-0.03296700119972229
1451267584124,1,0.2380950003862381,0.059829000383615494,-0.021978000178933144
1451267584144,1,0.26251500844955444,-0.05250300094485283,-0.05616600066423416
1451267584166,1,0.2588520050048828,-0.008546999655663967,-0.06837599724531174
1451267584184,1,0.36629998683929443,0.09035399556159973,-0.09157499670982361
1451267584203,1,0.5787540078163147,0.5335769653320313,-0.16361400485038757
1451267584224,1,0.3846150040626526,0.7789980173110962,-0.11111100018024445
1451267584244,1,-0.054944999516010284,-0.1452990025281906,0.5103780031204224
1451267584264,1,0.30036598443984985,-0.4664219915866852,0.36019498109817505
1451267584284,1,0.23565299808979034,-0.5445659756660461,0.3247860074043274
1451267584304,1,0.1294260025024414,-0.5213670134544373,0.1684979945421219
1451267584324,1,0.09157499670982361,-0.5384609699249268,0.004883999936282635
1451267584345,1,0.0647130012512207,-0.2918190062046051,-0.15018299221992493
1451267584364,1,-0.24175800383090973,0.27960899472236633,-0.12087900191545486
1451267584385,1,-0.5885220170021057,0.4615379869937897,0.030524998903274536
1451267584404,1,-0.5934060215950012,-0.3528690040111542,0.2161169946193695
1451267584425,1,-0.15018299221992493,-0.5775330066680908,0.10988999903202057
1451267584445,1,0.16117200255393982,-0.3296699821949005,-0.04761900007724762
1451267584466,1,0.07936500012874603,-0.05616600066423416,-0.02442000061273575
1451267584485,1,-0.06959699839353561,-0.017093999311327934,0.01953599974513054
1451267584505,1,-0.23076899349689484,0.007325999904423952,0.0647130012512207
1451267584533,1,-0.2905980050563812,0.03174600005149841,0.05616600066423416
1451267584545,1,-0.17216099798679352,0.013430999591946602,0.0
1451267584565,1,-0.0024419999681413174,-0.07326000183820724,-0.035408999770879745
1451267584590,1,0.03174600005149841,-0.3125759959220886,-0.026861999183893204
1451267584605,1,-0.07448099553585052,-0.31013399362564087,0.0024419999681413174
1451267584627,1,-0.2429789900779724,-0.15995100140571594,0.015873000025749207
1451267584647,1,-0.4822950065135956,0.097680002450943,0.07326000183820724
1451267584667,1,-0.6385830044746399,0.19780199229717255,0.050060998648405075
1451267584691,1,-0.1245419979095459,-0.15384599566459656,-0.45177000761032104
1451267584707,1,-0.014651999808847904,-0.2771669924259186,-0.4652009904384613
1451267584727,1,-0.05860799923539162,-0.19902299344539642,-0.3467639982700348
1451267584746,1,-0.1135529950261116,-0.08424899727106094,-0.21855899691581726
1451267584767,1,-0.12209999561309814,-0.0012209999840706587,-0.167276993393898
1451267584787,1,-0.05738699808716774,0.07203900068998337,-0.27228298783302307
1451267584807,1,-0.05738699808716774,0.02319899946451187,-0.33333298563957214
1451267584828,1,-0.06227099895477295,0.006105000153183937,-0.31746000051498413
1451267584848,1,-0.08546999841928482,-0.06349200010299683,-0.2771669924259186
1451267584867,1,-0.09401699900627136,-0.11111100018024445,-0.2539680004119873
1451267584889,1,-0.10378500074148178,0.0,-0.195360004901886
1451267584918,1,-0.14774100482463837,0.03174600005149841,-0.1404149979352951
1451267584927,1,-0.08180700242519379,-0.06104999780654907,-0.09645900130271912
1451267584947,1,0.026861999183893204,-0.2271059900522232,-0.09279599785804749
1451267584970,2,0.17948700487613678,-0.390720009803772,-0.07203900068998337
1451267584988,2,0.23931600153446198,-0.3894990086555481,-0.02319899946451187
1451267585008,2,0.06715499609708786,-0.09523800015449524,0.14896199107170105
1451267585028,2,-0.02930399961769581,0.05250300094485283,0.15506699681282043
1451267585049,2,-0.04151399806141853,0.1404149979352951,0.15384599566459656
1451267585067,2,0.01831500045955181,0.1135529950261116,0.13430999219417572
1451267585094,2,0.07936500012874603,-0.015873000025749207,0.09645900130271912
1451267585109,2,0.1684979945421219,-0.28327199816703796,-0.007325999904423952
1451267585130,2,0.1514039933681488,-0.24053700268268585,0.014651999808847904
1451267585150,2,0.07081799954175949,-0.1025639995932579,0.04761900007724762
1451267585169,2,-0.04151399806141853,0.030524998903274536,0.04639799892902374
1451267585190,2,-0.12698400020599365,0.09279599785804749,0.020756999030709267
1451267585210,2,-0.054944999516010284,-0.10378500074148178,-0.09401699900627136
1451267585231,2,-0.003662999952211976,-0.08546999841928482,-0.06959699839353561
1451267585250,2,-0.013430999591946602,0.10622699558734894,-0.00976799987256527
1451267585269,2,-0.0866909995675087,0.31623899936676025,0.030524998903274536
1451267585289,2,-0.13919399678707123,0.422465980052948,0.054944999516010284
1451267585310,2,-0.14163599908351898,0.3467639982700348,0.05250300094485283
1451267585330,2,0.05860799923539162,-0.08180700242519379,-0.07081799954175949
1451267585350,2,0.13064700365066528,-0.16971899569034576,-0.05738699808716774
1451267585370,2,0.11111100018024445,-0.097680002450943,0.02442000061273575
1451267585390,2,0.040293000638484955,0.010989000089466572,0.08058600127696991
1451267585410,2,-0.0488400012254715,0.03418799862265587,0.07326000183820724
1451267585432,2,-0.18192899227142334,0.003662999952211976,-0.04395600035786629
1451267585451,2,-0.16971899569034576,0.030524998903274536,-0.08791200071573257
1451267585470,2,-0.07081799954175949,0.008546999655663967,-0.10378500074148178
1451267585491,2,0.03663000091910362,-0.03174600005149841,-0.08791200071573257
1451267585512,2,0.06715499609708786,-0.05738699808716774,-0.050060998648405075
1451267585537,2,-0.06715499609708786,0.03663000091910362,0.03418799862265587
1451267585551,2,-0.11111100018024445,0.07081799954175949,0.026861999183893204
1451267585572,2,-0.07081799954175949,0.05738699808716774,-0.0012209999840706587
1451267585592,2,-0.004883999936282635,0.0,-0.025640999898314476
1451267585611,2,0.02319899946451187,-0.05250300094485283,-0.03418799862265587
1451267585632,2,0.030524998903274536,-0.08058600127696991,0.0
1451267585651,2,-0.03907199949026108,-0.045176997780799866,0.015873000025749207
1451267585672,2,-0.05738699808716774,0.014651999808847904,0.014651999808847904
1451267585692,2,-0.059829000383615494,0.025640999898314476,0.017093999311327934
1451267585712,2,-0.050060998648405075,-0.050060998648405075,0.02442000061273575
1451267585734,2,-0.021978000178933144,-0.14285700023174286,0.021978000178933144
1451267585752,2,0.02442000061273575,-0.167276993393898,0.07814399898052216
1451267585772,2,0.06349200010299683,-0.1404149979352951,0.15384599566459656
1451267585792,2,0.08791200071573257,-0.09279599785804749,0.26861998438835144
1451267585811,2,-0.38095200061798096,1.0964579582214355,-0.5811960101127625
1451267585833,2,-0.5128200054168701,1.09157395362854,-0.08302799612283707
1451267585852,2,0.03296700119972229,0.010989000089466572,0.20268599689006805
1451267585874,2,0.1623930037021637,-0.3028079867362976,0.21245399117469788
1451267585894,2,0.06349200010299683,-0.4871789813041687,0.045176997780799866
1451267585913,2,-0.05616600066423416,-0.23687399923801422,-0.13797299563884735
1451267585934,2,-0.10378500074148178,-0.07326000183820724,-0.19169700145721436
1451267585954,2,-0.017093999311327934,0.045176997780799866,-0.11477399617433548
1451267585974,2,0.08302799612283707,0.04395600035786629,0.09645900130271912
1451267585994,2,0.02319899946451187,0.03296700119972229,0.1135529950261116
1451267586016,2,-0.02319899946451187,0.02442000061273575,0.0866909995675087
1451267586034,2,-0.0024419999681413174,0.03174600005149841,0.050060998648405075
1451267586055,2,0.05128199979662895,0.014651999808847904,0.021978000178933144
1451267586079,2,-0.012210000306367874,-0.03174600005149841,-0.03174600005149841
1451267586101,2,-0.08302799612283707,-0.050060998648405075,-0.08546999841928482
1451267586117,2,-0.1135529950261116,-0.0757019966840744,-0.10622699558734894
1451267586134,2,-0.07081799954175949,-0.10378500074148178,-0.097680002450943
1451267586158,2,0.013430999591946602,-0.13064700365066528,-0.08791200071573257
1451267586176,2,0.13186800479888916,-0.14163599908351898,-0.07814399898052216
1451267586196,2,0.167276993393898,-0.13186800479888916,-0.0757019966840744
1451267586216,2,0.18803399801254272,-0.1782660037279129,-0.06715499609708786
1451267586234,2,0.14285700023174286,-0.08546999841928482,-0.1135529950261116
1451267586256,2,0.09279599785804749,0.004883999936282635,-0.12209999561309814
1451267586276,2,0.15018299221992493,-0.014651999808847904,-0.08424899727106094
1451267586296,2,0.22466400265693665,-0.0488400012254715,-0.02808300033211708
1451267586317,2,0.20268599689006805,-0.020756999030709267,-0.003662999952211976
1451267586335,2,0.13064700365066528,-0.003662999952211976,0.007325999904423952
1451267586355,2,0.054944999516010284,0.0,0.017093999311327934
1451267586376,2,-0.03174600005149841,0.05616600066423416,0.015873000025749207
1451267586396,2,-0.0647130012512207,0.07448099553585052,0.025640999898314476
1451267586417,2,-0.017093999311327934,0.03418799862265587,0.03907199949026108
1451267586436,2,0.015873000025749207,-0.0024419999681413174,0.04639799892902374
1451267586456,2,0.02808300033211708,-0.03296700119972229,0.01953599974513054
1451267586477,2,0.006105000153183937,-0.01953599974513054,-0.02319899946451187
1451267586497,2,-0.06227099895477295,0.06104999780654907,-0.02319899946451187
1451267586518,2,-0.05128199979662895,0.06227099895477295,0.0012209999840706587
1451267586536,2,-0.0024419999681413174,0.04761900007724762,0.02319899946451187
1451267586557,2,0.030524998903274536,0.02442000061273575,0.02808300033211708
1451267586578,2,0.04151399806141853,0.0,0.014651999808847904
1451267586597,2,0.0378509983420372,0.015873000025749207,0.007325999904423952
1451267586617,2,0.02319899946451187,0.00976799987256527,-0.0012209999840706587
1451267586637,2,0.02319899946451187,-0.02319899946451187,-0.0024419999681413174
1451267586656,2,0.020756999030709267,-0.02442000061273575,0.004883999936282635
1451267586679,2,0.010989000089466572,0.017093999311327934,0.00976799987256527
1451267586700,2,-0.006105000153183937,0.050060998648405075,-0.004883999936282635
1451267586717,2,-0.010989000089466572,0.035408999770879745,-0.02442000061273575
1451267586739,2,0.003662999952211976,0.013430999591946602,-0.021978000178933144
1451267586758,2,0.012210000306367874,-0.007325999904423952,-0.01953599974513054
1451267586791,2,-0.003662999952211976,0.003662999952211976,0.020756999030709267
1451267586812,2,-0.03296700119972229,0.025640999898314476,0.02808300033211708
1451267586838,2,-0.07203900068998337,0.04273499920964241,0.025640999898314476
1451267586852,2,-0.08180700242519379,0.06227099895477295,0.04273499920964241
1451267586871,2,-0.045176997780799866,0.09401699900627136,0.050060998648405075
1451267586891,2,-0.02319899946451187,0.13919399678707123,0.05738699808716774
1451267586911,2,-0.03907199949026108,0.17704500257968903,0.06959699839353561
1451267586931,2,-0.03663000091910362,0.1733819991350174,0.07081799954175949
1451267586952,2,-0.007325999904423952,0.09157499670982361,0.03418799862265587
1451267586971,2,-0.01831500045955181,0.03907199949026108,0.025640999898314476
1451267586997,2,-0.02808300033211708,0.025640999898314476,0.013430999591946602
