1451267725614,1,0.19291800260543823,0.12820500135421753,0.05128199979662895
1451267725632,1,0.19902299344539642,-0.004883999936282635,0.015873000025749207
1451267725655,1,0.2905980050563812,-0.27838799357414246,-0.16117200255393982
1451267725675,1,0.3455429971218109,-0.5482289791107178,-0.4713059961795807
1451267725695,1,-0.09401699900627136,-0.523809015750885,-0.5347979664802551
1451267725715,1,-0.2319899946451187,-0.3247860074043274,-0.3833940029144287
1451267725735,1,-0.11599499732255936,-0.1562879979610443,-0.2539680004119873
1451267725755,1,0.0647130012512207,-0.14407800137996674,-0.2527469992637634
1451267725775,1,0.1355309933423996,-0.2271059900522232,-0.2905980050563812
1451267725797,1,0.19291800260543823,-0.31746000051498413,-0.2600730061531067
1451267725817,1,0.308912992477417,-0.4102559983730316,-0.195360004901886
1451267725836,1,0.38583600521087646,-0.4004879891872406,-0.14774100482463837
1451267725856,1,0.416361004114151,-0.20879100263118744,-0.13675199449062347
1451267725877,1,0.3785099983215332,0.054944999516010284,-0.1465200036764145
1451267725967,1,0.34432199597358704,0.12698400020599365,-0.13797299563884735
1451267725980,1,0.25763100385665894,-0.12698400020599365,-0.06104999780654907
1451267725991,1,0.2905980050563812,-0.19169700145721436,0.007325999904423952
1451267726004,1,0.35531100630760193,-0.08058600127696991,0.03174600005149841
1451267726017,1,0.40781399607658386,0.10622699558734894,0.03174600005149841
1451267726029,1,0.4004879891872406,0.18070799112319946,0.01953599974513054
1451267726039,1,0.19047600030899048,0.015873000025749207,-0.015873000025749207
1451267726052,1,0.06104999780654907,-0.026861999183893204,-0.015873000025749207
1451267726061,1,-0.04639799892902374,0.07814399898052216,-0.00976799987256527
1451267726077,1,0.0024419999681413174,0.045176997780799866,0.06227099895477295
1451267726100,1,0.1941390037536621,0.08302799612283707,0.08180700242519379
1451267726124,1,-0.26129400730133057,-0.12087900191545486,0.6153839826583862
1451267726141,1,0.05738699808716774,-1.501829981803894,1.2087899446487427
1451267726166,1,0.8937720060348511,-1.3430999517440796,1.111109972000122
1451267726181,1,0.5873010158538818,-0.6434670090675354,0.2441999912261963
1451267726200,1,0.02442000061273575,0.09890099614858627,-0.7423679828643799
1451267726222,1,-0.5958479642868042,0.6935279965400696,-0.9645900130271912
1451267726242,1,-0.8815619945526123,-0.31013399362564087,0.5018309950828552
1451267726261,1,-0.4859579801559448,-0.40903499722480774,0.5091570019721985
1451267726281,1,-0.13797299563884735,-0.15873000025749207,0.13186800479888916
1451267726305,1,-0.006105000153183937,-0.010989000089466572,-0.13797299563884735
1451267726322,1,-0.0378509983420372,-0.04761900007724762,-0.22588500380516052
1451267726341,1,-0.2747249901294708,-0.004883999936282635,-0.1465200036764145
1451267726362,1,-0.26739898324012756,0.0,-0.09523800015449524
1451267726381,1,-0.1575089991092682,-0.02319899946451187,-0.0866909995675087
1451267726401,1,0.010989000089466572,-0.05616600066423416,-0.10012199729681015
1451267726421,1,0.12576299905776978,-0.06104999780654907,-0.1245419979095459
1451267726442,1,-0.10134299844503403,0.09523800015449524,-0.15873000025749207
1451267726464,1,-0.2551890015602112,0.13430999219417572,-0.167276993393898
1451267726481,1,-0.32112300395965576,0.10988999903202057,-0.1684979945421219
1451267726503,1,-0.29426100850105286,0.030524998903274536,-0.13919399678707123
1451267726523,1,-0.19902299344539642,-0.04395600035786629,-0.12698400020599365
1451267726543,1,-0.06837599724531174,-0.1025639995932579,-0.15384599566459656
1451267726564,1,-0.07203900068998337,-0.15384599566459656,-0.24175800383090973
1451267726584,1,-0.15995100140571594,-0.12209999561309814,-0.17704500257968903
1451267726603,1,-0.20879100263118744,-0.21245399117469788,-0.15018299221992493
1451267726624,1,-0.18559199571609497,-0.3040289878845215,-0.21489599347114563
1451267726643,1,-0.07936500012874603,-0.3137969970703125,-0.3614159822463989
1451267726668,1,-0.015873000025749207,-0.34432199597358704,-0.5299140214920044
1451267726687,1,-0.05860799923539162,-0.1892549991607666,-0.416361004114151
1451267726703,1,-0.09645900130271912,-0.0024419999681413174,-0.15873000025749207
1451267726725,1,-0.11477399617433548,0.1843709945678711,0.040293000638484955
1451267726743,1,-0.11965800076723099,0.20634900033473969,0.1465200036764145
1451267726764,1,-0.11477399617433548,0.08791200071573257,0.07814399898052216
1451267726784,1,-0.19169700145721436,0.15995100140571594,-0.06837599724531174
1451267726804,1,-0.20268599689006805,0.2588520050048828,-0.04639799892902374
1451267726824,1,-0.05616600066423416,0.44200199842453003,0.050060998648405075
1451267726846,1,0.10500600188970566,0.5128200054168701,0.13064700365066528
1451267726868,1,0.2332109957933426,0.43589699268341064,0.15995100140571594
1451267726885,1,0.34798499941825867,-0.07203900068998337,0.16361400485038757
1451267726904,1,0.35409000515937805,-0.2002439945936203,0.18192899227142334
1451267726924,1,0.3150179982185364,-0.15018299221992493,0.21245399117469788
1451267726947,1,0.21977999806404114,-0.014651999808847904,0.211232990026474
1451267726964,1,0.12209999561309814,0.09157499670982361,0.18070799112319946
1451267726986,1,0.013430999591946602,0.07814399898052216,0.05860799923539162
1451267727006,1,0.030524998903274536,0.0012209999840706587,-0.006105000153183937
1451267727026,1,0.0757019966840744,-0.14285700023174286,-0.0012209999840706587
1451267727046,1,0.10500600188970566,-0.2441999912261963,0.05250300094485283
1451267727065,1,0.06959699839353561,-0.18070799112319946,0.04151399806141853
1451267727086,1,-0.10134299844503403,0.08546999841928482,-0.05372399836778641
1451267727106,1,-0.1892549991607666,0.1294260025024414,-0.08180700242519379
1451267727127,1,-0.18314999341964722,0.05860799923539162,-0.06837599724531174
1451267727147,1,-0.10622699558734894,-0.030524998903274536,-0.059829000383615494
1451267727165,1,-0.02930399961769581,-0.08302799612283707,-0.026861999183893204
1451267727187,1,0.013430999591946602,-0.05372399836778641,-0.00976799987256527
1451267727207,1,-0.03663000091910362,0.040293000638484955,-0.007325999904423952
1451267727227,1,-0.050060998648405075,0.0,-0.00976799987256527
1451267727248,1,-0.04151399806141853,-0.01831500045955181,-0.010989000089466572
1451267727270,1,-0.03418799862265587,-0.030524998903274536,0.007325999904423952
1451267727287,1,-0.01953599974513054,-0.02808300033211708,0.045176997780799866
1451267727308,1,-0.01953599974513054,-0.054944999516010284,0.0647130012512207
1451267727328,1,-0.014651999808847904,-0.06593400239944458,0.03174600005149841
1451267727348,1,-0.026861999183893204,-0.059829000383615494,0.0024419999681413174
1451267727367,1,-0.0488400012254715,-0.06349200010299683,0.006105000153183937
1451267727389,1,-0.05616600066423416,-0.0647130012512207,0.04761900007724762
1451267727408,1,-0.03174600005149841,0.013430999591946602,0.06104999780654907
1451267727428,1,-0.026861999183893204,0.035408999770879745,0.0378509983420372
1451267727452,2,-0.017093999311327934,-0.004883999936282635,0.030524998903274536
1451267727467,2,-0.012210000306367874,-0.06349200010299683,0.030524998903274536
1451267727489,2,0.0012209999840706587,-0.07692299783229828,0.03296700119972229
1451267727514,2,0.015873000025749207,-0.05860799923539162,0.0488400012254715
1451267727528,2,0.04151399806141853,0.013430999591946602,0.07326000183820724
1451267727548,2,0.0,0.03907199949026108,0.07081799954175949
1451267727568,2,-0.0378509983420372,0.014651999808847904,0.06227099895477295
1451267727590,2,-0.04395600035786629,-0.026861999183893204,0.01953599974513054
1451267727616,2,-0.030524998903274536,-0.05250300094485283,-0.021978000178933144
1451267727629,2,-0.015873000025749207,-0.00976799987256527,0.0012209999840706587
1451267727649,2,-0.026861999183893204,0.010989000089466572,0.008546999655663967
1451267727670,2,-0.02930399961769581,-0.013430999591946602,0.0
1451267727690,2,-0.03418799862265587,-0.03663000091910362,-0.025640999898314476
1451267727710,2,-0.040293000638484955,-0.0647130012512207,-0.045176997780799866
1451267727730,2,-0.05372399836778641,-0.06715499609708786,-0.05372399836778641
1451267727749,2,-0.07081799954175949,-0.05738699808716774,-0.04151399806141853
1451267727771,2,-0.07448099553585052,-0.03907199949026108,-0.040293000638484955
1451267727789,2,-0.0757019966840744,-0.04761900007724762,-0.0488400012254715
1451267727809,2,-0.06227099895477295,-0.08058600127696991,-0.03418799862265587
1451267727836,2,0.06837599724531174,-0.21245399117469788,0.1025639995932579
1451267727850,2,0.08180700242519379,-1.153844952583313,0.0024419999681413174
1451267727870,2,0.01953599974513054,1.4358960390090942,-0.5262510180473328
1451267727895,2,0.004883999936282635,0.3894990086555481,0.0
1451267727911,2,0.2588520050048828,0.19169700145721436,0.10988999903202057
1451267727931,2,0.1452990025281906,-0.01953599974513054,0.16483499109745026
1451267727950,2,-0.2661779820919037,0.09157499670982361,0.08058600127696991
1451267727969,2,-0.2490839958190918,0.2429789900779724,0.01831500045955181
1451267727990,2,-0.05128199979662895,0.45665398240089417,0.10134299844503403
1451267728015,2,0.23565299808979034,0.41391900181770325,0.2503049969673157
1451267728030,2,0.4749689996242523,0.24786299467086792,0.3455429971218109
1451267728051,2,0.22100099921226501,0.02930399961769581,0.22954799234867096
1451267728074,2,-0.05372399836778641,0.09279599785804749,0.08546999841928482
1451267728091,2,-0.22832699120044708,0.13919399678707123,-0.01831500045955181
1451267728111,2,-0.22954799234867096,0.12332099676132202,-0.05250300094485283
1451267728131,2,-0.07448099553585052,0.06227099895477295,-0.02930399961769581
1451267728151,2,0.26129400730133057,0.01953599974513054,0.03418799862265587
1451267728171,2,0.22466400265693665,0.06715499609708786,0.040293000638484955
1451267728191,2,0.08913300186395645,0.16605599224567413,0.006105000153183937
1451267728212,2,-0.07448099553585052,0.23687399923801422,-0.03663000091910362
1451267728231,2,-0.13308899104595184,0.24786299467086792,-0.05738699808716774
1451267728251,2,-0.09401699900627136,0.2222220003604889,-0.03907199949026108
1451267728273,2,0.097680002450943,0.13675199449062347,0.06104999780654907
1451267728292,2,0.15506699681282043,0.11599499732255936,0.07448099553585052
1451267728312,2,0.15873000025749207,0.06959699839353561,0.0866909995675087
1451267728337,2,0.10866899788379669,0.0488400012254715,0.08913300186395645
1451267728353,2,0.02930399961769581,0.014651999808847904,0.0757019966840744
1451267728382,2,-0.003662999952211976,0.04395600035786629,0.05128199979662895
1451267728392,2,0.025640999898314476,0.11111100018024445,0.040293000638484955
1451267728420,2,0.04273499920964241,0.17216099798679352,0.05128199979662895
1451267728434,2,0.04151399806141853,0.18559199571609497,0.05616600066423416
1451267728452,2,0.050060998648405075,0.14163599908351898,0.05616600066423416
1451267728472,2,0.07203900068998337,0.030524998903274536,0.08302799612283707
1451267728494,2,0.09645900130271912,-0.0024419999681413174,0.08180700242519379
1451267728514,2,0.13430999219417572,-0.012210000306367874,0.07203900068998337
1451267728533,2,0.1575089991092682,0.0,0.05860799923539162
1451267728554,2,0.15262499451637268,-0.0488400012254715,0.054944999516010284
1451267728573,2,0.16483499109745026,-0.08546999841928482,0.08180700242519379
1451267728600,2,0.15018299221992493,-0.10500600188970566,0.11111100018024445
1451267728614,2,0.13430999219417572,-0.1025639995932579,0.10378500074148178
1451267728634,2,0.08424899727106094,-0.09523800015449524,0.09890099614858627
1451267728654,2,0.006105000153183937,-0.0757019966840744,0.09523800015449524
1451267728675,2,-0.07326000183820724,-0.05616600066423416,0.0647130012512207
1451267728695,2,-0.08546999841928482,-0.09157499670982361,-0.030524998903274536
1451267728719,2,-0.05128199979662895,-0.09401699900627136,-0.04639799892902374
1451267728735,2,-0.01953599974513054,-0.08302799612283707,-0.03907199949026108
1451267728761,2,-0.00976799987256527,-0.010989000089466572,-0.014651999808847904
1451267728774,2,-0.03663000091910362,0.015873000025749207,0.010989000089466572
1451267728798,2,-0.06593400239944458,-0.09890099614858627,-0.025640999898314476
1451267728817,2,-0.00976799987256527,-0.1135529950261116,-0.02442000061273575
1451267728835,2,0.05738699808716774,-0.12209999561309814,0.007325999904423952
1451267728856,2,0.13675199449062347,-0.10134299844503403,0.040293000638484955
1451267728876,2,0.1623930037021637,-0.08302799612283707,0.045176997780799866
1451267728897,2,0.13919399678707123,-0.0757019966840744,0.0378509983420372
1451267728915,2,0.0647130012512207,-0.14163599908351898,0.020756999030709267
1451267728935,2,0.00976799987256527,-0.15018299221992493,0.03174600005149841
1451267728957,2,-0.017093999311327934,-0.16117200255393982,0.030524998903274536
1451267728977,2,0.02319899946451187,-0.1404149979352951,0.04273499920964241
1451267728999,2,0.05860799923539162,-0.15262499451637268,0.05738699808716774
1451267729016,2,0.09890099614858627,-0.13797299563884735,-0.00976799987256527
1451267729044,2,0.012210000306367874,-0.03174600005149841,-0.03418799862265587
1451267729056,2,-0.12087900191545486,0.006105000153183937,-0.01953599974513054
1451267729077,2,-0.20634900033473969,0.00976799987256527,-0.004883999936282635
1451267729097,2,-0.19780199229717255,0.007325999904423952,-0.03296700119972229
1451267729117,2,-0.012210000306367874,-0.014651999808847904,-0.08424899727106094
1451267729138,2,0.05372399836778641,-0.01831500045955181,-0.059829000383615494
1451267729156,2,0.07203900068998337,0.0,-0.03174600005149841
1451267729184,2,0.04639799892902374,-0.0012209999840706587,0.01831500045955181
1451267729198,2,0.02319899946451187,-0.04395600035786629,0.04273499920964241
1451267729218,2,0.014651999808847904,-0.05860799923539162,0.02808300033211708
1451267729238,2,0.04273499920964241,-0.059829000383615494,0.026861999183893204
1451267729257,2,0.06837599724531174,-0.05860799923539162,0.025640999898314476
1451267729278,2,0.06959699839353561,-0.026861999183893204,0.02808300033211708
1451267729298,2,0.035408999770879745,-0.07081799954175949,0.0647130012512207
1451267729318,2,0.0024419999681413174,-0.15384599566459656,0.06593400239944458
1451267729342,2,-0.01831500045955181,-0.07203900068998337,-0.02808300033211708
1451267729359,2,-0.013430999591946602,-0.021978000178933144,-0.02930399961769581
1451267729379,2,-0.013430999591946602,-0.0378509983420372,-0.02930399961769581
1451267729399,2,-0.05738699808716774,-0.04151399806141853,-0.05860799923539162
1451267729419,2,-0.11477399617433548,-0.00976799987256527,-0.08546999841928482
1451267729439,2,-0.08546999841928482,0.004883999936282635,-0.1135529950261116
1451267729460,2,-0.006105000153183937,-0.004883999936282635,-0.09890099614858627
1451267729481,1,0.06227099895477295,0.01831500045955181,-0.07448099553585052
1451267729567,1,0.05616600066423416,0.05860799923539162,-0.04151399806141853
1451267729575,1,0.02319899946451187,0.04273499920964241,-0.03663000091910362
1451267729584,1,0.010989000089466572,0.025640999898314476,-0.035408999770879745
1451267729591,1,-0.012210000306367874,-0.03663000091910362,-0.003662999952211976
1451267729601,1,0.020756999030709267,-0.07692299783229828,-0.003662999952211976
1451267729613,1,0.06104999780654907,-0.07814399898052216,-0.021978000178933144
1451267729620,1,0.07692299783229828,-0.06227099895477295,-0.017093999311327934
1451267729641,1,0.05372399836778641,-0.021978000178933144,-0.004883999936282635
1451267729662,1,-0.01953599974513054,0.0024419999681413174,-0.030524998903274536
1451267729681,1,-0.05616600066423416,0.0,-0.02442000061273575
1451267729700,1,-0.05372399836778641,-0.03418799862265587,-0.007325999904423952
1451267729726,1,-0.014651999808847904,-0.05860799923539162,-0.015873000025749207
1451267729742,1,0.02930399961769581,-0.06227099895477295,-0.04395600035786629
1451267729767,1,0.10134299844503403,-0.00976799987256527,-0.08302799612283707
1451267729783,1,0.11843699961900711,0.05250300094485283,-0.10134299844503403
1451267729800,1,0.07448099553585052,0.15384599566459656,-0.08546999841928482
1451267729826,1,-0.010989000089466572,0.2637360095977783,-0.07814399898052216
1451267729842,1,-0.11599499732255936,0.299144983291626,-0.07326000183820724
1451267729862,1,-0.11721599847078323,0.3504270017147064,-0.22466400265693665
1451267729882,1,-0.31746000051498413,0.7789980173110962,-0.11843699961900711
1451267729901,1,-0.40659299492836,-0.24175800383090973,1.0341869592666626
1451267729922,1,0.4749689996242523,-0.9914519786834717,1.0537229776382446
1451267729949,1,0.7899869680404663,-0.5091570019721985,1.1428560018539429
1451267729963,1,0.32112300395965576,0.1782660037279129,0.24175800383090973
1451267729987,1,-0.21367499232292175,0.44688600301742554,-0.8473739624023438
1451267730002,1,-0.2698409855365753,0.10866899788379669,-0.3406589925289154
1451267730024,1,-0.33333298563957214,-0.21367499232292175,0.3882780075073242
1451267730043,1,-0.25763100385665894,-0.3614159822463989,0.6544560194015503
1451267730062,1,-0.11477399617433548,-0.308912992477417,0.39682498574256897
1451267730083,1,-0.14285700023174286,-0.12576299905776978,-0.19658099114894867
1451267730104,1,-0.2429789900779724,-0.04151399806141853,-0.21001200377941132
1451267730124,1,-0.25641000270843506,0.05128199979662895,-0.14285700023174286
1451267730144,1,-0.13675199449062347,0.097680002450943,-0.08546999841928482
1451267730164,1,0.026861999183893204,0.08913300186395645,-0.06959699839353561
1451267730188,1,0.09645900130271912,-0.00976799987256527,-0.06837599724531174
1451267730203,1,0.05372399836778641,-0.020756999030709267,-0.08058600127696991
1451267730223,1,-0.0024419999681413174,0.05372399836778641,-0.09401699900627136
1451267730245,1,-0.05616600066423416,0.08913300186395645,-0.06959699839353561
1451267730264,1,-0.06104999780654907,0.07203900068998337,-0.05860799923539162
1451267730284,1,-0.03174600005149841,0.03296700119972229,-0.05372399836778641
1451267730305,1,-0.01831500045955181,-0.04761900007724762,-0.05372399836778641
1451267730325,1,-0.03907199949026108,-0.02319899946451187,-0.05860799923539162
1451267730345,1,-0.09523800015449524,0.045176997780799866,-0.07203900068998337
1451267730365,1,-0.17704500257968903,0.10500600188970566,-0.09645900130271912
1451267730384,1,-0.2051279991865158,0.06959699839353561,-0.10866899788379669
1451267730405,1,-0.04273499920964241,-0.14407800137996674,-0.035408999770879745
1451267730426,1,0.025640999898314476,-0.11599499732255936,-0.017093999311327934
1451267730447,1,-0.003662999952211976,-0.04273499920964241,-0.00976799987256527
1451267730470,1,-0.050060998648405075,0.007325999904423952,0.0012209999840706587
1451267730486,1,-0.06959699839353561,0.010989000089466572,0.008546999655663967
1451267730506,1,-0.02442000061273575,-0.09890099614858627,0.02930399961769581
1451267730526,1,0.04151399806141853,-0.15018299221992493,0.025640999898314476
1451267730547,1,0.1135529950261116,-0.11111100018024445,0.013430999591946602
1451267730566,1,0.1294260025024414,-0.06349200010299683,0.01953599974513054
1451267730586,1,0.11111100018024445,-0.045176997780799866,0.04395600035786629
1451267730606,1,0.09035399556159973,-0.06227099895477295,0.04639799892902374
1451267730627,1,0.054944999516010284,-0.06104999780654907,-0.0012209999840706587
1451267730648,1,0.03174600005149841,0.0012209999840706587,-0.01953599974513054
1451267730666,1,0.00976799987256527,0.026861999183893204,-0.008546999655663967
1451267730687,1,0.014651999808847904,0.013430999591946602,0.003662999952211976
1451267730706,1,0.025640999898314476,-0.02319899946451187,0.014651999808847904
1451267730727,1,0.006105000153183937,-0.06104999780654907,0.004883999936282635
1451267730748,1,-0.010989000089466572,-0.026861999183893204,0.0
1451267730768,1,-0.020756999030709267,0.0012209999840706587,-0.004883999936282635
1451267730787,1,-0.030524998903274536,0.003662999952211976,0.0012209999840706587
1451267730808,1,-0.017093999311327934,-0.0024419999681413174,0.014651999808847904
1451267730829,1,-0.0012209999840706587,-0.01953599974513054,0.030524998903274536
1451267730848,1,-0.003662999952211976,-0.003662999952211976,0.030524998903274536
1451267730867,1,-0.014651999808847904,0.010989000089466572,0.02930399961769581
1451267730889,1,-0.030524998903274536,0.013430999591946602,0.030524998903274536
1451267730908,1,-0.03418799862265587,0.0012209999840706587,0.02442000061273575
1451267730935,1,-0.04639799892902374,-0.01953599974513054,0.02319899946451187
1451267730948,1,-0.006105000153183937,-0.02930399961769581,-0.00976799987256527
1451267730968,1,0.014651999808847904,-0.02930399961769581,-0.017093999311327934
1451267730987,1,0.015873000025749207,-0.013430999591946602,-0.004883999936282635
1451267731007,1,0.0,-0.01831500045955181,0.0024419999681413174
1451267731029,1,-0.012210000306367874,-0.02319899946451187,0.0024419999681413174
1451267731048,1,-0.0378509983420372,-0.006105000153183937,0.003662999952211976
1451267731068,1,-0.04273499920964241,-0.017093999311327934,-0.004883999936282635
1451267731088,1,-0.03174600005149841,-0.02319899946451187,-0.004883999936282635
1451267731109,1,-0.020756999030709267,-0.02808300033211708,-0.0012209999840706587
1451267731134,1,-0.004883999936282635,-0.014651999808847904,0.007325999904423952
1451267731148,1,0.007325999904423952,-0.007325999904423952,0.04273499920964241
1451267731170,1,0.0,-0.010989000089466572,0.030524998903274536
1451267731190,1,-0.017093999311327934,-0.00976799987256527,0.006105000153183937
1451267731208,1,-0.03907199949026108,0.0,-0.015873000025749207
1451267731236,1,-0.04395600035786629,0.012210000306367874,-0.01953599974513054
1451267731250,1,-0.04151399806141853,0.008546999655663967,-0.014651999808847904
1451267731270,1,0.007325999904423952,-0.021978000178933144,0.004883999936282635
1451267731291,1,0.012210000306367874,-0.004883999936282635,0.0
1451267731311,1,0.0,0.0012209999840706587,-0.012210000306367874
1451267731330,1,-0.006105000153183937,0.006105000153183937,-0.017093999311327934
1451267731350,1,-0.007325999904423952,0.0012209999840706587,-0.008546999655663967
1451267731371,1,0.014651999808847904,-0.01831500045955181,0.0024419999681413174
1451267731391,1,0.012210000306367874,-0.014651999808847904,-0.014651999808847904
1451267731411,1,0.004883999936282635,-0.003662999952211976,-0.014651999808847904
1451267731431,1,-0.00976799987256527,0.006105000153183937,-0.0012209999840706587
1451267731455,1,-0.014651999808847904,-0.003662999952211976,0.02808300033211708
1451267731472,1,-0.003662999952211976,0.0012209999840706587,0.006105000153183937
1451267731492,1,-0.020756999030709267,0.010989000089466572,-0.012210000306367874
1451267731514,2,-0.03418799862265587,0.006105000153183937,-0.007325999904423952
1451267731531,2,-0.03174600005149841,-0.0024419999681413174,0.0012209999840706587
1451267731553,2,-0.035408999770879745,-0.003662999952211976,0.007325999904423952
1451267731574,2,-0.045176997780799866,-0.012210000306367874,0.004883999936282635
1451267731593,2,-0.040293000638484955,-0.014651999808847904,-0.01953599974513054
1451267731613,2,-0.03174600005149841,-0.012210000306367874,-0.014651999808847904
1451267731631,2,-0.02808300033211708,-0.007325999904423952,-0.0012209999840706587
1451267731653,2,-0.03663000091910362,-0.02442000061273575,0.00976799987256527
1451267731673,2,-0.03174600005149841,-0.06349200010299683,-0.0012209999840706587
1451267731698,2,-0.02319899946451187,-0.08424899727106094,-0.09401699900627136
1451267731712,2,-0.04761900007724762,-0.05128199979662895,-0.11599499732255936
1451267731732,2,-0.06349200010299683,-0.021978000178933144,-0.09401699900627136
1451267731752,2,-0.05738699808716774,-0.0378509983420372,-0.06227099895477295
1451267731772,2,-0.0378509983420372,-0.06959699839353561,-0.050060998648405075
1451267731792,2,-0.0488400012254715,-0.05860799923539162,-0.07081799954175949
1451267731818,2,-0.0757019966840744,-0.04761900007724762,-0.06227099895477295
1451267731833,2,-0.08302799612283707,-0.059829000383615494,-0.03174600005149841
1451267731853,2,-0.050060998648405075,-0.1025639995932579,0.00976799987256527
1451267731874,2,0.030524998903274536,-0.15506699681282043,0.0757019966840744
1451267731894,2,-0.007325999904423952,-0.6532350182533264,-0.11477399617433548
1451267731914,2,0.04273499920964241,0.7973129749298096,-0.09035399556159973
1451267731934,2,0.22466400265693665,0.16361400485038757,0.13797299563884735
1451267731954,2,0.1245419979095459,-0.45665398240089417,0.3675209879875183
1451267731975,2,-0.08546999841928482,-0.689864993095398,0.43589699268341064
1451267731995,2,-0.20879100263118744,-0.7191689610481262,0.21489599347114563
1451267732014,2,0.017093999311327934,-0.07081799954175949,-0.05372399836778641
1451267732034,2,0.25641000270843506,0.14896199107170105,0.12209999561309814
1451267732054,2,0.41269800066947937,0.13064700365066528,0.2747249901294708
1451267732075,2,0.36507898569107056,0.0012209999840706587,0.3137969970703125
1451267732102,2,0.17704500257968903,-0.09890099614858627,0.2441999912261963
1451267732115,2,-0.1465200036764145,-0.020756999030709267,0.014651999808847904
1451267732134,2,-0.14285700023174286,0.01831500045955181,-0.04273499920964241
1451267732155,2,-0.0378509983420372,0.014651999808847904,-0.017093999311327934
1451267732176,2,0.0757019966840744,-0.004883999936282635,0.02808300033211708
1451267732195,2,0.11721599847078323,-0.013430999591946602,0.04395600035786629
1451267732215,2,0.10500600188970566,-0.010989000089466572,-0.007325999904423952
1451267732237,2,0.017093999311327934,0.06593400239944458,-0.006105000153183937
1451267732256,2,0.004883999936282635,0.045176997780799866,0.012210000306367874
1451267732277,2,0.03174600005149841,0.010989000089466572,0.03174600005149841
1451267732298,2,0.05372399836778641,0.004883999936282635,0.03663000091910362
1451267732315,2,0.05372399836778641,0.03418799862265587,0.02930399961769581
1451267732337,2,0.035408999770879745,0.050060998648405075,0.015873000025749207
1451267732356,2,0.03174600005149841,0.02808300033211708,0.02319899946451187
1451267732377,2,0.02442000061273575,-0.020756999030709267,0.03296700119972229
1451267732398,2,0.013430999591946602,-0.05372399836778641,0.03663000091910362
1451267732416,2,-0.014651999808847904,-0.04395600035786629,0.017093999311327934
1451267732438,2,-0.02442000061273575,0.025640999898314476,-0.012210000306367874
1451267732458,2,-0.006105000153183937,0.04151399806141853,0.004883999936282635
1451267732478,2,-0.0012209999840706587,0.01831500045955181,0.025640999898314476
1451267732498,2,0.010989000089466572,-0.010989000089466572,0.03296700119972229
1451267732516,2,0.015873000025749207,-0.010989000089466572,0.02319899946451187
1451267732538,2,0.006105000153183937,-0.006105000153183937,0.03296700119972229
1451267732558,2,0.007325999904423952,0.0,0.03907199949026108
1451267732580,2,0.0012209999840706587,-0.010989000089466572,0.04639799892902374
1451267732598,2,0.0012209999840706587,-0.01831500045955181,0.050060998648405075
1451267732622,2,-0.014651999808847904,-0.021978000178933144,0.03418799862265587
1451267732638,2,-0.010989000089466572,-0.004883999936282635,0.02319899946451187
1451267732659,2,-0.045176997780799866,0.04395600035786629,-0.0012209999840706587
1451267732678,2,-0.06593400239944458,0.04761900007724762,-0.003662999952211976
1451267732698,2,-0.07203900068998337,0.030524998903274536,-0.021978000178933144
1451267732718,2,-0.04761900007724762,0.025640999898314476,-0.03907199949026108
1451267732738,2,-0.025640999898314476,0.021978000178933144,-0.03296700119972229
1451267732759,2,-0.004883999936282635,-0.015873000025749207,0.0
1451267732779,2,0.0012209999840706587,-0.007325999904423952,-0.012210000306367874
1451267732802,2,-0.01831500045955181,0.020756999030709267,-0.03418799862265587
1451267732818,2,-0.03418799862265587,0.02808300033211708,-0.025640999898314476
1451267732839,2,-0.003662999952211976,0.008546999655663967,-0.00976799987256527
1451267732859,2,0.07692299783229828,-0.02442000061273575,0.026861999183893204
1451267732880,2,0.07081799954175949,-0.004883999936282635,0.04151399806141853
1451267732900,2,0.03663000091910362,0.003662999952211976,0.045176997780799866
1451267732920,2,0.0024419999681413174,0.0024419999681413174,0.035408999770879745
1451267732941,2,-0.012210000306367874,0.003662999952211976,0.03418799862265587
1451267732961,2,-0.015873000025749207,0.008546999655663967,0.03907199949026108
1451267732981,2,0.013430999591946602,-0.03296700119972229,0.05372399836778641
1451267733000,2,0.025640999898314476,-0.05616600066423416,0.04151399806141853
1451267733021,2,0.04639799892902374,-0.05738699808716774,0.030524998903274536
1451267733041,2,0.06227099895477295,-0.0488400012254715,0.03174600005149841
1451267733061,2,0.0647130012512207,-0.050060998648405075,0.0488400012254715
1451267733085,2,0.07081799954175949,-0.097680002450943,0.07814399898052216
1451267733100,2,0.11233200132846832,-0.1294260025024414,0.07081799954175949
1451267733124,2,0.1514039933681488,-0.09035399556159973,0.05860799923539162
1451267733141,2,0.1684979945421219,-0.045176997780799866,0.04395600035786629
1451267733162,2,0.167276993393898,-0.003662999952211976,0.035408999770879745
1451267733182,2,0.09279599785804749,-0.006105000153183937,0.03296700119972229
1451267733201,2,0.07814399898052216,-0.013430999591946602,0.020756999030709267
1451267733221,2,0.050060998648405075,0.007325999904423952,0.008546999655663967
1451267733242,2,0.004883999936282635,0.030524998903274536,0.0
1451267733262,2,-0.040293000638484955,0.045176997780799866,-0.012210000306367874
1451267733281,2,-0.05738699808716774,0.010989000089466572,-0.020756999030709267
1451267733301,2,-0.14407800137996674,0.06104999780654907,-0.0488400012254715
1451267733322,2,-0.15873000025749207,0.08424899727106094,-0.06227099895477295
1451267733342,2,-0.1355309933423996,0.08546999841928482,-0.08424899727106094
1451267733364,2,-0.10012199729681015,0.08180700242519379,-0.07203900068998337
1451267733386,2,-0.08424899727106094,0.07326000183820724,-0.025640999898314476
1451267733402,2,-0.05372399836778641,0.03296700119972229,0.0
1451267733423,2,-0.0012209999840706587,-0.01953599974513054,0.0012209999840706587
1451267733443,2,0.05250300094485283,-0.05616600066423416,-0.0012209999840706587
1451267733463,2,0.06837599724531174,-0.03296700119972229,0.007325999904423952
1451267733482,2,0.059829000383615494,0.0024419999681413174,0.030524998903274536
1451267733503,2,0.0866909995675087,-0.04395600035786629,0.03907199949026108
1451267733524,2,0.09645900130271912,-0.07448099553585052,0.02930399961769581
1451267733544,1,0.09279599785804749,-0.0757019966840744,0.02319899946451187
1451267733565,1,0.059829000383615494,-0.03663000091910362,0.015873000025749207
1451267733583,1,0.02808300033211708,-0.017093999311327934,0.008546999655663967
1451267733605,1,0.0,-0.030524998903274536,0.006105000153183937
1451267733629,1,-0.07936500012874603,-0.03296700119972229,0.06349200010299683
1451267733644,1,-0.09523800015449524,-0.06715499609708786,0.0647130012512207
1451267733664,1,-0.05128199979662895,-0.11233200132846832,0.030524998903274536
1451267733688,1,0.025640999898314476,-0.08180700242519379,-0.026861999183893204
1451267733704,1,0.09401699900627136,-0.07081799954175949,-0.02930399961769581
1451267733725,1,0.07203900068998337,0.012210000306367874,0.02808300033211708
1451267733745,1,0.0024419999681413174,0.017093999311327934,0.02808300033211708
1451267733765,1,-0.06837599724531174,-0.003662999952211976,0.021978000178933144
1451267733784,1,-0.0866909995675087,-0.050060998648405075,-0.003662999952211976
1451267733805,1,-0.035408999770879745,-0.03663000091910362,-0.026861999183893204
1451267733825,1,0.05860799923539162,-0.0012209999840706587,-0.017093999311327934
1451267733848,1,0.05860799923539162,-0.003662999952211976,-0.006105000153183937
1451267733870,1,0.04395600035786629,-0.021978000178933144,-0.025640999898314476
1451267733890,1,0.02319899946451187,-0.01953599974513054,-0.04395600035786629
1451267733909,1,-0.008546999655663967,-0.004883999936282635,-0.0647130012512207
1451267733929,1,-0.07814399898052216,0.12209999561309814,-0.10134299844503403
1451267733948,1,-0.16117200255393982,0.2222220003604889,-0.1025639995932579
1451267733968,1,-0.20879100263118744,0.2637360095977783,-0.08424899727106094
1451267733988,1,-0.19902299344539642,0.2869350016117096,-0.09645900130271912
1451267734009,1,-0.39682498574256897,0.5604389905929565,0.02442000061273575
1451267734029,1,-0.6446880102157593,0.16361400485038757,0.8962140083312988
1451267734048,1,-0.3406589925289154,-0.7179480195045471,1.0647119283676147
1451267734069,1,0.26251500844955444,-0.7655670046806335,1.1220990419387817
1451267734089,1,0.34920600056648254,-0.09157499670982361,0.9279599785804749
1451267734109,1,0.2527469992637634,0.12698400020599365,0.3785099983215332
1451267734130,1,0.004883999936282635,0.4761900007724762,-0.6227099895477295
1451267734149,1,-0.2051279991865158,0.30036598443984985,-0.6520140171051025
1451267734169,1,-0.3748469948768616,0.045176997780799866,-0.2380950003862381
1451267734189,1,-0.30647099018096924,-0.167276993393898,0.23565299808979034
1451267734209,1,-0.04395600035786629,-0.2222220003604889,0.2332109957933426
1451267734236,1,0.05616600066423416,0.0,-0.308912992477417
1451267734250,1,-0.09523800015449524,0.04395600035786629,-0.38217300176620483
1451267734269,1,-0.18681299686431885,0.10012199729681015,-0.39682498574256897
1451267734290,1,-0.211232990026474,0.14774100482463837,-0.34920600056648254
1451267734307,1,-0.16605599224567413,0.14896199107170105,-0.26739898324012756
1451267734328,1,-0.035408999770879745,0.059829000383615494,-0.18681299686431885
1451267734348,1,0.1135529950261116,0.0024419999681413174,-0.13064700365066528
1451267734368,1,0.13430999219417572,0.01953599974513054,-0.05616600066423416
1451267734388,1,0.05616600066423416,0.0488400012254715,-0.040293000638484955
1451267734408,1,0.006105000153183937,0.06715499609708786,-0.03663000091910362
1451267734428,1,0.003662999952211976,0.05372399836778641,-0.02442000061273575
1451267734448,1,0.01831500045955181,0.03296700119972229,0.0
1451267734468,1,0.015873000025749207,-0.03296700119972229,0.03296700119972229
1451267734488,1,0.0024419999681413174,0.013430999591946602,0.020756999030709267
1451267734509,1,-0.020756999030709267,0.021978000178933144,0.02442000061273575
1451267734531,1,-0.030524998903274536,0.04151399806141853,0.020756999030709267
1451267734548,1,-0.03907199949026108,0.04395600035786629,0.02319899946451187
1451267734569,1,-0.0378509983420372,0.013430999591946602,0.004883999936282635
1451267734590,1,-0.010989000089466572,0.010989000089466572,-0.015873000025749207
1451267734610,1,-0.02930399961769581,0.03907199949026108,-0.00976799987256527
1451267734631,1,-0.03907199949026108,0.05616600066423416,0.008546999655663967
1451267734649,1,-0.03174600005149841,0.03174600005149841,0.0012209999840706587
1451267734669,1,-0.006105000153183937,-0.012210000306367874,-0.02442000061273575
1451267734691,1,-0.007325999904423952,0.0024419999681413174,-0.012210000306367874
1451267734710,1,-0.01953599974513054,0.004883999936282635,0.003662999952211976
1451267734732,1,-0.025640999898314476,0.0,0.00976799987256527
1451267734750,1,-0.030524998903274536,-0.01953599974513054,0.004883999936282635
1451267734770,1,-0.03174600005149841,-0.015873000025749207,-0.010989000089466572
1451267734790,1,-0.014651999808847904,0.008546999655663967,0.015873000025749207
1451267734811,1,0.021978000178933144,-0.01953599974513054,0.03663000091910362
1451267734831,1,0.03663000091910362,-0.04761900007724762,0.04395600035786629
1451267734851,1,0.04761900007724762,-0.08180700242519379,0.03663000091910362
1451267734871,1,0.06227099895477295,-0.11111100018024445,0.03663000091910362
1451267734892,1,0.045176997780799866,0.0,0.02442000061273575
1451267734912,1,0.007325999904423952,0.03907199949026108,0.020756999030709267
1451267734931,1,-0.017093999311327934,0.040293000638484955,0.007325999904423952
1451267734951,1,-0.02930399961769581,0.006105000153183937,-0.0024419999681413174
1451267734970,1,-0.021978000178933144,-0.02930399961769581,-0.004883999936282635
1451267734992,1,-0.00976799987256527,-0.04273499920964241,-0.02930399961769581
1451267735011,1,-0.06593400239944458,0.0378509983420372,-0.04151399806141853
1451267735031,1,-0.08913300186395645,0.04761900007724762,-0.045176997780799866
1451267735051,1,-0.08546999841928482,0.02808300033211708,-0.05250300094485283
1451267735071,1,-0.06593400239944458,0.008546999655663967,-0.06593400239944458
1451267735092,1,-0.04761900007724762,-0.008546999655663967,-0.08180700242519379
1451267735117,1,-0.030524998903274536,-0.02319899946451187,-0.09157499670982361
1451267735132,1,-0.01831500045955181,-0.04273499920964241,-0.08180700242519379
1451267735153,1,0.006105000153183937,-0.05372399836778641,-0.06593400239944458
1451267735174,1,0.013430999591946602,-0.0647130012512207,-0.06104999780654907
1451267735194,1,0.013430999591946602,-0.05128199979662895,-0.054944999516010284
1451267735212,1,-0.00976799987256527,-0.01953599974513054,-0.05860799923539162
1451267735233,1,-0.015873000025749207,-0.008546999655663967,-0.06227099895477295
1451267735254,1,-0.012210000306367874,-0.017093999311327934,-0.05860799923539162
1451267735273,1,-0.0012209999840706587,-0.03418799862265587,-0.04639799892902374
1451267735294,1,0.012210000306367874,-0.0378509983420372,-0.04761900007724762
1451267735315,1,0.012210000306367874,-0.040293000638484955,-0.040293000638484955
1451267735333,1,-0.008546999655663967,-0.026861999183893204,-0.0378509983420372
1451267735354,1,-0.015873000025749207,-0.02319899946451187,-0.01953599974513054
1451267735375,1,-0.0378509983420372,-0.026861999183893204,-0.004883999936282635
1451267735394,1,-0.035408999770879745,-0.045176997780799866,-0.0012209999840706587
1451267735415,1,-0.03296700119972229,-0.050060998648405075,-0.01831500045955181
1451267735434,1,-0.06959699839353561,0.0,-0.012210000306367874
1451267735454,1,-0.08791200071573257,0.0024419999681413174,0.003662999952211976
1451267735478,1,-0.07814399898052216,-0.017093999311327934,0.02319899946451187
1451267735495,1,-0.06104999780654907,-0.017093999311327934,0.014651999808847904
1451267735516,1,-0.05616600066423416,-0.015873000025749207,-0.015873000025749207
1451267735534,1,-0.045176997780799866,-0.010989000089466572,-0.015873000025749207
1451267735559,2,-0.030524998903274536,-0.026861999183893204,0.004883999936282635
1451267735576,2,0.0,-0.04151399806141853,0.01831500045955181
1451267735596,2,0.014651999808847904,-0.030524998903274536,0.015873000025749207
1451267735616,2,-0.0024419999681413174,-0.010989000089466572,0.0024419999681413174
1451267735635,2,-0.021978000178933144,0.014651999808847904,-0.012210000306367874
1451267735656,2,-0.015873000025749207,0.017093999311327934,0.014651999808847904
1451267735676,2,0.006105000153183937,-0.008546999655663967,0.03418799862265587
1451267735695,2,0.017093999311327934,-0.013430999591946602,0.03663000091910362
1451267735715,2,0.004883999936282635,-0.004883999936282635,0.01953599974513054
1451267735735,2,-0.014651999808847904,0.03418799862265587,-0.0024419999681413174
1451267735756,2,-0.008546999655663967,-0.0012209999840706587,0.020756999030709267
1451267735777,2,0.003662999952211976,-0.045176997780799866,0.045176997780799866
1451267735797,2,0.0024419999681413174,-0.0757019966840744,0.04273499920964241
1451267735817,2,0.0,-0.07203900068998337,0.035408999770879745
1451267735837,2,0.0012209999840706587,-0.05738699808716774,0.04761900007724762
1451267735858,2,-0.02930399961769581,0.8315010070800781,-0.32600700855255127
1451267735878,2,-0.10500600188970566,1.666664958000183,-0.42002400755882263
1451267735898,2,-0.021978000178933144,0.5433449745178223,-0.00976799987256527
1451267735916,2,0.09401699900627136,-0.19047600030899048,0.14163599908351898
1451267735937,2,-0.04151399806141853,-0.7545779943466187,0.26739898324012756
1451267735958,2,-0.20879100263118744,-0.8522579669952393,0.14285700023174286
1451267735978,2,-0.12087900191545486,-0.20634900033473969,-0.11599499732255936
1451267735997,2,0.13919399678707123,0.20634900033473969,0.08180700242519379
1451267736018,2,0.37118399143218994,0.2661779820919037,0.28815600275993347
1451267736038,2,0.3943829834461212,0.11233200132846832,0.36019498109817505
1451267736058,2,0.20390699803829193,-0.008546999655663967,0.2808299958705902
1451267736078,2,-0.2271059900522232,0.02930399961769581,-0.07936500012874603
1451267736098,2,-0.24542099237442017,0.035408999770879745,-0.1404149979352951
1451267736118,2,-0.1452990025281906,-0.00976799987256527,-0.10500600188970566
1451267736137,2,-0.003662999952211976,-0.07326000183820724,-0.04395600035786629
1451267736159,2,0.09035399556159973,-0.07448099553585052,-0.01831500045955181
1451267736179,2,-0.01831500045955181,0.045176997780799866,-0.07081799954175949
1451267736198,2,-0.09890099614858627,0.06959699839353561,-0.07692299783229828
1451267736218,2,-0.07814399898052216,0.03296700119972229,-0.06104999780654907
1451267736238,2,0.003662999952211976,0.003662999952211976,-0.013430999591946602
1451267736259,2,0.06837599724531174,0.0024419999681413174,0.02930399961769581
1451267736281,2,0.07936500012874603,0.015873000025749207,0.04395600035786629
1451267736299,2,0.03418799862265587,0.03663000091910362,0.02319899946451187
1451267736319,2,-0.007325999904423952,0.026861999183893204,0.021978000178933144
1451267736340,2,-0.03907199949026108,0.00976799987256527,0.020756999030709267
1451267736365,2,-0.050060998648405075,0.012210000306367874,0.013430999591946602
1451267736380,2,-0.05128199979662895,0.012210000306367874,0.006105000153183937
1451267736401,2,-0.00976799987256527,0.015873000025749207,-0.008546999655663967
1451267736421,2,-0.007325999904423952,0.00976799987256527,-0.0012209999840706587
1451267736441,2,-0.0024419999681413174,-0.0024419999681413174,-0.0012209999840706587
1451267736461,2,0.0024419999681413174,0.0012209999840706587,-0.0012209999840706587
1451267736482,2,0.013430999591946602,0.012210000306367874,0.0012209999840706587
1451267736500,2,0.00976799987256527,-0.003662999952211976,-0.003662999952211976
1451267736521,2,0.006105000153183937,-0.006105000153183937,-0.0024419999681413174
1451267736542,2,0.0012209999840706587,0.0,0.003662999952211976
1451267736562,2,0.0024419999681413174,0.006105000153183937,0.006105000153183937
1451267736582,2,0.0012209999840706587,0.00976799987256527,0.00976799987256527
1451267736601,2,-0.0024419999681413174,0.0012209999840706587,0.020756999030709267
1451267736622,2,-0.010989000089466572,0.004883999936282635,0.00976799987256527
1451267736642,2,-0.017093999311327934,0.012210000306367874,0.008546999655663967
1451267736662,2,-0.008546999655663967,0.004883999936282635,0.008546999655663967
1451267736682,2,0.0,-0.004883999936282635,0.008546999655663967
1451267736702,2,-0.0012209999840706587,-0.003662999952211976,0.013430999591946602
1451267736722,2,-0.006105000153183937,0.010989000089466572,0.00976799987256527
1451267736742,2,-0.008546999655663967,0.017093999311327934,0.003662999952211976
1451267736762,2,-0.012210000306367874,0.015873000025749207,0.0024419999681413174
1451267736782,2,-0.00976799987256527,0.012210000306367874,0.008546999655663967
1451267736801,2,0.008546999655663967,0.006105000153183937,0.017093999311327934
1451267736823,2,0.02442000061273575,-0.0024419999681413174,0.021978000178933144
1451267736842,2,0.015873000025749207,-0.0012209999840706587,0.025640999898314476
1451267736863,2,0.006105000153183937,0.0024419999681413174,0.014651999808847904
1451267736882,2,0.007325999904423952,-0.0024419999681413174,0.006105000153183937
1451267736902,2,0.010989000089466572,0.021978000178933144,0.0012209999840706587
1451267736922,2,-0.008546999655663967,0.030524998903274536,0.02930399961769581
1451267736944,2,0.0,-0.014651999808847904,0.03418799862265587
1451267736964,2,-0.003662999952211976,-0.008546999655663967,0.02808300033211708
1451267736983,2,-0.004883999936282635,0.004883999936282635,0.013430999591946602
1451267737004,2,-0.007325999904423952,0.0378509983420372,0.010989000089466572
1451267737023,2,-0.013430999591946602,0.045176997780799866,0.02319899946451187
1451267737044,2,0.021978000178933144,0.003662999952211976,0.03296700119972229
1451267737065,2,0.02319899946451187,0.006105000153183937,0.03296700119972229
1451267737083,2,0.021978000178933144,0.010989000089466572,0.03174600005149841
1451267737105,2,0.02808300033211708,0.017093999311327934,0.013430999591946602
1451267737124,2,0.014651999808847904,0.02442000061273575,-0.0012209999840706587
1451267737146,2,-0.0012209999840706587,0.003662999952211976,0.003662999952211976
1451267737165,2,0.008546999655663967,-0.012210000306367874,-0.006105000153183937
1451267737188,2,0.008546999655663967,-0.012210000306367874,-0.012210000306367874
1451267737210,2,-0.0024419999681413174,-0.0024419999681413174,-0.014651999808847904
1451267737225,2,-0.0024419999681413174,-0.0012209999840706587,-0.020756999030709267
1451267737246,2,-0.013430999591946602,-0.010989000089466572,-0.01831500045955181
1451267737266,2,-0.0012209999840706587,-0.017093999311327934,-0.01831500045955181
1451267737286,2,0.008546999655663967,-0.007325999904423952,-0.015873000025749207
1451267737306,2,0.01953599974513054,0.004883999936282635,-0.006105000153183937
1451267737326,2,0.003662999952211976,0.021978000178933144,0.0
1451267737346,2,-0.003662999952211976,0.020756999030709267,0.017093999311327934
1451267737365,2,-0.0012209999840706587,-0.006105000153183937,0.030524998903274536
1451267737385,2,-0.003662999952211976,0.003662999952211976,0.026861999183893204
1451267737406,2,-0.0024419999681413174,0.012210000306367874,0.017093999311327934
1451267737426,2,-0.00976799987256527,0.02930399961769581,0.014651999808847904
1451267737447,2,-0.02808300033211708,0.021978000178933144,0.02442000061273575
1451267737466,2,0.003662999952211976,-0.0012209999840706587,0.03907199949026108
1451267737487,2,0.008546999655663967,0.012210000306367874,0.040293000638484955
1451267737507,2,0.007325999904423952,0.015873000025749207,0.03418799862265587
1451267737527,2,-0.0012209999840706587,0.021978000178933144,0.020756999030709267
1451267737547,2,-0.008546999655663967,0.021978000178933144,0.017093999311327934
