1449111441645,1,0.3199020028114319,0.1355309933423996,-0.05616600066423416
1449111441665,1,0.23565299808979034,-0.16605599224567413,-0.10866899788379669
1449111441686,1,0.2869350016117096,-0.8021969795227051,-0.2051279991865158
1449111441703,1,0.37118399143218994,-1.4126969575881958,-0.2979239821434021
1449111441725,1,0.40292999148368835,-1.2954809665679932,-0.17216099798679352
1449111441744,1,0.2380950003862381,-1.2930389642715454,-0.14896199107170105
1449111441765,1,0.15873000025749207,-1.1489609479904175,-0.15506699681282043
1449111441791,1,0.09645900130271912,-0.8620259761810303,-0.2319899946451187
1449111441805,1,-0.045176997780799866,-0.45177000761032104,-0.34920600056648254
1449111441825,1,-0.13308899104595184,-0.31013399362564087,-0.33211198449134827
1449111441845,1,-0.0488400012254715,-0.09279599785804749,-0.20757000148296356
1449111441865,1,-0.0866909995675087,0.15873000025749207,-0.07936500012874603
1449111441889,1,-0.30647099018096924,0.3577530086040497,-0.0024419999681413174
1449111441905,1,-0.5775330066680908,0.6446880102157593,0.13064700365066528
1449111441926,1,-1.3553099632263184,0.9157499670982361,0.5543339848518372
1449111441946,1,-1.627592921257019,0.6886439919471741,0.6239309906959534
1449111441966,1,-1.2136739492416382,0.3614159822463989,0.5421239733695984
1449111441987,1,-0.19658099114894867,0.08791200071573257,0.41269800066947937
1449111442005,1,0.6800969839096069,-0.2222220003604889,0.17948700487613678
1449111442026,1,1.0170929431915283,-0.608057975769043,-0.22100099921226501
1449111442047,1,0.6422460079193115,-0.8534789681434631,-0.7960919737815857
1449111442066,1,0.2967030107975006,-0.4529910087585449,-0.844931960105896
1449111442086,1,0.03174600005149841,0.2441999912261963,-0.7460309863090515
1449111442107,1,-0.11111100018024445,0.822953999042511,-0.4481070041656494
1449111442127,1,-0.1245419979095459,1.0500600337982178,-0.14163599908351898
1449111442147,1,0.16971899569034576,0.5836380124092102,0.13064700365066528
1449111442169,1,0.19780199229717255,0.5054939985275269,0.12087900191545486
1449111442187,1,0.13675199449062347,0.32112300395965576,0.026861999183893204
1449111442207,1,0.10622699558734894,0.4652009904384613,-0.07692299783229828
1449111442228,1,0.03418799862265587,0.6166049838066101,-0.09279599785804749
1449111442248,1,-0.09890099614858627,0.5946269631385803,0.012210000306367874
1449111442268,1,-0.06227099895477295,0.33333298563957214,0.08180700242519379
1449111442287,1,0.010989000089466572,0.18070799112319946,0.10012199729681015
1449111442311,1,0.05616600066423416,0.19658099114894867,0.05860799923539162
1449111442327,1,0.18192899227142334,0.21977999806404114,-0.012210000306367874
1449111442348,1,0.4053719937801361,0.18803399801254272,-0.07081799954175949
1449111442369,1,0.7985339760780334,-0.31013399362564087,-0.07448099553585052
1449111442388,1,0.8168489933013916,-0.48351600766181946,-0.0488400012254715
1449111442408,1,0.731378972530365,-0.38095200061798096,-0.059829000383615494
1449111442429,1,0.6984120011329651,-0.06593400239944458,-0.059829000383615494
1449111442450,1,0.6959699988365173,0.05372399836778641,-0.17948700487613678
1449111442469,1,0.8156279921531677,-1.7545769214630127,1.0012199878692627
1449111442490,1,1.5714269876480103,-2.798532009124756,1.2197790145874023
1449111442509,1,1.3919399976730347,-2.2759439945220947,0.8986560106277466
1449111442530,1,0.31135499477386475,-0.9352859854698181,0.1025639995932579
1449111442549,1,-0.9767999649047852,0.2905980050563812,-0.422465980052948
1449111442569,1,-2.201462984085083,1.2967020273208618,0.4285709857940674
1449111442589,1,-2.17215895652771,1.5799739360809326,0.6788759827613831
1449111442610,1,-1.727715015411377,1.1147730350494385,0.5604389905929565
1449111442630,1,-0.6141629815101624,0.12698400020599365,0.23443199694156647
1449111442650,1,0.36629998683929443,-0.4383389949798584,0.004883999936282635
1449111442670,1,0.5836380124092102,-0.5592179894447327,-0.040293000638484955
1449111442690,1,-0.19658099114894867,0.1135529950261116,-0.12698400020599365
1449111442710,1,-0.49572598934173584,0.3785099983215332,-0.23931600153446198
1449111442731,1,-0.5286930203437805,0.3638579845428467,-0.2808299958705902
1449111442753,1,-0.334553986787796,0.17948700487613678,-0.19780199229717255
1449111442770,1,-0.0757019966840744,-0.03418799862265587,-0.08302799612283707
1449111442790,1,0.20634900033473969,-0.293040007352829,0.04639799892902374
1449111442810,1,0.16361400485038757,-0.28815600275993347,0.02808300033211708
1449111442831,1,0.02319899946451187,-0.17460300028324127,-0.04639799892902374
1449111442853,1,-0.1575089991092682,0.06715499609708786,-0.12576299905776978
1449111442871,1,-0.3125759959220886,0.2661779820919037,-0.14896199107170105
1449111442892,1,-0.30158698558807373,0.2002439945936203,-0.0024419999681413174
1449111442912,1,-0.17582400143146515,-0.020756999030709267,0.0647130012512207
1449111442932,1,-0.06959699839353561,-0.2161169946193695,0.026861999183893204
1449111442951,1,-0.09035399556159973,-0.2771669924259186,-0.07203900068998337
1449111442971,1,-0.19291800260543823,-0.14285700023174286,-0.14407800137996674
1449111442992,1,-0.29548200964927673,0.21855899691581726,-0.097680002450943
1449111443012,1,-0.19780199229717255,0.6336989998817444,-0.010989000089466572
1449111443032,1,-0.06593400239944458,0.4542119801044464,0.03174600005149841
1449111443052,1,0.013430999591946602,0.22100099921226501,0.02319899946451187
1449111443072,1,0.040293000638484955,0.09035399556159973,0.04273499920964241
1449111443092,1,0.03663000091910362,0.00976799987256527,0.020756999030709267
1449111443113,1,0.04761900007724762,-0.06715499609708786,-0.06715499609708786
1449111443132,1,0.02930399961769581,-0.040293000638484955,-0.08913300186395645
1449111443152,1,-0.00976799987256527,-0.045176997780799866,-0.07936500012874603
1449111443172,1,-0.02442000061273575,-0.1404149979352951,-0.06104999780654907
1449111443193,1,-0.004883999936282635,-0.30158698558807373,0.0012209999840706587
1449111443213,1,0.06837599724531174,-0.3418799936771393,0.02808300033211708
1449111443235,1,0.06837599724531174,-0.14896199107170105,0.0024419999681413174
1449111443253,1,0.04273499920964241,0.020756999030709267,-0.059829000383615494
1449111443272,1,0.02930399961769581,0.06104999780654907,-0.06959699839353561
1449111443293,1,0.02319899946451187,-0.01953599974513054,-0.04761900007724762
1449111443313,1,-0.0378509983420372,-0.17948700487613678,-0.059829000383615494
1449111443333,1,-0.06349200010299683,-0.1782660037279129,-0.04273499920964241
1449111443352,1,-0.08791200071573257,-0.09523800015449524,-0.025640999898314476
1449111443373,1,-0.08424899727106094,-0.014651999808847904,-0.01831500045955181
1449111443393,1,-0.08546999841928482,-0.03907199949026108,-0.05128199979662895
1449111443427,1,-0.05738699808716774,-0.1452990025281906,-0.06959699839353561
1449111443447,1,0.0,-0.16117200255393982,0.07814399898052216
1449111443467,1,-0.01953599974513054,-0.06715499609708786,0.12332099676132202
1449111443487,1,-0.050060998648405075,0.04151399806141853,0.07448099553585052
1449111443506,2,-0.08180700242519379,0.09523800015449524,-0.004883999936282635
1449111443527,2,-0.05128199979662895,0.05372399836778641,-0.05738699808716774
1449111443548,2,0.03663000091910362,-0.020756999030709267,-0.050060998648405075
1449111443567,2,0.10866899788379669,-0.05860799923539162,0.0488400012254715
1449111443587,2,0.04273499920964241,-0.014651999808847904,0.05372399836778641
1449111443607,2,-0.06593400239944458,0.05860799923539162,0.020756999030709267
1449111443628,2,-0.15018299221992493,0.15018299221992493,-0.014651999808847904
1449111443649,2,-0.1294260025024414,0.12698400020599365,-0.04273499920964241
1449111443668,2,0.03296700119972229,-0.05372399836778641,-0.012210000306367874
1449111443708,2,0.0378509983420372,-0.05738699808716774,0.003662999952211976
1449111443729,2,-0.00976799987256527,-0.025640999898314476,0.006105000153183937
1449111443748,2,-0.03663000091910362,0.004883999936282635,0.003662999952211976
1449111443768,2,-0.010989000089466572,-0.004883999936282635,-0.0024419999681413174
1449111443789,2,-0.004883999936282635,-0.04395600035786629,0.0
1449111443809,2,0.010989000089466572,-0.09157499670982361,0.015873000025749207
1449111443829,2,0.02930399961769581,-0.07814399898052216,0.013430999591946602
1449111443853,2,0.013430999591946602,-0.015873000025749207,0.015873000025749207
1449111443871,2,0.006105000153183937,0.09035399556159973,0.006105000153183937
1449111443892,2,0.0757019966840744,0.04395600035786629,-0.035408999770879745
1449111443912,2,0.07448099553585052,-0.015873000025749207,-0.03907199949026108
1449111443933,2,0.03296700119972229,-0.02319899946451187,-0.05738699808716774
1449111443953,2,-0.026861999183893204,0.01831500045955181,-0.07448099553585052
1449111443972,2,-0.07448099553585052,0.08302799612283707,-0.05860799923539162
1449111443992,2,-0.004883999936282635,0.07448099553585052,-0.021978000178933144
1449111444013,2,0.059829000383615494,-0.015873000025749207,-0.04273499920964241
1449111444032,2,0.10378500074148178,-0.07814399898052216,-0.06227099895477295
1449111444052,2,0.0866909995675087,-0.06349200010299683,-0.08913300186395645
1449111444072,2,0.04761900007724762,-0.015873000025749207,-0.07814399898052216
1449111444093,2,-0.05372399836778641,0.04151399806141853,0.05372399836778641
1449111444114,2,-0.045176997780799866,0.02930399961769581,0.13919399678707123
1449111444134,2,0.01831500045955181,-0.00976799987256527,0.19658099114894867
1449111444153,2,0.3504270017147064,-1.575089931488037,-1.5140399932861328
1449111444173,2,0.18559199571609497,1.0927950143814087,-1.4639790058135986
1449111444194,2,0.2319899946451187,1.666664958000183,-0.3199020028114319
1449111444214,2,-0.6605609655380249,0.5079360008239746,1.2209999561309814
1449111444234,2,-0.7350419759750366,-0.4981679916381836,0.7765560150146484
1449111444254,2,-0.6092789769172668,-0.8009759783744812,-0.01831500045955181
1449111444274,2,-0.38705700635910034,-0.8400480151176453,-0.5750910043716431
1449111444294,2,-0.06227099895477295,-0.6336989998817444,-0.5506709814071655
1449111444313,2,0.1135529950261116,0.07692299783229828,0.18559199571609497
1449111444336,2,0.059829000383615494,0.21245399117469788,0.3028079867362976
1449111444354,2,0.0488400012254715,0.21855899691581726,0.26861998438835144
1449111444374,2,0.08302799612283707,0.10744799673557281,0.14774100482463837
1449111444394,2,0.1355309933423996,-0.0488400012254715,0.03663000091910362
1449111444415,2,0.16605599224567413,-0.22954799234867096,0.05372399836778641
1449111444435,2,0.14896199107170105,-0.23443199694156647,0.11965800076723099
1449111444454,2,0.11843699961900711,-0.1623930037021637,0.14774100482463837
1449111444475,2,0.08180700242519379,-0.03174600005149841,0.1245419979095459
1449111444495,2,0.03296700119972229,0.10012199729681015,0.08424899727106094
1449111444515,2,0.0,0.15262499451637268,0.03907199949026108
1449111444536,2,-0.006105000153183937,-0.09035399556159973,-0.04273499920964241
1449111444555,2,-0.04395600035786629,-0.22344300150871277,-0.06349200010299683
1449111444575,2,-0.09035399556159973,-0.211232990026474,-0.04395600035786629
1449111444595,2,-0.12820500135421753,-0.11477399617433548,0.0012209999840706587
1449111444615,2,-0.1025639995932579,0.01831500045955181,-0.02319899946451187
1449111444641,2,0.030524998903274536,-0.04273499920964241,-0.10012199729681015
1449111444657,2,0.025640999898314476,-0.17216099798679352,-0.1294260025024414
1449111444677,2,-0.03907199949026108,-0.16361400485038757,-0.09890099614858627
1449111444697,2,-0.13186800479888916,0.14163599908351898,-0.040293000638484955
1449111444717,2,-0.14774100482463837,0.2649570107460022,-0.02442000061273575
1449111444741,2,0.06715499609708786,0.012210000306367874,0.004883999936282635
1449111444757,2,0.1733819991350174,-0.17582400143146515,0.008546999655663967
1449111444777,2,0.21489599347114563,-0.2441999912261963,-0.0024419999681413174
1449111444796,2,0.17216099798679352,-0.1404149979352951,-0.00976799987256527
1449111444818,2,0.08058600127696991,0.015873000025749207,0.0024419999681413174
1449111444836,2,0.006105000153183937,0.1245419979095459,0.013430999591946602
1449111444857,2,0.030524998903274536,0.08058600127696991,-0.015873000025749207
1449111444877,2,0.09890099614858627,-0.010989000089466572,-0.03296700119972229
1449111444898,2,0.13919399678707123,-0.05128199979662895,-0.03418799862265587
1449111444917,2,0.12698400020599365,-0.02442000061273575,-0.02319899946451187
1449111444937,2,0.07081799954175949,0.059829000383615494,-0.003662999952211976
1449111444958,2,-0.05372399836778641,0.14774100482463837,0.025640999898314476
1449111444979,2,-0.03663000091910362,0.07203900068998337,0.012210000306367874
1449111444999,2,0.004883999936282635,0.0,-0.010989000089466572
1449111445020,2,0.017093999311327934,0.0,-0.012210000306367874
1449111445037,2,-0.007325999904423952,0.05250300094485283,-0.00976799987256527
1449111445059,2,0.017093999311327934,0.1514039933681488,0.006105000153183937
1449111445079,2,0.04395600035786629,0.1452990025281906,0.026861999183893204
1449111445099,2,0.05616600066423416,0.06837599724531174,0.06837599724531174
1449111445120,2,0.06959699839353561,0.007325999904423952,0.08913300186395645
1449111445140,2,0.09401699900627136,0.004883999936282635,0.04761900007724762
1449111445159,2,0.097680002450943,0.03907199949026108,-0.03296700119972229
1449111445180,2,0.10622699558734894,0.1623930037021637,-0.04395600035786629
1449111445200,2,0.09401699900627136,0.2271059900522232,-0.08424899727106094
1449111445220,2,-0.020756999030709267,0.21001200377941132,-0.08180700242519379
1449111445238,2,-0.09279599785804749,0.08424899727106094,-0.015873000025749207
1449111445259,2,-0.07448099553585052,-0.05128199979662895,0.0378509983420372
1449111445280,2,-0.05738699808716774,-0.14163599908351898,0.03663000091910362
1449111445300,2,-0.10866899788379669,-0.09401699900627136,-0.003662999952211976
1449111445319,2,-0.14774100482463837,-0.012210000306367874,-0.04395600035786629
1449111445339,2,-0.11477399617433548,-0.0024419999681413174,-0.08058600127696991
1449111445360,2,-0.06715499609708786,-0.00976799987256527,-0.07081799954175949
1449111445380,2,0.015873000025749207,-0.0757019966840744,0.02808300033211708
1449111445401,2,0.03174600005149841,-0.09645900130271912,0.02319899946451187
1449111445419,2,0.014651999808847904,-0.10378500074148178,-0.004883999936282635
1449111445439,2,-0.02808300033211708,-0.06104999780654907,-0.03418799862265587
1449111445461,2,-0.06104999780654907,-0.00976799987256527,-0.021978000178933144
1449111445481,2,-0.0488400012254715,-0.06349200010299683,0.013430999591946602
1449111445501,2,0.03174600005149841,-0.07692299783229828,0.0
1449111445526,1,0.030524998903274536,-0.06227099895477295,0.003662999952211976
1449111445546,1,0.01953599974513054,-0.05250300094485283,0.010989000089466572
1449111445561,1,0.014651999808847904,-0.021978000178933144,-0.006105000153183937
1449111445582,1,0.021978000178933144,0.020756999030709267,-0.05616600066423416
1449111445604,1,-0.0378509983420372,0.010989000089466572,-0.02319899946451187
1449111445621,1,-0.006105000153183937,-0.035408999770879745,-0.003662999952211976
1449111445641,1,0.017093999311327934,-0.0488400012254715,-0.008546999655663967
1449111445667,1,0.017093999311327934,-0.03418799862265587,-0.02319899946451187
1449111445682,1,-0.01831500045955181,0.01831500045955181,-0.03907199949026108
1449111445702,1,-0.06593400239944458,0.097680002450943,-0.07936500012874603
1449111445721,1,-0.035408999770879745,0.07326000183820724,-0.09523800015449524
1449111445743,1,0.006105000153183937,0.020756999030709267,-0.12209999561309814
1449111445763,1,0.007325999904423952,-0.01953599974513054,-0.12576299905776978
1449111445783,1,-0.021978000178933144,-0.017093999311327934,-0.10134299844503403
1449111445803,1,-0.02930399961769581,0.026861999183893204,-0.15018299221992493
1449111445823,1,-0.06227099895477295,0.11965800076723099,-0.195360004901886
1449111445844,1,-0.10744799673557281,0.1843709945678711,-0.18070799112319946
1449111445864,1,-0.11721599847078323,0.2649570107460022,-0.1135529950261116
1449111445883,1,-0.09890099614858627,0.43589699268341064,-0.04273499920964241
1449111445903,1,0.08913300186395645,0.741146981716156,0.006105000153183937
1449111445922,1,0.09157499670982361,1.3858349323272705,-0.01831500045955181
1449111445943,1,0.6556770205497742,-0.01953599974513054,1.2368730306625366
1449111445963,1,1.8449310064315796,-1.1746020317077637,1.2039059400558472
1449111445991,1,1.511597990989685,-1.196579933166504,0.6422460079193115
1449111446003,1,0.34432199597358704,-0.4749689996242523,-0.299144983291626
1449111446023,1,-1.4676419496536255,0.9902309775352478,-0.5677649974822998
1449111446045,1,-1.7399250268936157,0.6361410021781921,0.2503049969673157
1449111446064,1,-1.1245410442352295,-0.006105000153183937,0.6752129793167114
1449111446086,1,-0.10988999903202057,-0.5189250111579895,0.5006099939346313
1449111446103,1,0.7106220126152039,-0.9328439831733704,0.26739898324012756
1449111446124,1,0.7435889840126038,-0.8595839738845825,0.15995100140571594
1449111446145,1,0.1623930037021637,-0.3137969970703125,0.04151399806141853
1449111446165,1,-0.34798499941825867,0.167276993393898,-0.11111100018024445
1449111446186,1,-0.5506709814071655,0.30158698558807373,-0.19291800260543823
1449111446205,1,-0.3882780075073242,0.10378500074148178,-0.1575089991092682
1449111446226,1,-0.04395600035786629,-0.167276993393898,-0.07936500012874603
1449111446246,1,0.14896199107170105,-0.19169700145721436,-0.04761900007724762
1449111446265,1,-0.014651999808847904,-0.06593400239944458,-0.06227099895477295
1449111446287,1,-0.13064700365066528,0.0012209999840706587,-0.07936500012874603
1449111446305,1,-0.1294260025024414,-0.054944999516010284,-0.07936500012874603
1449111446325,1,-0.06349200010299683,-0.12698400020599365,-0.04639799892902374
1449111446346,1,-0.010989000089466572,-0.11965800076723099,-0.03174600005149841
1449111446366,1,-0.06104999780654907,-0.01831500045955181,-0.06959699839353561
1449111446386,1,-0.12576299905776978,0.07203900068998337,-0.07692299783229828
1449111446405,1,-0.13919399678707123,0.11477399617433548,-0.054944999516010284
1449111446426,1,-0.07448099553585052,0.04639799892902374,-0.021978000178933144
1449111446453,1,0.0757019966840744,-0.1025639995932579,-0.04395600035786629
1449111446465,1,0.05860799923539162,-0.0757019966840744,-0.07814399898052216
1449111446487,1,0.02442000061273575,-0.02930399961769581,-0.06715499609708786
1449111446506,1,0.015873000025749207,0.0012209999840706587,-0.040293000638484955
1449111446527,1,0.025640999898314476,0.008546999655663967,-0.030524998903274536
1449111446547,1,0.025640999898314476,-0.010989000089466572,-0.04395600035786629
1449111446566,1,-0.08302799612283707,-0.10866899788379669,-0.06593400239944458
1449111446592,1,-0.09157499670982361,-0.1135529950261116,-0.04395600035786629
1449111446607,1,-0.054944999516010284,-0.1025639995932579,-0.030524998903274536
1449111446627,1,-0.025640999898314476,-0.08180700242519379,-0.008546999655663967
1449111446648,1,-0.06104999780654907,-0.04151399806141853,-0.006105000153183937
1449111446667,1,-0.13186800479888916,-0.06227099895477295,0.00976799987256527
1449111446686,1,-0.10744799673557281,-0.08180700242519379,0.020756999030709267
1449111446708,1,-0.07448099553585052,-0.06959699839353561,0.05128199979662895
1449111446729,1,-0.054944999516010284,-0.03296700119972229,0.07081799954175949
1449111446748,1,-0.0378509983420372,0.01953599974513054,0.06959699839353561
1449111446771,1,-0.015873000025749207,0.054944999516010284,0.030524998903274536
1449111446787,1,0.02319899946451187,0.035408999770879745,0.026861999183893204
1449111446812,1,0.05128199979662895,0.01831500045955181,0.003662999952211976
1449111446829,1,0.05616600066423416,0.0378509983420372,-0.0024419999681413174
1449111446849,1,0.03663000091910362,0.07203900068998337,0.01831500045955181
1449111446869,1,0.012210000306367874,0.097680002450943,0.0378509983420372
1449111446888,1,0.0378509983420372,0.0,0.02319899946451187
1449111446908,1,0.04151399806141853,-0.003662999952211976,0.010989000089466572
1449111446929,1,0.021978000178933144,0.0378509983420372,0.0
1449111446949,1,-0.025640999898314476,0.08791200071573257,0.020756999030709267
1449111446969,1,-0.045176997780799866,0.08302799612283707,0.050060998648405075
1449111446988,1,0.010989000089466572,0.04639799892902374,-0.008546999655663967
1449111447009,1,-0.013430999591946602,0.0866909995675087,-0.04761900007724762
1449111447030,1,0.006105000153183937,0.0757019966840744,-0.03907199949026108
1449111447053,1,0.08546999841928482,0.12087900191545486,-0.059829000383615494
1449111447076,1,0.06227099895477295,0.2222220003604889,-0.07936500012874603
1449111447089,1,-0.09401699900627136,0.17460300028324127,0.008546999655663967
1449111447109,1,-0.05738699808716774,0.07326000183820724,0.06715499609708786
1449111447131,1,0.05616600066423416,-0.045176997780799866,0.12332099676132202
1449111447151,1,0.12576299905776978,-0.09157499670982361,0.10500600188970566
1449111447170,1,0.05250300094485283,-0.03296700119972229,0.00976799987256527
1449111447190,1,-0.1025639995932579,0.07936500012874603,-0.07081799954175949
1449111447210,1,-0.13797299563884735,0.05860799923539162,-0.010989000089466572
1449111447230,1,-0.03296700119972229,-0.04273499920964241,0.05616600066423416
1449111447252,1,0.05128199979662895,-0.13797299563884735,0.09279599785804749
1449111447270,1,0.05860799923539162,-0.1782660037279129,0.08546999841928482
1449111447290,1,0.0,-0.097680002450943,0.02808300033211708
1449111447311,1,-0.14407800137996674,0.08913300186395645,-0.021978000178933144
1449111447331,1,-0.07448099553585052,0.06837599724531174,0.007325999904423952
1449111447351,1,0.03907199949026108,-0.030524998903274536,0.05738699808716774
1449111447371,1,0.09401699900627136,-0.09279599785804749,0.059829000383615494
1449111447391,1,0.06593400239944458,-0.07081799954175949,0.013430999591946602
1449111447412,1,-0.05372399836778641,0.04639799892902374,-0.03418799862265587
1449111447432,1,-0.02930399961769581,0.00976799987256527,-0.014651999808847904
1449111447459,1,0.02808300033211708,-0.059829000383615494,0.00976799987256527
1449111447471,1,0.08913300186395645,-0.10378500074148178,0.003662999952211976
1449111447493,1,0.07326000183820724,-0.09401699900627136,-0.02808300033211708
1449111447513,1,0.01831500045955181,-0.05860799923539162,-0.03663000091910362
1449111447533,1,0.0,0.014651999808847904,0.0024419999681413174
1449111447554,2,0.03296700119972229,-0.003662999952211976,0.004883999936282635
1449111447572,2,0.045176997780799866,-0.026861999183893204,-0.020756999030709267
1449111447593,2,0.03174600005149841,-0.02442000061273575,-0.03418799862265587
1449111447613,2,-0.0024419999681413174,0.006105000153183937,-0.03296700119972229
1449111447633,2,-0.0488400012254715,0.02319899946451187,-0.025640999898314476
1449111447653,2,-0.017093999311327934,-0.050060998648405075,-0.03663000091910362
1449111447672,2,-0.007325999904423952,-0.16605599224567413,-0.0647130012512207
1449111447693,2,-0.11477399617433548,-0.1135529950261116,-0.09035399556159973
1449111447713,2,-0.16361400485038757,-0.12209999561309814,-0.097680002450943
1449111447733,2,-0.09890099614858627,0.04395600035786629,0.012210000306367874
1449111447758,2,0.003662999952211976,0.10866899788379669,0.09279599785804749
1449111447773,2,0.06349200010299683,0.0378509983420372,0.07692299783229828
1449111447795,2,-0.0012209999840706587,-0.059829000383615494,0.003662999952211976
1449111447813,2,-0.08913300186395645,-0.11843699961900711,-0.1025639995932579
1449111447834,2,-0.12209999561309814,-0.08180700242519379,-0.13919399678707123
1449111447853,2,-0.02319899946451187,-0.010989000089466572,-0.008546999655663967
1449111447873,2,-0.003662999952211976,0.04151399806141853,0.020756999030709267
1449111447894,2,-0.008546999655663967,0.03663000091910362,-0.035408999770879745
1449111447914,2,0.02808300033211708,-0.07081799954175949,-0.08546999841928482
1449111447934,2,0.07448099553585052,-0.1623930037021637,-0.08913300186395645
1449111447954,2,0.0647130012512207,-0.020756999030709267,0.01831500045955181
1449111447975,2,-0.0012209999840706587,0.09279599785804749,0.003662999952211976
1449111447996,2,-0.05128199979662895,0.11721599847078323,-0.045176997780799866
1449111448016,2,-0.0378509983420372,0.03296700119972229,-0.06593400239944458
1449111448044,2,-0.004883999936282635,-0.04761900007724762,-0.04395600035786629
1449111448054,2,0.02808300033211708,-0.13919399678707123,0.02442000061273575
1449111448076,2,0.054944999516010284,-0.09645900130271912,0.03174600005149841
1449111448096,2,0.06593400239944458,-0.045176997780799866,0.03663000091910362
1449111448117,2,0.04273499920964241,-0.017093999311327934,0.10134299844503403
1449111448138,2,-0.15873000025749207,-2.4200220108032227,-0.9401699900627136
1449111448156,2,-0.195360004901886,-0.4273499846458435,-1.0073249340057373
1449111448177,2,-0.19047600030899048,0.7142850160598755,0.5030519962310791
1449111448197,2,0.02808300033211708,0.4493280053138733,0.8351640105247498
1449111448216,2,0.08424899727106094,0.012210000306367874,0.48962098360061646
1449111448236,2,0.021978000178933144,-0.2600730061531067,-0.14285700023174286
1449111448256,2,-0.17460300028324127,-0.20268599689006805,-0.4652009904384613
1449111448276,2,0.007325999904423952,0.19047600030899048,-0.04395600035786629
1449111448296,2,0.09523800015449524,0.2637360095977783,0.13186800479888916
1449111448317,2,0.195360004901886,0.19780199229717255,0.15873000025749207
1449111448336,2,0.21489599347114563,0.07203900068998337,0.15018299221992493
1449111448360,2,0.14407800137996674,0.008546999655663967,0.13797299563884735
1449111448377,2,-0.05616600066423416,0.15018299221992493,0.0647130012512207
1449111448397,2,-0.12209999561309814,0.22954799234867096,-0.01953599974513054
1449111448418,2,-0.11233200132846832,0.22344300150871277,-0.02808300033211708
1449111448442,2,-0.030524998903274536,0.1245419979095459,0.0012209999840706587
1449111448457,2,0.01831500045955181,0.04151399806141853,-0.007325999904423952
1449111448478,2,-0.015873000025749207,-0.0012209999840706587,-0.04151399806141853
1449111448498,2,-0.13919399678707123,-0.035408999770879745,-0.07203900068998337
1449111448518,2,-0.21733799576759338,-0.07814399898052216,-0.08180700242519379
1449111448537,2,-0.23687399923801422,-0.14285700023174286,-0.0647130012512207
1449111448557,2,-0.21855899691581726,-0.17948700487613678,-0.06104999780654907
1449111448579,2,-0.16971899569034576,-0.17093999683856964,-0.026861999183893204
1449111448599,2,-0.13675199449062347,-0.1892549991607666,0.07203900068998337
1449111448626,2,-0.13186800479888916,0.10744799673557281,0.097680002450943
1449111448638,2,-0.04273499920964241,0.07326000183820724,0.026861999183893204
1449111448660,2,0.13064700365066528,0.007325999904423952,0.008546999655663967
1449111448680,2,0.19047600030899048,-0.06227099895477295,0.06593400239944458
1449111448700,2,0.07326000183820724,-0.017093999311327934,0.06349200010299683
1449111448720,2,-0.02319899946451187,0.0647130012512207,0.054944999516010284
1449111448742,2,-0.059829000383615494,0.10744799673557281,0.025640999898314476
1449111448759,2,-0.0647130012512207,0.07448099553585052,-0.012210000306367874
1449111448780,2,-0.030524998903274536,0.03418799862265587,-0.006105000153183937
1449111448799,2,0.07448099553585052,-0.020756999030709267,0.04151399806141853
1449111448824,2,0.1294260025024414,0.025640999898314476,0.07692299783229828
1449111448839,2,0.12576299905776978,0.06227099895477295,0.08302799612283707
1449111448859,2,0.09279599785804749,0.05128199979662895,0.06837599724531174
1449111448879,2,0.12087900191545486,0.0012209999840706587,0.05372399836778641
1449111448901,2,0.16605599224567413,-0.07448099553585052,0.03174600005149841
1449111448925,2,0.10622699558734894,0.0012209999840706587,0.06227099895477295
1449111448941,2,0.08180700242519379,0.14285700023174286,0.0757019966840744
1449111448961,2,-0.003662999952211976,0.19780199229717255,0.06593400239944458
1449111448982,2,-0.06104999780654907,0.13675199449062347,0.050060998648405075
1449111449001,2,-0.09401699900627136,0.03418799862265587,0.04151399806141853
1449111449021,2,-0.19902299344539642,-0.03663000091910362,-0.2441999912261963
1449111449042,2,-0.0647130012512207,-0.05250300094485283,-0.4004879891872406
1449111449061,2,0.14163599908351898,-0.030524998903274536,-0.11477399617433548
1449111449080,2,0.15873000025749207,-0.0024419999681413174,0.035408999770879745
1449111449101,2,0.006105000153183937,-0.06715499609708786,0.07448099553585052
1449111449121,2,-0.09645900130271912,-0.1025639995932579,0.013430999591946602
1449111449141,2,-0.00976799987256527,-0.06104999780654907,-0.05738699808716774
1449111449161,2,0.11721599847078323,0.06227099895477295,-0.11477399617433548
1449111449182,2,0.2527469992637634,0.12087900191545486,-0.1782660037279129
1449111449203,2,0.2747249901294708,0.10622699558734894,-0.1733819991350174
1449111449221,2,0.1575089991092682,0.054944999516010284,-0.0866909995675087
1449111449242,2,-0.09279599785804749,-0.0866909995675087,0.07081799954175949
1449111449261,2,-0.10134299844503403,-0.0866909995675087,0.07692299783229828
1449111449283,2,-0.097680002450943,-0.045176997780799866,0.05128199979662895
1449111449302,2,-0.1452990025281906,-0.05616600066423416,0.03296700119972229
1449111449321,2,-0.18314999341964722,-0.08791200071573257,0.03907199949026108
1449111449343,2,-0.10988999903202057,-0.23443199694156647,0.09279599785804749
1449111449363,2,-0.05616600066423416,-0.2332109957933426,0.09279599785804749
1449111449383,2,-0.06349200010299683,-0.16605599224567413,0.05860799923539162
1449111449402,2,-0.097680002450943,-0.08913300186395645,0.05128199979662895
1449111449423,2,-0.1245419979095459,-0.059829000383615494,0.059829000383615494
1449111449443,2,-0.0757019966840744,-0.08791200071573257,0.06715499609708786
1449111449462,2,0.04761900007724762,-0.11111100018024445,0.030524998903274536
1449111449484,2,0.05372399836778641,-0.03907199949026108,-0.026861999183893204
1449111449508,2,-0.0378509983420372,0.013430999591946602,-0.026861999183893204
1449111449523,2,-0.09645900130271912,-0.0012209999840706587,-0.0024419999681413174
1449111449544,2,-0.097680002450943,-0.03907199949026108,0.035408999770879745
1449111449565,2,0.06349200010299683,-0.09645900130271912,0.010989000089466572
1449111449585,1,0.05738699808716774,-0.035408999770879745,-0.020756999030709267
1449111449604,1,-0.006105000153183937,0.050060998648405075,-0.02442000061273575
1449111449625,1,-0.004883999936282635,0.08058600127696991,-0.003662999952211976
1449111449644,1,0.05372399836778641,0.04151399806141853,0.006105000153183937
1449111449664,1,0.003662999952211976,0.03907199949026108,-0.01831500045955181
1449111449686,1,-0.040293000638484955,0.03296700119972229,-0.025640999898314476
1449111449705,1,-0.015873000025749207,0.026861999183893204,-0.06349200010299683
1449111449724,1,-0.007325999904423952,0.045176997780799866,-0.1025639995932579
1449111449744,1,-0.05738699808716774,0.05128199979662895,-0.12332099676132202
1449111449764,1,-0.08180700242519379,0.04151399806141853,-0.11721599847078323
1449111449785,1,-0.06349200010299683,0.007325999904423952,-0.1135529950261116
1449111449804,1,-0.014651999808847904,-0.03418799862265587,-0.1245419979095459
1449111449824,1,0.010989000089466572,-0.014651999808847904,-0.1684979945421219
1449111449846,1,-0.013430999591946602,0.02808300033211708,-0.18803399801254272
1449111449866,1,-0.07081799954175949,0.045176997780799866,-0.17582400143146515
1449111449886,1,-0.05738699808716774,0.0024419999681413174,-0.15995100140571594
1449111449905,1,-0.030524998903274536,-0.04761900007724762,-0.17460300028324127
1449111449927,1,-0.026861999183893204,-0.035408999770879745,-0.18314999341964722
1449111449946,1,-0.02930399961769581,-0.017093999311327934,-0.16971899569034576
1449111449967,1,-0.030524998903274536,-0.003662999952211976,-0.13308899104595184
1449111449988,1,-0.09645900130271912,0.11965800076723099,0.015873000025749207
1449111450006,1,0.1404149979352951,0.46275898814201355,-0.045176997780799866
1449111450026,1,0.6520140171051025,0.9096449613571167,-0.3516480028629303
1449111450046,1,0.81318598985672,0.9035400152206421,-0.3528690040111542
1449111450073,1,0.6837599873542786,0.07814399898052216,0.9767999649047852
1449111450086,1,1.3345530033111572,-0.8388270139694214,1.1355299949645996
1449111450110,1,0.5763120055198669,-0.07081799954175949,0.0488400012254715
1449111450127,1,-0.41269800066947937,0.7203899621963501,-0.9035400152206421
1449111450147,1,-1.0964579582214355,1.0952370166778564,-0.9487169981002808
1449111450167,1,-1.346763014793396,0.8705729842185974,-0.3076919913291931
1449111450186,1,-1.130645990371704,0.13675199449062347,0.3894990086555481
1449111450207,1,0.2710619866847992,-1.1526240110397339,0.5518919825553894
1449111450228,1,0.5592179894447327,-1.0732589960098267,0.21733799576759338
1449111450248,1,0.4017089903354645,-0.6813179850578308,0.007325999904423952
1449111450270,1,-0.008546999655663967,-0.21489599347114563,-0.04639799892902374
1449111450287,1,-0.31013399362564087,0.10012199729681015,-0.05616600066423416
1449111450307,1,-0.16483499109745026,-0.02930399961769581,-0.09890099614858627
1449111450332,1,0.05738699808716774,-0.20879100263118744,-0.07814399898052216
1449111450348,1,0.1465200036764145,-0.26251500844955444,-0.05128199979662895
1449111450370,1,0.06715499609708786,-0.19658099114894867,-0.01953599974513054
1449111450388,1,-0.01831500045955181,-0.11721599847078323,0.014651999808847904
1449111450410,1,-0.03174600005149841,-0.0757019966840744,-0.054944999516010284
1449111450429,1,-0.021978000178933144,-0.08546999841928482,-0.05616600066423416
1449111450449,1,-0.025640999898314476,-0.10622699558734894,-0.02930399961769581
1449111450470,1,-0.02930399961769581,-0.11843699961900711,0.003662999952211976
1449111450488,1,-0.008546999655663967,-0.07203900068998337,0.003662999952211976
1449111450510,1,0.012210000306367874,0.0012209999840706587,-0.0488400012254715
1449111450529,1,-0.040293000638484955,0.07326000183820724,-0.06715499609708786
1449111450550,1,-0.035408999770879745,0.014651999808847904,-0.0378509983420372
1449111450570,1,0.02319899946451187,-0.08058600127696991,-0.02319899946451187
1449111450590,1,0.08791200071573257,-0.11965800076723099,-0.05250300094485283
1449111450609,1,0.06349200010299683,-0.035408999770879745,-0.1025639995932579
1449111450630,1,-0.09523800015449524,0.07326000183820724,-0.045176997780799866
1449111450656,1,-0.07936500012874603,0.015873000025749207,-0.010989000089466572
1449111450674,1,-0.006105000153183937,-0.0488400012254715,-0.008546999655663967
1449111450690,1,0.045176997780799866,-0.06227099895477295,-0.04151399806141853
1449111450711,1,0.02442000061273575,-0.02442000061273575,-0.05128199979662895
1449111450731,1,-0.05372399836778641,0.0757019966840744,-0.040293000638484955
1449111450751,1,-0.0378509983420372,0.0647130012512207,-0.035408999770879745
1449111450771,1,-0.0024419999681413174,0.02442000061273575,-0.030524998903274536
1449111450791,1,0.02442000061273575,-0.02808300033211708,-0.035408999770879745
1449111450811,1,0.04273499920964241,-0.059829000383615494,-0.030524998903274536
1449111450831,1,0.06593400239944458,-0.02442000061273575,-0.040293000638484955
1449111450857,1,0.01953599974513054,0.1245419979095459,-0.11843699961900711
1449111450871,1,-0.0378509983420372,0.1025639995932579,-0.10744799673557281
1449111450890,1,-0.059829000383615494,0.04273499920964241,-0.05128199979662895
1449111450912,1,-0.04395600035786629,-0.04639799892902374,-0.0012209999840706587
1449111450932,1,-0.007325999904423952,-0.1135529950261116,0.02319899946451187
1449111450954,1,-0.0378509983420372,-0.030524998903274536,-0.03296700119972229
1449111450971,1,-0.07448099553585052,0.02319899946451187,-0.06593400239944458
1449111450997,1,-0.06593400239944458,0.02930399961769581,-0.0647130012512207
1449111451013,1,-0.040293000638484955,-0.00976799987256527,-0.015873000025749207
1449111451032,1,0.006105000153183937,-0.0378509983420372,0.02930399961769581
1449111451052,1,0.012210000306367874,-0.010989000089466572,0.0012209999840706587
1449111451072,1,-0.06104999780654907,0.030524998903274536,-0.0012209999840706587
1449111451091,1,-0.11477399617433548,0.08302799612283707,0.013430999591946602
1449111451112,1,-0.1135529950261116,0.10134299844503403,0.01831500045955181
1449111451133,1,-0.07448099553585052,0.07326000183820724,0.020756999030709267
1449111451153,1,-0.04761900007724762,0.0024419999681413174,0.007325999904423952
1449111451171,1,-0.07203900068998337,-0.05250300094485283,-0.008546999655663967
1449111451192,1,-0.09523800015449524,-0.06593400239944458,-0.006105000153183937
1449111451213,1,-0.10134299844503403,-0.04761900007724762,-0.007325999904423952
1449111451233,1,-0.06349200010299683,-0.12332099676132202,-0.01831500045955181
1449111451253,1,-0.07814399898052216,-0.2771669924259186,-0.059829000383615494
1449111451273,1,-0.23076899349689484,-0.03296700119972229,0.006105000153183937
1449111451294,1,-0.20879100263118744,0.2002439945936203,0.11599499732255936
1449111451314,1,-0.05372399836778641,0.2503049969673157,0.15018299221992493
1449111451334,1,0.07326000183820724,0.18192899227142334,0.10500600188970566
1449111451354,1,0.08791200071573257,0.07692299783229828,0.017093999311327934
1449111451373,1,-0.03907199949026108,-0.09523800015449524,-0.09523800015449524
1449111451395,1,-0.03174600005149841,-0.16361400485038757,-0.06349200010299683
1449111451415,1,0.0024419999681413174,-0.20146499574184418,-0.008546999655663967
1449111451434,1,0.004883999936282635,-0.16117200255393982,0.035408999770879745
1449111451454,1,-0.030524998903274536,-0.02930399961769581,0.030524998903274536
1449111451475,1,-0.0757019966840744,0.10988999903202057,-0.0647130012512207
1449111451494,1,-0.04761900007724762,0.09401699900627136,-0.05250300094485283
1449111451515,1,0.04639799892902374,0.02442000061273575,-0.006105000153183937
1449111451535,1,0.1404149979352951,-0.05250300094485283,0.02808300033211708
1449111451555,1,0.1684979945421219,-0.09401699900627136,0.0488400012254715
1449111451574,1,0.13797299563884735,-0.054944999516010284,0.01953599974513054
1449111451597,2,-0.04395600035786629,0.04151399806141853,-0.040293000638484955
1449111451614,2,-0.03663000091910362,-0.04151399806141853,-0.0012209999840706587
1449111451645,2,-0.010989000089466572,-0.13675199449062347,0.03174600005149841
1449111451658,2,-0.017093999311327934,-0.13186800479888916,0.04639799892902374
1449111451678,2,0.0,0.05860799923539162,-0.09279599785804749
1449111451698,2,-0.02930399961769581,0.08913300186395645,-0.1245419979095459
1449111451719,2,-0.03174600005149841,0.04395600035786629,-0.10622699558734894
1449111451738,2,0.00976799987256527,-0.035408999770879745,-0.05372399836778641
1449111451758,2,0.045176997780799866,-0.09157499670982361,-0.017093999311327934
1449111451778,2,-0.010989000089466572,0.015873000025749207,-0.05128199979662895
1449111451799,2,-0.04273499920964241,0.05860799923539162,-0.06593400239944458
1449111451820,2,-0.045176997780799866,0.050060998648405075,-0.06959699839353561
1449111451839,2,-0.01831500045955181,0.0,-0.05616600066423416
1449111451879,2,0.017093999311327934,-0.08424899727106094,-0.045176997780799866
1449111451907,2,-0.007325999904423952,-0.050060998648405075,-0.07326000183820724
1449111451920,2,-0.02808300033211708,-0.02442000061273575,-0.10378500074148178
1449111451940,2,-0.02808300033211708,-0.04151399806141853,-0.09645900130271912
1449111451960,2,-0.013430999591946602,-0.045176997780799866,-0.05250300094485283
1449111451980,2,0.006105000153183937,-0.014651999808847904,-0.0647130012512207
1449111452000,2,0.01953599974513054,0.0,-0.07448099553585052
1449111452020,2,-0.0012209999840706587,0.0012209999840706587,-0.0757019966840744
1449111452040,2,0.0012209999840706587,0.006105000153183937,-0.06227099895477295
1449111452060,2,0.012210000306367874,0.0012209999840706587,-0.03663000091910362
1449111452093,2,0.03296700119972229,-0.06593400239944458,0.035408999770879745
1449111452112,2,0.02930399961769581,-0.08913300186395645,0.059829000383615494
1449111452134,2,0.05860799923539162,-0.13308899104595184,0.07814399898052216
1449111452154,2,0.06227099895477295,-0.22100099921226501,0.13919399678707123
1449111452173,2,0.015873000025749207,-1.3614150285720825,-0.3418799936771393
1449111452199,2,0.30524998903274536,1.4114760160446167,-0.7118430137634277
1449111452214,2,0.30524998903274536,1.7338199615478516,0.1452990025281906
1449111452240,2,-0.01831500045955181,1.8949919939041138,0.43589699268341064
1449111452254,2,-0.42490798234939575,-0.3614159822463989,0.41880300641059875
1449111452275,2,-0.3882780075073242,-1.7167259454727173,-0.14407800137996674
1449111452295,2,-0.40292999148368835,-1.708178997039795,-0.3992669880390167
1449111452315,2,-0.2869350016117096,-1.1294249296188354,-0.2869350016117096
1449111452335,2,0.02442000061273575,-0.4151400029659271,-0.07081799954175949
1449111452354,2,0.16605599224567413,-0.013430999591946602,0.0488400012254715
1449111452376,2,-0.14285700023174286,0.26251500844955444,0.10866899788379669
1449111452395,2,-0.16117200255393982,0.08180700242519379,0.05738699808716774
1449111452414,2,-0.030524998903274536,-0.13430999219417572,0.015873000025749207
1449111452435,2,0.07936500012874603,-0.2051279991865158,0.007325999904423952
1449111452454,2,0.08791200071573257,-0.16361400485038757,0.020756999030709267
1449111452475,2,-0.045176997780799866,-0.0012209999840706587,-0.02930399961769581
1449111452495,2,-0.040293000638484955,0.0,-0.04761900007724762
1449111452515,2,0.008546999655663967,-0.004883999936282635,-0.02442000061273575
1449111452536,2,0.05250300094485283,0.010989000089466572,0.0
1449111452556,2,0.04395600035786629,0.05250300094485283,-0.006105000153183937
1449111452580,2,0.03663000091910362,-0.012210000306367874,-0.08791200071573257
1449111452597,2,0.035408999770879745,-0.059829000383615494,-0.1025639995932579
1449111452617,2,0.025640999898314476,-0.06227099895477295,-0.05372399836778641
1449111452636,2,0.035408999770879745,-0.0647130012512207,-0.010989000089466572
1449111452656,2,0.05128199979662895,-0.07326000183820724,0.0
1449111452677,2,0.02930399961769581,-0.09035399556159973,-0.020756999030709267
1449111452697,2,-0.06837599724531174,0.007325999904423952,-0.030524998903274536
1449111452717,2,-0.02442000061273575,-0.035408999770879745,-0.00976799987256527
1449111452737,2,0.02442000061273575,-0.1025639995932579,-0.03296700119972229
1449111452757,2,0.012210000306367874,-0.15384599566459656,-0.03296700119972229
1449111452777,2,-0.013430999591946602,-0.15873000025749207,-0.03418799862265587
1449111452797,2,-0.02808300033211708,-0.02930399961769581,-0.05738699808716774
1449111452816,2,0.0024419999681413174,0.02930399961769581,-0.02808300033211708
1449111452837,2,0.04395600035786629,0.0378509983420372,0.008546999655663967
1449111452857,2,0.05372399836778641,0.00976799987256527,0.02442000061273575
1449111452877,2,0.04151399806141853,-0.0378509983420372,0.012210000306367874
1449111452899,2,0.05372399836778641,-0.045176997780799866,-0.04761900007724762
1449111452919,2,0.05128199979662895,0.008546999655663967,-0.013430999591946602
1449111452939,2,0.045176997780799866,0.04639799892902374,0.02319899946451187
1449111452958,2,0.0488400012254715,0.06349200010299683,0.01953599974513054
1449111452979,2,0.04273499920964241,0.08180700242519379,-0.015873000025749207
1449111452999,2,0.02319899946451187,0.050060998648405075,-0.054944999516010284
1449111453019,2,0.040293000638484955,-0.09890099614858627,-0.026861999183893204
1449111453037,2,0.07936500012874603,-0.1294260025024414,-0.010989000089466572
1449111453059,2,0.11965800076723099,-0.09890099614858627,-0.03296700119972229
1449111453079,2,0.09890099614858627,-0.02808300033211708,-0.06227099895477295
1449111453099,2,0.04273499920964241,0.059829000383615494,-0.06104999780654907
1449111453120,2,-0.021978000178933144,0.0647130012512207,0.020756999030709267
1449111453139,2,0.0024419999681413174,-0.008546999655663967,0.050060998648405075
1449111453159,2,0.026861999183893204,-0.05372399836778641,0.06959699839353561
1449111453179,2,0.03418799862265587,-0.04395600035786629,0.07692299783229828
1449111453199,2,0.021978000178933144,0.012210000306367874,0.04273499920964241
1449111453220,2,-0.06227099895477295,0.097680002450943,0.020756999030709267
1449111453239,2,-0.05128199979662895,0.06959699839353561,0.045176997780799866
1449111453260,2,-0.01831500045955181,0.02930399961769581,0.06715499609708786
1449111453281,2,0.014651999808847904,0.01831500045955181,0.08302799612283707
1449111453300,2,0.010989000089466572,0.035408999770879745,0.03663000091910362
1449111453320,2,-0.004883999936282635,0.05372399836778641,-0.010989000089466572
1449111453344,2,0.015873000025749207,0.035408999770879745,0.006105000153183937
1449111453361,2,0.05860799923539162,-0.014651999808847904,0.017093999311327934
1449111453381,2,0.09401699900627136,-0.026861999183893204,-0.021978000178933144
1449111453401,2,0.07692299783229828,0.025640999898314476,-0.0757019966840744
1449111453420,2,0.020756999030709267,0.12087900191545486,-0.09523800015449524
1449111453440,2,-0.010989000089466572,0.09523800015449524,-0.006105000153183937
1449111453461,2,0.06227099895477295,0.017093999311327934,-0.003662999952211976
1449111453480,2,0.05738699808716774,-0.017093999311327934,-0.02319899946451187
1449111453501,2,0.004883999936282635,-0.02930399961769581,-0.013430999591946602
1449111453520,2,-0.015873000025749207,-0.02442000061273575,-0.01831500045955181
1449111453541,2,-0.05128199979662895,-0.017093999311327934,-0.02930399961769581
1449111453562,2,-0.05128199979662895,-0.025640999898314476,-0.05250300094485283
1449111453582,2,-0.045176997780799866,-0.012210000306367874,-0.07814399898052216
