1451312184451,1,-0.5286930203437805,-1.1379719972610474,-0.8192909955978394
1451312184471,1,0.13308899104595184,-0.8632469773292542,-1.1367509365081787
1451312184491,1,0.9450539946556091,-0.5811960101127625,-1.2197790145874023
1451312184511,1,1.2234419584274292,-0.7655670046806335,-1.0854690074920654
1451312184531,1,1.1562869548797607,-0.7973129749298096,-0.894993007183075
1451312184551,1,0.586080014705658,0.2429789900779724,-0.8009759783744812
1451312184572,1,0.22832699120044708,0.4273499846458435,-0.44688600301742554
1451312184592,1,0.004883999936282635,0.44078099727630615,0.02808300033211708
1451312184612,1,-0.06104999780654907,0.318681001663208,0.318681001663208
1451312184631,1,-0.02930399961769581,0.1843709945678711,0.41269800066947937
1451312184651,1,-0.1843709945678711,0.24175800383090973,0.4822950065135956
1451312184671,1,-0.3736259937286377,0.05250300094485283,0.42979198694229126
1451312184692,1,-0.211232990026474,-0.06227099895477295,0.40781399607658386
1451312184711,1,0.2380950003862381,-0.19658099114894867,0.39682498574256897
1451312184731,1,0.6849809885025024,-0.1623930037021637,0.3675209879875183
1451312184752,1,0.8095229864120483,-0.14285700023174286,0.3357749879360199
1451312184772,1,0.5665439963340759,-0.30524998903274536,0.2002439945936203
1451312184792,1,0.3565320074558258,-0.34310099482536316,0.09890099614858627
1451312184816,1,0.11965800076723099,-0.14285700023174286,0.03174600005149841
1451312184832,1,-0.08302799612283707,0.16971899569034576,-0.07326000183820724
1451312184853,1,-0.15995100140571594,0.39804598689079285,-0.18192899227142334
1451312184874,1,0.017093999311327934,0.2271059900522232,-0.07203900068998337
1451312184893,1,0.14407800137996674,0.07081799954175949,-0.0012209999840706587
1451312184912,1,0.15384599566459656,-0.003662999952211976,0.04395600035786629
1451312184934,1,0.10134299844503403,0.0488400012254715,0.03174600005149841
1451312184954,1,0.035408999770879745,0.10500600188970566,0.007325999904423952
1451312184974,1,0.0024419999681413174,0.22100099921226501,-0.0024419999681413174
1451312184995,1,0.0,0.19169700145721436,0.021978000178933144
1451312185013,1,0.04395600035786629,0.13308899104595184,0.05372399836778641
1451312185034,1,0.13797299563884735,0.045176997780799866,0.004883999936282635
1451312185055,1,0.19658099114894867,-0.006105000153183937,-0.05616600066423416
1451312185073,1,0.10500600188970566,0.00976799987256527,-0.11721599847078323
1451312185095,1,-0.05860799923539162,0.195360004901886,-0.26861998438835144
1451312185113,1,0.006105000153183937,0.1355309933423996,-0.3577530086040497
1451312185133,1,0.08058600127696991,-0.08302799612283707,-0.3943829834461212
1451312185154,1,0.09401699900627136,-0.42612898349761963,-0.3772889971733093
1451312185174,1,0.035408999770879745,-0.627593994140625,-0.31135499477386475
1451312185194,1,0.01953599974513054,-0.4529910087585449,-0.3199020028114319
1451312185218,1,0.04639799892902374,-0.33211198449134827,-0.34432199597358704
1451312185234,1,0.05372399836778641,-0.21001200377941132,-0.34432199597358704
1451312185255,1,0.0866909995675087,-0.10012199729681015,-0.3296699821949005
1451312185283,1,0.12576299905776978,0.013430999591946602,-0.2698409855365753
1451312185294,1,0.10988999903202057,0.15873000025749207,0.003662999952211976
1451312185315,1,0.00976799987256527,0.24053700268268585,0.10500600188970566
1451312185336,1,-0.1245419979095459,0.43589699268341064,0.09157499670982361
1451312185355,1,-0.1575089991092682,0.8083019852638245,-0.030524998903274536
1451312185375,1,-0.28327199816703796,1.3113540410995483,-0.2429789900779724
1451312185400,1,-0.5054939985275269,1.0586069822311401,1.564100980758667
1451312185415,1,0.17948700487613678,0.4236869812011719,1.5299129486083984
1451312185436,1,0.12087900191545486,-0.293040007352829,0.19291800260543823
1451312185457,1,-0.2869350016117096,-0.46275898814201355,-0.9511590003967285
1451312185476,1,-0.5970689654350281,-0.5177040100097656,-1.3211219310760498
1451312185495,1,-0.4212450087070465,-1.0830270051956177,-0.8901090025901794
1451312185516,1,-0.43589699268341064,-1.2771660089492798,0.6349200010299683
1451312185535,1,-0.3296699821949005,-1.3675199747085571,0.555554986000061
1451312185556,1,-0.004883999936282635,-1.0683749914169312,0.045176997780799866
1451312185578,1,0.16361400485038757,-0.6153839826583862,-0.3577530086040497
1451312185596,1,0.13919399678707123,-0.22100099921226501,-0.39804598689079285
1451312185618,1,-0.13430999219417572,0.12698400020599365,-0.36019498109817505
1451312185637,1,-0.13430999219417572,-0.00976799987256527,-0.3687419891357422
1451312185657,1,-0.08546999841928482,-0.18803399801254272,-0.3357749879360199
1451312185681,1,-0.07692299783229828,-0.22588500380516052,-0.2759459912776947
1451312185697,1,-0.10744799673557281,-0.14407800137996674,-0.2222220003604889
1451312185718,1,-0.13186800479888916,-0.012210000306367874,-0.19047600030899048
1451312185738,1,-0.097680002450943,0.03418799862265587,-0.13186800479888916
1451312185758,1,-0.09035399556159973,-0.01831500045955181,-0.13797299563884735
1451312185778,1,-0.13186800479888916,-0.003662999952211976,-0.13308899104595184
1451312185802,1,-0.1941390037536621,0.013430999591946602,-0.11111100018024445
1451312185817,1,-0.27960899472236633,-0.6727709770202637,-0.15384599566459656
1451312185838,1,-0.097680002450943,-0.4444440007209778,-0.2698409855365753
1451312185858,1,-0.22344300150871277,-0.3528690040111542,-0.2002439945936203
1451312185878,1,-0.23076899349689484,-0.28815600275993347,-0.10378500074148178
1451312185902,1,-0.21855899691581726,-0.14774100482463837,-0.05738699808716774
1451312185918,1,-0.2161169946193695,-0.1684979945421219,-0.10012199729681015
1451312185938,1,-0.13186800479888916,-0.5836380124092102,-0.12087900191545486
1451312185959,1,-0.09279599785804749,-0.7057380080223083,-0.15506699681282043
1451312185978,1,0.06104999780654907,-0.2918190062046051,-0.10988999903202057
1451312185999,1,0.02930399961769581,0.05738699808716774,-0.08791200071573257
1451312186018,1,-0.10012199729681015,0.5030519962310791,-0.13064700365066528
1451312186038,1,-0.21977999806404114,0.9499379992485046,-0.22100099921226501
1451312186058,1,-0.2222220003604889,1.1709389686584473,-0.4053719937801361
1451312186079,1,-0.10866899788379669,0.7887659668922424,-0.41391900181770325
1451312186099,1,0.026861999183893204,0.32600700855255127,-0.46275898814201355
1451312186120,1,0.16361400485038757,-0.06593400239944458,-0.46275898814201355
1451312186140,1,0.26739898324012756,-0.293040007352829,-0.3772889971733093
1451312186160,1,0.08424899727106094,0.17460300028324127,-0.11477399617433548
1451312186180,1,-0.08058600127696991,0.6678869724273682,-0.0378509983420372
1451312186201,1,-0.10988999903202057,0.7765560150146484,-0.03663000091910362
1451312186221,1,-0.09645900130271912,0.4371179938316345,0.020756999030709267
1451312186241,1,-0.014651999808847904,0.0757019966840744,0.09401699900627136
1451312186262,1,0.08302799612283707,-0.2271059900522232,0.04273499920964241
1451312186280,1,0.00976799987256527,-0.211232990026474,-0.07814399898052216
1451312186300,1,-0.07936500012874603,-0.2967030107975006,-0.18681299686431885
1451312186321,2,-0.08913300186395645,-0.4481070041656494,-0.26739898324012756
1451312186349,2,-0.03663000091910362,-0.5128200054168701,-0.2747249901294708
1451312186362,2,-0.01953599974513054,-0.48351600766181946,-0.21245399117469788
1451312186381,2,-0.0378509983420372,-0.3235650062561035,-0.21367499232292175
1451312186401,2,-0.06349200010299683,-0.4151400029659271,-0.2967030107975006
1451312186422,2,-0.10622699558734894,-0.6288149952888489,-0.39804598689079285
1451312186442,2,-0.1562879979610443,-0.832722008228302,-0.5030519962310791
1451312186461,2,-0.13186800479888916,-0.8266170024871826,-0.6153839826583862
1451312186481,2,0.03296700119972229,-0.01831500045955181,-0.38583600521087646
1451312186507,2,-0.02930399961769581,0.3626369833946228,-0.2002439945936203
1451312186522,2,-0.1404149979352951,0.4810740053653717,-0.23076899349689484
1451312186548,2,-0.2490839958190918,0.3882780075073242,-0.38095200061798096
1451312186562,2,-0.32722800970077515,0.18803399801254272,-0.4114769995212555
1451312186583,2,-0.22100099921226501,-0.22588500380516052,0.025640999898314476
1451312186603,2,-0.014651999808847904,-0.47863200306892395,0.30524998903274536
1451312186623,2,0.17216099798679352,-0.6007319688796997,0.42612898349761963
1451312186644,2,0.1782660037279129,-0.6923069953918457,0.3528690040111542
1451312186662,2,0.1355309933423996,-0.7325999736785889,0.18681299686431885
1451312186683,2,0.0757019966840744,-0.514041006565094,0.04761900007724762
1451312186702,2,0.04395600035786629,0.6483510136604309,0.12820500135421753
1451312186722,2,0.013430999591946602,0.7142850160598755,0.2857140004634857
1451312186745,2,0.03663000091910362,0.4004879891872406,0.2588520050048828
1451312186762,2,0.14774100482463837,-0.015873000025749207,0.08058600127696991
1451312186784,2,0.21001200377941132,-0.46275898814201355,-0.17093999683856964
1451312186804,2,0.09401699900627136,-0.6886439919471741,0.02442000061273575
1451312186824,2,0.06715499609708786,-0.6520140171051025,0.32844898104667664
1451312186844,2,-2.212451934814453,3.390717029571533,2.3504250049591064
1451312186867,2,-2.373624086380005,2.528691053390503,3.2783849239349365
1451312186884,2,-1.0769219398498535,-0.5763120055198669,1.0732589960098267
1451312186905,2,1.0744799375534058,-3.068372964859009,-0.31013399362564087
1451312186923,2,1.1709389686584473,-2.2551870346069336,-0.3577530086040497
1451312186943,2,0.9951149821281433,-1.206347942352295,-0.25763100385665894
1451312186964,2,0.5531129837036133,-0.10866899788379669,-0.3235650062561035
1451312186984,2,0.26129400730133057,0.6556770205497742,-0.6202679872512817
1451312187005,2,0.2759459912776947,0.44688600301742554,-0.9914519786834717
1451312187025,2,0.48351600766181946,-0.8021969795227051,-0.7912079691886902
1451312187044,2,0.35897400975227356,-0.7496939897537231,-0.31746000051498413
1451312187064,2,0.03907199949026108,-0.05372399836778641,0.3614159822463989
1451312187086,2,-0.29426100850105286,0.6947489976882935,0.44688600301742554
1451312187106,2,-0.3516480028629303,0.9792419672012329,0.10134299844503403
1451312187129,2,-0.11111100018024445,0.27960899472236633,-0.13064700365066528
1451312187146,2,-0.10622699558734894,-0.07814399898052216,0.06349200010299683
1451312187165,2,-0.05250300094485283,-0.32722800970077515,0.26251500844955444
1451312187186,2,0.09401699900627136,-0.54578697681427,0.33943799138069153
1451312187206,2,0.2771669924259186,-0.6862019896507263,0.2441999912261963
1451312187226,2,0.18314999341964722,-0.4542119801044464,0.015873000025749207
1451312187245,2,0.0012209999840706587,-0.0647130012512207,0.04395600035786629
1451312187266,2,-0.15995100140571594,0.2429789900779724,0.07326000183820724
1451312187286,2,-0.16117200255393982,0.28815600275993347,0.07203900068998337
1451312187306,2,0.020756999030709267,0.195360004901886,0.05616600066423416
1451312187326,2,0.16117200255393982,0.01831500045955181,0.01953599974513054
1451312187346,2,0.06227099895477295,-0.13064700365066528,-0.04639799892902374
1451312187365,2,-0.025640999898314476,-0.09645900130271912,-0.07326000183820724
1451312187386,2,-0.03418799862265587,-0.015873000025749207,-0.13308899104595184
1451312187407,2,0.012210000306367874,0.06715499609708786,-0.17460300028324127
1451312187426,2,0.08424899727106094,0.12698400020599365,-0.18559199571609497
1451312187446,2,0.17093999683856964,0.07326000183820724,-0.18314999341964722
1451312187467,2,0.13919399678707123,0.02930399961769581,-0.2002439945936203
1451312187487,2,0.07692299783229828,-0.03296700119972229,-0.1892549991607666
1451312187508,2,0.021978000178933144,-0.12332099676132202,-0.14163599908351898
1451312187527,2,0.013430999591946602,-0.1941390037536621,-0.12087900191545486
1451312187551,2,-0.04273499920964241,-0.06227099895477295,-0.2161169946193695
1451312187567,2,-0.09035399556159973,0.059829000383615494,-0.17460300028324127
1451312187588,2,-0.11843699961900711,0.07448099553585052,-0.05128199979662895
1451312187608,2,-0.0866909995675087,-0.08546999841928482,0.03296700119972229
1451312187628,2,0.0012209999840706587,-0.31746000051498413,0.05372399836778641
1451312187647,2,0.11233200132846832,-0.43589699268341064,0.06837599724531174
1451312187669,2,0.0866909995675087,-0.06104999780654907,0.01831500045955181
1451312187689,2,0.008546999655663967,0.09890099614858627,-0.11111100018024445
1451312187709,2,-0.04761900007724762,0.15873000025749207,-0.27228298783302307
1451312187735,2,-0.07814399898052216,0.1941390037536621,-0.30036598443984985
1451312187748,2,-0.06593400239944458,0.2429789900779724,-0.2539680004119873
1451312187769,2,-0.07814399898052216,0.28327199816703796,-0.27960899472236633
1451312187789,2,-0.1465200036764145,0.24664199352264404,-0.30036598443984985
1451312187812,2,-0.17582400143146515,0.19658099114894867,-0.21977999806404114
1451312187834,2,-0.11843699961900711,0.1025639995932579,-0.06593400239944458
1451312187850,2,-0.021978000178933144,-0.026861999183893204,0.0757019966840744
1451312187870,2,0.0647130012512207,-0.25152599811553955,0.08058600127696991
1451312187890,2,0.007325999904423952,-0.1294260025024414,0.08546999841928482
1451312187912,2,-0.08180700242519379,0.017093999311327934,0.15018299221992493
1451312187929,2,-0.12209999561309814,0.02930399961769581,0.19291800260543823
1451312187950,2,-0.07936500012874603,-0.08546999841928482,0.18559199571609497
1451312187970,2,-0.006105000153183937,-0.18192899227142334,0.19047600030899048
1451312187990,2,0.10378500074148178,-0.31746000051498413,0.22100099921226501
1451312188017,2,0.17582400143146515,-0.32722800970077515,0.20146499574184418
1451312188034,2,0.1733819991350174,-0.22100099921226501,0.17216099798679352
1451312188049,2,0.07936500012874603,-0.021978000178933144,0.10866899788379669
1451312188071,2,-0.017093999311327934,0.14407800137996674,0.02930399961769581
1451312188091,2,-0.15995100140571594,0.03296700119972229,-0.15018299221992493
1451312188113,2,-0.15018299221992493,-0.07936500012874603,-0.211232990026474
1451312188130,2,-0.11599499732255936,-0.12576299905776978,-0.23076899349689484
1451312188149,2,-0.08913300186395645,-0.1404149979352951,-0.1623930037021637
1451312188171,2,-0.06593400239944458,-0.1782660037279129,-0.07326000183820724
1451312188192,2,-0.0647130012512207,-0.13919399678707123,-0.006105000153183937
1451312188212,2,-0.06104999780654907,-0.04761900007724762,-0.030524998903274536
1451312188232,2,-0.045176997780799866,0.03418799862265587,-0.003662999952211976
1451312188252,2,-0.010989000089466572,0.04639799892902374,0.054944999516010284
1451312188271,2,0.026861999183893204,-0.004883999936282635,0.12332099676132202
1451312188291,2,0.06227099895477295,-0.09645900130271912,0.1941390037536621
1451312188311,2,0.0024419999681413174,-0.22466400265693665,0.15506699681282043
1451312188331,2,-0.03907199949026108,-0.22100099921226501,0.04273499920964241
1451312188353,1,-0.02930399961769581,-0.13675199449062347,-0.02319899946451187
1451312188372,1,0.007325999904423952,0.0012209999840706587,0.0
1451312188397,1,0.026861999183893204,0.11599499732255936,0.07203900068998337
1451312188415,1,0.03296700119972229,0.11843699961900711,0.05860799923539162
1451312188432,1,0.006105000153183937,0.035408999770879745,-0.004883999936282635
1451312188453,1,-0.015873000025749207,-0.04151399806141853,-0.04639799892902374
1451312188473,1,-0.007325999904423952,-0.10500600188970566,-0.0488400012254715
1451312188494,1,0.013430999591946602,-0.12087900191545486,-0.025640999898314476
1451312188512,1,0.01953599974513054,0.08791200071573257,0.010989000089466572
1451312188534,1,-0.03907199949026108,0.1294260025024414,0.008546999655663967
1451312188553,1,-0.07081799954175949,0.0866909995675087,-0.03174600005149841
1451312188574,1,-0.07448099553585052,0.02319899946451187,-0.08546999841928482
1451312188595,1,-0.04395600035786629,0.004883999936282635,-0.13430999219417572
1451312188614,1,-0.014651999808847904,0.01953599974513054,-0.15995100140571594
1451312188633,1,0.008546999655663967,-0.03907199949026108,-0.05616600066423416
1451312188653,1,-0.03663000091910362,0.22466400265693665,0.09157499670982361
1451312188674,1,-0.0647130012512207,0.2649570107460022,0.11233200132846832
1451312188694,1,-0.02319899946451187,0.25641000270843506,-0.01953599974513054
1451312188717,1,0.03907199949026108,0.22588500380516052,-0.045176997780799866
1451312188738,1,0.13308899104595184,0.20757000148296356,0.13064700365066528
1451312188755,1,0.11721599847078323,0.2857140004634857,0.19780199229717255
1451312188775,1,0.045176997780799866,0.44566500186920166,0.2905980050563812
1451312188795,1,-0.0488400012254715,0.6336989998817444,0.334553986787796
1451312188813,1,-0.08913300186395645,0.6959699988365173,0.4017089903354645
1451312188839,1,-0.007325999904423952,0.32234400510787964,0.3797309994697571
1451312188855,1,0.00976799987256527,0.07448099553585052,0.35897400975227356
1451312188875,1,0.007325999904423952,-0.0647130012512207,0.422465980052948
1451312188895,1,-0.03907199949026108,-0.07326000183820724,0.5628809928894043
1451312188914,1,-0.13186800479888916,0.05372399836778641,0.6398040056228638
1451312188936,1,-0.167276993393898,0.22588500380516052,0.5372399687767029
1451312188955,1,-0.11599499732255936,0.31135499477386475,0.2380950003862381
1451312188976,1,0.03418799862265587,0.11843699961900711,0.20879100263118744
1451312188995,1,0.20268599689006805,-0.16971899569034576,0.22954799234867096
1451312189015,1,0.26129400730133057,-0.3504270017147064,0.2380950003862381
1451312189035,1,0.23443199694156647,-0.3125759959220886,0.1575089991092682
1451312189055,1,0.1025639995932579,0.015873000025749207,-0.10988999903202057
1451312189076,1,0.007325999904423952,0.15384599566459656,-0.15262499451637268
1451312189096,1,-0.04761900007724762,0.21855899691581726,-0.15384599566459656
1451312189115,1,-0.050060998648405075,0.14163599908351898,-0.1892549991607666
1451312189135,1,-0.013430999591946602,0.09401699900627136,-0.30524998903274536
1451312189156,1,-0.021978000178933144,0.18314999341964722,-0.36507898569107056
1451312189176,1,-0.12576299905776978,0.33211198449134827,-0.2588520050048828
1451312189196,1,-0.2271059900522232,0.5946269631385803,-0.16117200255393982
1451312189217,1,-0.06104999780654907,1.1123310327529907,-0.19658099114894867
1451312189237,1,0.3846150040626526,1.8608039617538452,-0.39804598689079285
1451312189257,1,0.4883999824523926,1.490841031074524,0.3357749879360199
1451312189277,1,0.10134299844503403,0.4493280053138733,1.420022964477539
1451312189297,1,0.4749689996242523,0.2551890015602112,0.5128200054168701
1451312189317,1,0.0757019966840744,0.4542119801044464,-0.4017089903354645
1451312189337,1,-0.5421239733695984,0.5726490020751953,-0.782660961151123
1451312189357,1,-0.8827829957008362,0.17704500257968903,-0.49572598934173584
1451312189377,1,-0.3357749879360199,-1.3650779724121094,0.6336989998817444
1451312189397,1,0.14163599908351898,-1.7851020097732544,0.699633002281189
1451312189417,1,0.4859579801559448,-1.6312559843063354,0.4883999824523926
1451312189438,1,0.5311350226402283,-1.0683749914169312,0.2222220003604889
1451312189458,1,0.39194098114967346,-0.37118399143218994,0.01953599974513054
1451312189477,1,-0.045176997780799866,0.5689859986305237,-0.02930399961769581
1451312189497,1,-0.07326000183820724,0.5152620077133179,0.0488400012254715
1451312189518,1,0.01953599974513054,0.17216099798679352,0.11233200132846832
1451312189539,1,0.15018299221992493,-0.1941390037536621,0.13064700365066528
1451312189559,1,0.28937700390815735,-0.4236869812011719,0.07692299783229828
1451312189578,1,0.30647099018096924,-0.37606799602508545,0.012210000306367874
1451312189603,1,-0.08058600127696991,0.21245399117469788,0.11477399617433548
1451312189619,1,-0.18314999341964722,0.31135499477386475,0.19291800260543823
1451312189639,1,-0.1135529950261116,0.14163599908351898,0.18681299686431885
1451312189659,1,0.025640999898314476,-0.0488400012254715,0.0647130012512207
1451312189679,1,0.04395600035786629,-0.097680002450943,-0.010989000089466572
1451312189703,1,0.017093999311327934,0.0647130012512207,-0.02808300033211708
1451312189719,1,0.04395600035786629,0.003662999952211976,-0.003662999952211976
1451312189739,1,0.10012199729681015,-0.05738699808716774,-0.013430999591946602
1451312189765,1,0.0647130012512207,-0.07203900068998337,-0.045176997780799866
1451312189779,1,-0.007325999904423952,-0.04639799892902374,-0.09035399556159973
1451312189799,1,-0.167276993393898,0.2759459912776947,-0.05616600066423416
1451312189821,1,0.09157499670982361,0.0866909995675087,0.02930399961769581
1451312189841,1,0.08424899727106094,0.0012209999840706587,0.04273499920964241
1451312189862,1,-0.02319899946451187,0.05128199979662895,-0.006105000153183937
1451312189880,1,0.0,0.07081799954175949,-0.04761900007724762
1451312189905,1,0.07814399898052216,0.05250300094485283,0.0647130012512207
1451312189921,1,0.025640999898314476,0.035408999770879745,0.07936500012874603
1451312189940,1,-0.07448099553585052,-0.0378509983420372,0.045176997780799866
1451312189963,1,-0.11477399617433548,-0.07936500012874603,0.0647130012512207
1451312189986,1,-0.09401699900627136,-0.06349200010299683,0.12209999561309814
1451312190000,1,-0.00976799987256527,-0.05250300094485283,0.14407800137996674
1451312190021,1,-0.004883999936282635,0.0488400012254715,0.0024419999681413174
1451312190042,1,-0.06227099895477295,0.07326000183820724,-0.06959699839353561
1451312190060,1,-0.05372399836778641,0.08180700242519379,-0.059829000383615494
1451312190081,1,0.003662999952211976,0.03296700119972229,0.003662999952211976
1451312190106,1,0.03663000091910362,-0.08180700242519379,0.05128199979662895
1451312190122,1,-0.06227099895477295,-0.1575089991092682,-0.07448099553585052
1451312190140,1,-0.08058600127696991,0.03663000091910362,-0.14774100482463837
1451312190161,1,-0.06715499609708786,0.293040007352829,-0.1684979945421219
1451312190181,1,-0.05250300094485283,0.3956039845943451,-0.14285700023174286
1451312190202,1,-0.08424899727106094,0.2271059900522232,-0.1294260025024414
1451312190223,1,-0.11721599847078323,-0.2332109957933426,-0.2661779820919037
1451312190242,1,-0.0012209999840706587,-0.2222220003604889,-0.2820509970188141
1451312190262,1,-0.02808300033211708,-0.03663000091910362,-0.17216099798679352
1451312190281,1,-0.1684979945421219,0.1575089991092682,0.013430999591946602
1451312190302,1,-0.30647099018096924,0.2490839958190918,0.14163599908351898
1451312190323,1,-0.33333298563957214,0.15018299221992493,0.097680002450943
1451312190342,1,-0.11233200132846832,-0.22588500380516052,-0.06104999780654907
1451312190365,2,-0.025640999898314476,-0.15384599566459656,0.014651999808847904
1451312190383,2,-0.03418799862265587,0.15506699681282043,0.12209999561309814
1451312190404,2,-0.1355309933423996,0.432233989238739,0.1514039933681488
1451312190423,2,-0.18559199571609497,0.43101298809051514,0.14774100482463837
1451312190443,2,0.07203900068998337,-0.050060998648405075,-0.09279599785804749
1451312190463,2,0.1684979945421219,-0.2490839958190918,-0.06104999780654907
1451312190484,2,0.19169700145721436,-0.24786299467086792,0.0757019966840744
1451312190504,2,0.12087900191545486,-0.07081799954175949,0.11721599847078323
1451312190524,2,0.007325999904423952,0.0866909995675087,0.02808300033211708
1451312190545,2,-0.07814399898052216,0.11477399617433548,-0.21855899691581726
1451312190563,2,-0.021978000178933144,0.0024419999681413174,-0.18681299686431885
1451312190584,2,0.026861999183893204,-0.13308899104595184,-0.08302799612283707
1451312190608,2,0.02808300033211708,-0.16117200255393982,0.02319899946451187
1451312190624,2,0.014651999808847904,-0.11477399617433548,0.05250300094485283
1451312190645,2,-0.054944999516010284,0.021978000178933144,-0.01831500045955181
1451312190664,2,-0.10988999903202057,0.04761900007724762,-0.2002439945936203
1451312190685,2,-0.07814399898052216,0.014651999808847904,-0.13186800479888916
1451312190704,2,-0.01953599974513054,-0.06104999780654907,-0.021978000178933144
1451312190726,2,0.06715499609708786,-0.18192899227142334,-0.008546999655663967
1451312190746,2,0.1623930037021637,-0.26861998438835144,-0.07081799954175949
1451312190764,2,0.0488400012254715,-0.2759459912776947,-0.04761900007724762
1451312190786,2,-0.1294260025024414,-0.27838799357414246,0.01831500045955181
1451312190806,2,-0.1843709945678711,-0.40292999148368835,0.14163599908351898
1451312190829,2,0.08791200071573257,-0.7118430137634277,0.4590959846973419
1451312190845,2,0.02930399961769581,3.7619009017944336,1.3516470193862915
1451312190866,2,-0.9133079648017883,2.046396017074585,1.6446869373321533
1451312190886,2,-0.2588520050048828,1.0024409294128418,0.8693519830703735
1451312190905,2,0.6727709770202637,-0.2380950003862381,0.2429789900779724
1451312190926,2,1.0305240154266357,-1.5714269876480103,0.1452990025281906
1451312190945,2,1.420022964477539,-1.9633679389953613,0.3577530086040497
1451312190966,2,1.5274709463119507,-1.2967020273208618,0.43101298809051514
1451312190986,2,0.6971909999847412,0.050060998648405075,-0.1575089991092682
1451312191008,2,0.3296699821949005,-0.416361004114151,-0.45054900646209717
1451312191027,2,0.17216099798679352,-0.3724049925804138,-0.49084198474884033
1451312191046,2,-0.05738699808716774,0.4810740053653717,-0.24786299467086792
1451312191067,2,-0.18803399801254272,1.0695959329605103,-0.06959699839353561
1451312191091,2,-0.2490839958190918,0.48351600766181946,0.03174600005149841
1451312191108,2,-0.19780199229717255,0.006105000153183937,-0.1025639995932579
1451312191129,2,-0.1733819991350174,-0.19658099114894867,-0.36996299028396606
1451312191146,2,-0.195360004901886,-0.20757000148296356,-0.5152620077133179
1451312191167,2,-0.20268599689006805,-0.12087900191545486,-0.42979198694229126
1451312191188,2,-0.06227099895477295,-0.12332099676132202,-0.2051279991865158
1451312191208,2,0.05860799923539162,-0.14896199107170105,-0.23687399923801422
1451312191227,2,0.1135529950261116,-0.13186800479888916,-0.2319899946451187
1451312191247,2,0.07936500012874603,-0.10134299844503403,-0.14896199107170105
1451312191268,2,0.0012209999840706587,-0.0757019966840744,-0.0647130012512207
1451312191288,2,-0.040293000638484955,-0.0647130012512207,-0.03174600005149841
1451312191307,2,-0.05372399836778641,-0.2429789900779724,-0.004883999936282635
1451312191331,2,-0.03418799862265587,-0.19780199229717255,-0.09523800015449524
1451312191348,2,-0.01953599974513054,-0.059829000383615494,-0.1733819991350174
1451312191368,2,-0.035408999770879745,0.03907199949026108,-0.12698400020599365
1451312191388,2,-0.06837599724531174,0.07326000183820724,-0.02319899946451187
1451312191408,2,0.0012209999840706587,0.2600730061531067,-0.10866899788379669
1451312191428,2,0.013430999591946602,0.3040289878845215,-0.13186800479888916
1451312191448,2,-0.050060998648405075,0.2503049969673157,-0.06227099895477295
1451312191469,2,-0.11965800076723099,0.11721599847078323,-0.017093999311327934
1451312191489,2,-0.13675199449062347,-0.03907199949026108,-0.0757019966840744
1451312191510,2,0.030524998903274536,-0.2539680004119873,-0.09157499670982361
1451312191529,2,0.08180700242519379,-0.2649570107460022,0.08791200071573257
1451312191549,2,0.07448099553585052,-0.21733799576759338,0.19902299344539642
1451312191569,2,-0.010989000089466572,-0.21001200377941132,0.13797299563884735
1451312191589,2,-0.12332099676132202,-0.2588520050048828,0.021978000178933144
1451312191610,2,-0.17948700487613678,-0.32234400510787964,-0.020756999030709267
1451312191629,2,-0.13797299563884735,-0.422465980052948,-0.003662999952211976
1451312191648,2,-0.10866899788379669,-0.3846150040626526,0.02930399961769581
1451312191670,2,-0.13797299563884735,-0.28449299931526184,0.09035399556159973
1451312191690,2,-0.13064700365066528,-0.1892549991607666,0.11843699961900711
1451312191710,2,-0.09157499670982361,-0.07326000183820724,0.0757019966840744
1451312191735,2,-0.17093999683856964,0.04151399806141853,0.012210000306367874
1451312191750,2,-0.1465200036764145,0.07692299783229828,0.010989000089466572
1451312191771,2,-0.054944999516010284,0.07203900068998337,0.030524998903274536
1451312191791,2,-0.02442000061273575,0.08546999841928482,0.08913300186395645
1451312191810,2,-0.050060998648405075,0.054944999516010284,0.07936500012874603
1451312191830,2,-0.19291800260543823,0.09401699900627136,-0.14163599908351898
1451312191851,2,-0.30647099018096924,0.19169700145721436,-0.17093999683856964
1451312191871,2,-0.30036598443984985,0.2967030107975006,-0.11111100018024445
1451312191892,2,-0.19658099114894867,0.29548200964927673,-0.07203900068998337
1451312191918,2,-0.04761900007724762,0.2380950003862381,-0.021978000178933144
1451312191937,2,0.05250300094485283,0.11599499732255936,0.006105000153183937
1451312191951,2,0.004883999936282635,-0.22832699120044708,0.010989000089466572
1451312191972,2,-0.09523800015449524,-0.1025639995932579,-0.1135529950261116
1451312191999,2,-0.13797299563884735,-0.03296700119972229,-0.19780199229717255
1451312192016,2,-0.1404149979352951,-0.03907199949026108,-0.12820500135421753
1451312192031,2,-0.07814399898052216,-0.18559199571609497,0.04151399806141853
1451312192057,2,0.01953599974513054,-0.22466400265693665,0.05372399836778641
1451312192072,2,-0.05250300094485283,-0.014651999808847904,0.020756999030709267
1451312192103,2,-0.08058600127696991,0.03296700119972229,0.18314999341964722
1451312192112,2,-0.015873000025749207,0.030524998903274536,0.4017089903354645
1451312192136,2,0.012210000306367874,0.05860799923539162,0.5189250111579895
1451312192152,2,-0.0866909995675087,0.4761900007724762,0.4810740053653717
1451312192173,2,-0.10622699558734894,0.5616599917411804,0.32234400510787964
1451312192193,2,-0.0866909995675087,0.5079360008239746,0.2539680004119873
1451312192212,2,-0.003662999952211976,0.3516480028629303,0.22100099921226501
1451312192232,2,0.15384599566459656,0.1465200036764145,0.16971899569034576
1451312192254,2,0.26739898324012756,0.035408999770879745,0.18314999341964722
1451312192274,2,0.24786299467086792,0.01953599974513054,0.2979239821434021
1451312192296,2,0.12576299905776978,-0.020756999030709267,0.20146499574184418
1451312192314,2,-0.0378509983420372,-0.11721599847078323,-0.006105000153183937
1451312192334,2,-0.13675199449062347,-0.12820500135421753,-0.07448099553585052
1451312192354,2,-0.10500600188970566,-0.06104999780654907,0.059829000383615494
1451312192374,2,-0.007325999904423952,0.06349200010299683,0.08302799612283707
1451312192394,2,-0.02808300033211708,0.1355309933423996,0.08546999841928482
1451312192419,1,-0.07203900068998337,0.15262499451637268,0.18192899227142334
1451312192434,1,-0.07081799954175949,0.050060998648405075,0.25763100385665894
1451312192454,1,0.006105000153183937,-0.02319899946451187,0.30158698558807373
1451312192476,1,-0.01953599974513054,-0.06837599724531174,0.211232990026474
1451312192499,1,-0.06593400239944458,-0.11233200132846832,0.19047600030899048
1451312192513,1,-0.07203900068998337,-0.21245399117469788,0.12087900191545486
1451312192534,1,0.0024419999681413174,-0.22344300150871277,-0.02808300033211708
1451312192555,1,0.08302799612283707,-0.10988999903202057,-0.17216099798679352
1451312192575,1,0.09035399556159973,0.017093999311327934,-0.2002439945936203
1451312192595,1,-0.02319899946451187,0.01953599974513054,-0.23443199694156647
1451312192614,1,-0.007325999904423952,-0.05616600066423416,-0.308912992477417
1451312192636,1,0.013430999591946602,-0.12087900191545486,-0.34432199597358704
1451312192656,1,0.07936500012874603,-0.14896199107170105,-0.32600700855255127
1451312192675,1,0.12698400020599365,-0.1135529950261116,-0.2637360095977783
1451312192695,1,-0.021978000178933144,-0.006105000153183937,-0.3614159822463989
1451312192714,1,-0.11111100018024445,0.12332099676132202,-0.46764299273490906
1451312192735,1,-0.0647130012512207,0.26739898324012756,-0.4713059961795807
1451312192756,1,-0.02442000061273575,0.2967030107975006,-0.3785099983215332
1451312192776,1,-0.12698400020599365,0.32844898104667664,-0.19047600030899048
1451312192795,1,0.29426100850105286,1.100121021270752,-0.08058600127696991
1451312192817,1,0.4383389949798584,0.7973129749298096,0.293040007352829
1451312192837,1,0.16361400485038757,0.1355309933423996,1.645907998085022
1451312192856,1,-0.25641000270843506,-0.5726490020751953,2.3308889865875244
1451312192885,1,-0.11721599847078323,-1.0134299993515015,2.0891308784484863
1451312192901,1,0.17460300028324127,-0.4481070041656494,0.81318598985672
1451312192916,1,-0.4175820052623749,0.8278380036354065,-0.6214889883995056
1451312192937,1,-0.7521359920501709,0.7619040012359619,-0.15262499451637268
1451312192957,1,-0.6739919781684875,0.24175800383090973,0.42979198694229126
1451312192978,1,-0.26861998438835144,-0.33333298563957214,0.5885220170021057
1451312192996,1,0.2771669924259186,-0.5750910043716431,0.20879100263118744
1451312193018,1,0.70940101146698,-0.2869350016117096,-0.5262510180473328
1451312193038,1,0.33821699023246765,0.013430999591946602,-0.3772889971733093
1451312193058,1,-0.11965800076723099,0.28815600275993347,-0.18314999341964722
1451312193077,1,-0.30524998903274536,0.2967030107975006,-0.1843709945678711
1451312193102,1,-0.1452990025281906,0.1575089991092682,-0.3565320074558258
1451312193118,1,0.0647130012512207,0.02442000061273575,-0.4700849950313568
1451312193138,1,-0.025640999898314476,-0.03296700119972229,-0.41269800066947937
1451312193158,1,-0.08424899727106094,-0.07448099553585052,-0.3577530086040497
1451312193179,1,-0.0866909995675087,-0.04151399806141853,-0.2661779820919037
1451312193197,1,-0.03663000091910362,0.008546999655663967,-0.1355309933423996
1451312193218,1,0.010989000089466572,0.040293000638484955,-0.021978000178933144
1451312193238,1,0.014651999808847904,-0.03418799862265587,0.02442000061273575
1451312193259,1,-0.026861999183893204,-0.05616600066423416,-0.11233200132846832
1451312193279,1,-0.035408999770879745,-0.020756999030709267,-0.13186800479888916
1451312193298,1,-0.004883999936282635,0.025640999898314476,-0.017093999311327934
1451312193319,1,0.0,0.08913300186395645,0.03418799862265587
1451312193339,1,-0.0866909995675087,0.2051279991865158,-0.040293000638484955
1451312193359,1,-0.03174600005149841,0.1245419979095459,0.02808300033211708
1451312193378,1,0.08424899727106094,-0.0378509983420372,0.05616600066423416
1451312193398,1,0.14285700023174286,-0.12209999561309814,-0.010989000089466572
1451312193420,1,0.07326000183820724,-0.11233200132846832,-0.15873000025749207
1451312193439,1,-0.12576299905776978,0.09890099614858627,-0.19780199229717255
1451312193461,1,-0.11843699961900711,0.04151399806141853,-0.13797299563884735
1451312193479,1,-0.08913300186395645,-0.1452990025281906,-0.13675199449062347
1451312193499,1,-0.0757019966840744,-0.23443199694156647,-0.22588500380516052
1451312193521,1,-0.09035399556159973,-0.12209999561309814,-0.3076919913291931
1451312193540,1,-0.0757019966840744,0.08180700242519379,-0.28327199816703796
1451312193561,1,-0.045176997780799866,0.16117200255393982,-0.06227099895477295
1451312193580,1,-0.045176997780799866,0.07448099553585052,-0.06837599724531174
1451312193601,1,-0.054944999516010284,0.02442000061273575,-0.08302799612283707
1451312193621,1,-0.03418799862265587,-0.02442000061273575,-0.026861999183893204
1451312193641,1,-0.0024419999681413174,-0.030524998903274536,-0.014651999808847904
1451312193662,1,0.16605599224567413,0.08058600127696991,-0.04151399806141853
1451312193681,1,0.15995100140571594,0.07692299783229828,-0.035408999770879745
1451312193706,1,0.0647130012512207,0.02319899946451187,-0.025640999898314476
1451312193722,1,-0.013430999591946602,-0.02930399961769581,0.0024419999681413174
1451312193742,1,-0.013430999591946602,-0.08791200071573257,0.03174600005149841
1451312193762,1,0.08058600127696991,-0.12209999561309814,-0.03418799862265587
1451312193781,1,0.03174600005149841,-0.054944999516010284,-0.05616600066423416
1451312193802,1,-0.0378509983420372,0.004883999936282635,-0.03174600005149841
1451312193822,1,-0.05860799923539162,-0.01831500045955181,-0.01831500045955181
1451312193842,1,-0.021978000178933144,-0.06837599724531174,-0.017093999311327934
1451312193866,1,0.006105000153183937,-0.12209999561309814,-0.04273499920964241
1451312193882,1,-0.1465200036764145,-0.015873000025749207,-0.035408999770879745
1451312193903,1,-0.17093999683856964,0.08546999841928482,0.0488400012254715
1451312193922,1,-0.04639799892902374,0.1355309933423996,0.19291800260543823
1451312193942,1,0.07203900068998337,0.0647130012512207,0.33211198449134827
1451312193962,1,0.1135529950261116,-0.1025639995932579,0.38217300176620483
1451312193982,1,0.19780199229717255,-0.24664199352264404,0.15262499451637268
1451312194003,1,0.2441999912261963,-0.1684979945421219,0.10134299844503403
1451312194023,1,0.1782660037279129,0.0,0.14774100482463837
1451312194043,1,0.06349200010299683,0.11233200132846832,0.1514039933681488
1451312194062,1,-0.05616600066423416,0.035408999770879745,0.06837599724531174
1451312194082,1,-0.020756999030709267,-0.28937700390815735,-0.05616600066423416
1451312194108,1,0.11111100018024445,-0.4236869812011719,-0.06837599724531174
1451312194124,1,0.11233200132846832,-0.3028079867362976,-0.05616600066423416
1451312194145,1,-0.04395600035786629,-0.02808300033211708,-0.10378500074148178
1451312194163,1,-0.1025639995932579,-0.003662999952211976,-0.1404149979352951
1451312194184,1,-0.08180700242519379,0.00976799987256527,-0.08913300186395645
1451312194204,1,-0.0757019966840744,-0.15873000025749207,-0.22344300150871277
1451312194224,1,-0.1575089991092682,-0.21977999806404114,-0.2710619866847992
1451312194244,1,-0.2771669924259186,-0.22100099921226501,-0.28449299931526184
1451312194263,1,-0.3125759959220886,-0.167276993393898,-0.2967030107975006
1451312194283,1,-0.27838799357414246,-0.0647130012512207,-0.32722800970077515
1451312194305,1,-0.3076919913291931,0.1135529950261116,-0.2490839958190918
1451312194324,1,-0.3626369833946228,0.1514039933681488,-0.20268599689006805
1451312194344,1,-0.4004879891872406,0.17093999683856964,-0.14896199107170105
1451312194364,1,-0.3076919913291931,0.24542099237442017,0.04395600035786629
1451312194384,1,-0.2271059900522232,0.26129400730133057,0.40781399607658386
1451312194404,1,-0.19780199229717255,0.4639799892902374,0.416361004114151
1451312194426,1,-0.37118399143218994,0.5409029722213745,0.3406589925289154
1451312194447,2,-0.42979198694229126,0.6947489976882935,0.23931600153446198
1451312194464,2,-0.43589699268341064,0.565322995185852,0.08546999841928482
1451312194486,2,-0.334553986787796,0.3638579845428467,-0.030524998903274536
1451312194506,2,-0.14285700023174286,0.31013399362564087,-0.059829000383615494
1451312194531,2,0.416361004114151,0.40903499722480774,0.007325999904423952
1451312194546,2,0.3797309994697571,0.318681001663208,0.10500600188970566
1451312194564,2,0.23076899349689484,0.09279599785804749,0.1514039933681488
1451312194586,2,0.2441999912261963,-0.17093999683856964,0.13308899104595184
1451312194606,2,0.3943829834461212,-0.34920600056648254,0.11477399617433548
1451312194626,2,0.5335769653320313,-0.3833940029144287,0.20146499574184418
1451312194646,2,0.41269800066947937,-0.31013399362564087,0.1575089991092682
1451312194665,2,0.23931600153446198,-0.20757000148296356,0.02930399961769581
1451312194686,2,0.08791200071573257,-0.15384599566459656,-0.09157499670982361
1451312194706,2,0.02319899946451187,-0.16605599224567413,-0.17216099798679352
1451312194728,2,0.09157499670982361,-0.06715499609708786,-0.19047600030899048
1451312194753,2,0.10988999903202057,-0.059829000383615494,-0.17704500257968903
1451312194766,2,0.0647130012512207,-0.0757019966840744,-0.19658099114894867
1451312194788,2,-0.017093999311327934,-0.13186800479888916,-0.22588500380516052
1451312194807,2,-0.07936500012874603,-0.22588500380516052,-0.20268599689006805
1451312194827,2,-0.08913300186395645,-0.318681001663208,-0.17216099798679352
1451312194847,2,0.06837599724531174,-0.3638579845428467,-0.2441999912261963
1451312194868,2,0.08546999841928482,-0.3357749879360199,-0.32600700855255127
1451312194887,2,-0.04639799892902374,-0.20268599689006805,-0.44566500186920166
1451312194908,2,-0.16605599224567413,-0.25763100385665894,-0.5641019940376282
1451312194927,2,-0.07081799954175949,-0.41880300641059875,-0.565322995185852
1451312194952,2,0.10866899788379669,-0.5946269631385803,-0.28449299931526184
1451312194968,2,0.20146499574184418,-0.7032960057258606,0.007325999904423952
1451312194988,2,0.30158698558807373,-4.956038951873779,-0.1135529950261116
1451312195008,2,-0.3125759959220886,-1.029302954673767,-0.4603169858455658
1451312195028,2,-0.9523800015449524,1.0744799375534058,-0.22954799234867096
1451312195048,2,-0.7289369702339172,1.2209999561309814,-0.23931600153446198
1451312195068,2,-0.6092789769172668,0.054944999516010284,-0.9133079648017883
1451312195089,2,-0.318681001663208,-0.7179480195045471,-0.8986560106277466
1451312195109,2,-0.4285709857940674,0.010989000089466572,-0.4883999824523926
1451312195129,2,-0.5286930203437805,0.8827829957008362,-0.02930399961769581
1451312195149,2,-0.422465980052948,1.1770440340042114,0.1892549991607666
1451312195169,2,-0.28449299931526184,0.7594619989395142,-0.2161169946193695
1451312195189,2,-0.1294260025024414,0.2222220003604889,-0.13430999219417572
1451312195210,2,0.06837599724531174,-0.1025639995932579,0.11843699961900711
1451312195229,2,0.24175800383090973,-0.2527469992637634,0.34310099482536316
1451312195250,2,0.32112300395965576,-0.45665398240089417,0.38583600521087646
1451312195269,2,0.24542099237442017,-0.5579969882965088,0.07448099553585052
1451312195289,2,0.17460300028324127,-0.3626369833946228,0.013430999591946602
1451312195309,2,0.16605599224567413,-0.10378500074148178,0.0647130012512207
1451312195329,2,0.17948700487613678,-0.01831500045955181,0.1135529950261116
1451312195349,2,0.18681299686431885,-0.14774100482463837,0.10866899788379669
1451312195369,2,0.19902299344539642,-0.3137969970703125,0.08424899727106094
1451312195390,2,0.21855899691581726,-0.18192899227142334,0.08913300186395645
1451312195412,2,0.14896199107170105,-0.03174600005149841,0.1514039933681488
1451312195430,2,-0.007325999904423952,0.04639799892902374,0.14407800137996674
1451312195451,2,-0.06227099895477295,0.12698400020599365,0.07692299783229828
1451312195472,2,0.020756999030709267,0.15262499451637268,0.15506699681282043
1451312195497,2,0.24175800383090973,-0.06593400239944458,0.2637360095977783
1451312195512,2,0.2759459912776947,-0.10866899788379669,0.2551890015602112
1451312195531,2,0.2649570107460022,-0.010989000089466572,0.1575089991092682
1451312195555,2,0.2222220003604889,0.09279599785804749,0.07692299783229828
1451312195572,2,0.19047600030899048,0.12698400020599365,0.08180700242519379
1451312195592,2,0.15018299221992493,0.11965800076723099,0.19658099114894867
1451312195612,2,0.15873000025749207,0.0378509983420372,0.18559199571609497
1451312195631,2,0.13675199449062347,-0.06837599724531174,0.10988999903202057
1451312195652,2,0.13675199449062347,-0.06593400239944458,0.09035399556159973
1451312195672,2,0.13064700365066528,-0.02319899946451187,0.07081799954175949
1451312195692,2,0.030524998903274536,0.03418799862265587,-0.0488400012254715
1451312195712,2,0.07203900068998337,0.11599499732255936,-0.03907199949026108
1451312195732,2,0.17216099798679352,0.17460300028324127,-0.03907199949026108
1451312195752,2,0.24664199352264404,0.21489599347114563,-0.10012199729681015
1451312195773,2,0.25763100385665894,0.3040289878845215,-0.035408999770879745
1451312195792,2,0.20634900033473969,0.32112300395965576,0.15384599566459656
1451312195812,2,0.27960899472236633,0.26251500844955444,0.08913300186395645
1451312195832,2,0.318681001663208,0.24542099237442017,0.04761900007724762
1451312195853,2,0.2380950003862381,0.24175800383090973,0.07814399898052216
1451312195873,2,0.12087900191545486,0.2527469992637634,0.11965800076723099
1451312195894,2,0.05738699808716774,0.28815600275993347,0.05616600066423416
1451312195912,2,-0.10378500074148178,0.3199020028114319,-0.07814399898052216
1451312195932,2,-0.15873000025749207,0.2551890015602112,-0.02930399961769581
1451312195952,2,-0.08180700242519379,0.3028079867362976,0.0024419999681413174
1451312195974,2,0.09401699900627136,0.45665398240089417,0.03418799862265587
1451312195994,2,0.2661779820919037,0.5030519962310791,0.03174600005149841
1451312196013,2,0.37606799602508545,0.0757019966840744,0.20268599689006805
1451312196034,2,0.2747249901294708,-0.20634900033473969,0.2002439945936203
1451312196054,2,0.1294260025024414,-0.308912992477417,0.167276993393898
1451312196074,2,0.01831500045955181,-0.35531100630760193,0.17093999683856964
1451312196095,2,0.00976799987256527,-0.3455429971218109,0.1355309933423996
1451312196113,2,-0.06715499609708786,-0.013430999591946602,-0.06227099895477295
1451312196135,2,-0.0757019966840744,0.11965800076723099,-0.05860799923539162
1451312196155,2,-0.006105000153183937,0.11843699961900711,0.0757019966840744
1451312196174,2,0.11599499732255936,0.013430999591946602,0.19902299344539642
1451312196201,2,0.211232990026474,-0.10378500074148178,0.2429789900779724
1451312196214,2,0.2380950003862381,-0.18070799112319946,0.2698409855365753
1451312196234,2,0.12820500135421753,-0.25763100385665894,0.32844898104667664
1451312196259,2,0.01831500045955181,-0.32722800970077515,0.2429789900779724
1451312196275,2,-0.06715499609708786,-0.3235650062561035,0.13186800479888916
1451312196295,2,-0.03663000091910362,-0.1562879979610443,0.04395600035786629
1451312196314,2,0.0012209999840706587,-0.01831500045955181,0.0024419999681413174
1451312196339,2,-0.19291800260543823,-0.026861999183893204,0.07448099553585052
1451312196356,2,-0.19780199229717255,0.0,0.08913300186395645
1451312196376,2,-0.03174600005149841,-0.004883999936282635,0.07081799954175949
1451312196396,2,0.13186800479888916,-0.035408999770879745,0.07814399898052216
1451312196416,2,0.11233200132846832,-0.08913300186395645,0.1135529950261116
1451312196436,2,-0.0866909995675087,-0.11233200132846832,-0.02930399961769581
1451312196457,2,-0.09279599785804749,-0.06227099895477295,-0.09523800015449524
