1451504167127,1,-0.3040289878845215,-0.8388270139694214,0.35897400975227356
1451504167148,1,-0.012210000306367874,1.2869340181350708,0.38217300176620483
1451504167168,1,0.003662999952211976,1.5384600162506104,0.555554986000061
1451504167188,1,-0.2905980050563812,1.100121021270752,0.26129400730133057
1451504167208,1,-0.5592179894447327,0.9841259717941284,-0.09890099614858627
1451504167229,1,-0.6568979620933533,0.8632469773292542,-0.3882780075073242
1451504167249,1,-0.5641019940376282,0.7155060172080994,-0.44078099727630615
1451504167268,1,-0.3125759959220886,0.5494499802589417,-0.33943799138069153
1451504167288,1,0.22832699120044708,-0.10988999903202057,-0.36507898569107056
1451504167309,1,0.28815600275993347,-0.5347979664802551,-0.5677649974822998
1451504167329,1,0.1562879979610443,-1.1428560018539429,-0.7875449657440186
1451504167349,1,-0.1465200036764145,-1.616603970527649,-0.9511590003967285
1451504167372,1,-0.1562879979610443,-1.5103769302368164,-1.08058500289917
1451504167389,1,-0.02808300033211708,-0.8705729842185974,-0.9096449613571167
1451504167410,1,0.43589699268341064,0.2771669924259186,0.059829000383615494
1451504167430,1,0.6092789769172668,0.4481070041656494,0.37118399143218994
1451504167449,1,0.6202679872512817,0.36996299028396606,0.2588520050048828
1451504167472,1,0.5006099939346313,0.3040289878845215,0.06959699839353561
1451504167495,1,0.3455429971218109,0.3833940029144287,-0.00976799987256527
1451504167510,1,0.3846150040626526,0.6202679872512817,-0.010989000089466572
1451504167530,1,0.5152620077133179,0.6666659712791443,0.11111100018024445
1451504167550,1,0.6239309906959534,0.689864993095398,0.2710619866847992
1451504167570,1,0.6043949723243713,0.47863200306892395,0.4603169858455658
1451504167590,1,0.49938899278640747,0.4444440007209778,0.5604389905929565
1451504167611,1,0.4236869812011719,-0.3748469948768616,1.9145280122756958
1451504167631,1,0.8253960013389587,0.2551890015602112,2.714282989501953
1451504167651,1,0.8070809841156006,0.689864993095398,2.733819007873535
1451504167678,1,0.416361004114151,0.6361410021781921,2.402927875518799
1451504167692,1,0.1465200036764145,-0.007325999904423952,1.525028944015503
1451504167711,1,-0.15506699681282043,-0.689864993095398,0.3785099983215332
1451504167732,1,-0.7118430137634277,-1.0134299993515015,0.42979198694229126
1451504167751,1,-0.38217300176620483,-0.7289369702339172,0.26739898324012756
1451504167772,1,0.12087900191545486,-0.5970689654350281,-0.03296700119972229
1451504167792,1,0.5970689654350281,-0.15018299221992493,-0.2661779820919037
1451504167811,1,0.7228319644927979,0.35531100630760193,-0.34432199597358704
1451504167833,1,-0.014651999808847904,0.40659299492836,-0.3956039845943451
1451504167852,1,-0.33333298563957214,0.2771669924259186,-0.5018309950828552
1451504167872,1,-0.4798530042171478,-0.04395600035786629,-0.6935279965400696
1451504167897,1,-0.5311350226402283,-0.28327199816703796,-1.0048829317092896
1451504167912,1,-0.6361410021781921,-0.30036598443984985,-1.2905969619750977
1451504167933,1,-0.8962140083312988,-0.33821699023246765,-1.3919399976730347
1451504167953,1,-0.8168489933013916,-0.39194098114967346,-1.3711830377578735
1451504167973,1,-0.5909640192985535,-0.5750910043716431,-1.400486946105957
1451504167993,1,-0.27960899472236633,-0.9438329935073853,-1.4481059312820435
1451504168013,1,0.1465200036764145,-1.562880039215088,-1.5238080024719238
1451504168033,1,0.760683000087738,-1.771670937538147,-1.5799739360809326
1451504168056,1,0.12087900191545486,-2.8901069164276123,-0.49572598934173584
1451504168073,1,-0.003662999952211976,-1.5140399932861328,-0.19047600030899048
1451504168094,1,-0.26251500844955444,-0.5506709814071655,-0.2002439945936203
1451504168114,1,-0.5177040100097656,0.0,-0.2771669924259186
1451504168134,1,-0.6849809885025024,-0.2051279991865158,-0.21489599347114563
1451504168158,1,-0.4652009904384613,-0.5067149996757507,-0.026861999183893204
1451504168173,1,-0.3772889971733093,-0.18803399801254272,0.13186800479888916
1451504168194,1,-0.34920600056648254,-0.18070799112319946,0.29548200964927673
1451504168214,1,-0.27228298783302307,-0.3956039845943451,0.36019498109817505
1451504168234,1,-0.22466400265693665,-0.6617819666862488,0.3406589925289154
1451504168255,1,-0.054944999516010284,-0.41391900181770325,0.4017089903354645
1451504168274,1,0.25152599811553955,0.04639799892902374,0.5018309950828552
1451504168295,1,0.555554986000061,0.536018967628479,0.627593994140625
1451504168315,1,0.6422460079193115,0.5958479642868042,0.7716720104217529
1451504168335,1,0.5836380124092102,0.6007319688796997,0.6581189632415771
1451504168357,1,0.504272997379303,0.5763120055198669,0.3785099983215332
1451504168375,1,0.4969469904899597,0.5592179894447327,0.12332099676132202
1451504168395,1,0.4859579801559448,0.4554329812526703,0.007325999904423952
1451504168415,1,0.4664219915866852,0.3785099983215332,-0.16605599224567413
1451504168435,1,0.4615379869937897,0.42002400755882263,-0.22588500380516052
1451504168457,1,0.45665398240089417,0.3357749879360199,-0.1782660037279129
1451504168475,1,0.5396819710731506,-0.06715499609708786,0.012210000306367874
1451504168495,1,0.5677649974822998,-0.14163599908351898,0.050060998648405075
1451504168516,1,0.5641019940376282,-0.14163599908351898,0.04151399806141853
1451504168536,1,0.47863200306892395,-0.07448099553585052,0.06104999780654907
1451504168556,1,0.35531100630760193,-0.0378509983420372,0.07936500012874603
1451504168576,1,0.2771669924259186,-0.07936500012874603,0.19780199229717255
1451504168596,1,0.3199020028114319,-0.04151399806141853,0.10500600188970566
1451504168616,1,0.3369959890842438,-0.11477399617433548,0.014651999808847904
1451504168637,1,0.3577530086040497,-0.2319899946451187,0.020756999030709267
1451504168657,1,0.3516480028629303,-0.4432229995727539,0.035408999770879745
1451504168677,1,0.08546999841928482,0.34798499941825867,0.007325999904423952
1451504168697,1,-0.2600730061531067,0.5152620077133179,-0.003662999952211976
1451504168717,1,-0.27960899472236633,0.5347979664802551,-0.03296700119972229
1451504168737,1,-0.17460300028324127,0.49084198474884033,0.004883999936282635
1451504168758,1,-0.007325999904423952,0.5470079779624939,0.05738699808716774
1451504168778,1,0.12698400020599365,0.8998770117759705,0.24786299467086792
1451504168798,1,0.4444440007209778,1.2478619813919067,0.5873010158538818
1451504168818,1,0.5213670134544373,0.844931960105896,0.45054900646209717
1451504168838,1,0.47252699732780457,0.2747249901294708,0.0757019966840744
1451504168858,1,0.334553986787796,-0.18192899227142334,-0.1514039933681488
1451504168877,1,0.19658099114894867,-0.3308909833431244,-0.22344300150871277
1451504168897,1,0.03418799862265587,-0.11843699961900711,-0.1452990025281906
1451504168918,1,0.02319899946451187,-0.017093999311327934,-0.09279599785804749
1451504168945,1,0.1025639995932579,-0.0647130012512207,-0.09523800015449524
1451504168962,1,0.2222220003604889,-0.2527469992637634,-0.13308899104595184
1451504168979,2,0.3357749879360199,-0.48962098360061646,-0.20757000148296356
1451504168998,2,0.3675209879875183,-0.6190469861030579,-0.27960899472236633
1451504169019,2,0.30036598443984985,-0.5433449745178223,-0.21977999806404114
1451504169042,2,0.22588500380516052,-0.3882780075073242,-0.19780199229717255
1451504169059,2,0.21367499232292175,-0.24786299467086792,-0.23565299808979034
1451504169090,2,0.2051279991865158,-0.23687399923801422,-0.24786299467086792
1451504169103,2,0.14896199107170105,-0.2808299958705902,-0.2429789900779724
1451504169119,2,0.07326000183820724,-0.2661779820919037,-0.2002439945936203
1451504169139,2,0.06227099895477295,-0.20146499574184418,-0.1294260025024414
1451504169159,2,0.07448099553585052,-0.09645900130271912,-0.08424899727106094
1451504169180,2,0.11965800076723099,-0.03663000091910362,-0.08424899727106094
1451504169200,2,0.17460300028324127,0.003662999952211976,-0.06349200010299683
1451504169220,2,0.27350398898124695,-0.2380950003862381,-0.015873000025749207
1451504169242,2,0.25152599811553955,-0.2600730061531067,-0.004883999936282635
1451504169260,2,0.1941390037536621,-0.24175800383090973,0.026861999183893204
1451504169280,2,0.10866899788379669,-0.1562879979610443,0.03296700119972229
1451504169301,2,0.0378509983420372,-0.030524998903274536,0.013430999591946602
1451504169321,2,0.02319899946451187,0.020756999030709267,0.040293000638484955
1451504169341,2,0.09523800015449524,-0.040293000638484955,0.06349200010299683
1451504169366,2,0.15018299221992493,-0.0488400012254715,0.08791200071573257
1451504169381,2,0.16605599224567413,0.00976799987256527,0.11599499732255936
1451504169402,2,0.14285700023174286,0.08546999841928482,0.13308899104595184
1451504169421,2,0.07814399898052216,0.1782660037279129,0.16483499109745026
1451504169442,2,-0.02319899946451187,0.23931600153446198,0.32722800970077515
1451504169462,2,-0.007325999904423952,0.167276993393898,0.4102559983730316
1451504169482,2,-0.32844898104667664,-0.07203900068998337,-1.9291800260543823
1451504169501,2,-0.4481070041656494,1.5457860231399536,-0.7032960057258606
1451504169522,2,-0.37606799602508545,0.4151400029659271,-0.03663000091910362
1451504169545,2,-0.2490839958190918,-0.2808299958705902,0.5946269631385803
1451504169561,2,-0.3882780075073242,-0.3785099983215332,0.47252699732780457
1451504169582,2,-0.40415099263191223,-0.19902299344539642,0.21001200377941132
1451504169602,2,-0.32600700855255127,-0.026861999183893204,-0.09645900130271912
1451504169622,2,-0.20390699803829193,0.10378500074148178,-0.20634900033473969
1451504169642,2,0.2637360095977783,0.15262499451637268,-0.0647130012512207
1451504169663,2,0.32112300395965576,0.15018299221992493,0.06837599724531174
1451504169682,2,0.299144983291626,0.13186800479888916,0.18070799112319946
1451504169703,2,0.27960899472236633,0.13919399678707123,0.18681299686431885
1451504169723,2,0.2710619866847992,0.11843699961900711,0.1294260025024414
1451504169750,2,0.2490839958190918,0.06104999780654907,0.11233200132846832
1451504169763,2,0.390720009803772,-0.4920629858970642,0.1245419979095459
1451504169783,2,0.5018309950828552,-0.9035400152206421,0.09890099614858627
1451504169804,2,0.24786299467086792,-0.4810740053653717,0.07814399898052216
1451504169824,2,0.09157499670982361,-0.308912992477417,0.22954799234867096
1451504169843,2,-0.14774100482463837,-0.2979239821434021,0.34920600056648254
1451504169863,2,-0.4212450087070465,0.021978000178933144,0.5262510180473328
1451504169883,2,-0.24175800383090973,-0.06104999780654907,0.44078099727630615
1451504169904,2,0.08424899727106094,-0.3638579845428467,0.2710619866847992
1451504169924,2,0.32844898104667664,-0.4615379869937897,0.1941390037536621
1451504169943,2,0.4371179938316345,-0.11477399617433548,0.23443199694156647
1451504169964,2,0.2588520050048828,0.49572598934173584,0.18559199571609497
1451504169984,2,0.09645900130271912,0.44078099727630615,0.06959699839353561
1451504170004,2,0.03418799862265587,0.06715499609708786,-0.08180700242519379
1451504170031,2,0.10988999903202057,-0.26861998438835144,-0.19902299344539642
1451504170045,2,0.16361400485038757,-0.3833940029144287,-0.1782660037279129
1451504170064,2,0.10744799673557281,-0.2551890015602112,-0.08424899727106094
1451504170085,2,0.0012209999840706587,0.05616600066423416,0.07203900068998337
1451504170105,2,-0.012210000306367874,0.12820500135421753,0.03296700119972229
1451504170125,2,-0.01953599974513054,0.12332099676132202,-0.01953599974513054
1451504170145,2,-0.10378500074148178,0.18803399801254272,-0.03907199949026108
1451504170165,2,-0.24175800383090973,0.3076919913291931,-0.04151399806141853
1451504170188,2,-0.0488400012254715,0.26251500844955444,-0.08180700242519379
1451504170205,2,0.09279599785804749,0.19780199229717255,-0.03296700119972229
1451504170225,2,0.2161169946193695,0.06349200010299683,0.02319899946451187
1451504170246,2,0.3675209879875183,-0.050060998648405075,0.059829000383615494
1451504170265,2,0.4639799892902374,-0.1355309933423996,0.08058600127696991
1451504170286,2,0.4529910087585449,-0.28937700390815735,-0.054944999516010284
1451504170306,2,0.28327199816703796,-0.32112300395965576,-0.12576299905776978
1451504170326,2,0.1294260025024414,-0.3894990086555481,-0.1452990025281906
1451504170346,2,0.10500600188970566,-0.4822950065135956,-0.1452990025281906
1451504170385,2,0.16117200255393982,-0.4615379869937897,-0.10622699558734894
1451504170390,2,0.24053700268268585,-0.4285709857940674,-0.03907199949026108
1451504170407,2,0.48962098360061646,-0.6361410021781921,0.08302799612283707
1451504170430,2,0.5567759871482849,-0.7008540034294128,0.00976799987256527
1451504170447,2,0.5006099939346313,-0.6056159734725952,-0.06837599724531174
1451504170468,2,0.3638579845428467,-0.30158698558807373,-0.0866909995675087
1451504170488,2,0.2759459912776947,0.07692299783229828,-0.07081799954175949
1451504170508,2,0.5897430181503296,-0.06104999780654907,-0.09157499670982361
1451504170528,2,0.37118399143218994,-0.008546999655663967,-0.07814399898052216
1451504170547,2,0.22100099921226501,-0.03418799862265587,-0.17216099798679352
1451504170568,2,0.030524998903274536,-0.23931600153446198,-0.30036598443984985
1451504170588,2,-0.16605599224567413,-0.6837599873542786,-0.4017089903354645
1451504170608,2,-0.4334549903869629,-1.3015860319137573,-0.42002400755882263
1451504170629,2,-0.4652009904384613,-1.0146509408950806,-0.35897400975227356
1451504170648,2,-0.5152620077133179,-0.5750910043716431,-0.14163599908351898
1451504170668,2,-0.7973129749298096,0.3992669880390167,0.14896199107170105
1451504170688,2,-0.7753350138664246,0.7948709726333618,0.19169700145721436
1451504170709,2,-0.5714280009269714,0.432233989238739,0.32234400510787964
1451504170733,2,0.07203900068998337,0.05616600066423416,0.27960899472236633
1451504170749,2,0.3467639982700348,-0.0647130012512207,0.38217300176620483
1451504170769,2,0.3150179982185364,-0.25641000270843506,0.3528690040111542
1451504170789,2,0.08180700242519379,0.598289966583252,0.2759459912776947
1451504170809,2,-0.2051279991865158,1.8876659870147705,0.24175800383090973
1451504170834,2,-0.390720009803772,2.5177018642425537,-0.5848590135574341
1451504170849,2,-0.26739898324012756,1.9572629928588867,-0.5909640192985535
1451504170870,2,-0.04395600035786629,1.5811949968338013,-0.3406589925289154
1451504170890,2,0.1575089991092682,1.0781430006027222,-0.045176997780799866
1451504170915,2,0.4859579801559448,0.5995109677314758,0.1245419979095459
1451504170929,2,1.3211219310760498,0.36996299028396606,0.09279599785804749
1451504170950,2,1.2637349367141724,0.4542119801044464,0.1562879979610443
1451504170970,2,0.9938939809799194,0.4798530042171478,0.2905980050563812
1451504170990,2,0.6642239689826965,0.4273499846458435,0.35897400975227356
1451504171013,1,0.318681001663208,0.3150179982185364,0.27960899472236633
1451504171030,1,-0.2661779820919037,0.6043949723243713,-0.007325999904423952
1451504171051,1,-0.22954799234867096,0.2380950003862381,-0.05738699808716774
1451504171071,1,0.050060998648405075,-0.20879100263118744,-0.17460300028324127
1451504171091,1,0.12332099676132202,-0.3125759959220886,-0.13919399678707123
1451504171111,1,0.045176997780799866,-0.20634900033473969,-0.11965800076723099
1451504171130,1,-0.045176997780799866,-0.211232990026474,-0.1733819991350174
1451504171151,1,-0.13430999219417572,-0.2441999912261963,-0.1684979945421219
1451504171171,1,-0.11477399617433548,-0.12820500135421753,-0.11965800076723099
1451504171191,1,-0.08913300186395645,-0.07814399898052216,-0.0647130012512207
1451504171212,1,-0.08913300186395645,-0.03296700119972229,-0.1135529950261116
1451504171232,1,-0.014651999808847904,0.015873000025749207,-0.1843709945678711
1451504171252,1,0.2222220003604889,0.026861999183893204,-0.17093999683856964
1451504171272,1,0.31746000051498413,-0.06104999780654907,-0.09890099614858627
1451504171292,1,0.3418799936771393,-0.11111100018024445,0.012210000306367874
1451504171313,1,0.32234400510787964,-0.054944999516010284,0.10134299844503403
1451504171332,1,0.29426100850105286,0.1404149979352951,0.15384599566459656
1451504171352,1,0.23565299808979034,0.504272997379303,0.25763100385665894
1451504171372,1,0.25763100385665894,0.5201460123062134,0.3577530086040497
1451504171392,1,0.2747249901294708,0.48351600766181946,0.46886399388313293
1451504171412,1,0.2429789900779724,0.49450498819351196,0.5396819710731506
1451504171432,1,0.16361400485038757,0.782660961151123,0.43589699268341064
1451504171453,1,0.5274720191955566,-0.1575089991092682,1.7301570177078247
1451504171473,1,1.0122089385986328,-0.7106220126152039,1.791206955909729
1451504171496,1,0.40415099263191223,-0.2271059900522232,0.49450498819351196
1451504171519,1,-0.3894990086555481,0.39682498574256897,-0.6129419803619385
1451504171533,1,-0.9914519786834717,0.54578697681427,-0.6019529700279236
1451504171554,1,-1.216115951538086,0.2319899946451187,0.06104999780654907
1451504171574,1,-0.17460300028324127,-0.5579969882965088,0.19169700145721436
1451504171594,1,0.49084198474884033,-0.7948709726333618,-0.0647130012512207
1451504171614,1,0.7484729886054993,-0.6581189632415771,-0.17460300028324127
1451504171634,1,0.5115990042686462,-0.3406589925289154,-0.15873000025749207
1451504171654,1,0.08791200071573257,-0.06715499609708786,-0.14407800137996674
1451504171675,1,-0.13430999219417572,-0.1941390037536621,-0.334553986787796
1451504171694,1,0.054944999516010284,-0.35409000515937805,-0.42612898349761963
1451504171714,1,0.23565299808979034,-0.3797309994697571,-0.4017089903354645
1451504171734,1,0.32234400510787964,-0.35531100630760193,-0.2441999912261963
1451504171754,1,0.33943799138069153,-0.3357749879360199,-0.06959699839353561
1451504171775,1,0.33821699023246765,-0.3357749879360199,-0.004883999936282635
1451504171795,1,0.25763100385665894,-0.211232990026474,-0.08302799612283707
1451504171815,1,0.24786299467086792,-0.11721599847078323,-0.11721599847078323
1451504171835,1,0.2857140004634857,-0.07081799954175949,-0.12698400020599365
1451504171855,1,0.34432199597358704,-0.09157499670982361,-0.054944999516010284
1451504171875,1,0.35531100630760193,-0.195360004901886,0.054944999516010284
1451504171896,1,0.32600700855255127,-0.36019498109817505,0.05860799923539162
1451504171921,1,0.3199020028114319,-0.32844898104667664,0.026861999183893204
1451504171936,1,0.31135499477386475,-0.2490839958190918,0.030524998903274536
1451504171956,1,0.27838799357414246,-0.1623930037021637,0.05250300094485283
1451504171976,1,0.2490839958190918,-0.13186800479888916,0.10012199729681015
1451504172005,1,0.2380950003862381,-0.1941390037536621,0.17093999683856964
1451504172016,1,0.24786299467086792,-0.2051279991865158,0.16117200255393982
1451504172037,1,0.22954799234867096,-0.21001200377941132,0.1294260025024414
1451504172057,1,0.23443199694156647,-0.16605599224567413,0.09157499670982361
1451504172077,1,0.23443199694156647,-0.10744799673557281,0.050060998648405075
1451504172098,1,0.22832699120044708,-0.02319899946451187,0.008546999655663967
1451504172116,1,0.195360004901886,-0.01953599974513054,0.017093999311327934
1451504172137,1,0.1733819991350174,-0.06715499609708786,0.026861999183893204
1451504172157,1,0.12820500135421753,-0.07814399898052216,0.02442000061273575
1451504172178,1,0.08546999841928482,-0.0647130012512207,0.004883999936282635
1451504172198,1,0.030524998903274536,-0.01831500045955181,-0.0024419999681413174
1451504172218,1,-0.06227099895477295,-0.01953599974513054,0.0012209999840706587
1451504172238,1,-0.097680002450943,-0.02808300033211708,-0.013430999591946602
1451504172258,1,-0.11965800076723099,-0.02930399961769581,-0.06593400239944458
1451504172278,1,-0.1575089991092682,-0.04273499920964241,-0.06959699839353561
1451504172298,1,-0.19047600030899048,-0.09035399556159973,-0.045176997780799866
1451504172318,1,-0.293040007352829,-0.1452990025281906,-0.09401699900627136
1451504172338,1,-0.3516480028629303,-0.09035399556159973,-0.11111100018024445
1451504172358,1,-0.40659299492836,0.02442000061273575,-0.07448099553585052
1451504172379,1,-0.3943829834461212,0.10622699558734894,-0.04151399806141853
1451504172398,1,-0.3076919913291931,0.19658099114894867,-0.025640999898314476
1451504172418,1,-0.1684979945421219,0.25152599811553955,0.025640999898314476
1451504172439,1,0.17582400143146515,0.18192899227142334,0.12698400020599365
1451504172459,1,0.2539680004119873,0.09890099614858627,0.1025639995932579
1451504172479,1,0.18559199571609497,0.06104999780654907,0.045176997780799866
1451504172499,1,0.01953599974513054,0.09035399556159973,0.0
1451504172519,1,-0.09523800015449524,0.08058600127696991,0.0012209999840706587
1451504172540,1,-0.012210000306367874,0.2551890015602112,0.030524998903274536
1451504172560,1,0.10866899788379669,0.38217300176620483,0.08791200071573257
1451504172580,1,0.2161169946193695,0.3992669880390167,0.13797299563884735
1451504172600,1,0.2771669924259186,0.2600730061531067,0.16971899569034576
1451504172620,1,0.299144983291626,0.045176997780799866,0.167276993393898
1451504172640,1,0.10134299844503403,-0.08913300186395645,0.13064700365066528
1451504172660,1,-0.07203900068998337,-0.0647130012512207,0.12698400020599365
1451504172683,1,-0.19047600030899048,-0.05128199979662895,0.05616600066423416
1451504172700,1,-0.2161169946193695,0.08913300186395645,-0.050060998648405075
1451504172721,1,-0.16361400485038757,0.2503049969673157,-0.07814399898052216
1451504172740,1,-0.03418799862265587,0.22832699120044708,-0.06227099895477295
1451504172760,1,0.2808299958705902,-0.08913300186395645,0.10378500074148178
1451504172780,1,0.32234400510787964,-0.15262499451637268,0.18681299686431885
1451504172801,1,0.2649570107460022,-0.11965800076723099,0.22832699120044708
1451504172821,1,0.1452990025281906,-0.06837599724531174,0.19169700145721436
1451504172841,1,0.05250300094485283,-0.020756999030709267,0.1135529950261116
1451504172861,1,0.10012199729681015,0.05738699808716774,0.03907199949026108
1451504172881,1,0.16605599224567413,0.05860799923539162,0.04151399806141853
1451504172901,1,0.20879100263118744,0.03174600005149841,0.07081799954175949
1451504172922,1,0.21367499232292175,0.0024419999681413174,0.09401699900627136
1451504172941,1,0.18559199571609497,0.025640999898314476,0.09523800015449524
1451504172961,1,0.13308899104595184,0.02808300033211708,0.006105000153183937
1451504172982,1,0.12332099676132202,-0.013430999591946602,-0.05616600066423416
1451504173002,1,0.10378500074148178,-0.01831500045955181,-0.0866909995675087
1451504173022,1,0.07081799954175949,0.0378509983420372,-0.08546999841928482
1451504173042,2,0.050060998648405075,0.11721599847078323,-0.04395600035786629
1451504173063,2,0.05128199979662895,0.07936500012874603,-0.007325999904423952
1451504173085,2,0.08546999841928482,0.020756999030709267,-0.02930399961769581
1451504173103,2,0.10988999903202057,-0.021978000178933144,-0.03174600005149841
1451504173123,2,0.13919399678707123,-0.006105000153183937,-0.02319899946451187
1451504173143,2,0.15873000025749207,0.04273499920964241,-0.012210000306367874
1451504173163,2,0.1623930037021637,0.07936500012874603,0.017093999311327934
1451504173185,2,0.16605599224567413,-0.00976799987256527,0.050060998648405075
1451504173203,2,0.18681299686431885,-0.08180700242519379,0.02319899946451187
1451504173224,2,0.18803399801254272,-0.11233200132846832,0.007325999904423952
1451504173244,2,0.1892549991607666,-0.06715499609708786,0.021978000178933144
1451504173264,2,0.18192899227142334,0.0024419999681413174,0.030524998903274536
1451504173284,2,0.16605599224567413,-0.0012209999840706587,0.040293000638484955
1451504173304,2,0.1514039933681488,-0.10744799673557281,0.050060998648405075
1451504173324,2,0.13308899104595184,-0.1782660037279129,0.05738699808716774
1451504173344,2,0.1294260025024414,-0.14407800137996674,0.07814399898052216
1451504173363,2,0.1025639995932579,-0.030524998903274536,0.09523800015449524
1451504173383,2,0.040293000638484955,0.19169700145721436,0.15873000025749207
1451504173405,2,0.0378509983420372,0.11965800076723099,0.21245399117469788
1451504173425,2,0.05860799923539162,-0.04151399806141853,0.2588520050048828
1451504173444,2,0.06104999780654907,-0.13675199449062347,0.2869350016117096
1451504173465,2,-0.24053700268268585,-0.36629998683929443,-1.719167947769165
1451504173485,2,-0.7777770161628723,1.0866899490356445,-1.5482280254364014
1451504173504,2,-0.32112300395965576,0.6776549816131592,0.03907199949026108
1451504173525,2,-0.14896199107170105,0.14285700023174286,0.1843709945678711
1451504173545,2,-0.17460300028324127,-0.8656889796257019,0.13919399678707123
1451504173568,2,-0.2490839958190918,-0.7118430137634277,-0.01953599974513054
1451504173585,2,-0.33333298563957214,-0.19780199229717255,-0.1623930037021637
1451504173605,2,-0.0012209999840706587,0.28327199816703796,-0.299144983291626
1451504173625,2,0.2637360095977783,0.12087900191545486,-0.2002439945936203
1451504173646,2,0.3724049925804138,-0.014651999808847904,-0.07081799954175949
1451504173666,2,0.3296699821949005,-0.07692299783229828,0.020756999030709267
1451504173687,2,0.25152599811553955,-0.0647130012512207,0.025640999898314476
1451504173706,2,0.2600730061531067,-0.12209999561309814,0.0
1451504173726,2,0.34432199597358704,-0.3150179982185364,-0.01953599974513054
1451504173747,2,0.42979198694229126,-0.5225880146026611,-0.05372399836778641
1451504173767,2,0.44078099727630615,-0.8144069910049438,-0.030524998903274536
1451504173786,2,0.4053719937801361,-0.9145289659500122,0.017093999311327934
1451504173807,2,0.31135499477386475,-0.8620259761810303,0.07448099553585052
1451504173827,2,0.07081799954175949,-1.0952370166778564,0.06959699839353561
1451504173847,2,-0.059829000383615494,-1.0879110097885132,-0.01831500045955181
1451504173867,2,-0.18559199571609497,-0.7765560150146484,-0.012210000306367874
1451504173887,2,-0.3687419891357422,-0.3308909833431244,0.09279599785804749
1451504173908,2,-0.6300359964370728,-0.40903499722480774,0.13675199449062347
1451504173928,2,-1.0219769477844238,-0.8217329978942871,0.04639799892902374
1451504173948,2,-1.153844952583313,-1.100121021270752,0.15506699681282043
1451504173969,2,-1.2185579538345337,-1.1880329847335815,0.3687419891357422
1451504173988,2,-1.2185579538345337,-1.008545994758606,0.54578697681427
1451504174008,2,-1.304028034210205,-0.23931600153446198,0.4615379869937897
1451504174028,2,-1.3211219310760498,0.11111100018024445,-0.05616600066423416
1451504174048,2,-1.1172150373458862,0.0757019966840744,-0.1941390037536621
1451504174068,2,-0.844931960105896,0.18314999341964722,-0.1465200036764145
1451504174088,2,-0.5323559641838074,0.20757000148296356,-0.09157499670982361
1451504174108,2,-0.059829000383615494,-0.017093999311327934,-0.04395600035786629
1451504174128,2,0.13919399678707123,-0.2441999912261963,0.11233200132846832
1451504174149,2,-0.08791200071573257,-0.5799750089645386,-0.059829000383615494
1451504174168,2,-0.01953599974513054,-0.7191689610481262,-0.1892549991607666
1451504174188,2,0.1294260025024414,-0.5811960101127625,-0.1135529950261116
1451504174209,2,0.18192899227142334,-0.28327199816703796,0.1892549991607666
1451504174229,2,0.10134299844503403,0.02930399961769581,0.5934060215950012
1451504174250,2,0.07081799954175949,0.4383389949798584,1.245419979095459
1451504174270,2,0.13430999219417572,0.2637360095977783,1.0695959329605103
1451504174289,2,0.3199020028114319,0.12087900191545486,0.5054939985275269
1451504174310,2,0.6825389862060547,0.26739898324012756,-0.14896199107170105
1451504174330,2,0.9340649843215942,0.5592179894447327,-0.2747249901294708
1451504174352,2,2.2564079761505127,0.2441999912261963,-0.5995109677314758
1451504174369,2,2.675210952758789,0.13186800479888916,-1.0207560062408447
1451504174391,2,2.8168468475341797,0.030524998903274536,-1.1782649755477905
1451504174410,2,2.702072858810425,0.097680002450943,-1.1416349411010742
1451504174430,2,1.8595830202102661,0.15018299221992493,-0.5677649974822998
1451504174450,2,0.6068369746208191,0.42002400755882263,0.06837599724531174
1451504174470,2,-0.03907199949026108,0.2600730061531067,-0.01953599974513054
1451504174491,2,-0.10988999903202057,0.5494499802589417,-0.15018299221992493
1451504174511,2,-0.035408999770879745,0.6434670090675354,-0.19169700145721436
1451504174531,2,0.021978000178933144,0.5787540078163147,-0.13675199449062347
1451504174552,2,0.021978000178933144,0.4554329812526703,0.03174600005149841
1451504174572,2,-0.05860799923539162,0.1733819991350174,0.11721599847078323
1451504174592,2,-0.06715499609708786,-0.06349200010299683,0.1245419979095459
1451504174612,2,0.0024419999681413174,-0.2490839958190918,0.13430999219417572
1451504174632,2,0.06837599724531174,0.021978000178933144,0.2332109957933426
1451504174651,2,-0.006105000153183937,0.5518919825553894,0.31746000051498413
1451504174672,2,-0.2051279991865158,0.7240529656410217,0.3040289878845215
1451504174696,2,-0.08913300186395645,0.5470079779624939,0.11721599847078323
1451504174712,2,0.19902299344539642,0.41880300641059875,-0.22466400265693665
1451504174732,2,0.43589699268341064,-0.02319899946451187,-0.28449299931526184
1451504174754,2,0.7374839782714844,-0.35409000515937805,-0.03907199949026108
1451504174772,2,0.926738977432251,-0.27960899472236633,0.3199020028114319
1451504174793,2,1.0561649799346924,0.5677649974822998,0.3150179982185364
1451504174813,2,0.8412690162658691,1.008545994758606,-0.020756999030709267
1451504174833,2,0.39804598689079285,1.8986549377441406,-0.15384599566459656
1451504174859,2,-0.167276993393898,2.5457849502563477,-0.43589699268341064
1451504174872,2,-0.30036598443984985,1.7826600074768066,-0.432233989238739
1451504174893,2,0.3785099983215332,0.10988999903202057,-0.32722800970077515
1451504174913,2,0.4395599961280823,0.10134299844503403,-0.18559199571609497
1451504174934,2,0.44688600301742554,0.19047600030899048,-0.0024419999681413174
1451504174958,2,0.46764299273490906,0.12698400020599365,0.035408999770879745
1451504174973,2,0.6129419803619385,-0.422465980052948,-0.1294260025024414
1451504174994,2,0.5506709814071655,-1.3833929300308228,-0.3992669880390167
1451504175018,2,0.32600700855255127,-0.7179480195045471,-0.11965800076723099
1451504175034,2,0.12820500135421753,0.05860799923539162,0.2539680004119873
1451504175057,1,0.1733819991350174,0.6532350182533264,0.4383389949798584
1451504175073,1,0.34798499941825867,0.7765560150146484,0.432233989238739
1451504175094,1,0.43589699268341064,0.5616599917411804,0.37606799602508545
1451504175123,1,0.19291800260543823,-0.012210000306367874,0.36507898569107056
1451504175134,1,-0.01953599974513054,0.01953599974513054,0.28327199816703796
1451504175155,1,-0.2698409855365753,0.3406589925289154,0.054944999516010284
1451504175174,1,-0.22100099921226501,0.18803399801254272,-0.10866899788379669
1451504175195,1,-0.06593400239944458,-0.06593400239944458,-0.12209999561309814
1451504175215,1,0.2918190062046051,-0.27228298783302307,-0.04761900007724762
1451504175235,1,0.32600700855255127,-0.18681299686431885,-0.05616600066423416
1451504175256,1,0.22344300150871277,-0.004883999936282635,-0.08302799612283707
1451504175275,1,0.09157499670982361,0.10622699558734894,-0.12087900191545486
1451504175296,1,0.03296700119972229,0.10622699558734894,-0.17216099798679352
1451504175315,1,0.015873000025749207,0.19047600030899048,-0.334553986787796
1451504175336,1,0.01953599974513054,0.2441999912261963,-0.3076919913291931
1451504175356,1,0.035408999770879745,0.2869350016117096,-0.1843709945678711
1451504175376,1,0.08058600127696991,0.2857140004634857,0.003662999952211976
1451504175396,1,0.15995100140571594,0.20879100263118744,0.2527469992637634
1451504175416,1,0.15262499451637268,0.44078099727630615,0.637362003326416
1451504175438,1,0.08913300186395645,-0.9682530164718628,2.0146498680114746
1451504175456,1,1.100121021270752,-1.4542109966278076,2.393159866333008
1451504175477,1,1.162392020225525,-1.1746020317077637,1.8949919939041138
1451504175497,1,0.5225880146026611,-0.06837599724531174,0.167276993393898
1451504175517,1,-0.3565320074558258,1.1074470281600952,-1.4420009851455688
1451504175539,1,-1.3247849941253662,1.3064700365066528,-0.7570199966430664
1451504175557,1,-1.120877981185913,0.23443199694156647,0.3504270017147064
1451504175582,1,-0.5506709814071655,-0.3846150040626526,0.5763120055198669
1451504175597,1,0.07326000183820724,-0.8791199922561646,0.3150179982185364
1451504175617,1,0.5067149996757507,-0.8070809841156006,-0.02808300033211708
1451504175642,1,0.2698409855365753,-0.06715499609708786,0.014651999808847904
1451504175657,1,-0.03907199949026108,0.12209999561309814,0.17093999683856964
1451504175677,1,-0.13675199449062347,0.017093999311327934,0.1355309933423996
1451504175698,1,-0.05860799923539162,-0.23931600153446198,0.02930399961769581
1451504175718,1,0.050060998648405075,-0.34432199597358704,-0.09645900130271912
1451504175739,1,-0.03418799862265587,-0.10378500074148178,-0.02319899946451187
1451504175757,1,-0.06104999780654907,-0.06593400239944458,0.08302799612283707
1451504175783,1,-0.01831500045955181,-0.20390699803829193,0.11965800076723099
1451504175799,1,0.06959699839353561,-0.4590959846973419,0.09035399556159973
1451504175819,1,0.11965800076723099,-0.7338209748268127,0.010989000089466572
1451504175844,1,0.10622699558734894,-0.7557989954948425,-0.10378500074148178
1451504175858,1,-0.15384599566459656,-0.15506699681282043,-0.20146499574184418
1451504175879,1,-0.211232990026474,0.08913300186395645,-0.13797299563884735
1451504175899,1,-0.09401699900627136,0.15995100140571594,-0.08424899727106094
1451504175919,1,0.17460300028324127,-0.02808300033211708,-0.045176997780799866
1451504175939,1,0.4822950065135956,-0.3455429971218109,0.015873000025749207
1451504175964,1,0.6654449701309204,-0.6837599873542786,0.1514039933681488
1451504175979,1,0.4932839870452881,-0.5311350226402283,0.21489599347114563
1451504176000,1,0.2918190062046051,-0.23443199694156647,0.2588520050048828
1451504176020,1,0.15873000025749207,-0.01831500045955181,0.2771669924259186
1451504176040,1,0.2551890015602112,-0.08424899727106094,0.2905980050563812
1451504176060,1,0.8339430093765259,-0.097680002450943,-0.30036598443984985
1451504176080,1,0.9633690118789673,0.006105000153183937,-0.6239309906959534
1451504176100,1,0.8815619945526123,-0.050060998648405075,-0.7374839782714844
1451504176121,1,0.6642239689826965,-0.18192899227142334,-0.6336989998817444
1451504176141,1,0.34310099482536316,-0.4432229995727539,-0.4603169858455658
1451504176160,1,0.0012209999840706587,-0.6935279965400696,-0.39682498574256897
1451504176186,1,-0.38217300176620483,-0.4700849950313568,-0.40903499722480774
1451504176200,1,-0.4432229995727539,-0.3504270017147064,-0.3125759959220886
1451504176221,1,-0.4590959846973419,-0.33211198449134827,-0.19780199229717255
1451504176240,1,-0.4053719937801361,-0.4114769995212555,-0.05616600066423416
1451504176261,1,-0.5299140214920044,-0.4236869812011719,0.18314999341964722
1451504176281,1,-0.8998770117759705,0.010989000089466572,0.6666659712791443
1451504176301,1,-0.7350419759750366,0.04151399806141853,0.7667880058288574
1451504176325,1,-0.33333298563957214,-0.017093999311327934,0.7264949679374695
1451504176341,1,0.15384599566459656,-0.11233200132846832,0.6104999780654907
1451504176361,1,0.5885220170021057,-0.19658099114894867,0.5567759871482849
1451504176382,1,0.7277159690856934,0.08424899727106094,0.5091570019721985
1451504176402,1,0.3785099983215332,0.3040289878845215,0.45054900646209717
1451504176424,1,0.01831500045955181,0.34310099482536316,0.42002400755882263
1451504176441,1,-0.25763100385665894,0.4493280053138733,0.33211198449134827
1451504176462,1,-0.30036598443984985,0.42002400755882263,0.2649570107460022
1451504176483,1,-0.07692299783229828,0.3369959890842438,0.20390699803829193
1451504176502,1,0.586080014705658,0.14285700023174286,0.01831500045955181
1451504176524,1,0.7167270183563232,0.02930399961769581,-0.04395600035786629
1451504176543,1,0.6361410021781921,0.0,-0.07814399898052216
1451504176562,1,0.43467599153518677,0.13675199449062347,-0.08546999841928482
1451504176583,1,0.2503049969673157,0.22954799234867096,-0.07814399898052216
1451504176603,1,0.19291800260543823,0.12332099676132202,-0.06104999780654907
1451504176623,1,0.2649570107460022,0.059829000383615494,0.0024419999681413174
1451504176643,1,0.37118399143218994,-0.01831500045955181,0.04273499920964241
1451504176664,1,0.42002400755882263,-0.02319899946451187,0.02808300033211708
1451504176683,1,0.32844898104667664,0.12209999561309814,0.010989000089466572
1451504176704,1,0.17093999683856964,0.017093999311327934,0.03663000091910362
1451504176724,1,0.22832699120044708,0.06349200010299683,0.05738699808716774
1451504176744,1,0.34920600056648254,0.12820500135421753,0.07448099553585052
1451504176764,1,0.4774110019207001,0.1892549991607666,0.10134299844503403
1451504176784,1,0.5421239733695984,0.16971899569034576,0.10866899788379669
1451504176804,1,0.5189250111579895,0.03907199949026108,0.0866909995675087
1451504176825,1,0.2319899946451187,-0.22344300150871277,0.03907199949026108
1451504176844,1,-0.01953599974513054,-0.07936500012874603,0.07692299783229828
1451504176864,1,-0.3125759959220886,0.5445659756660461,0.09157499670982361
1451504176885,1,-0.2710619866847992,0.7582409977912903,0.04395600035786629
1451504176905,1,-0.06959699839353561,0.5714280009269714,0.0012209999840706587
1451504176925,1,0.30647099018096924,-0.059829000383615494,0.07448099553585052
1451504176945,1,0.3626369833946228,-0.2588520050048828,0.11477399617433548
1451504176965,1,0.31013399362564087,-0.22588500380516052,0.167276993393898
1451504176985,1,0.18681299686431885,-0.06104999780654907,0.16605599224567413
1451504177005,1,0.08180700242519379,0.04639799892902374,0.10378500074148178
1451504177025,1,0.08424899727106094,0.01831500045955181,-0.014651999808847904
1451504177045,1,0.10866899788379669,-0.04639799892902374,-0.00976799987256527
1451504177070,1,0.09157499670982361,-0.04151399806141853,0.05616600066423416
1451504177085,2,0.06227099895477295,0.0,0.10622699558734894
1451504177113,2,0.01953599974513054,0.05616600066423416,0.10988999903202057
1451504177136,2,-0.003662999952211976,0.10866899788379669,0.08546999841928482
1451504177147,2,0.1294260025024414,-0.05738699808716774,0.035408999770879745
1451504177166,2,0.21001200377941132,-0.14896199107170105,0.059829000383615494
1451504177186,2,0.25763100385665894,-0.1843709945678711,0.10012199729681015
1451504177207,2,0.2698409855365753,-0.18070799112319946,0.11965800076723099
1451504177227,2,0.2503049969673157,-0.15995100140571594,0.11233200132846832
1451504177251,2,0.17093999683856964,-0.06104999780654907,0.03296700119972229
1451504177267,2,0.15384599566459656,-0.03418799862265587,0.03296700119972229
1451504177287,2,0.15262499451637268,-0.0757019966840744,0.05372399836778641
1451504177308,2,0.17216099798679352,-0.13675199449062347,0.11233200132846832
1451504177327,2,0.20268599689006805,-0.16971899569034576,0.19780199229717255
1451504177348,2,0.24542099237442017,-0.17460300028324127,0.32600700855255127
1451504177367,2,0.2429789900779724,-0.14774100482463837,0.32722800970077515
1451504177388,2,-0.42979198694229126,0.2857140004634857,-1.6446869373321533
1451504177409,2,-0.08424899727106094,0.8962140083312988,-1.5824159383773804
1451504177428,2,0.24175800383090973,-0.17948700487613678,-0.1733819991350174
1451504177448,2,0.38705700635910034,-0.7912079691886902,0.6398040056228638
1451504177468,2,0.29548200964927673,-0.523809015750885,0.3247860074043274
1451504177488,2,0.14163599908351898,-0.08424899727106094,-0.05372399836778641
1451504177509,2,-0.003662999952211976,0.2747249901294708,-0.20268599689006805
1451504177528,2,-0.05738699808716774,0.34798499941825867,-0.20634900033473969
1451504177549,2,0.010989000089466572,0.13797299563884735,-0.11233200132846832
1451504177569,2,0.08791200071573257,-0.17704500257968903,0.08302799612283707
1451504177589,2,0.13430999219417572,-0.059829000383615494,0.03418799862265587
1451504177615,2,0.19902299344539642,0.059829000383615494,-0.09035399556159973
1451504177633,2,0.23687399923801422,0.12576299905776978,-0.13186800479888916
1451504177649,2,0.21001200377941132,0.10012199729681015,-0.10134299844503403
1451504177670,2,0.14285700023174286,-0.0024419999681413174,0.013430999591946602
1451504177689,2,0.1294260025024414,-0.006105000153183937,0.05250300094485283
1451504177709,2,0.13186800479888916,0.0757019966840744,0.06837599724531174
1451504177730,2,0.18559199571609497,0.1355309933423996,0.01953599974513054
1451504177749,2,0.2527469992637634,0.07692299783229828,-0.0024419999681413174
1451504177769,2,0.25152599811553955,-0.054944999516010284,0.06104999780654907
1451504177790,2,0.2161169946193695,-0.08424899727106094,0.07326000183820724
1451504177810,2,0.17093999683856964,-0.0378509983420372,0.07692299783229828
1451504177830,2,0.12698400020599365,0.03907199949026108,0.06959699839353561
1451504177850,2,0.10500600188970566,0.09279599785804749,0.06349200010299683
1451504177870,2,0.13675199449062347,0.10500600188970566,0.05128199979662895
1451504177892,2,0.2539680004119873,-0.05738699808716774,0.04395600035786629
1451504177919,2,0.2771669924259186,-0.08913300186395645,0.04761900007724762
1451504177931,2,0.211232990026474,-0.03907199949026108,0.06349200010299683
1451504177950,2,0.10866899788379669,0.04151399806141853,0.07814399898052216
1451504177971,2,0.008546999655663967,0.08058600127696991,0.08302799612283707
1451504177992,2,-0.08302799612283707,0.03663000091910362,0.08913300186395645
1451504178010,2,-0.07203900068998337,0.0012209999840706587,0.09035399556159973
1451504178032,2,-0.04395600035786629,-0.03907199949026108,0.10012199729681015
1451504178052,2,0.012210000306367874,-0.045176997780799866,0.08913300186395645
1451504178071,2,0.0866909995675087,-0.020756999030709267,0.06227099895477295
1451504178094,2,0.2869350016117096,0.16483499109745026,-0.030524998903274536
1451504178112,2,0.38217300176620483,0.12209999561309814,-0.07448099553585052
1451504178132,2,0.41880300641059875,0.0488400012254715,-0.05372399836778641
1451504178152,2,0.42612898349761963,0.08546999841928482,-0.05250300094485283
1451504178172,2,0.4810740053653717,0.004883999936282635,-0.010989000089466572
1451504178192,2,0.5848590135574341,-0.09401699900627136,0.05128199979662895
1451504178212,2,0.5946269631385803,-0.0866909995675087,0.20634900033473969
1451504178233,2,0.4981679916381836,-0.06715499609708786,0.3150179982185364
1451504178252,2,0.3528690040111542,-0.1575089991092682,0.35897400975227356
1451504178273,2,0.23565299808979034,-0.31013399362564087,0.38095200061798096
1451504178294,2,0.20634900033473969,-0.3369959890842438,0.2967030107975006
1451504178313,2,0.18803399801254272,-0.1452990025281906,0.18314999341964722
1451504178333,2,0.18070799112319946,-0.16361400485038757,0.1941390037536621
1451504178353,2,0.15018299221992493,-0.15506699681282043,0.1843709945678711
1451504178373,2,0.054944999516010284,-0.20390699803829193,0.20757000148296356
1451504178395,2,0.04639799892902374,-0.20146499574184418,0.2503049969673157
1451504178413,2,0.3626369833946228,0.21245399117469788,0.1294260025024414
1451504178433,2,0.2808299958705902,0.15995100140571594,0.1465200036764145
1451504178453,2,0.23931600153446198,0.07936500012874603,0.18070799112319946
1451504178480,2,0.13064700365066528,-0.09890099614858627,0.15262499451637268
1451504178494,2,-0.01831500045955181,-0.15873000025749207,0.12332099676132202
1451504178514,2,-0.1452990025281906,-0.2503049969673157,0.05128199979662895
1451504178534,2,-0.195360004901886,-0.23076899349689484,-0.030524998903274536
1451504178554,2,-0.05616600066423416,-0.08302799612283707,-0.08424899727106094
1451504178575,2,0.0866909995675087,-0.03174600005149841,-0.10012199729681015
1451504178595,2,0.09279599785804749,0.008546999655663967,-0.06959699839353561
1451504178620,2,-0.0012209999840706587,0.08424899727106094,-0.05250300094485283
1451504178635,2,-0.12332099676132202,0.1465200036764145,-0.03174600005149841
1451504178655,2,-0.16605599224567413,0.3247860074043274,-0.012210000306367874
1451504178675,2,-0.17948700487613678,0.5873010158538818,-0.008546999655663967
1451504178695,2,-0.08302799612283707,0.6703289747238159,-0.030524998903274536
1451504178715,2,0.013430999591946602,0.6630029678344727,-0.07692299783229828
1451504178736,2,0.08424899727106094,0.5164830088615417,-0.08180700242519379
1451504178756,2,0.08913300186395645,0.3296699821949005,-0.06837599724531174
1451504178775,2,0.09523800015449524,0.17460300028324127,-0.035408999770879745
1451504178795,2,0.06593400239944458,0.1404149979352951,0.004883999936282635
1451504178816,2,0.01953599974513054,0.18314999341964722,0.025640999898314476
1451504178836,2,0.03418799862265587,0.17093999683856964,0.02442000061273575
1451504178856,2,0.04273499920964241,0.20634900033473969,-0.05860799923539162
1451504178882,2,-0.04639799892902374,0.2710619866847992,-0.06715499609708786
1451504178912,2,-0.16483499109745026,0.31746000051498413,-0.05250300094485283
1451504178918,2,-0.3137969970703125,0.29548200964927673,0.0
1451504178936,2,-0.45787498354911804,0.21733799576759338,0.06227099895477295
1451504178956,2,-0.5787540078163147,0.050060998648405075,0.0488400012254715
1451504178976,2,-0.5177040100097656,0.0378509983420372,-0.015873000025749207
1451504178997,2,-0.34798499941825867,0.02442000061273575,-0.08180700242519379
1451504179016,2,-0.17093999683856964,-0.04639799892902374,-0.13064700365066528
1451504179037,2,-0.07814399898052216,-0.10866899788379669,-0.09035399556159973
1451504179057,2,-0.0866909995675087,-0.27960899472236633,0.0647130012512207
1451504179077,2,-0.10012199729681015,-0.30158698558807373,0.07814399898052216
