1451504198752,1,-0.23565299808979034,-0.13308899104595184,-0.26739898324012756
1451504198772,1,-0.22588500380516052,-0.1684979945421219,-0.14896199107170105
1451504198791,1,-0.2503049969673157,-0.07081799954175949,-0.18314999341964722
1451504198811,1,-0.3296699821949005,-0.1025639995932579,-0.20634900033473969
1451504198832,1,-0.24786299467086792,-0.0866909995675087,-0.02442000061273575
1451504198852,1,-0.07203900068998337,-0.2600730061531067,0.10500600188970566
1451504198871,1,0.13797299563884735,-0.3418799936771393,0.1941390037536621
1451504198892,1,0.2979239821434021,-0.2820509970188141,0.2588520050048828
1451504198912,1,0.4590959846973419,-0.04273499920964241,0.26129400730133057
1451504198932,1,0.49572598934173584,-0.013430999591946602,0.19902299344539642
1451504198953,1,0.4664219915866852,0.03174600005149841,0.14285700023174286
1451504198972,1,0.4004879891872406,0.0378509983420372,0.12820500135421753
1451504198993,1,0.32234400510787964,0.03663000091910362,0.13919399678707123
1451504199013,1,0.2820509970188141,0.1782660037279129,0.1355309933423996
1451504199033,1,0.3956039845943451,0.28815600275993347,0.12209999561309814
1451504199053,1,0.40781399607658386,0.23443199694156647,0.07692299783229828
1451504199073,1,0.37606799602508545,0.20390699803829193,0.02442000061273575
1451504199098,1,0.36507898569107056,0.16605599224567413,-0.015873000025749207
1451504199113,1,0.40292999148368835,0.09157499670982361,-0.0757019966840744
1451504199133,1,0.5702069997787476,0.17216099798679352,-0.05128199979662895
1451504199155,1,0.6007319688796997,0.1514039933681488,-0.059829000383615494
1451504199173,1,0.6092789769172668,0.13919399678707123,-0.07448099553585052
1451504199193,1,0.6068369746208191,0.050060998648405075,-0.11233200132846832
1451504199214,1,0.5677649974822998,-0.025640999898314476,-0.13308899104595184
1451504199234,1,0.37118399143218994,0.12820500135421753,-0.18681299686431885
1451504199253,1,0.24542099237442017,0.2600730061531067,-0.14896199107170105
1451504199274,1,0.19780199229717255,0.3577530086040497,-0.045176997780799866
1451504199295,1,0.1404149979352951,0.30647099018096924,0.12209999561309814
1451504199314,1,0.08058600127696991,0.2710619866847992,0.2808299958705902
1451504199335,1,0.4652009904384613,-0.8595839738845825,1.070816993713379
1451504199356,1,1.245419979095459,-2.0231969356536865,1.6617809534072876
1451504199375,1,0.9389489889144897,-0.9938939809799194,0.7191689610481262
1451504199395,1,0.14163599908351898,0.31013399362564087,-0.10622699558734894
1451504199415,1,-0.5763120055198669,0.7680090069770813,-0.2747249901294708
1451504199435,1,-0.8803409934043884,0.8998770117759705,-0.20634900033473969
1451504199461,1,-0.308912992477417,0.3724049925804138,-0.04639799892902374
1451504199475,1,0.22466400265693665,-0.22588500380516052,0.0378509983420372
1451504199496,1,0.5177040100097656,-0.32844898104667664,0.08058600127696991
1451504199516,1,0.5054939985275269,-0.27228298783302307,0.06104999780654907
1451504199536,1,0.3247860074043274,-0.20146499574184418,0.054944999516010284
1451504199556,1,-0.004883999936282635,-0.14285700023174286,0.020756999030709267
1451504199576,1,-0.09035399556159973,-0.15995100140571594,-0.01831500045955181
1451504199596,1,-0.14407800137996674,-0.1245419979095459,-0.02319899946451187
1451504199616,1,-0.12576299905776978,-0.0866909995675087,-0.00976799987256527
1451504199636,1,-0.07326000183820724,-0.09523800015449524,-0.030524998903274536
1451504199656,1,-0.03174600005149841,-0.07936500012874603,-0.05250300094485283
1451504199676,1,-0.05128199979662895,-0.03296700119972229,-0.054944999516010284
1451504199697,1,-0.07081799954175949,0.03174600005149841,-0.06227099895477295
1451504199717,1,-0.07814399898052216,0.09401699900627136,-0.08302799612283707
1451504199737,1,-0.040293000638484955,0.026861999183893204,-0.08058600127696991
1451504199757,1,0.08546999841928482,-0.3504270017147064,-0.08546999841928482
1451504199777,1,-0.09401699900627136,0.19780199229717255,-0.02930399961769581
1451504199797,1,-0.09157499670982361,0.37606799602508545,-0.017093999311327934
1451504199818,1,-0.012210000306367874,0.054944999516010284,0.06349200010299683
1451504199837,1,0.035408999770879745,-0.025640999898314476,0.06715499609708786
1451504199857,1,0.010989000089466572,-0.06227099895477295,0.03663000091910362
1451504199878,1,0.11477399617433548,-0.195360004901886,-0.013430999591946602
1451504199898,1,0.13064700365066528,-0.21733799576759338,-0.0378509983420372
1451504199918,1,-0.0647130012512207,0.1941390037536621,-0.12209999561309814
1451504199938,1,-0.1733819991350174,0.5433449745178223,-0.12209999561309814
1451504199963,1,-0.3638579845428467,0.6410250067710876,-0.09401699900627136
1451504199979,1,-0.4700849950313568,0.40781399607658386,-0.08791200071573257
1451504199999,1,-0.1733819991350174,0.10988999903202057,-0.021978000178933144
1451504200019,1,-0.012210000306367874,0.19780199229717255,-0.006105000153183937
1451504200039,1,0.030524998903274536,0.3467639982700348,-0.04761900007724762
1451504200058,1,0.04273499920964241,0.37606799602508545,-0.09035399556159973
1451504200079,1,0.11843699961900711,0.2551890015602112,-0.1245419979095459
1451504200099,1,0.31013399362564087,0.09401699900627136,-0.1135529950261116
1451504200119,1,0.3296699821949005,0.20879100263118744,-0.09279599785804749
1451504200145,1,0.308912992477417,0.2490839958190918,-0.09279599785804749
1451504200159,1,0.25641000270843506,0.25641000270843506,-0.10866899788379669
1451504200180,1,0.2319899946451187,0.20757000148296356,-0.11965800076723099
1451504200200,1,0.2490839958190918,0.03663000091910362,-0.09035399556159973
1451504200220,1,0.20634900033473969,-0.09645900130271912,-0.07081799954175949
1451504200239,1,0.10500600188970566,-0.15262499451637268,-0.06715499609708786
1451504200259,1,0.021978000178933144,-0.1294260025024414,-0.05128199979662895
1451504200280,1,0.01831500045955181,-0.1355309933423996,-0.0488400012254715
1451504200301,1,0.008546999655663967,-0.24175800383090973,0.012210000306367874
1451504200321,1,-0.040293000638484955,-0.2380950003862381,-0.003662999952211976
1451504200347,1,-0.09279599785804749,-0.2441999912261963,-0.0378509983420372
1451504200360,1,-0.10012199729681015,-0.21367499232292175,-0.035408999770879745
1451504200381,1,-0.06959699839353561,-0.1733819991350174,-0.01953599974513054
1451504200401,1,0.007325999904423952,-0.1892549991607666,0.004883999936282635
1451504200421,1,0.006105000153183937,-0.15506699681282043,-0.07203900068998337
1451504200442,1,-0.026861999183893204,-0.1404149979352951,-0.10988999903202057
1451504200461,1,-0.0024419999681413174,-0.14774100482463837,-0.0757019966840744
1451504200482,1,0.054944999516010284,-0.15262499451637268,-0.0378509983420372
1451504200502,1,0.11477399617433548,-0.14774100482463837,-0.03663000091910362
1451504200521,1,0.13186800479888916,-0.14163599908351898,-0.04151399806141853
1451504200542,1,0.12698400020599365,-0.18192899227142334,-0.017093999311327934
1451504200562,1,0.1245419979095459,-0.25152599811553955,-0.008546999655663967
1451504200582,1,0.09035399556159973,-0.24175800383090973,-0.04273499920964241
1451504200602,1,0.04639799892902374,-0.19902299344539642,-0.08791200071573257
1451504200629,2,-0.035408999770879745,-0.14163599908351898,-0.11477399617433548
1451504200651,2,-0.017093999311327934,-0.12209999561309814,-0.13675199449062347
1451504200662,2,-0.007325999904423952,-0.13430999219417572,-0.17093999683856964
1451504200683,2,-0.003662999952211976,-0.15384599566459656,-0.18192899227142334
1451504200703,2,0.004883999936282635,-0.11233200132846832,-0.17704500257968903
1451504200723,2,0.013430999591946602,-0.0488400012254715,-0.16117200255393982
1451504200742,2,0.06227099895477295,-0.1941390037536621,-0.07203900068998337
1451504200763,2,0.021978000178933144,-0.21977999806404114,-0.05372399836778641
1451504200783,2,-0.02442000061273575,-0.17460300028324127,-0.06959699839353561
1451504200803,2,-0.045176997780799866,-0.10012199729681015,-0.08546999841928482
1451504200824,2,-0.026861999183893204,-0.010989000089466572,-0.09523800015449524
1451504200843,2,0.1404149979352951,-0.08546999841928482,-0.02808300033211708
1451504200864,2,0.18803399801254272,-0.17093999683856964,0.02808300033211708
1451504200884,2,0.18192899227142334,-0.21245399117469788,0.04395600035786629
1451504200904,2,0.13919399678707123,-0.18192899227142334,0.008546999655663967
1451504200926,2,0.10500600188970566,-0.12820500135421753,-0.0378509983420372
1451504200943,2,0.09645900130271912,-0.04639799892902374,-0.097680002450943
1451504200964,2,0.16117200255393982,-0.1452990025281906,-0.07692299783229828
1451504200984,2,0.21855899691581726,-0.27350398898124695,-0.017093999311327934
1451504201004,2,0.23565299808979034,-0.3882780075073242,0.026861999183893204
1451504201024,2,0.20268599689006805,-0.36996299028396606,0.021978000178933144
1451504201044,2,0.14896199107170105,-0.23931600153446198,-0.025640999898314476
1451504201065,2,0.1514039933681488,-0.08180700242519379,-0.11233200132846832
1451504201085,2,0.15384599566459656,-0.12820500135421753,-0.12209999561309814
1451504201105,2,0.14285700023174286,-0.2161169946193695,-0.10744799673557281
1451504201131,2,0.12698400020599365,-0.2503049969673157,-0.06837599724531174
1451504201145,2,0.10378500074148178,-0.20634900033473969,-0.03418799862265587
1451504201165,2,0.12698400020599365,-0.13308899104595184,-0.09645900130271912
1451504201185,2,0.13797299563884735,-0.12698400020599365,-0.10622699558734894
1451504201206,2,0.13308899104595184,-0.13064700365066528,-0.07326000183820724
1451504201227,2,0.1452990025281906,-0.13675199449062347,0.006105000153183937
1451504201253,2,0.17093999683856964,-0.18192899227142334,0.07814399898052216
1451504201266,2,0.2051279991865158,-0.13675199449062347,0.2637360095977783
1451504201286,2,0.2539680004119873,-0.05616600066423416,0.32600700855255127
1451504201305,2,0.4285709857940674,0.4017089903354645,-0.004883999936282635
1451504201332,2,-0.1245419979095459,1.134308934211731,-1.274724006652832
1451504201346,2,-0.05250300094485283,0.669107973575592,-0.31013399362564087
1451504201366,2,0.1465200036764145,0.20757000148296356,0.28449299931526184
1451504201386,2,0.1782660037279129,-0.7350419759750366,0.9157499670982361
1451504201407,2,-0.08546999841928482,-0.41269800066947937,0.6544560194015503
1451504201426,2,-0.21001200377941132,-0.13430999219417572,0.09523800015449524
1451504201446,2,-0.1404149979352951,0.10134299844503403,-0.2698409855365753
1451504201467,2,0.06959699839353561,0.16117200255393982,-0.2637360095977783
1451504201487,2,0.44566500186920166,-0.09279599785804749,0.1452990025281906
1451504201507,2,0.42490798234939575,-0.12087900191545486,0.2161169946193695
1451504201527,2,0.3577530086040497,-0.10988999903202057,0.17216099798679352
1451504201547,2,0.27960899472236633,-0.008546999655663967,0.09401699900627136
1451504201568,2,0.2271059900522232,0.07936500012874603,0.02442000061273575
1451504201588,2,0.19047600030899048,0.059829000383615494,0.06959699839353561
1451504201616,2,0.19169700145721436,0.004883999936282635,0.11965800076723099
1451504201629,2,0.18681299686431885,0.03296700119972229,0.19047600030899048
1451504201648,2,0.18559199571609497,0.06104999780654907,0.22954799234867096
1451504201668,2,0.1892549991607666,0.10866899788379669,0.22466400265693665
1451504201688,2,0.195360004901886,0.17948700487613678,0.19780199229717255
1451504201709,2,0.14896199107170105,0.22466400265693665,0.20390699803829193
1451504201728,2,0.08546999841928482,0.21855899691581726,0.2319899946451187
1451504201749,2,0.04639799892902374,0.19780199229717255,0.24053700268268585
1451504201769,2,0.05738699808716774,0.16971899569034576,0.21367499232292175
1451504201789,2,0.0866909995675087,0.167276993393898,0.19291800260543823
1451504201811,2,0.22344300150871277,0.22588500380516052,0.1355309933423996
1451504201835,2,0.28815600275993347,0.19169700145721436,0.10622699558734894
1451504201850,2,0.30647099018096924,0.09401699900627136,0.11965800076723099
1451504201869,2,0.2905980050563812,0.04639799892902374,0.18192899227142334
1451504201890,2,0.2710619866847992,-0.04761900007724762,0.24542099237442017
1451504201910,2,0.21977999806404114,-0.1245419979095459,0.27350398898124695
1451504201929,2,0.1623930037021637,-0.2319899946451187,0.28815600275993347
1451504201952,2,0.11111100018024445,-0.44078099727630615,0.22588500380516052
1451504201970,2,0.09157499670982361,-0.6605609655380249,0.1514039933681488
1451504201991,2,0.11233200132846832,-0.70940101146698,0.11233200132846832
1451504202013,2,0.13797299563884735,-0.647130012512207,0.05250300094485283
1451504202029,2,0.0757019966840744,-0.2051279991865158,-0.08791200071573257
1451504202051,2,0.0378509983420372,0.07692299783229828,-0.10866899788379669
1451504202071,2,0.0,0.20268599689006805,-0.09279599785804749
1451504202091,2,0.0,0.20634900033473969,-0.08791200071573257
1451504202112,2,-0.008546999655663967,0.14285700023174286,-0.13064700365066528
1451504202131,2,-0.0866909995675087,0.18681299686431885,-0.24786299467086792
1451504202151,2,-0.013430999591946602,0.3467639982700348,-0.2771669924259186
1451504202171,2,0.17460300028324127,0.21489599347114563,-0.14285700023174286
1451504202191,2,0.20390699803829193,0.2380950003862381,0.01831500045955181
1451504202212,2,0.19291800260543823,0.06959699839353561,0.19169700145721436
1451504202231,2,0.3235650062561035,-0.10134299844503403,0.22832699120044708
1451504202256,2,0.3357749879360199,-0.08180700242519379,0.19047600030899048
1451504202272,2,0.23443199694156647,-0.06837599724531174,0.11843699961900711
1451504202292,2,0.09523800015449524,0.13308899104595184,0.07692299783229828
1451504202312,2,0.11721599847078323,0.11843699961900711,0.06837599724531174
1451504202332,2,0.14285700023174286,0.1684979945421219,0.12698400020599365
1451504202352,2,0.11477399617433548,0.030524998903274536,0.21001200377941132
1451504202373,2,0.15995100140571594,-0.0757019966840744,0.33333298563957214
1451504202393,2,0.2649570107460022,-0.1733819991350174,0.4774110019207001
1451504202413,2,0.3028079867362976,-0.4481070041656494,0.6007319688796997
1451504202433,2,0.22832699120044708,-0.5433449745178223,0.6422460079193115
1451504202453,2,0.06349200010299683,0.5543339848518372,0.26861998438835144
1451504202473,2,-0.08791200071573257,0.8119649887084961,0.02930399961769581
1451504202499,2,-0.4969469904899597,0.3833940029144287,-0.15384599566459656
1451504202514,2,-0.8864459991455078,-0.2539680004119873,-0.30647099018096924
1451504202533,2,-1.0952370166778564,-0.6630029678344727,-0.4114769995212555
1451504202554,2,-0.34310099482536316,-0.44200199842453003,-0.21245399117469788
1451504202573,2,0.015873000025749207,-0.09035399556159973,-0.0647130012512207
1451504202594,2,0.06104999780654907,0.08791200071573257,-0.05860799923539162
1451504202613,2,-0.2771669924259186,0.10500600188970566,-0.11721599847078323
1451504202634,1,-0.5799750089645386,0.014651999808847904,-0.22832699120044708
1451504202654,1,-0.3797309994697571,-0.030524998903274536,-0.3076919913291931
1451504202675,1,-0.07692299783229828,-0.09645900130271912,-0.25641000270843506
1451504202700,1,0.05860799923539162,-0.23565299808979034,-0.1465200036764145
1451504202718,1,0.10134299844503403,-0.5299140214920044,-0.12698400020599365
1451504202735,1,0.08546999841928482,-0.8583629727363586,-0.09645900130271912
1451504202755,1,-0.03418799862265587,-0.9035400152206421,-0.07448099553585052
1451504202775,1,0.012210000306367874,-0.5103780031204224,-0.025640999898314476
1451504202795,1,0.1452990025281906,-0.5616599917411804,0.06104999780654907
1451504202815,1,0.06959699839353561,-0.6043949723243713,0.1135529950261116
1451504202835,1,-0.09157499670982361,-0.4639799892902374,0.10988999903202057
1451504202855,1,-0.15873000025749207,0.167276993393898,0.04273499920964241
1451504202875,1,-0.8876670002937317,1.9401689767837524,-0.3528690040111542
1451504202897,1,-0.7081800103187561,1.2283259630203247,-0.17582400143146515
1451504202915,1,-0.15873000025749207,0.9108659625053406,0.07936500012874603
1451504202936,1,0.33333298563957214,0.4871789813041687,0.422465980052948
1451504202964,1,0.6300359964370728,0.39194098114967346,0.6825389862060547
1451504202975,1,0.45665398240089417,1.1672760248184204,0.2380950003862381
1451504203003,1,0.20879100263118744,1.3980449438095093,0.18192899227142334
1451504203015,1,0.04151399806141853,1.3931609392166138,0.3638579845428467
1451504203036,1,0.07448099553585052,1.3553099632263184,0.5030519962310791
1451504203057,1,0.25763100385665894,1.4175809621810913,0.44078099727630615
1451504203076,1,0.4774110019207001,1.3736250400543213,0.2857140004634857
1451504203098,1,0.6788759827613831,1.8021960258483887,0.15873000025749207
1451504203116,1,0.7423679828643799,2.115993022918701,0.10134299844503403
1451504203137,1,0.6971909999847412,2.261291980743408,-0.035408999770879745
1451504203157,1,0.48473697900772095,2.1001200675964355,-0.23687399923801422
1451504203177,1,0.2527469992637634,0.6129419803619385,0.8485949635505676
1451504203203,1,0.770451009273529,-0.5775330066680908,1.5030509233474731
1451504203218,1,0.7423679828643799,-0.6544560194015503,0.6214889883995056
1451504203238,1,0.3565320074558258,-0.5335769653320313,-0.5384609699249268
1451504203258,1,-0.12698400020599365,-0.42979198694229126,-1.1355299949645996
1451504203278,1,-0.5714280009269714,-0.38705700635910034,-0.8144069910049438
1451504203298,1,-0.5616599917411804,-0.7362629771232605,0.3369959890842438
1451504203317,1,-0.050060998648405075,-0.91697096824646,0.38705700635910034
1451504203338,1,0.4151400029659271,-0.9902309775352478,0.12820500135421753
1451504203358,1,0.5848590135574341,-0.8583629727363586,-0.2222220003604889
1451504203378,1,0.416361004114151,-0.7680090069770813,-0.39682498574256897
1451504203405,1,0.07326000183820724,-0.4175820052623749,-0.6141629815101624
1451504203418,1,-0.18192899227142334,-0.06837599724531174,-0.9902309775352478
1451504203439,1,0.08424899727106094,-0.02319899946451187,-1.0512809753417969
1451504203459,1,0.25641000270843506,-0.06349200010299683,-0.7899869680404663
1451504203479,1,0.2710619866847992,-0.17704500257968903,-0.2905980050563812
1451504203499,1,0.2380950003862381,-0.34920600056648254,0.14285700023174286
1451504203519,1,0.18803399801254272,-0.5274720191955566,0.2979239821434021
1451504203540,1,0.1025639995932579,-0.6764339804649353,0.14774100482463837
1451504203559,1,-0.025640999898314476,-0.6849809885025024,-0.015873000025749207
1451504203579,1,-0.0757019966840744,-0.5885220170021057,-0.13430999219417572
1451504203599,1,-0.05738699808716774,-0.4017089903354645,-0.22466400265693665
1451504203621,1,0.12087900191545486,-0.11843699961900711,-0.05616600066423416
1451504203640,1,0.20634900033473969,-0.2551890015602112,0.0866909995675087
1451504203660,1,0.23565299808979034,-0.3785099983215332,0.12820500135421753
1451504203680,1,0.1575089991092682,-0.4334549903869629,0.0647130012512207
1451504203700,1,0.0757019966840744,-0.3565320074558258,-0.06349200010299683
1451504203720,1,0.09523800015449524,-0.46764299273490906,-0.13064700365066528
1451504203740,1,0.18803399801254272,-0.2710619866847992,-0.07448099553585052
1451504203761,1,0.1245419979095459,-0.40292999148368835,0.11721599847078323
1451504203782,1,0.12576299905776978,-0.8571419715881348,0.3833940029144287
1451504203800,1,0.1135529950261116,-1.1086679697036743,0.5641019940376282
1451504203821,1,0.1514039933681488,-0.8962140083312988,0.6862019896507263
1451504203840,1,0.21977999806404114,-0.8998770117759705,0.7338209748268127
1451504203861,1,0.18192899227142334,-0.5372399687767029,0.5128200054168701
1451504203888,1,0.08546999841928482,-0.11843699961900711,0.3418799936771393
1451504203901,1,-0.026861999183893204,0.2698409855365753,0.10378500074148178
1451504203921,1,-0.04761900007724762,0.7179480195045471,-0.2661779820919037
1451504203946,1,0.08913300186395645,0.4151400029659271,-0.25763100385665894
1451504203962,1,0.1465200036764145,-0.11965800076723099,-0.1245419979095459
1451504203984,1,0.34432199597358704,-0.4432229995727539,-0.05372399836778641
1451504204001,1,0.4749689996242523,-0.5470079779624939,-0.06349200010299683
1451504204022,1,0.46275898814201355,-0.35897400975227356,-0.097680002450943
1451504204042,1,0.33333298563957214,-0.20268599689006805,-0.10744799673557281
1451504204062,1,0.10500600188970566,-0.7142850160598755,0.0024419999681413174
1451504204082,1,0.12820500135421753,-1.1660549640655518,-0.03907199949026108
1451504204102,1,0.07448099553585052,-1.471305012702942,-0.0757019966840744
1451504204122,1,-0.5201460123062134,-1.0988999605178833,-0.26251500844955444
1451504204143,1,-0.7863239645957947,-0.7496939897537231,-0.4432229995727539
1451504204163,1,-0.035408999770879745,0.731378972530365,0.07814399898052216
1451504204183,1,0.28937700390815735,1.62637197971344,0.11233200132846832
1451504204208,1,0.13064700365066528,1.666664958000183,-0.2857140004634857
1451504204223,1,0.02808300033211708,1.4126969575881958,-0.37118399143218994
1451504204243,1,0.21245399117469788,1.1648340225219727,-0.010989000089466572
1451504204263,1,0.7008540034294128,0.7020750045776367,-0.10744799673557281
1451504204283,1,0.6776549816131592,0.4774110019207001,-0.03174600005149841
1451504204303,1,0.5958479642868042,0.1135529950261116,0.24053700268268585
1451504204328,1,0.5054939985275269,-0.16117200255393982,0.13186800479888916
1451504204344,1,0.3528690040111542,-0.4395599961280823,0.08180700242519379
1451504204364,1,0.19658099114894867,-0.5115990042686462,0.14774100482463837
1451504204384,1,0.015873000025749207,-0.6507930159568787,0.054944999516010284
1451504204404,1,-0.21489599347114563,0.3565320074558258,-0.1355309933423996
1451504204424,1,-0.22588500380516052,0.45054900646209717,-0.15506699681282043
1451504204445,1,-0.09035399556159973,0.7045170068740845,-0.16605599224567413
1451504204471,1,0.2967030107975006,0.5128200054168701,-0.12087900191545486
1451504204484,1,0.2905980050563812,0.3406589925289154,-0.040293000638484955
1451504204505,1,0.14896199107170105,0.19291800260543823,-0.07692299783229828
1451504204525,1,0.0866909995675087,0.08180700242519379,-0.02442000061273575
1451504204545,1,0.13675199449062347,-0.20390699803829193,-0.02930399961769581
1451504204565,1,0.1623930037021637,-0.44078099727630615,-0.07203900068998337
1451504204585,1,0.1575089991092682,-0.08424899727106094,-0.1025639995932579
1451504204605,1,0.23931600153446198,0.10378500074148178,-0.09279599785804749
1451504204626,1,0.16605599224567413,0.7277159690856934,0.11111100018024445
1451504204646,1,0.09157499670982361,1.420022964477539,0.09157499670982361
1451504204670,2,0.04639799892902374,1.511597990989685,-0.13064700365066528
1451504204685,2,0.021978000178933144,1.019534945487976,-0.17460300028324127
1451504204706,2,-0.167276993393898,-0.1135529950261116,-0.13797299563884735
1451504204726,2,-0.13430999219417572,-0.1782660037279129,-0.18192899227142334
1451504204745,2,-0.025640999898314476,0.007325999904423952,-0.21001200377941132
1451504204768,2,0.10988999903202057,0.09035399556159973,-0.18681299686431885
1451504204786,2,0.22954799234867096,-0.010989000089466572,-0.13797299563884735
1451504204806,2,0.23565299808979034,-0.2869350016117096,-0.1025639995932579
1451504204826,2,0.13064700365066528,-0.21245399117469788,-0.1465200036764145
1451504204847,2,-0.03907199949026108,0.08546999841928482,-0.22588500380516052
1451504204868,2,-0.06104999780654907,0.4639799892902374,-0.23443199694156647
1451504204887,2,-0.00976799987256527,0.5421239733695984,-0.2380950003862381
1451504204907,2,0.23076899349689484,-0.3467639982700348,-0.22100099921226501
1451504204927,2,0.32600700855255127,-0.608057975769043,-0.19291800260543823
1451504204948,2,0.3638579845428467,-0.5006099939346313,-0.2051279991865158
1451504204969,2,0.26251500844955444,-0.10378500074148178,-0.2539680004119873
1451504204987,2,0.08302799612283707,0.1733819991350174,-0.2979239821434021
1451504205007,2,-0.09645900130271912,-0.44566500186920166,-0.1575089991092682
1451504205028,2,-0.10866899788379669,-1.172160029411316,0.01831500045955181
1451504205048,2,0.08302799612283707,-2.037848949432373,0.31746000051498413
1451504205068,2,0.3406589925289154,-2.666663885116577,0.5006099939346313
1451504205089,2,-0.13308899104595184,-2.2625129222869873,0.31135499477386475
1451504205109,2,-0.41269800066947937,-1.5531120300292969,1.2234419584274292
1451504205129,2,-0.35897400975227356,1.4590950012207031,0.6910859942436218
1451504205151,2,0.19047600030899048,0.70940101146698,0.32600700855255127
1451504205168,2,0.4810740053653717,-0.22588500380516052,0.004883999936282635
1451504205189,2,0.7399259805679321,-1.0891319513320923,-0.2661779820919037
1451504205209,2,0.8925510048866272,-1.771670937538147,-0.40659299492836
1451504205229,2,0.08791200071573257,0.844931960105896,-0.40292999148368835
1451504205250,2,-0.35531100630760193,2.5836360454559326,-0.1684979945421219
1451504205268,2,-0.43101298809051514,2.3015849590301514,-0.11721599847078323
1451504205289,2,-0.19902299344539642,0.8070809841156006,-0.11111100018024445
1451504205310,2,0.05128199979662895,-0.6532350182533264,-0.013430999591946602
1451504205330,2,0.20390699803829193,-1.6398029327392578,0.05738699808716774
1451504205350,2,0.05250300094485283,-1.1257619857788086,0.035408999770879745
1451504205370,2,-0.09157499670982361,-0.5396819710731506,0.050060998648405075
1451504205390,2,-0.12698400020599365,-0.17582400143146515,-0.045176997780799866
1451504205410,2,-0.06104999780654907,-0.06593400239944458,-0.09157499670982361
1451504205430,2,0.07081799954175949,-0.09279599785804749,-0.030524998903274536
1451504205450,2,0.14774100482463837,-0.045176997780799866,0.05128199979662895
1451504205470,2,0.08058600127696991,0.0866909995675087,0.025640999898314476
1451504205490,2,0.020756999030709267,0.1465200036764145,-0.01953599974513054
1451504205511,2,0.02319899946451187,0.11721599847078323,-0.0488400012254715
1451504205532,2,0.09035399556159973,-0.00976799987256527,-0.04761900007724762
1451504205550,2,0.12209999561309814,-0.06227099895477295,0.06227099895477295
1451504205570,2,0.07326000183820724,0.054944999516010284,0.06593400239944458
1451504205592,2,0.08791200071573257,-0.020756999030709267,0.06593400239944458
1451504205611,2,0.06227099895477295,-0.1562879979610443,0.05128199979662895
1451504205631,2,0.04639799892902374,-0.211232990026474,0.04639799892902374
1451504205652,2,0.06959699839353561,-0.23565299808979034,0.10378500074148178
1451504205671,2,0.020756999030709267,-0.17216099798679352,0.12087900191545486
1451504205692,2,-0.050060998648405075,-0.040293000638484955,0.10134299844503403
1451504205712,2,-0.02442000061273575,-0.013430999591946602,0.0757019966840744
1451504205732,2,0.10988999903202057,-0.02319899946451187,0.06959699839353561
1451504205753,2,0.17216099798679352,0.09157499670982361,0.09523800015449524
1451504205772,2,0.09035399556159973,0.2503049969673157,0.18803399801254272
1451504205793,2,0.004883999936282635,0.21855899691581726,0.1623930037021637
1451504205812,2,-0.030524998903274536,0.05250300094485283,0.10500600188970566
1451504205838,2,0.054944999516010284,-0.167276993393898,0.0647130012512207
1451504205853,2,0.19902299344539642,-0.3247860074043274,0.10988999903202057
1451504205872,2,0.39316198229789734,-0.15506699681282043,0.33821699023246765
1451504205893,2,0.1892549991607666,0.4822950065135956,0.27228298783302307
1451504205913,2,0.06959699839353561,0.5616599917411804,0.12820500135421753
1451504205933,2,-0.015873000025749207,0.5372399687767029,0.026861999183893204
1451504205952,2,0.02808300033211708,0.49572598934173584,0.08302799612283707
1451504205984,2,0.211232990026474,0.3882780075073242,0.2539680004119873
1451504205993,2,0.20757000148296356,0.2808299958705902,0.16117200255393982
1451504206013,2,0.12209999561309814,0.1941390037536621,0.08302799612283707
1451504206034,2,0.007325999904423952,0.21733799576759338,0.08180700242519379
1451504206055,2,-0.06593400239944458,0.299144983291626,0.13186800479888916
1451504206074,2,-0.054944999516010284,0.3125759959220886,0.15506699681282043
1451504206094,2,0.14163599908351898,0.09645900130271912,0.02808300033211708
1451504206114,2,0.22100099921226501,0.08302799612283707,0.08913300186395645
1451504206134,2,0.2161169946193695,0.13064700365066528,0.12698400020599365
1451504206155,2,0.15384599566459656,0.2429789900779724,0.13064700365066528
1451504206175,2,0.12332099676132202,0.2905980050563812,0.1452990025281906
1451504206195,2,0.19902299344539642,0.14774100482463837,0.12332099676132202
1451504206221,2,0.18681299686431885,0.0866909995675087,0.1514039933681488
1451504206242,2,0.18070799112319946,0.03418799862265587,0.21855899691581726
1451504206255,2,0.18803399801254272,0.030524998903274536,0.299144983291626
1451504206275,2,0.18192899227142334,0.07448099553585052,0.3076919913291931
1451504206295,2,0.06227099895477295,0.3626369833946228,0.11111100018024445
1451504206315,2,0.07081799954175949,0.3846150040626526,0.021978000178933144
1451504206337,2,0.0866909995675087,0.3748469948768616,-0.0378509983420372
1451504206355,2,0.1843709945678711,0.6141629815101624,-0.24664199352264404
1451504206376,2,0.26129400730133057,1.0927950143814087,-0.2661779820919037
1451504206396,2,0.16361400485038757,1.4542109966278076,-0.10988999903202057
1451504206416,2,-0.08302799612283707,1.3919399976730347,0.003662999952211976
1451504206436,2,-0.013430999591946602,1.153844952583313,-0.012210000306367874
1451504206457,2,0.15506699681282043,0.6947489976882935,0.0024419999681413174
1451504206476,2,0.3736259937286377,0.1025639995932579,0.014651999808847904
1451504206497,2,0.4859579801559448,-0.390720009803772,-0.05250300094485283
1451504206517,2,0.34432199597358704,-0.6043949723243713,-0.1465200036764145
1451504206539,2,0.293040007352829,-0.6556770205497742,-0.10622699558734894
1451504206557,2,0.25763100385665894,-0.7277159690856934,-0.07692299783229828
1451504206576,2,0.10988999903202057,-0.565322995185852,-0.026861999183893204
1451504206597,2,-0.00976799987256527,-0.4554329812526703,0.02319899946451187
1451504206617,2,-0.012210000306367874,-0.5579969882965088,-0.05128199979662895
1451504206637,2,-0.045176997780799866,-0.33333298563957214,-0.035408999770879745
1451504206662,2,0.0,-0.02319899946451187,-0.02442000061273575
1451504206677,1,0.03663000091910362,0.07936500012874603,-0.013430999591946602
1451504206697,1,0.10988999903202057,0.08791200071573257,0.0012209999840706587
1451504206718,1,0.16483499109745026,0.10012199729681015,0.015873000025749207
1451504206738,1,0.15995100140571594,0.11843699961900711,0.01953599974513054
1451504206758,1,0.12820500135421753,0.11111100018024445,0.015873000025749207
1451504206778,1,0.15018299221992493,0.13430999219417572,-0.003662999952211976
1451504206798,1,0.18803399801254272,0.18192899227142334,0.006105000153183937
1451504206818,1,0.1843709945678711,0.19658099114894867,0.03663000091910362
1451504206838,1,0.1245419979095459,0.054944999516010284,0.012210000306367874
1451504206858,1,0.10866899788379669,-0.006105000153183937,-0.03174600005149841
1451504206878,1,0.13308899104595184,0.006105000153183937,-0.04273499920964241
1451504206898,1,0.18070799112319946,0.07081799954175949,-0.045176997780799866
1451504206919,1,0.1892549991607666,0.15506699681282043,0.0012209999840706587
1451504206939,1,0.49938899278640747,0.5079360008239746,0.02930399961769581
1451504206958,1,0.8144069910049438,0.6837599873542786,0.13186800479888916
1451504206979,1,0.8009759783744812,0.5006099939346313,0.42979198694229126
1451504206999,1,1.2710609436035156,-0.7325999736785889,1.6703280210494995
1451504207019,1,1.6813169717788696,-1.482293963432312,1.863245964050293
1451504207039,1,1.173380970954895,0.35409000515937805,-0.5335769653320313
1451504207060,1,-1.3492050170898438,1.3919399976730347,-1.3943819999694824
1451504207080,1,-1.9633679389953613,1.2234419584274292,-1.1037839651107788
1451504207100,1,-1.6324769258499146,0.7924289703369141,-0.34432199597358704
1451504207120,1,-0.7057380080223083,-0.05860799923539162,0.2271059900522232
1451504207140,1,0.2905980050563812,-0.6910859942436218,0.3785099983215332
1451504207160,1,0.4444440007209778,-0.3247860074043274,0.0757019966840744
1451504207180,1,-0.09890099614858627,0.10622699558734894,-0.026861999183893204
1451504207200,1,-0.35897400975227356,0.18681299686431885,-0.09645900130271912
1451504207221,1,-0.22100099921226501,-0.03663000091910362,-0.13308899104595184
1451504207240,1,0.12332099676132202,-0.2441999912261963,-0.09890099614858627
1451504207261,1,0.3296699821949005,-0.08424899727106094,-0.06837599724531174
1451504207281,1,0.1892549991607666,0.08424899727106094,-0.040293000638484955
1451504207301,1,0.09035399556159973,0.10012199729681015,-0.014651999808847904
1451504207324,1,0.09035399556159973,-0.014651999808847904,-0.03296700119972229
1451504207341,1,0.1452990025281906,-0.13186800479888916,-0.045176997780799866
1451504207361,1,0.17704500257968903,-0.05372399836778641,-0.04273499920964241
1451504207381,1,0.16361400485038757,0.06837599724531174,-0.10866899788379669
1451504207402,1,0.17704500257968903,0.09157499670982361,-0.1684979945421219
1451504207421,1,0.15873000025749207,-0.09890099614858627,-0.20757000148296356
1451504207441,1,0.15384599566459656,-0.45665398240089417,-0.2869350016117096
1451504207462,1,0.21489599347114563,-1.1074470281600952,-0.34920600056648254
1451504207482,1,0.2527469992637634,-0.9633690118789673,-0.3369959890842438
1451504207502,1,0.05128199979662895,-0.5445659756660461,-0.40781399607658386
1451504207524,1,-0.02808300033211708,-0.34310099482536316,-0.2698409855365753
1451504207542,1,0.06104999780654907,-0.6678869724273682,-0.012210000306367874
1451504207562,1,0.24542099237442017,-1.5103769302368164,0.1135529950261116
1451504207583,1,0.40659299492836,-1.9474949836730957,-0.03663000091910362
1451504207602,1,0.13919399678707123,-1.1172150373458862,-0.050060998648405075
1451504207623,1,-0.17460300028324127,-0.19047600030899048,-0.12698400020599365
1451504207643,1,-0.25641000270843506,0.2429789900779724,-0.12209999561309814
1451504207668,1,-0.26129400730133057,0.293040007352829,-0.11111100018024445
1451504207683,1,-0.1294260025024414,-0.28937700390815735,-0.11111100018024445
1451504207704,1,-0.030524998903274536,-0.2539680004119873,0.007325999904423952
1451504207723,1,0.04273499920964241,-0.030524998903274536,0.11721599847078323
1451504207743,1,0.054944999516010284,0.17216099798679352,0.1514039933681488
1451504207764,1,0.07936500012874603,0.13186800479888916,0.17460300028324127
1451504207783,1,0.1575089991092682,0.017093999311327934,0.09157499670982361
1451504207804,1,0.04273499920964241,0.017093999311327934,-0.2161169946193695
1451504207828,1,-0.08546999841928482,0.13430999219417572,-0.2002439945936203
1451504207844,1,-0.08180700242519379,0.1404149979352951,-0.13675199449062347
1451504207864,1,0.05616600066423416,0.04639799892902374,-0.08913300186395645
1451504207884,1,0.14285700023174286,-0.18192899227142334,-0.06715499609708786
1451504207907,1,0.20390699803829193,-0.4761900007724762,-0.04639799892902374
1451504207930,1,0.3797309994697571,-0.06837599724531174,-0.1025639995932579
1451504207945,1,0.5091570019721985,0.2490839958190918,-0.24053700268268585
1451504207965,1,0.5115990042686462,0.2905980050563812,-0.3687419891357422
1451504207985,1,0.4713059961795807,0.1575089991092682,-0.3956039845943451
1451504208005,1,0.40781399607658386,-0.050060998648405075,-0.3516480028629303
1451504208025,1,0.4713059961795807,-0.17704500257968903,-0.2747249901294708
1451504208046,1,0.40415099263191223,0.13186800479888916,-0.2271059900522232
1451504208066,1,0.33211198449134827,0.4810740053653717,-0.16361400485038757
1451504208086,1,0.3528690040111542,0.45054900646209717,-0.1623930037021637
1451504208108,1,0.45787498354911804,0.25152599811553955,-0.17216099798679352
1451504208127,1,0.45177000761032104,0.35409000515937805,-0.08424899727106094
1451504208146,1,0.31013399362564087,0.4554329812526703,-0.07326000183820724
1451504208166,1,0.25641000270843506,0.2820509970188141,-0.054944999516010284
1451504208186,1,0.25763100385665894,-0.02442000061273575,-0.03907199949026108
1451504208206,1,0.24542099237442017,-0.09523800015449524,-0.07448099553585052
1451504208226,1,0.13919399678707123,0.10012199729681015,-0.02808300033211708
1451504208246,1,0.1452990025281906,0.211232990026474,0.0024419999681413174
1451504208267,1,0.09157499670982361,0.16483499109745026,0.0012209999840706587
1451504208286,1,0.04395600035786629,-0.17704500257968903,-0.0024419999681413174
1451504208307,1,0.03663000091910362,-0.5201460123062134,-0.035408999770879745
1451504208326,1,0.21489599347114563,-0.21489599347114563,-0.05860799923539162
1451504208347,1,0.17948700487613678,-0.013430999591946602,-0.012210000306367874
1451504208367,1,0.04273499920964241,0.02319899946451187,-0.003662999952211976
1451504208387,1,-0.05860799923539162,-0.18314999341964722,-0.01831500045955181
1451504208413,1,-0.0866909995675087,-0.4542119801044464,-0.04639799892902374
1451504208431,1,-0.06593400239944458,-0.5702069997787476,-0.07081799954175949
1451504208448,1,0.08546999841928482,-0.5384609699249268,-0.010989000089466572
1451504208467,1,0.09279599785804749,-0.4920629858970642,0.06227099895477295
1451504208487,1,0.02319899946451187,-0.4444440007209778,0.06104999780654907
1451504208509,1,-0.02442000061273575,-0.5335769653320313,-0.0024419999681413174
1451504208528,1,-0.04395600035786629,-0.6068369746208191,-0.059829000383615494
1451504208548,1,0.04639799892902374,-0.007325999904423952,-0.004883999936282635
1451504208569,1,0.06593400239944458,0.27960899472236633,0.0378509983420372
1451504208588,1,0.05616600066423416,0.34920600056648254,0.05250300094485283
1451504208610,1,0.04639799892902374,0.20268599689006805,0.045176997780799866
1451504208629,1,0.06837599724531174,0.00976799987256527,0.010989000089466572
1451504208649,1,0.17704500257968903,-0.1452990025281906,0.05128199979662895
1451504208669,1,0.1684979945421219,-0.02930399961769581,0.0757019966840744
1451504208689,1,0.06593400239944458,0.10744799673557281,0.06227099895477295
1451504208710,2,-0.00976799987256527,0.14163599908351898,0.017093999311327934
1451504208737,2,0.007325999904423952,0.06715499609708786,0.007325999904423952
1451504208750,2,0.1245419979095459,-0.006105000153183937,0.03907199949026108
1451504208770,2,0.16361400485038757,0.0012209999840706587,0.06227099895477295
1451504208790,2,0.09890099614858627,0.07203900068998337,0.01831500045955181
1451504208809,2,0.06715499609708786,0.08791200071573257,-0.017093999311327934
1451504208830,2,0.08546999841928482,0.020756999030709267,-0.010989000089466572
1451504208850,2,0.12209999561309814,-0.0647130012512207,0.04761900007724762
1451504208870,2,0.12698400020599365,-0.054944999516010284,0.09523800015449524
1451504208890,2,0.0866909995675087,0.0012209999840706587,0.05860799923539162
1451504208910,2,0.059829000383615494,0.059829000383615494,0.006105000153183937
1451504208931,2,0.07814399898052216,0.09890099614858627,-0.03174600005149841
1451504208951,2,0.10622699558734894,0.054944999516010284,-0.014651999808847904
1451504208971,2,0.15995100140571594,-0.17216099798679352,0.012210000306367874
1451504208993,2,0.12698400020599365,-0.2588520050048828,-0.02808300033211708
1451504209011,2,0.0757019966840744,-0.3137969970703125,-0.040293000638484955
1451504209031,2,0.0488400012254715,-0.2918190062046051,0.050060998648405075
1451504209055,2,0.195360004901886,-0.2637360095977783,0.3516480028629303
1451504209071,2,0.39804598689079285,0.3772889971733093,2.559216022491455
1451504209091,2,-1.4407799243927002,3.5286898612976074,2.0305230617523193
1451504209111,2,-0.6923069953918457,2.2087888717651367,0.9963359832763672
1451504209132,2,0.36996299028396606,0.8608049750328064,0.6190469861030579
1451504209156,2,0.8620259761810303,-0.30036598443984985,0.3125759959220886
1451504209172,2,1.0549440383911133,-0.894993007183075,0.010989000089466572
1451504209192,2,0.5677649974822998,-0.3247860074043274,-0.45665398240089417
1451504209212,2,0.28815600275993347,-0.4273499846458435,-0.6581189632415771
1451504209232,2,0.23565299808979034,-0.7106220126152039,-0.47374799847602844
1451504209253,2,0.167276993393898,0.2441999912261963,-0.003662999952211976
1451504209273,2,0.04395600035786629,1.0366289615631104,0.11721599847078323
1451504209293,2,-0.09035399556159973,0.12576299905776978,0.054944999516010284
1451504209312,2,0.02808300033211708,-0.5665439963340759,0.0024419999681413174
1451504209338,2,0.06104999780654907,-0.9377279877662659,-0.09279599785804749
1451504209353,2,0.030524998903274536,-0.8705729842185974,-0.12820500135421753
1451504209372,2,0.0378509983420372,-0.5311350226402283,-0.04151399806141853
1451504209395,2,0.05128199979662895,-0.18314999341964722,0.007325999904423952
1451504209413,2,0.10378500074148178,-0.422465980052948,-0.04273499920964241
1451504209433,2,0.16971899569034576,-0.6520140171051025,-0.07692299783229828
1451504209453,2,0.1562879979610443,-0.6935279965400696,-0.09157499670982361
1451504209474,2,0.09890099614858627,-0.46275898814201355,-0.03418799862265587
1451504209495,2,0.035408999770879745,-0.11233200132846832,0.01831500045955181
1451504209514,2,-0.0647130012512207,0.14163599908351898,-0.07936500012874603
1451504209535,2,-0.07203900068998337,0.04151399806141853,-0.13797299563884735
1451504209555,2,-0.035408999770879745,-0.06104999780654907,-0.15262499451637268
1451504209574,2,-0.003662999952211976,-0.08546999841928482,-0.10866899788379669
1451504209595,2,0.017093999311327934,-0.007325999904423952,-0.0378509983420372
1451504209614,2,0.050060998648405075,0.1623930037021637,0.050060998648405075
1451504209634,2,0.05738699808716774,0.19047600030899048,0.03418799862265587
1451504209655,2,0.04761900007724762,0.1941390037536621,-0.015873000025749207
1451504209675,2,0.04639799892902374,0.16971899569034576,-0.08302799612283707
1451504209695,2,0.06837599724531174,0.17704500257968903,-0.08546999841928482
1451504209715,2,0.0,0.14285700023174286,0.035408999770879745
1451504209735,2,0.02319899946451187,0.025640999898314476,0.030524998903274536
1451504209756,2,0.11477399617433548,-0.08913300186395645,0.010989000089466572
1451504209783,2,0.1684979945421219,-0.15995100140571594,-0.006105000153183937
1451504209795,2,0.11599499732255936,-0.09157499670982361,-0.017093999311327934
1451504209816,2,0.050060998648405075,0.02319899946451187,-0.02442000061273575
1451504209836,2,0.10622699558734894,0.14774100482463837,0.020756999030709267
1451504209855,2,0.15995100140571594,0.09279599785804749,0.07448099553585052
1451504209876,2,0.16971899569034576,-0.010989000089466572,0.08424899727106094
1451504209896,2,0.12698400020599365,-0.07692299783229828,0.03907199949026108
1451504209916,2,0.05616600066423416,-0.04273499920964241,0.012210000306367874
1451504209937,2,0.008546999655663967,0.045176997780799866,0.059829000383615494
1451504209956,2,-0.02319899946451187,0.05250300094485283,0.07081799954175949
1451504209977,2,-0.05250300094485283,-0.045176997780799866,0.08302799612283707
1451504209998,2,-0.040293000638484955,-0.16605599224567413,0.0866909995675087
1451504210016,2,-0.0024419999681413174,-0.20757000148296356,0.0757019966840744
1451504210037,2,0.015873000025749207,-0.02808300033211708,0.05128199979662895
1451504210057,2,-0.07814399898052216,0.2319899946451187,0.15018299221992493
1451504210077,2,-0.007325999904423952,0.2979239821434021,0.2905980050563812
1451504210097,2,0.02442000061273575,0.16361400485038757,0.2820509970188141
1451504210116,2,0.01831500045955181,0.059829000383615494,0.2490839958190918
1451504210143,2,-0.014651999808847904,-0.003662999952211976,0.2161169946193695
1451504210158,2,0.02442000061273575,0.04151399806141853,0.21245399117469788
1451504210180,2,0.05128199979662895,0.12209999561309814,0.24664199352264404
1451504210197,2,0.05128199979662895,0.18314999341964722,0.24664199352264404
1451504210218,2,0.012210000306367874,0.21245399117469788,0.21855899691581726
1451504210238,2,-0.050060998648405075,0.195360004901886,0.17582400143146515
1451504210258,2,-0.015873000025749207,0.08546999841928482,0.09035399556159973
1451504210283,2,0.0488400012254715,0.03174600005149841,0.11599499732255936
1451504210299,2,0.09523800015449524,-0.020756999030709267,0.1562879979610443
1451504210319,2,0.097680002450943,-0.035408999770879745,0.13308899104595184
1451504210338,2,0.054944999516010284,-0.02930399961769581,0.06593400239944458
1451504210359,2,0.006105000153183937,0.07326000183820724,0.03174600005149841
1451504210379,2,0.0647130012512207,0.05128199979662895,0.0488400012254715
1451504210404,2,0.1355309933423996,-0.008546999655663967,0.05616600066423416
1451504210419,2,0.17704500257968903,-0.030524998903274536,0.04151399806141853
1451504210439,2,0.1452990025281906,0.00976799987256527,0.03296700119972229
1451504210460,2,0.059829000383615494,0.07203900068998337,0.025640999898314476
1451504210485,2,0.06104999780654907,0.10134299844503403,0.05616600066423416
1451504210499,2,0.14407800137996674,0.05738699808716774,0.06593400239944458
1451504210520,2,0.1843709945678711,-0.04151399806141853,0.07448099553585052
1451504210540,2,0.1733819991350174,-0.0647130012512207,0.04395600035786629
1451504210560,2,0.01953599974513054,0.09157499670982361,0.09645900130271912
1451504210580,2,-0.08546999841928482,0.12209999561309814,0.12820500135421753
1451504210600,2,0.03663000091910362,0.07448099553585052,0.08913300186395645
1451504210620,2,0.17093999683856964,-0.004883999936282635,0.07081799954175949
1451504210641,2,0.23443199694156647,-0.06227099895477295,0.07203900068998337
1451504210661,2,0.2637360095977783,-0.07936500012874603,0.08302799612283707
1451504210681,2,0.10622699558734894,0.02808300033211708,-0.00976799987256527
1451504210700,2,0.05372399836778641,0.06715499609708786,-0.025640999898314476
