1451578482941,1,0.07936500012874603,-0.44078099727630615,-0.1562879979610443
1451578482961,1,-0.0647130012512207,-0.5164830088615417,-0.31623899936676025
1451578482982,1,-0.2222220003604889,-0.3882780075073242,-0.3736259937286377
1451578483002,1,-0.432233989238739,-0.38583600521087646,-0.3357749879360199
1451578483022,1,-0.6483510136604309,-0.514041006565094,-0.3150179982185364
1451578483042,1,-0.7155060172080994,-0.6727709770202637,-0.31623899936676025
1451578483062,1,-0.6410250067710876,-0.6495720148086548,-0.23687399923801422
1451578483082,1,-0.48962098360061646,-0.6776549816131592,-0.03174600005149841
1451578483103,1,-0.3406589925289154,-0.782660961151123,0.06104999780654907
1451578483130,1,-0.14285700023174286,-0.8595839738845825,0.1684979945421219
1451578483143,1,0.06104999780654907,-0.8901090025901794,0.18192899227142334
1451578483162,1,0.167276993393898,-0.7472519874572754,0.12332099676132202
1451578483188,1,-0.02442000061273575,-0.4285709857940674,0.10500600188970566
1451578483208,1,-0.02808300033211708,-0.24053700268268585,0.0647130012512207
1451578483223,1,0.050060998648405075,-0.0866909995675087,0.003662999952211976
1451578483245,1,0.16605599224567413,0.08424899727106094,-0.07814399898052216
1451578483263,1,0.24175800383090973,0.22344300150871277,-0.14896199107170105
1451578483283,1,0.17704500257968903,0.3687419891357422,-0.17704500257968903
1451578483303,1,0.1452990025281906,0.4371179938316345,-0.2661779820919037
1451578483324,1,0.10866899788379669,0.4981679916381836,-0.3528690040111542
1451578483349,1,0.03418799862265587,0.6068369746208191,-0.3846150040626526
1451578483364,1,-0.08180700242519379,0.7362629771232605,-0.32234400510787964
1451578483384,1,-0.13919399678707123,0.7240529656410217,-0.2539680004119873
1451578483411,1,-0.3199020028114319,0.6935279965400696,0.06349200010299683
1451578483424,1,-0.34920600056648254,-0.3137969970703125,1.8083009719848633
1451578483445,1,0.6520140171051025,-0.8485949635505676,2.0622689723968506
1451578483464,1,0.7960919737815857,-0.5958479642868042,2.1587278842926025
1451578483485,1,0.6568979620933533,-0.3467639982700348,1.6837589740753174
1451578483505,1,0.06349200010299683,0.12332099676132202,0.2002439945936203
1451578483526,1,-0.2759459912776947,0.28937700390815735,-0.5079360008239746
1451578483545,1,-0.6117209792137146,0.31135499477386475,-0.9877889752388
1451578483565,1,-0.5506709814071655,0.32112300395965576,-1.0732589960098267
1451578483586,1,-0.1575089991092682,0.3882780075073242,-0.8376060128211975
1451578483605,1,0.08791200071573257,0.2637360095977783,-0.6874229907989502
1451578483628,1,-0.08058600127696991,0.24664199352264404,-0.5934060215950012
1451578483646,1,-0.308912992477417,0.17582400143146515,-0.43101298809051514
1451578483671,1,-0.42612898349761963,0.0866909995675087,-0.3504270017147064
1451578483686,1,-0.40292999148368835,-0.003662999952211976,-0.21367499232292175
1451578483706,1,-0.27228298783302307,-0.07203900068998337,-0.025640999898314476
1451578483727,1,-0.006105000153183937,-0.3638579845428467,0.1294260025024414
1451578483746,1,0.026861999183893204,-0.5225880146026611,0.10866899788379669
1451578483767,1,-0.06593400239944458,-0.5628809928894043,0.07936500012874603
1451578483794,1,-0.17582400143146515,-0.308912992477417,0.04395600035786629
1451578483807,1,-0.19658099114894867,-0.16117200255393982,-0.010989000089466572
1451578483828,1,-0.21245399117469788,0.08791200071573257,-0.10012199729681015
1451578483846,1,-0.14896199107170105,0.0647130012512207,-0.07814399898052216
1451578483867,1,-0.12820500135421753,-0.026861999183893204,-0.0378509983420372
1451578483887,1,-0.11477399617433548,-0.0866909995675087,-0.02319899946451187
1451578483907,1,-0.11721599847078323,-0.12576299905776978,-0.01953599974513054
1451578483928,1,-0.097680002450943,-0.07448099553585052,-0.007325999904423952
1451578483947,1,-0.12820500135421753,-0.04761900007724762,-0.010989000089466572
1451578483973,1,-0.16971899569034576,-0.07448099553585052,-0.012210000306367874
1451578483988,1,-0.17460300028324127,-0.09523800015449524,-0.014651999808847904
1451578484009,1,-0.14163599908351898,-0.10988999903202057,-0.012210000306367874
1451578484033,1,-0.06227099895477295,-0.10378500074148178,0.003662999952211976
1451578484048,1,-0.006105000153183937,-0.020756999030709267,0.05372399836778641
1451578484068,1,-0.06227099895477295,0.012210000306367874,0.06837599724531174
1451578484088,1,-0.14774100482463837,0.012210000306367874,0.07448099553585052
1451578484110,1,-0.2441999912261963,-0.006105000153183937,0.03907199949026108
1451578484135,1,-0.2600730061531067,-0.03663000091910362,0.010989000089466572
1451578484149,1,-0.13797299563884735,0.035408999770879745,0.01831500045955181
1451578484169,1,-0.09035399556159973,0.15018299221992493,0.06959699839353561
1451578484196,1,-0.026861999183893204,0.1562879979610443,0.10622699558734894
1451578484210,1,0.02319899946451187,0.0488400012254715,0.10622699558734894
1451578484229,1,0.03418799862265587,-0.09035399556159973,0.11233200132846832
1451578484250,1,0.00976799987256527,-0.19169700145721436,0.05860799923539162
1451578484270,1,0.0012209999840706587,-0.15018299221992493,0.05738699808716774
1451578484289,1,0.04395600035786629,-0.08424899727106094,0.07692299783229828
1451578484311,1,0.09645900130271912,-0.07203900068998337,0.08791200071573257
1451578484330,1,0.09035399556159973,-0.10744799673557281,0.06593400239944458
1451578484350,1,0.03418799862265587,-0.15506699681282043,-0.00976799987256527
1451578484370,1,-0.12087900191545486,-0.13430999219417572,0.01953599974513054
1451578484390,1,-0.10988999903202057,-0.059829000383615494,0.07081799954175949
1451578484417,1,-0.059829000383615494,-0.003662999952211976,0.10012199729681015
1451578484435,1,-0.01831500045955181,0.007325999904423952,0.0757019966840744
1451578484451,1,-0.01831500045955181,-0.007325999904423952,0.03174600005149841
1451578484470,1,-0.12209999561309814,-0.0757019966840744,-0.00976799987256527
1451578484498,1,-0.12820500135421753,-0.06104999780654907,0.004883999936282635
1451578484512,1,-0.09279599785804749,-0.03663000091910362,-0.0024419999681413174
1451578484530,1,-0.06593400239944458,-0.021978000178933144,-0.050060998648405075
1451578484551,1,-0.021978000178933144,-0.045176997780799866,-0.09523800015449524
1451578484571,1,-0.03907199949026108,-0.2002439945936203,-0.1562879979610443
1451578484591,1,-0.054944999516010284,-0.293040007352829,-0.13919399678707123
1451578484615,1,-0.0488400012254715,-0.33821699023246765,-0.10988999903202057
1451578484631,1,-0.013430999591946602,-0.32722800970077515,-0.10622699558734894
1451578484652,1,0.015873000025749207,-0.2661779820919037,-0.10012199729681015
1451578484678,1,-0.021978000178933144,-0.15018299221992493,-0.1575089991092682
1451578484692,1,-0.11477399617433548,-0.09523800015449524,-0.14896199107170105
1451578484712,1,-0.1465200036764145,-0.0866909995675087,-0.10866899788379669
1451578484737,1,-0.10012199729681015,-0.10866899788379669,-0.07692299783229828
1451578484752,1,-0.020756999030709267,-0.13430999219417572,-0.02930399961769581
1451578484773,1,0.06227099895477295,-0.16971899569034576,0.003662999952211976
1451578484792,1,0.07936500012874603,-0.2503049969673157,-0.01831500045955181
1451578484822,2,-0.017093999311327934,-0.21367499232292175,-0.06715499609708786
1451578484833,2,-0.1404149979352951,-0.1245419979095459,-0.12087900191545486
1451578484854,2,-0.2002439945936203,-0.05372399836778641,-0.1294260025024414
1451578484874,2,-0.15384599566459656,-0.01953599974513054,-0.08302799612283707
1451578484894,2,0.03296700119972229,-0.02808300033211708,0.008546999655663967
1451578484913,2,0.06837599724531174,-0.015873000025749207,0.026861999183893204
1451578484933,2,0.054944999516010284,-0.004883999936282635,0.004883999936282635
1451578484954,2,-0.006105000153183937,0.008546999655663967,-0.007325999904423952
1451578484974,2,-0.03663000091910362,0.01831500045955181,-0.004883999936282635
1451578484995,2,-0.006105000153183937,-0.006105000153183937,0.0
1451578485014,2,0.007325999904423952,-0.017093999311327934,-0.02319899946451187
1451578485039,2,-0.012210000306367874,-0.021978000178933144,-0.06349200010299683
1451578485054,2,-0.059829000383615494,-0.03907199949026108,-0.09890099614858627
1451578485082,2,-0.11965800076723099,-0.06104999780654907,-0.14896199107170105
1451578485094,2,-0.13919399678707123,-0.07448099553585052,-0.18681299686431885
1451578485114,2,-0.05860799923539162,-0.08546999841928482,-0.17948700487613678
1451578485135,2,-0.01831500045955181,-0.09035399556159973,-0.1575089991092682
1451578485155,2,0.006105000153183937,-0.08791200071573257,-0.17460300028324127
1451578485175,2,0.015873000025749207,-0.12209999561309814,-0.26129400730133057
1451578485195,2,0.02808300033211708,-0.1562879979610443,-0.3638579845428467
1451578485215,2,0.08302799612283707,-0.21245399117469788,-0.3125759959220886
1451578485241,2,0.11233200132846832,-0.293040007352829,-0.22832699120044708
1451578485256,2,0.12332099676132202,-0.35897400975227356,-0.20634900033473969
1451578485278,2,0.097680002450943,-0.36996299028396606,-0.23687399923801422
1451578485296,2,0.05860799923539162,-0.35531100630760193,-0.21977999806404114
1451578485316,2,0.0866909995675087,-0.3797309994697571,-0.017093999311327934
1451578485335,2,0.08302799612283707,-0.3833940029144287,0.08058600127696991
1451578485356,2,0.06349200010299683,-0.34920600056648254,0.14407800137996674
1451578485376,2,0.09157499670982361,-0.2808299958705902,0.2051279991865158
1451578485396,2,0.18803399801254272,-0.2649570107460022,0.33943799138069153
1451578485416,2,0.3137969970703125,-0.1562879979610443,0.7960919737815857
1451578485437,2,-0.10622699558734894,2.741144895553589,-0.2539680004119873
1451578485457,2,-0.014651999808847904,2.578752040863037,0.37118399143218994
1451578485479,2,0.41880300641059875,1.3980449438095093,0.5824170112609863
1451578485501,2,0.4652009904384613,-0.2747249901294708,0.46275898814201355
1451578485517,2,0.23076899349689484,-1.820510983467102,0.2490839958190918
1451578485537,2,-0.8498159646987915,0.7179480195045471,0.4554329812526703
1451578485557,2,-0.9450539946556091,1.037850022315979,0.4774110019207001
1451578485578,2,-0.30524998903274536,0.6971909999847412,0.059829000383615494
1451578485598,2,0.4383389949798584,0.5604389905929565,-0.34432199597358704
1451578485618,2,0.5836380124092102,0.2869350016117096,-0.40903499722480774
1451578485638,2,-0.10866899788379669,0.334553986787796,-0.15262499451637268
1451578485658,2,-0.3247860074043274,0.2637360095977783,-0.008546999655663967
1451578485678,2,-0.2857140004634857,0.08180700242519379,0.06959699839353561
1451578485698,2,-0.1514039933681488,-0.03663000091910362,0.10866899788379669
1451578485718,2,-0.09890099614858627,-0.10988999903202057,0.195360004901886
1451578485738,2,-0.07692299783229828,-0.6520140171051025,0.13675199449062347
1451578485759,2,0.13430999219417572,0.003662999952211976,0.10866899788379669
1451578485779,2,0.035408999770879745,0.1892549991607666,0.05616600066423416
1451578485798,2,-0.05128199979662895,0.27228298783302307,-0.09645900130271912
1451578485819,2,-0.13675199449062347,0.2820509970188141,-0.18681299686431885
1451578485839,2,-0.20146499574184418,0.27350398898124695,-0.22100099921226501
1451578485865,2,-0.18803399801254272,0.18314999341964722,-0.19169700145721436
1451578485880,2,-0.05860799923539162,0.007325999904423952,-0.17093999683856964
1451578485900,2,0.09279599785804749,-0.16117200255393982,-0.1562879979610443
1451578485920,2,0.23687399923801422,-0.14407800137996674,-0.09401699900627136
1451578485940,2,0.25641000270843506,-0.11477399617433548,-0.026861999183893204
1451578485960,2,0.3956039845943451,-0.23443199694156647,0.026861999183893204
1451578485980,2,0.41269800066947937,-0.17948700487613678,0.054944999516010284
1451578486000,2,0.3369959890842438,-0.026861999183893204,0.0488400012254715
1451578486020,2,0.21977999806404114,-0.013430999591946602,-0.0024419999681413174
1451578486040,2,0.21489599347114563,-0.04761900007724762,-0.003662999952211976
1451578486061,2,0.25641000270843506,-0.11477399617433548,0.06837599724531174
1451578486080,2,0.17216099798679352,-0.14896199107170105,0.059829000383615494
1451578486101,2,0.06715499609708786,-0.12209999561309814,0.03296700119972229
1451578486121,2,-0.02319899946451187,-0.10012199729681015,-0.030524998903274536
1451578486141,2,-0.11721599847078323,0.15018299221992493,-0.03418799862265587
1451578486166,2,-0.2771669924259186,0.32600700855255127,0.0
1451578486180,2,-0.21977999806404114,0.1892549991607666,-0.01953599974513054
1451578486206,2,-0.07081799954175949,0.10744799673557281,-0.04761900007724762
1451578486221,2,0.006105000153183937,0.045176997780799866,-0.02442000061273575
1451578486242,2,-0.02319899946451187,-0.010989000089466572,-0.02808300033211708
1451578486261,2,-0.05372399836778641,-0.13186800479888916,-0.050060998648405075
1451578486282,2,-0.10988999903202057,-0.1733819991350174,-0.06593400239944458
1451578486302,2,-0.1575089991092682,-0.20390699803829193,-0.06959699839353561
1451578486322,2,-0.11599499732255936,-0.2539680004119873,-0.08058600127696991
1451578486342,2,-0.010989000089466572,-0.2918190062046051,-0.06227099895477295
1451578486362,2,0.08302799612283707,-0.31135499477386475,-0.012210000306367874
1451578486382,2,0.11111100018024445,-0.1843709945678711,0.06837599724531174
1451578486402,2,0.06715499609708786,-0.10500600188970566,0.06593400239944458
1451578486422,2,0.06349200010299683,-0.02808300033211708,0.02808300033211708
1451578486442,2,0.07448099553585052,0.06715499609708786,-0.03418799862265587
1451578486463,2,0.05372399836778641,0.1623930037021637,-0.06349200010299683
1451578486483,2,0.03907199949026108,0.20268599689006805,-0.040293000638484955
1451578486503,2,0.06104999780654907,0.0,0.0647130012512207
1451578486524,2,0.05372399836778641,-0.11233200132846832,0.09401699900627136
1451578486552,2,0.008546999655663967,-0.15018299221992493,0.07326000183820724
1451578486564,2,-0.059829000383615494,-0.14407800137996674,0.010989000089466572
1451578486584,2,-0.0866909995675087,-0.09157499670982361,-0.06227099895477295
1451578486610,2,-0.0012209999840706587,-0.07448099553585052,-0.07448099553585052
1451578486624,2,0.07081799954175949,-0.09157499670982361,-0.09035399556159973
1451578486644,2,0.09035399556159973,-0.06715499609708786,-0.10988999903202057
1451578486664,2,0.08302799612283707,-0.09645900130271912,-0.11477399617433548
1451578486684,2,0.08546999841928482,-0.09890099614858627,-0.13919399678707123
1451578486705,2,0.07203900068998337,-0.021978000178933144,-0.23687399923801422
1451578486724,2,-0.017093999311327934,0.0757019966840744,-0.26129400730133057
1451578486746,2,-0.11965800076723099,0.014651999808847904,-0.18559199571609497
1451578486764,2,-0.09157499670982361,-0.0757019966840744,-0.097680002450943
1451578486784,2,-0.010989000089466572,-0.16483499109745026,-0.02808300033211708
1451578486805,2,0.040293000638484955,-0.19047600030899048,-0.02442000061273575
1451578486826,2,-0.003662999952211976,0.040293000638484955,-0.06715499609708786
1451578486846,1,-0.05250300094485283,0.12820500135421753,-0.02319899946451187
1451578486865,1,-0.07814399898052216,0.04151399806141853,0.04639799892902374
1451578486885,1,-0.017093999311327934,-0.05616600066423416,0.0378509983420372
1451578486906,1,0.015873000025749207,-0.02930399961769581,-0.013430999591946602
1451578486925,1,-0.00976799987256527,-0.026861999183893204,-0.0647130012512207
1451578486946,1,0.014651999808847904,-0.00976799987256527,-0.08913300186395645
1451578486966,1,0.03418799862265587,0.017093999311327934,-0.097680002450943
1451578486986,1,0.03174600005149841,0.04761900007724762,-0.10866899788379669
1451578487006,1,0.0012209999840706587,0.06715499609708786,-0.12087900191545486
1451578487027,1,0.01953599974513054,0.08302799612283707,-0.1465200036764145
1451578487046,1,0.08546999841928482,0.08058600127696991,-0.12820500135421753
1451578487066,1,0.1135529950261116,0.08913300186395645,-0.10988999903202057
1451578487086,1,0.04761900007724762,0.1294260025024414,-0.07326000183820724
1451578487107,1,-0.007325999904423952,0.0488400012254715,-0.008546999655663967
1451578487127,1,0.11477399617433548,0.24175800383090973,-0.08180700242519379
1451578487147,1,-0.3369959890842438,0.8962140083312988,0.3467639982700348
1451578487167,1,-0.3125759959220886,-0.4590959846973419,1.727715015411377
1451578487187,1,0.5274720191955566,-0.9755789637565613,1.7606819868087769
1451578487207,1,0.5494499802589417,-0.5885220170021057,1.3772879838943481
1451578487233,1,0.11965800076723099,0.20390699803829193,0.24664199352264404
1451578487247,1,-0.7692300081253052,1.2600719928741455,-1.3394370079040527
1451578487268,1,-0.8888880014419556,0.9755789637565613,-1.0329660177230835
1451578487288,1,-0.6788759827613831,0.4017089903354645,-0.26861998438835144
1451578487307,1,-0.2698409855365753,-0.10866899788379669,0.1843709945678711
1451578487328,1,0.10012199729681015,-0.3736259937286377,0.22344300150871277
1451578487348,1,0.15384599566459656,-0.45054900646209717,-0.12820500135421753
1451578487369,1,0.0012209999840706587,-0.2710619866847992,-0.17093999683856964
1451578487389,1,-0.12087900191545486,-0.11477399617433548,-0.12209999561309814
1451578487409,1,-0.1465200036764145,-0.006105000153183937,-0.07936500012874603
1451578487428,1,-0.09890099614858627,0.07326000183820724,-0.06715499609708786
1451578487449,1,-0.03174600005149841,0.0866909995675087,-0.05738699808716774
1451578487469,1,-0.026861999183893204,0.02319899946451187,-0.10012199729681015
1451578487489,1,-0.0757019966840744,-0.030524998903274536,-0.1135529950261116
1451578487509,1,-0.08913300186395645,-0.07814399898052216,-0.11721599847078323
1451578487531,1,-0.059829000383615494,-0.06959699839353561,-0.11111100018024445
1451578487550,1,-0.003662999952211976,-0.06593400239944458,-0.07203900068998337
1451578487569,1,0.03296700119972229,-0.15873000025749207,0.0488400012254715
1451578487589,1,0.04151399806141853,-0.23931600153446198,0.06593400239944458
1451578487610,1,0.0757019966840744,-0.30036598443984985,0.04273499920964241
1451578487630,1,0.10378500074148178,-0.28449299931526184,0.015873000025749207
1451578487650,1,0.10744799673557281,-0.2051279991865158,0.021978000178933144
1451578487670,1,0.07448099553585052,-0.0757019966840744,0.07203900068998337
1451578487690,1,0.06104999780654907,-0.097680002450943,0.06715499609708786
1451578487716,1,0.050060998648405075,-0.08302799612283707,0.02442000061273575
1451578487730,1,0.02930399961769581,-0.02930399961769581,-0.025640999898314476
1451578487751,1,-0.010989000089466572,0.035408999770879745,-0.03663000091910362
1451578487771,1,-0.020756999030709267,0.05372399836778641,-0.02319899946451187
1451578487791,1,0.06104999780654907,-0.0378509983420372,0.05372399836778641
1451578487812,1,0.12332099676132202,-0.10622699558734894,0.06227099895477295
1451578487830,1,0.12087900191545486,-0.10378500074148178,0.03418799862265587
1451578487851,1,0.0647130012512207,-0.026861999183893204,0.0
1451578487871,1,0.004883999936282635,0.06104999780654907,-0.004883999936282635
1451578487892,1,-0.013430999591946602,0.10988999903202057,0.025640999898314476
1451578487911,1,0.026861999183893204,0.059829000383615494,0.05250300094485283
1451578487931,1,0.09279599785804749,-0.004883999936282635,0.06715499609708786
1451578487952,1,0.14896199107170105,-0.04639799892902374,0.08913300186395645
1451578487972,1,0.1623930037021637,-0.09279599785804749,0.10500600188970566
1451578487993,1,0.13797299563884735,-0.1404149979352951,0.08180700242519379
1451578488017,1,0.11599499732255936,-0.11599499732255936,0.05616600066423416
1451578488033,1,0.08180700242519379,-0.07448099553585052,0.020756999030709267
1451578488052,1,0.04639799892902374,-0.03418799862265587,-0.026861999183893204
1451578488073,1,-0.007325999904423952,0.02930399961769581,-0.05250300094485283
1451578488093,1,-0.07326000183820724,0.04639799892902374,-0.014651999808847904
1451578488113,1,-0.07081799954175949,-0.008546999655663967,0.017093999311327934
1451578488133,1,-0.05128199979662895,-0.05616600066423416,0.02442000061273575
1451578488158,1,-0.03418799862265587,-0.059829000383615494,0.008546999655663967
1451578488173,1,-0.03418799862265587,-0.03174600005149841,-0.007325999904423952
1451578488196,1,-0.05860799923539162,0.010989000089466572,0.0024419999681413174
1451578488214,1,-0.07203900068998337,0.014651999808847904,0.04151399806141853
1451578488234,1,-0.05738699808716774,0.003662999952211976,0.04273499920964241
1451578488258,1,-0.03907199949026108,0.0,0.035408999770879745
1451578488274,1,-0.01831500045955181,0.00976799987256527,0.01831500045955181
1451578488294,1,0.02442000061273575,0.00976799987256527,0.010989000089466572
1451578488314,1,0.06104999780654907,-0.006105000153183937,0.02442000061273575
1451578488334,1,0.04761900007724762,-0.020756999030709267,0.021978000178933144
1451578488355,1,0.03663000091910362,-0.003662999952211976,0.003662999952211976
1451578488375,1,0.02930399961769581,0.017093999311327934,-0.014651999808847904
1451578488395,1,0.013430999591946602,0.035408999770879745,-0.01953599974513054
1451578488414,1,-0.0012209999840706587,0.00976799987256527,-0.00976799987256527
1451578488440,1,0.02930399961769581,0.004883999936282635,0.0024419999681413174
1451578488455,1,0.05250300094485283,-0.0012209999840706587,0.012210000306367874
1451578488475,1,0.050060998648405075,-0.003662999952211976,0.025640999898314476
1451578488496,1,0.02930399961769581,-0.003662999952211976,0.025640999898314476
1451578488515,1,-0.006105000153183937,-0.0012209999840706587,0.0012209999840706587
1451578488536,1,-0.014651999808847904,0.04151399806141853,-0.010989000089466572
1451578488555,1,0.01831500045955181,0.040293000638484955,0.010989000089466572
1451578488575,1,0.05128199979662895,0.035408999770879745,0.035408999770879745
1451578488597,1,0.0647130012512207,0.020756999030709267,0.050060998648405075
1451578488620,1,0.05128199979662895,0.00976799987256527,0.04151399806141853
1451578488636,1,0.012210000306367874,0.00976799987256527,0.01953599974513054
1451578488657,1,0.025640999898314476,0.02442000061273575,-0.003662999952211976
1451578488676,1,0.01953599974513054,0.015873000025749207,0.0024419999681413174
1451578488696,1,0.021978000178933144,-0.012210000306367874,0.014651999808847904
1451578488717,1,0.026861999183893204,-0.04273499920964241,0.01831500045955181
1451578488737,1,0.0378509983420372,-0.06593400239944458,-0.003662999952211976
1451578488757,1,0.021978000178933144,-0.035408999770879745,-0.021978000178933144
1451578488778,1,-0.003662999952211976,-0.015873000025749207,-0.01953599974513054
1451578488802,1,-0.025640999898314476,-0.012210000306367874,-0.00976799987256527
1451578488817,1,-0.015873000025749207,-0.026861999183893204,-0.0024419999681413174
1451578488837,1,0.01953599974513054,-0.03174600005149841,-0.003662999952211976
1451578488858,1,0.04395600035786629,-0.03663000091910362,-0.013430999591946602
1451578488880,2,0.040293000638484955,-0.02808300033211708,-0.02808300033211708
1451578488898,2,0.017093999311327934,-0.02930399961769581,-0.02930399961769581
1451578488918,2,-0.008546999655663967,-0.050060998648405075,-0.04151399806141853
1451578488938,2,-0.00976799987256527,-0.06959699839353561,-0.04639799892902374
1451578488958,2,0.021978000178933144,-0.07692299783229828,-0.02319899946451187
1451578488983,2,0.04151399806141853,-0.04395600035786629,-0.008546999655663967
1451578488998,2,0.03907199949026108,-0.01953599974513054,-0.007325999904423952
1451578489018,2,0.02808300033211708,-0.014651999808847904,-0.010989000089466572
1451578489038,2,0.014651999808847904,-0.02319899946451187,-0.015873000025749207
1451578489058,2,0.03296700119972229,-0.0488400012254715,-0.020756999030709267
1451578489078,2,0.040293000638484955,-0.07326000183820724,-0.021978000178933144
1451578489099,2,0.04151399806141853,-0.097680002450943,-0.021978000178933144
1451578489119,2,0.04639799892902374,-0.10866899788379669,-0.04639799892902374
1451578489139,2,0.05372399836778641,-0.10012199729681015,-0.06227099895477295
1451578489160,2,0.0488400012254715,-0.10012199729681015,-0.0488400012254715
1451578489179,2,0.04151399806141853,-0.1465200036764145,-0.02442000061273575
1451578489199,2,0.014651999808847904,-0.167276993393898,-0.040293000638484955
1451578489220,2,-0.0012209999840706587,-0.21001200377941132,-0.040293000638484955
1451578489240,2,0.08302799612283707,-0.3626369833946228,0.020756999030709267
1451578489260,2,0.29548200964927673,-0.5934060215950012,0.1684979945421219
1451578489279,2,0.10134299844503403,2.1196560859680176,-0.7252739667892456
1451578489300,2,0.299144983291626,1.0927950143814087,-0.25152599811553955
1451578489320,2,0.7399259805679321,-0.7350419759750366,0.33943799138069153
1451578489346,2,0.6092789769172668,-1.2503039836883545,0.7252739667892456
1451578489361,2,-0.014651999808847904,-1.562880039215088,0.8400480151176453
1451578489380,2,-0.5641019940376282,-0.017093999311327934,0.49084198474884033
1451578489400,2,-0.21489599347114563,0.45054900646209717,0.097680002450943
1451578489421,2,0.15506699681282043,0.5543339848518372,-0.18803399801254272
1451578489441,2,0.2771669924259186,0.35409000515937805,-0.18803399801254272
1451578489468,2,0.20879100263118744,0.15384599566459656,-0.06715499609708786
1451578489485,2,0.07448099553585052,0.030524998903274536,0.01831500045955181
1451578489502,2,-0.167276993393898,0.0488400012254715,-0.014651999808847904
1451578489521,2,-0.19658099114894867,0.09890099614858627,-0.017093999311327934
1451578489542,2,-0.1465200036764145,0.1355309933423996,0.020756999030709267
1451578489561,2,-0.09157499670982361,0.15995100140571594,0.03663000091910362
1451578489582,2,-0.08546999841928482,0.1941390037536621,0.014651999808847904
1451578489602,2,-0.10744799673557281,0.1404149979352951,-0.02442000061273575
1451578489622,2,-0.06837599724531174,0.1135529950261116,-0.015873000025749207
1451578489642,2,-0.03907199949026108,0.07326000183820724,-0.0024419999681413174
1451578489664,2,-0.00976799987256527,0.05738699808716774,0.003662999952211976
1451578489682,2,0.010989000089466572,0.07081799954175949,-0.003662999952211976
1451578489702,2,0.021978000178933144,0.0757019966840744,-0.0378509983420372
1451578489722,2,0.02808300033211708,0.012210000306367874,-0.020756999030709267
1451578489743,2,0.06227099895477295,-0.050060998648405075,0.017093999311327934
1451578489763,2,0.097680002450943,-0.07936500012874603,0.07081799954175949
1451578489783,2,0.09279599785804749,-0.08424899727106094,0.10622699558734894
1451578489803,2,0.07326000183820724,-0.007325999904423952,0.0647130012512207
1451578489823,2,-0.01953599974513054,0.04761900007724762,0.015873000025749207
1451578489844,2,-0.0866909995675087,0.06593400239944458,-0.021978000178933144
1451578489863,2,-0.10378500074148178,0.015873000025749207,-0.035408999770879745
1451578489888,2,-0.0647130012512207,-0.0488400012254715,-0.003662999952211976
1451578489904,2,0.012210000306367874,-0.10012199729681015,0.03663000091910362
1451578489924,2,0.10500600188970566,-0.09645900130271912,0.0757019966840744
1451578489950,2,0.08424899727106094,-0.045176997780799866,0.06104999780654907
1451578489964,2,0.02319899946451187,-0.04151399806141853,0.02319899946451187
1451578489984,2,-0.03418799862265587,-0.17948700487613678,0.00976799987256527
1451578490004,2,-0.030524998903274536,-0.41269800066947937,-0.03296700119972229
1451578490024,2,-0.015873000025749207,-0.035408999770879745,0.0488400012254715
1451578490045,2,-0.0866909995675087,0.03418799862265587,0.017093999311327934
1451578490065,2,-0.07936500012874603,0.12087900191545486,-0.0647130012512207
1451578490085,2,-0.08791200071573257,0.2490839958190918,-0.08913300186395645
1451578490105,2,-0.14774100482463837,0.35531100630760193,-0.09645900130271912
1451578490125,2,-0.2332109957933426,0.20757000148296356,-0.10622699558734894
1451578490146,2,-0.19291800260543823,0.04273499920964241,-0.08791200071573257
1451578490168,2,-0.07448099553585052,-0.004883999936282635,-0.035408999770879745
1451578490185,2,0.02442000061273575,0.003662999952211976,0.01831500045955181
1451578490205,2,0.06837599724531174,0.006105000153183937,0.04151399806141853
1451578490226,2,0.0647130012512207,0.04151399806141853,0.0488400012254715
1451578490246,2,0.013430999591946602,0.097680002450943,0.02930399961769581
1451578490265,2,0.0012209999840706587,0.09279599785804749,0.015873000025749207
1451578490286,2,-0.003662999952211976,0.07936500012874603,0.003662999952211976
1451578490306,2,-0.013430999591946602,0.07203900068998337,0.0024419999681413174
1451578490326,2,-0.015873000025749207,0.06349200010299683,-0.008546999655663967
1451578490354,2,-0.06593400239944458,-0.006105000153183937,0.004883999936282635
1451578490366,2,-0.04395600035786629,-0.059829000383615494,0.012210000306367874
1451578490387,2,0.02442000061273575,-0.097680002450943,0.017093999311327934
1451578490407,2,0.10988999903202057,-0.1355309933423996,0.03663000091910362
1451578490428,2,0.167276993393898,-0.08180700242519379,0.05128199979662895
1451578490446,2,0.04761900007724762,0.020756999030709267,0.05372399836778641
1451578490467,2,-0.01831500045955181,-0.02808300033211708,0.03418799862265587
1451578490487,2,-0.05738699808716774,-0.08424899727106094,0.014651999808847904
1451578490507,2,-0.045176997780799866,-0.11965800076723099,-0.007325999904423952
1451578490527,2,0.02442000061273575,-0.10866899788379669,-0.020756999030709267
1451578490552,2,0.08180700242519379,-0.09035399556159973,-0.01953599974513054
1451578490568,2,0.05128199979662895,-0.017093999311327934,-0.02808300033211708
1451578490588,2,-0.010989000089466572,0.017093999311327934,-0.050060998648405075
1451578490608,2,-0.06837599724531174,0.07448099553585052,-0.05616600066423416
1451578490634,2,-0.11599499732255936,0.11111100018024445,-0.054944999516010284
1451578490654,2,-0.10378500074148178,0.11111100018024445,-0.06349200010299683
1451578490668,2,-0.017093999311327934,0.08424899727106094,-0.07692299783229828
1451578490688,2,0.014651999808847904,0.06227099895477295,-0.03418799862265587
1451578490708,2,0.013430999591946602,0.0488400012254715,-0.0012209999840706587
1451578490730,2,-0.015873000025749207,0.021978000178933144,0.00976799987256527
1451578490749,2,-0.02319899946451187,-0.02319899946451187,0.00976799987256527
1451578490769,2,-0.01953599974513054,-0.07448099553585052,-0.015873000025749207
1451578490789,2,-0.02808300033211708,-0.054944999516010284,-0.04151399806141853
1451578490809,2,-0.02808300033211708,-0.035408999770879745,-0.054944999516010284
1451578490829,2,-0.020756999030709267,-0.01831500045955181,-0.03663000091910362
1451578490849,2,0.004883999936282635,-0.026861999183893204,-0.010989000089466572
1451578490870,2,0.0378509983420372,-0.08302799612283707,0.0024419999681413174
1451578490890,2,0.08302799612283707,-0.06227099895477295,-0.07326000183820724
1451578490910,1,0.07081799954175949,0.030524998903274536,-0.11843699961900711
1451578490938,1,0.05250300094485283,0.06959699839353561,-0.15384599566459656
1451578490950,1,0.06349200010299683,0.09645900130271912,-0.18559199571609497
1451578490970,1,0.03663000091910362,0.1733819991350174,-0.21367499232292175
1451578490990,1,-0.19169700145721436,0.12332099676132202,-0.1733819991350174
1451578491017,1,-0.08058600127696991,-0.04395600035786629,-0.20634900033473969
1451578491030,1,0.15262499451637268,-0.05616600066423416,-0.2637360095977783
1451578491050,1,0.29426100850105286,0.012210000306367874,-0.26129400730133057
1451578491071,1,0.2918190062046051,0.09157499670982361,-0.21977999806404114
1451578491091,1,0.23076899349689484,0.08791200071573257,-0.12332099676132202
1451578491111,1,0.17093999683856964,0.0488400012254715,-0.08791200071573257
1451578491131,1,0.059829000383615494,0.07936500012874603,-0.07203900068998337
1451578491156,1,-0.10134299844503403,0.0866909995675087,0.0012209999840706587
1451578491171,1,-0.07936500012874603,0.04273499920964241,0.012210000306367874
1451578491191,1,0.16483499109745026,0.1892549991607666,-0.013430999591946602
1451578491211,1,0.09157499670982361,0.7594619989395142,0.39316198229789734
1451578491232,1,-0.26129400730133057,0.11965800076723099,1.9108649492263794
1451578491252,1,0.15873000025749207,-0.34310099482536316,2.026859998703003
1451578491272,1,0.23565299808979034,-0.4334549903869629,1.9304009675979614
1451578491292,1,0.34310099482536316,-0.30158698558807373,1.134308934211731
1451578491317,1,-0.19780199229717255,0.6398040056228638,-1.1416349411010742
1451578491332,1,-0.4932839870452881,0.8351640105247498,-1.534796953201294
1451578491352,1,-0.7289369702339172,0.4700849950313568,-1.0317449569702148
1451578491372,1,-0.7179480195045471,0.1465200036764145,-0.2588520050048828
1451578491393,1,-0.4017089903354645,-0.2710619866847992,0.12576299905776978
1451578491413,1,0.3504270017147064,-0.6288149952888489,-0.1355309933423996
1451578491433,1,0.27960899472236633,-0.41391900181770325,-0.20879100263118744
1451578491453,1,0.06715499609708786,-0.1514039933681488,-0.13064700365066528
1451578491474,1,-0.08546999841928482,-0.0024419999681413174,-0.05860799923539162
1451578491493,1,-0.13675199449062347,0.059829000383615494,-0.035408999770879745
1451578491517,1,-0.1294260025024414,0.08302799612283707,-0.03907199949026108
1451578491533,1,-0.02930399961769581,0.007325999904423952,-0.05616600066423416
1451578491553,1,0.02808300033211708,-0.07936500012874603,-0.05860799923539162
1451578491574,1,0.05128199979662895,-0.13308899104595184,-0.059829000383615494
1451578491596,1,0.03174600005149841,-0.14285700023174286,-0.04761900007724762
1451578491614,1,-0.01953599974513054,-0.13186800479888916,-0.040293000638484955
1451578491634,1,-0.059829000383615494,-0.12576299905776978,-0.04151399806141853
1451578491654,1,-0.05372399836778641,-0.12332099676132202,-0.03907199949026108
1451578491674,1,-0.03663000091910362,-0.12820500135421753,-0.014651999808847904
1451578491701,1,0.004883999936282635,-0.09035399556159973,-0.010989000089466572
1451578491715,1,0.05250300094485283,-0.05128199979662895,-0.003662999952211976
1451578491735,1,0.14285700023174286,-0.1404149979352951,0.021978000178933144
1451578491755,1,0.1135529950261116,-0.19658099114894867,0.017093999311327934
1451578491775,1,0.06227099895477295,-0.17948700487613678,-0.017093999311327934
1451578491795,1,0.010989000089466572,-0.12576299905776978,-0.035408999770879745
1451578491815,1,-0.004883999936282635,-0.06104999780654907,-0.05372399836778641
1451578491835,1,-0.00976799987256527,0.012210000306367874,-0.045176997780799866
1451578491855,1,-0.003662999952211976,-0.010989000089466572,-0.03663000091910362
1451578491881,1,0.00976799987256527,-0.050060998648405075,-0.06104999780654907
1451578491895,1,0.008546999655663967,-0.013430999591946602,-0.0866909995675087
1451578491916,1,-0.01953599974513054,0.035408999770879745,-0.07692299783229828
1451578491936,1,-0.0378509983420372,0.040293000638484955,-0.05372399836778641
1451578491956,1,-0.04273499920964241,0.015873000025749207,0.015873000025749207
1451578491976,1,-0.026861999183893204,-0.021978000178933144,0.03663000091910362
1451578491996,1,-0.006105000153183937,-0.03907199949026108,0.015873000025749207
1451578492016,1,-0.015873000025749207,-0.00976799987256527,0.008546999655663967
1451578492042,1,-0.05128199979662895,0.01831500045955181,0.003662999952211976
1451578492057,1,-0.02319899946451187,0.0,-0.007325999904423952
1451578492077,1,0.00976799987256527,-0.03174600005149841,-0.003662999952211976
1451578492096,1,0.035408999770879745,-0.05372399836778641,-0.015873000025749207
1451578492117,1,0.030524998903274536,-0.017093999311327934,-0.05250300094485283
1451578492137,1,-0.003662999952211976,0.04151399806141853,-0.05860799923539162
1451578492158,1,-0.006105000153183937,0.014651999808847904,-0.026861999183893204
1451578492178,1,0.013430999591946602,-0.007325999904423952,-0.003662999952211976
1451578492197,1,0.02319899946451187,-0.035408999770879745,0.025640999898314476
1451578492218,1,0.03907199949026108,-0.03296700119972229,0.03296700119972229
1451578492238,1,0.03907199949026108,-0.015873000025749207,0.030524998903274536
1451578492258,1,0.020756999030709267,0.007325999904423952,0.02930399961769581
1451578492278,1,-0.014651999808847904,0.008546999655663967,0.00976799987256527
1451578492298,1,-0.003662999952211976,0.013430999591946602,0.006105000153183937
1451578492318,1,0.004883999936282635,-0.013430999591946602,0.006105000153183937
1451578492338,1,0.020756999030709267,-0.026861999183893204,0.00976799987256527
1451578492358,1,0.006105000153183937,-0.00976799987256527,0.0024419999681413174
1451578492378,1,-0.030524998903274536,0.007325999904423952,-0.010989000089466572
1451578492399,1,-0.02442000061273575,0.010989000089466572,-0.006105000153183937
1451578492418,1,0.0012209999840706587,-0.0024419999681413174,-0.0012209999840706587
1451578492439,1,0.015873000025749207,-0.014651999808847904,-0.006105000153183937
1451578492459,1,0.013430999591946602,-0.012210000306367874,-0.030524998903274536
1451578492478,1,-0.02930399961769581,0.02319899946451187,-0.02319899946451187
1451578492499,1,-0.0024419999681413174,0.007325999904423952,-0.00976799987256527
1451578492525,1,0.03907199949026108,-0.014651999808847904,-0.00976799987256527
1451578492540,1,0.06959699839353561,-0.015873000025749207,-0.020756999030709267
1451578492562,1,0.050060998648405075,-0.003662999952211976,-0.03418799862265587
1451578492580,1,0.02442000061273575,-0.0024419999681413174,-0.04395600035786629
1451578492600,1,-0.008546999655663967,-0.017093999311327934,-0.07081799954175949
1451578492620,1,-0.007325999904423952,-0.014651999808847904,-0.05372399836778641
1451578492640,1,0.0,-0.020756999030709267,-0.05128199979662895
1451578492662,1,-0.007325999904423952,-0.007325999904423952,-0.04761900007724762
1451578492680,1,-0.020756999030709267,-0.008546999655663967,-0.03663000091910362
1451578492701,1,-0.026861999183893204,-0.030524998903274536,-0.01953599974513054
1451578492721,1,-0.013430999591946602,-0.02442000061273575,-0.013430999591946602
1451578492740,1,0.004883999936282635,-0.00976799987256527,-0.0012209999840706587
1451578492761,1,0.02319899946451187,-0.007325999904423952,0.007325999904423952
1451578492780,1,0.020756999030709267,-0.0024419999681413174,0.03174600005149841
1451578492801,1,0.04639799892902374,-0.010989000089466572,0.014651999808847904
1451578492821,1,0.05250300094485283,-0.010989000089466572,-0.003662999952211976
1451578492841,1,0.05128199979662895,-0.01831500045955181,-0.010989000089466572
1451578492862,1,0.0378509983420372,-0.02319899946451187,-0.02930399961769581
1451578492881,1,0.015873000025749207,-0.02442000061273575,-0.04151399806141853
1451578492902,1,0.01831500045955181,-0.03296700119972229,-0.045176997780799866
1451578492922,1,0.05860799923539162,-0.05738699808716774,-0.03296700119972229
1451578492942,2,0.06715499609708786,-0.07203900068998337,-0.03174600005149841
1451578492962,2,0.05738699808716774,-0.06104999780654907,-0.06104999780654907
1451578492986,2,0.02930399961769581,-0.02808300033211708,-0.08791200071573257
1451578493002,2,0.0,-0.03296700119972229,-0.09523800015449524
1451578493022,2,-0.003662999952211976,-0.03663000091910362,-0.0757019966840744
1451578493042,2,0.02442000061273575,-0.02442000061273575,-0.07692299783229828
1451578493064,2,0.035408999770879745,-0.013430999591946602,-0.07936500012874603
1451578493082,2,0.02930399961769581,-0.03296700119972229,-0.06349200010299683
1451578493103,2,0.03296700119972229,-0.0757019966840744,-0.030524998903274536
1451578493129,2,0.05128199979662895,-0.1514039933681488,-0.004883999936282635
1451578493143,2,0.08058600127696991,-0.1562879979610443,-0.007325999904423952
1451578493163,2,0.09890099614858627,-0.167276993393898,-0.012210000306367874
1451578493184,2,0.10134299844503403,-0.15018299221992493,-0.008546999655663967
1451578493204,2,0.07203900068998337,-0.13186800479888916,0.003662999952211976
1451578493224,2,0.0488400012254715,-0.10988999903202057,0.06227099895477295
1451578493245,2,0.05860799923539162,-0.11111100018024445,0.11111100018024445
1451578493264,2,0.0757019966840744,-0.1355309933423996,0.17704500257968903
1451578493284,2,-0.8473739624023438,1.1855909824371338,3.4639768600463867
1451578493304,2,0.14285700023174286,1.6349189281463623,0.8412690162658691
1451578493330,2,0.504272997379303,0.7789980173110962,-0.5616599917411804
1451578493348,2,0.334553986787796,-0.6971909999847412,-0.536018967628479
1451578493371,2,0.11965800076723099,-1.1855909824371338,-0.7899869680404663
1451578493391,2,-0.3785099983215332,-0.6825389862060547,-0.5091570019721985
1451578493412,2,-0.5067149996757507,0.07203900068998337,0.03174600005149841
1451578493425,2,-0.05860799923539162,0.2759459912776947,0.19902299344539642
1451578493451,2,0.5531129837036133,-0.05616600066423416,-0.12698400020599365
1451578493465,2,0.2661779820919037,-0.07081799954175949,-0.10622699558734894
1451578493485,2,-0.08913300186395645,0.07692299783229828,-0.08302799612283707
1451578493505,2,-0.2857140004634857,0.16971899569034576,-0.07936500012874603
1451578493526,2,-0.2429789900779724,0.14896199107170105,-0.050060998648405075
1451578493545,2,0.02442000061273575,-0.054944999516010284,0.08546999841928482
1451578493565,2,0.04761900007724762,-0.06715499609708786,0.08302799612283707
1451578493586,2,0.004883999936282635,-0.04639799892902374,0.03418799862265587
1451578493606,2,-0.09157499670982361,-0.09401699900627136,-0.025640999898314476
1451578493626,2,-0.1782660037279129,-0.1575089991092682,-0.054944999516010284
1451578493646,2,-0.18192899227142334,-0.2527469992637634,-0.050060998648405075
1451578493666,2,-0.08302799612283707,-0.2661779820919037,-0.06837599724531174
1451578493686,2,-0.054944999516010284,-0.11965800076723099,0.004883999936282635
1451578493713,2,-0.04395600035786629,0.06104999780654907,0.00976799987256527
1451578493728,2,-0.09035399556159973,0.12332099676132202,-0.06349200010299683
1451578493748,2,-0.1135529950261116,0.18803399801254272,-0.13308899104595184
1451578493767,2,-0.14163599908351898,0.17216099798679352,-0.10744799673557281
1451578493787,2,-0.08791200071573257,0.11965800076723099,-0.10622699558734894
1451578493808,2,-0.045176997780799866,0.08424899727106094,-0.08913300186395645
1451578493834,2,-0.017093999311327934,0.18803399801254272,-0.04395600035786629
1451578493847,2,0.017093999311327934,0.27960899472236633,0.03296700119972229
1451578493867,2,0.1404149979352951,0.2503049969673157,0.1404149979352951
1451578493887,2,0.13064700365066528,0.13430999219417572,0.14896199107170105
1451578493914,2,0.1025639995932579,0.02930399961769581,0.15506699681282043
1451578493933,2,0.09523800015449524,-0.021978000178933144,0.15018299221992493
1451578493947,2,0.10744799673557281,-0.007325999904423952,0.1135529950261116
1451578493968,2,0.10866899788379669,0.025640999898314476,0.06837599724531174
1451578493989,2,0.0378509983420372,0.11843699961900711,0.03663000091910362
1451578494009,2,-0.01953599974513054,0.12820500135421753,0.035408999770879745
1451578494029,2,-0.03907199949026108,0.11477399617433548,0.03418799862265587
1451578494048,2,-0.0378509983420372,0.09157499670982361,0.026861999183893204
1451578494069,2,-0.03174600005149841,0.06715499609708786,0.035408999770879745
1451578494096,2,-0.026861999183893204,0.0012209999840706587,0.020756999030709267
1451578494112,2,-0.03907199949026108,-0.0012209999840706587,0.021978000178933144
1451578494129,2,-0.02319899946451187,0.015873000025749207,0.030524998903274536
1451578494150,2,-0.007325999904423952,0.021978000178933144,0.03418799862265587
1451578494169,2,0.003662999952211976,0.02319899946451187,0.04639799892902374
1451578494190,2,-0.017093999311327934,0.012210000306367874,0.04151399806141853
1451578494211,2,0.017093999311327934,0.015873000025749207,0.014651999808847904
1451578494229,2,0.07203900068998337,0.02930399961769581,-0.012210000306367874
1451578494250,2,0.09890099614858627,0.030524998903274536,-0.006105000153183937
1451578494271,2,0.1245419979095459,0.03174600005149841,-0.003662999952211976
1451578494290,2,0.1294260025024414,0.05128199979662895,-0.006105000153183937
1451578494317,2,0.0378509983420372,0.0757019966840744,0.02319899946451187
1451578494331,2,0.026861999183893204,0.03907199949026108,0.03296700119972229
1451578494350,2,0.06837599724531174,-0.003662999952211976,0.02808300033211708
1451578494370,2,0.12576299905776978,-0.035408999770879745,0.015873000025749207
1451578494390,2,0.14163599908351898,-0.026861999183893204,0.007325999904423952
1451578494411,2,0.03907199949026108,0.015873000025749207,0.01831500045955181
1451578494435,2,0.03296700119972229,0.02319899946451187,0.01831500045955181
1451578494452,2,0.020756999030709267,0.00976799987256527,0.02319899946451187
1451578494471,2,0.01831500045955181,-0.02319899946451187,0.025640999898314476
1451578494490,2,0.035408999770879745,-0.035408999770879745,0.013430999591946602
1451578494512,2,0.10744799673557281,-0.059829000383615494,0.0378509983420372
1451578494531,2,0.09645900130271912,-0.0647130012512207,0.07814399898052216
1451578494552,2,0.06227099895477295,-0.06959699839353561,0.10866899788379669
1451578494572,2,0.02808300033211708,-0.07692299783229828,0.10744799673557281
1451578494592,2,-0.004883999936282635,-0.1025639995932579,0.06593400239944458
1451578494613,2,-0.03907199949026108,-0.10134299844503403,0.035408999770879745
1451578494638,2,0.02319899946451187,0.0,0.03663000091910362
1451578494653,2,0.09523800015449524,0.003662999952211976,0.04395600035786629
1451578494673,2,0.11111100018024445,-0.006105000153183937,0.04395600035786629
1451578494693,2,0.07692299783229828,-0.020756999030709267,0.013430999591946602
1451578494712,2,0.03296700119972229,-0.012210000306367874,-0.00976799987256527
1451578494732,2,-0.01831500045955181,0.030524998903274536,-0.010989000089466572
1451578494753,2,0.045176997780799866,-0.045176997780799866,-0.017093999311327934
1451578494780,2,0.18803399801254272,-0.12698400020599365,-0.05738699808716774
1451578494795,2,0.28449299931526184,-0.10012199729681015,-0.12087900191545486
1451578494818,2,0.24786299467086792,0.06349200010299683,-0.15018299221992493
1451578494833,2,-0.006105000153183937,0.15384599566459656,-0.026861999183893204
1451578494854,2,-0.06104999780654907,0.015873000025749207,-0.02930399961769581
1451578494874,2,-0.06104999780654907,-0.07814399898052216,-0.06227099895477295
1451578494894,2,0.008546999655663967,-0.06837599724531174,-0.12332099676132202
1451578494913,2,0.06959699839353561,-0.014651999808847904,-0.167276993393898
1451578494935,2,0.07814399898052216,0.04395600035786629,-0.13064700365066528
1451578494954,2,0.08913300186395645,-0.040293000638484955,-0.1025639995932579
