1449516749556,1,-0.22344300150871277,1.5335760116577148,-0.2820509970188141
1449516749577,1,-0.536018967628479,0.9938939809799194,-0.4285709857940674
1449516749597,1,-0.49938899278640747,0.5018309950828552,-0.43467599153518677
1449516749617,1,-0.20634900033473969,0.40292999148368835,-0.2222220003604889
1449516749639,1,0.02319899946451187,0.13675199449062347,-0.04395600035786629
1449516749657,1,-0.0024419999681413174,-0.2551890015602112,0.03663000091910362
1449516749678,1,-0.1843709945678711,0.007325999904423952,0.10744799673557281
1449516749698,1,-0.17093999683856964,0.3577530086040497,0.27960899472236633
1449516749718,1,-0.04395600035786629,0.4395599961280823,0.3577530086040497
1449516749739,1,0.04761900007724762,0.31013399362564087,0.2905980050563812
1449516749762,1,0.097680002450943,0.23443199694156647,0.21367499232292175
1449516749778,1,0.1733819991350174,0.21245399117469788,-0.01953599974513054
1449516749798,1,0.24542099237442017,0.3247860074043274,-0.17216099798679352
1449516749819,1,0.308912992477417,0.23565299808979034,-0.21367499232292175
1449516749838,1,0.24664199352264404,0.09523800015449524,-0.16361400485038757
1449516749858,1,0.0866909995675087,0.195360004901886,-0.11843699961900711
1449516749878,1,-0.08058600127696991,0.8058599829673767,0.0378509983420372
1449516749899,1,-0.0012209999840706587,1.008545994758606,0.10622699558734894
1449516749919,1,0.1892549991607666,0.9133079648017883,0.17948700487613678
1449516749945,1,0.3992669880390167,0.8461529612541199,0.35531100630760193
1449516749959,1,0.26251500844955444,1.0012199878692627,0.3040289878845215
1449516749979,1,0.7789980173110962,-0.9401699900627136,1.7533559799194336
1449516749999,1,0.9755789637565613,-1.1294249296188354,1.2405359745025635
1449516750019,1,0.416361004114151,-0.6837599873542786,0.4371179938316345
1449516750039,1,-0.5152620077133179,0.26861998438835144,-0.3894990086555481
1449516750060,1,-1.1953589916229248,1.0122089385986328,-0.8730149865150452
1449516750080,1,-1.4969459772109985,1.3357739448547363,-0.5335769653320313
1449516750100,1,-1.04761803150177,0.08424899727106094,0.38705700635910034
1449516750122,1,-0.5213670134544373,-0.23565299808979034,0.2747249901294708
1449516750139,1,-0.13919399678707123,-0.16483499109745026,0.19291800260543823
1449516750159,1,-0.006105000153183937,0.03418799862265587,0.2490839958190918
1449516750179,1,0.08180700242519379,0.035408999770879745,0.32600700855255127
1449516750200,1,0.34798499941825867,-0.3296699821949005,0.5018309950828552
1449516750220,1,0.36507898569107056,-0.4004879891872406,0.4554329812526703
1449516750242,1,0.2967030107975006,-0.3076919913291931,0.26861998438835144
1449516750260,1,0.20390699803829193,-0.17216099798679352,0.04761900007724762
1449516750280,1,0.08791200071573257,-0.07936500012874603,-0.050060998648405075
1449516750301,1,-0.012210000306367874,-0.09645900130271912,-0.07326000183820724
1449516750322,1,0.04151399806141853,-0.11233200132846832,-0.21489599347114563
1449516750341,1,0.04761900007724762,-0.10622699558734894,-0.31746000051498413
1449516750361,1,-0.026861999183893204,-0.15018299221992493,-0.2857140004634857
1449516750381,1,-0.14285700023174286,-0.17460300028324127,-0.1514039933681488
1449516750401,1,-0.16971899569034576,-0.0757019966840744,-0.07081799954175949
1449516750427,1,0.10622699558734894,0.10378500074148178,-0.13186800479888916
1449516750446,1,0.17582400143146515,-0.021978000178933144,-0.06837599724531174
1449516750462,1,0.11233200132846832,-0.2637360095977783,0.030524998903274536
1449516750482,1,0.0024419999681413174,-0.3504270017147064,0.03296700119972229
1449516750502,1,-0.003662999952211976,-0.167276993393898,-0.10622699558734894
1449516750527,1,-0.14163599908351898,0.9304019808769226,-0.30158698558807373
1449516750542,1,-0.3577530086040497,1.2661769390106201,-0.20146499574184418
1449516750567,1,-0.23687399923801422,0.5604389905929565,-0.07448099553585052
1449516750582,1,-0.06593400239944458,-0.08913300186395645,0.06349200010299683
1449516750603,1,-0.00976799987256527,-0.2820509970188141,0.012210000306367874
1449516750622,1,-0.02442000061273575,0.13064700365066528,-0.17948700487613678
1449516750647,1,-0.1843709945678711,0.195360004901886,-0.014651999808847904
1449516750663,1,-0.5152620077133179,0.1355309933423996,0.08058600127696991
1449516750683,1,-0.6202679872512817,-0.08180700242519379,0.1135529950261116
1449516750709,1,-0.47252699732780457,-0.19169700145721436,0.1404149979352951
1449516750727,1,-0.21489599347114563,-0.04273499920964241,0.1684979945421219
1449516750743,1,-0.030524998903274536,0.5946269631385803,0.16361400485038757
1449516750763,1,-0.1404149979352951,0.6190469861030579,0.1294260025024414
1449516750782,1,-0.2869350016117096,0.34432199597358704,0.021978000178933144
1449516750804,1,-0.3724049925804138,0.03907199949026108,-0.013430999591946602
1449516750823,1,-0.3467639982700348,-0.05860799923539162,0.13919399678707123
1449516750843,1,-0.05250300094485283,0.026861999183893204,0.11599499732255936
1449516750864,1,0.07936500012874603,-0.02930399961769581,-0.12087900191545486
1449516750884,1,0.04761900007724762,-0.27960899472236633,-0.22100099921226501
1449516750906,1,-0.15018299221992493,-0.40415099263191223,-0.07203900068998337
1449516750924,1,-0.21001200377941132,-0.2759459912776947,0.13308899104595184
1449516750944,1,0.09157499670982361,0.05738699808716774,0.0012209999840706587
1449516750965,1,0.07448099553585052,0.030524998903274536,-0.1404149979352951
1449516750984,1,-0.0647130012512207,-0.06715499609708786,-0.18070799112319946
1449516751005,1,-0.14774100482463837,0.02808300033211708,-0.05250300094485283
1449516751025,1,-0.08302799612283707,0.17216099798679352,0.09035399556159973
1449516751045,1,0.026861999183893204,0.09523800015449524,0.11599499732255936
1449516751065,1,0.003662999952211976,-0.18681299686431885,-0.026861999183893204
1449516751085,1,-0.04395600035786629,-0.1623930037021637,-0.1025639995932579
1449516751106,1,-0.0647130012512207,-0.14285700023174286,-0.12332099676132202
1449516751125,1,-0.05860799923539162,-0.2319899946451187,-0.06104999780654907
1449516751145,1,-0.021978000178933144,-0.4615379869937897,-0.02319899946451187
1449516751165,1,0.08302799612283707,-0.4920629858970642,-0.0866909995675087
1449516751186,1,-0.0024419999681413174,-0.3504270017147064,-0.10500600188970566
1449516751206,1,-0.14163599908351898,-0.3137969970703125,-0.12209999561309814
1449516751226,1,-0.1941390037536621,-0.3247860074043274,-0.1452990025281906
1449516751246,1,-0.12698400020599365,-0.299144983291626,-0.15384599566459656
1449516751266,1,0.040293000638484955,-0.14774100482463837,-0.10134299844503403
1449516751286,1,0.03907199949026108,-0.08424899727106094,-0.03296700119972229
1449516751306,1,-0.014651999808847904,-0.07326000183820724,-0.01831500045955181
1449516751332,1,-0.02319899946451187,0.08424899727106094,-0.0488400012254715
1449516751346,1,0.0378509983420372,0.22466400265693665,-0.08180700242519379
1449516751366,1,0.040293000638484955,0.17948700487613678,-0.05860799923539162
1449516751386,1,-0.11477399617433548,0.2527469992637634,0.16483499109745026
1449516751417,2,-0.2161169946193695,0.40781399607658386,0.21001200377941132
1449516751427,2,-0.2551890015602112,0.44200199842453003,0.13919399678707123
1449516751447,2,-0.15995100140571594,0.3418799936771393,-0.02930399961769581
1449516751466,2,-0.030524998903274536,0.15384599566459656,-0.13797299563884735
1449516751490,2,-0.06959699839353561,-0.19780199229717255,-0.012210000306367874
1449516751511,2,-0.13186800479888916,-0.23565299808979034,0.13308899104595184
1449516751527,2,-0.19169700145721436,-0.13430999219417572,0.21001200377941132
1449516751547,2,-0.18070799112319946,-0.06227099895477295,0.08546999841928482
1449516751567,2,-0.06837599724531174,-0.09157499670982361,-0.14774100482463837
1449516751589,2,-0.15018299221992493,-0.31013399362564087,-0.11233200132846832
1449516751607,2,-0.2808299958705902,-0.25641000270843506,0.03907199949026108
1449516751627,2,-0.21733799576759338,-0.29426100850105286,0.010989000089466572
1449516751647,2,-0.013430999591946602,-0.6153839826583862,-0.21367499232292175
1449516751669,2,0.14407800137996674,-1.0463969707489014,-0.5286930203437805
1449516751688,2,0.25763100385665894,-1.4981670379638672,-0.7301579713821411
1449516751708,2,-0.167276993393898,-0.09645900130271912,-0.5592179894447327
1449516751728,2,0.02930399961769581,0.9291809797286987,-0.27350398898124695
1449516751748,2,0.24053700268268585,0.24053700268268585,-0.29548200964927673
1449516751776,2,0.07448099553585052,-0.3418799936771393,-0.3687419891357422
1449516751789,2,0.05616600066423416,-0.25641000270843506,-0.3528690040111542
1449516751808,2,0.28937700390815735,-0.0012209999840706587,-0.299144983291626
1449516751828,2,0.211232990026474,-0.42612898349761963,-0.4114769995212555
1449516751850,2,0.1294260025024414,-0.5079360008239746,-0.47863200306892395
1449516751869,2,0.1514039933681488,-0.22832699120044708,-0.4017089903354645
1449516751896,2,0.0488400012254715,-0.11721599847078323,-0.22588500380516052
1449516751909,2,-0.10988999903202057,-0.3833940029144287,-0.36019498109817505
1449516751930,2,0.10134299844503403,-0.38217300176620483,-0.4639799892902374
1449516751949,2,0.1892549991607666,-0.40659299492836,-0.34432199597358704
1449516751970,2,0.11843699961900711,-0.5225880146026611,-0.2503049969673157
1449516751994,2,0.167276993393898,-0.6129419803619385,-0.21001200377941132
1449516752009,2,0.2905980050563812,-0.659339964389801,-0.04761900007724762
1449516752029,2,-0.8241750001907349,4.814403057098389,-1.8034169673919678
1449516752050,2,0.741146981716156,4.1758198738098145,-1.3626359701156616
1449516752070,2,0.91697096824646,2.402927875518799,-0.38705700635910034
1449516752090,2,0.19291800260543823,1.3296689987182617,0.5628809928894043
1449516752110,2,-0.21245399117469788,0.2857140004634857,1.09157395362854
1449516752131,2,-0.20634900033473969,-3.2222189903259277,1.5592169761657715
1449516752150,2,0.2649570107460022,-2.6800949573516846,1.1086679697036743
1449516752171,2,0.22954799234867096,-0.8766779899597168,0.40781399607658386
1449516752190,2,-0.21733799576759338,0.24053700268268585,0.14285700023174286
1449516752211,2,-0.7789980173110962,0.32600700855255127,0.11477399617433548
1449516752231,2,-0.5494499802589417,-0.16483499109745026,-0.10378500074148178
1449516752251,2,-0.008546999655663967,-0.2380950003862381,-0.13186800479888916
1449516752272,2,0.2808299958705902,-0.16971899569034576,-0.0378509983420372
1449516752291,2,0.2429789900779724,-0.026861999183893204,0.07936500012874603
1449516752311,2,0.14163599908351898,0.14896199107170105,0.13308899104595184
1449516752331,2,0.11965800076723099,0.299144983291626,0.1404149979352951
1449516752351,2,0.09401699900627136,0.23443199694156647,0.3675209879875183
1449516752378,2,0.06593400239944458,0.10988999903202057,0.42002400755882263
1449516752391,2,0.008546999655663967,-0.007325999904423952,0.38705700635910034
1449516752411,2,-0.03663000091910362,-0.1562879979610443,0.3235650062561035
1449516752431,2,-0.03663000091910362,-0.18192899227142334,0.26251500844955444
1449516752503,2,-0.12209999561309814,0.07448099553585052,0.06959699839353561
1449516752521,2,-0.14163599908351898,-0.004883999936282635,0.0
1449516752532,2,-0.10500600188970566,0.0,0.00976799987256527
1449516752553,2,-0.008546999655663967,0.0757019966840744,0.06593400239944458
1449516752573,2,0.04639799892902374,0.07326000183820724,0.035408999770879745
1449516752593,2,0.13430999219417572,0.02442000061273575,0.050060998648405075
1449516752613,2,0.14285700023174286,-0.020756999030709267,0.08180700242519379
1449516752633,2,0.08302799612283707,0.11843699961900711,0.08302799612283707
1449516752658,2,0.10378500074148178,0.22588500380516052,0.045176997780799866
1449516752678,2,0.21001200377941132,0.05372399836778641,0.1514039933681488
1449516752693,2,0.14285700023174286,-0.04151399806141853,0.15384599566459656
1449516752714,2,0.07814399898052216,-0.015873000025749207,0.11843699961900711
1449516752734,2,0.06959699839353561,0.08424899727106094,0.11233200132846832
1449516752756,2,0.10378500074148178,0.09645900130271912,0.16361400485038757
1449516752780,2,0.07326000183820724,0.0012209999840706587,0.3638579845428467
1449516752794,2,0.0757019966840744,0.08302799612283707,0.4273499846458435
1449516752815,2,0.10622699558734894,0.1575089991092682,0.4529910087585449
1449516752835,2,0.0757019966840744,0.1892549991607666,0.4334549903869629
1449516752856,2,-0.021978000178933144,0.2051279991865158,0.3846150040626526
1449516752874,2,0.03418799862265587,0.26251500844955444,0.318681001663208
1449516752894,2,0.1404149979352951,0.25763100385665894,0.2539680004119873
1449516752915,2,0.1733819991350174,0.2661779820919037,0.17582400143146515
1449516752934,2,0.16117200255393982,0.2771669924259186,0.20879100263118744
1449516752955,2,0.18681299686431885,0.21977999806404114,0.33943799138069153
1449516752975,2,0.195360004901886,0.06715499609708786,0.3577530086040497
1449516752995,2,0.05616600066423416,0.05738699808716774,0.07936500012874603
1449516753015,2,0.0,0.06349200010299683,0.08180700242519379
1449516753035,2,-0.09523800015449524,0.10378500074148178,0.07936500012874603
1449516753055,2,-0.18803399801254272,0.1514039933681488,0.05738699808716774
1449516753075,2,-0.2820509970188141,0.07814399898052216,0.07814399898052216
1449516753096,2,-0.38705700635910034,0.17704500257968903,-0.010989000089466572
1449516753116,2,-0.21855899691581726,0.31746000051498413,-0.04761900007724762
1449516753136,2,-0.030524998903274536,0.21001200377941132,-0.09890099614858627
1449516753156,2,0.04639799892902374,0.02930399961769581,-0.14285700023174286
1449516753176,2,0.09890099614858627,-0.05616600066423416,-0.06227099895477295
1449516753196,2,0.10988999903202057,-0.10134299844503403,0.03418799862265587
1449516753216,2,0.14407800137996674,0.13064700365066528,-0.004883999936282635
1449516753236,2,0.2649570107460022,0.1843709945678711,-0.059829000383615494
1449516753258,2,0.299144983291626,-0.0024419999681413174,-0.13064700365066528
1449516753277,2,0.211232990026474,-0.13797299563884735,-0.13797299563884735
1449516753297,2,0.10012199729681015,-0.17216099798679352,-0.050060998648405075
1449516753317,2,-0.1025639995932579,-0.02319899946451187,-0.017093999311327934
1449516753339,2,-0.10622699558734894,0.09401699900627136,-0.07936500012874603
1449516753357,2,-0.09523800015449524,0.07448099553585052,-0.1843709945678711
1449516753377,2,-0.10012199729681015,0.012210000306367874,-0.2661779820919037
1449516753402,2,-0.07936500012874603,-0.02930399961769581,-0.2380950003862381
1449516753418,2,-0.026861999183893204,0.02930399961769581,-0.10378500074148178
1449516753440,1,-0.03663000091910362,0.1514039933681488,-0.1562879979610443
1449516753457,1,0.05616600066423416,0.195360004901886,-0.22588500380516052
1449516753478,1,0.18070799112319946,0.10622699558734894,-0.2332109957933426
1449516753498,1,0.18681299686431885,-0.04273499920964241,-0.17460300028324127
1449516753517,1,0.013430999591946602,0.04151399806141853,-0.07081799954175949
1449516753538,1,0.03174600005149841,0.13430999219417572,-0.1404149979352951
1449516753558,1,0.07203900068998337,0.08424899727106094,-0.1684979945421219
1449516753578,1,0.05616600066423416,-0.006105000153183937,-0.13308899104595184
1449516753598,1,-0.00976799987256527,0.003662999952211976,-0.09035399556159973
1449516753618,1,-0.007325999904423952,0.08913300186395645,-0.06227099895477295
1449516753640,1,-0.0012209999840706587,-0.05250300094485283,-0.17704500257968903
1449516753658,1,0.020756999030709267,0.07326000183820724,-0.17460300028324127
1449516753679,1,0.07692299783229828,0.05250300094485283,-0.13430999219417572
1449516753699,1,0.11965800076723099,-0.0024419999681413174,-0.10012199729681015
1449516753719,1,0.17582400143146515,0.013430999591946602,-0.08058600127696991
1449516753739,1,0.05860799923539162,0.08791200071573257,-0.13430999219417572
1449516753759,1,0.08913300186395645,0.4395599961280823,-0.2759459912776947
1449516753784,1,0.4017089903354645,0.5958479642868042,-0.4395599961280823
1449516753804,1,0.6874229907989502,0.29426100850105286,-0.5018309950828552
1449516753820,1,0.7008540034294128,-0.2967030107975006,-0.44688600301742554
1449516753840,1,2.1868109703063965,-2.6898629665374756,1.4688630104064941
1449516753859,1,1.6178250312805176,-1.761902928352356,0.8388270139694214
1449516753879,1,-0.11477399617433548,0.35409000515937805,-0.3565320074558258
1449516753900,1,-1.5567749738693237,2.0134289264678955,-1.0634909868240356
1449516753921,1,-1.6947479248046875,1.8229529857635498,-1.1770440340042114
1449516753940,1,-1.1220990419387817,0.8864459991455078,-0.6520140171051025
1449516753964,1,-0.2857140004634857,-0.4920629858970642,0.19047600030899048
1449516753980,1,-0.2759459912776947,-0.1892549991607666,0.22100099921226501
1449516754001,1,-0.3724049925804138,0.2710619866847992,0.1892549991607666
1449516754021,1,-0.4114769995212555,0.4053719937801361,0.167276993393898
1449516754040,1,-0.32600700855255127,0.30036598443984985,0.2539680004119873
1449516754060,1,0.14163599908351898,-0.0647130012512207,0.27228298783302307
1449516754081,1,0.1941390037536621,-0.1514039933681488,0.1452990025281906
1449516754101,1,0.06715499609708786,-0.18681299686431885,0.007325999904423952
1449516754122,1,-0.12209999561309814,-0.10012199729681015,-0.07448099553585052
1449516754141,1,-0.2771669924259186,-0.0378509983420372,-0.12576299905776978
1449516754162,1,-0.34432199597358704,0.021978000178933144,-0.2918190062046051
1449516754181,1,-0.25763100385665894,-0.0012209999840706587,-0.24542099237442017
1449516754202,1,-0.20390699803829193,-0.09645900130271912,-0.15873000025749207
1449516754223,1,-0.20634900033473969,-0.07814399898052216,-0.13308899104595184
1449516754242,1,-0.1562879979610443,0.0757019966840744,-0.13430999219417572
1449516754262,1,-0.09401699900627136,0.07448099553585052,-0.13797299563884735
1449516754282,1,-0.0757019966840744,0.05250300094485283,-0.1514039933681488
1449516754302,1,-0.06959699839353561,0.06227099895477295,-0.1941390037536621
1449516754323,1,-0.08302799612283707,0.030524998903274536,-0.21977999806404114
1449516754341,1,-0.11477399617433548,0.06959699839353561,-0.19780199229717255
1449516754362,1,-0.11843699961900711,0.12820500135421753,-0.22588500380516052
1449516754382,1,-0.05250300094485283,0.13430999219417572,-0.3369959890842438
1449516754402,1,-0.059829000383615494,0.10500600188970566,-0.30036598443984985
1449516754422,1,-0.07692299783229828,0.09035399556159973,-0.2271059900522232
1449516754442,1,-0.07081799954175949,0.0757019966840744,-0.13430999219417572
1449516754462,1,-0.03296700119972229,-0.050060998648405075,-0.09279599785804749
1449516754483,1,-0.03663000091910362,-0.04639799892902374,-0.10622699558734894
1449516754503,1,-0.003662999952211976,-0.004883999936282635,-0.03663000091910362
1449516754523,1,-0.030524998903274536,-0.14285700023174286,-0.09035399556159973
1449516754543,1,-0.09279599785804749,-0.09401699900627136,-0.13308899104595184
1449516754564,1,-0.04395600035786629,0.0378509983420372,-0.10500600188970566
1449516754584,1,0.02442000061273575,-0.08546999841928482,-0.02808300033211708
1449516754603,1,0.08424899727106094,-0.006105000153183937,0.02442000061273575
1449516754623,1,0.1404149979352951,-0.1135529950261116,-0.08302799612283707
1449516754644,1,0.08791200071573257,-0.22344300150871277,-0.1623930037021637
1449516754664,1,-0.017093999311327934,-0.09890099614858627,-0.11477399617433548
1449516754684,1,-0.01831500045955181,0.00976799987256527,-0.11477399617433548
1449516754704,1,0.05128199979662895,-0.06715499609708786,-0.11965800076723099
1449516754724,1,0.014651999808847904,-0.15262499451637268,-0.12209999561309814
1449516754744,1,-0.05738699808716774,-0.15506699681282043,-0.1452990025281906
1449516754765,1,-0.08180700242519379,-0.07081799954175949,-0.1575089991092682
1449516754785,1,-0.04761900007724762,-0.07936500012874603,-0.19780199229717255
1449516754806,1,-0.045176997780799866,-0.13430999219417572,-0.26129400730133057
1449516754830,1,-0.11233200132846832,-0.1684979945421219,-0.21733799576759338
1449516754845,1,-0.15384599566459656,-0.20634900033473969,-0.19291800260543823
1449516754865,1,-0.1135529950261116,-0.15506699681282043,-0.22832699120044708
1449516754885,1,0.004883999936282635,-0.1404149979352951,-0.26251500844955444
1449516754905,1,0.059829000383615494,-0.1733819991350174,-0.32844898104667664
1449516754925,1,-0.013430999591946602,-0.006105000153183937,-0.24786299467086792
1449516754945,1,-0.01831500045955181,-0.059829000383615494,-0.1514039933681488
1449516754966,1,-0.0647130012512207,-0.08058600127696991,-0.08913300186395645
1449516754985,1,-0.12576299905776978,0.035408999770879745,-0.10134299844503403
1449516755006,1,-0.13430999219417572,0.11111100018024445,-0.13919399678707123
1449516755025,1,-0.0012209999840706587,0.0647130012512207,-0.15262499451637268
1449516755046,1,0.03418799862265587,-0.06227099895477295,-0.06227099895477295
1449516755066,1,-0.017093999311327934,-0.10500600188970566,-0.02930399961769581
1449516755088,1,-0.05128199979662895,-0.013430999591946602,-0.13430999219417572
1449516755106,1,0.014651999808847904,0.020756999030709267,-0.3028079867362976
1449516755126,1,0.17460300028324127,-0.12209999561309814,-0.19169700145721436
1449516755146,1,0.06227099895477295,-0.27838799357414246,-0.0647130012512207
1449516755167,1,-0.1135529950261116,-0.22466400265693665,-0.08913300186395645
1449516755189,1,-0.17582400143146515,-0.0378509983420372,-0.11233200132846832
1449516755206,1,-0.054944999516010284,-0.03174600005149841,-0.040293000638484955
1449516755227,1,0.025640999898314476,-0.3235650062561035,-0.19169700145721436
1449516755247,1,0.02442000061273575,-0.10378500074148178,-0.06349200010299683
1449516755267,1,0.004883999936282635,-0.24542099237442017,-0.04273499920964241
1449516755287,1,-0.05372399836778641,-0.24664199352264404,-0.2002439945936203
1449516755311,1,0.03174600005149841,-0.1404149979352951,-0.2490839958190918
1449516755327,1,0.15018299221992493,-0.3247860074043274,-0.17093999683856964
1449516755348,1,-0.007325999904423952,-0.27228298783302307,-0.16117200255393982
1449516755367,1,0.017093999311327934,-0.1135529950261116,-0.27228298783302307
1449516755387,1,0.11477399617433548,-0.2271059900522232,-0.34798499941825867
1449516755408,1,0.13430999219417572,-0.3724049925804138,-0.2771669924259186
1449516755433,1,0.04273499920964241,-0.45665398240089417,-0.167276993393898
1449516755448,1,-0.11965800076723099,-0.49450498819351196,-0.36629998683929443
1449516755467,2,-0.026861999183893204,-0.4603169858455658,-0.4175820052623749
1449516755488,2,-0.06593400239944458,-0.19169700145721436,-0.3894990086555481
1449516755509,2,-0.17093999683856964,0.12698400020599365,-0.3150179982185364
1449516755527,2,-0.17704500257968903,0.1892549991607666,-0.2698409855365753
1449516755548,2,-0.12209999561309814,0.05738699808716774,-0.22100099921226501
1449516755568,2,-0.0012209999840706587,-0.03663000091910362,-0.25641000270843506
1449516755589,2,0.04761900007724762,-0.010989000089466572,-0.27228298783302307
1449516755608,2,0.050060998648405075,-0.08058600127696991,-0.15873000025749207
1449516755629,2,-0.007325999904423952,-0.16483499109745026,-0.013430999591946602
1449516755649,2,-0.04273499920964241,-0.1404149979352951,0.04273499920964241
1449516755669,2,0.0488400012254715,-0.012210000306367874,-0.05616600066423416
1449516755690,2,0.1452990025281906,-0.04273499920964241,-0.021978000178933144
1449516755709,2,0.16483499109745026,-0.06227099895477295,0.050060998648405075
1449516755730,2,0.13308899104595184,-0.02930399961769581,0.05860799923539162
1449516755750,2,0.1355309933423996,-0.01831500045955181,0.013430999591946602
1449516755771,2,0.07448099553585052,-0.0866909995675087,-0.003662999952211976
1449516755797,2,0.03663000091910362,-0.059829000383615494,-0.03418799862265587
1449516755814,2,0.026861999183893204,-0.08791200071573257,-0.09157499670982361
1449516755874,2,-0.12087900191545486,-0.1404149979352951,-0.167276993393898
1449516755890,2,0.035408999770879745,-0.3235650062561035,-0.006105000153183937
1449516755924,2,0.07203900068998337,-0.4920629858970642,0.04395600035786629
1449516755973,2,-0.08913300186395645,-0.10378500074148178,-0.9719159603118896
1449516755990,2,-0.3357749879360199,0.2490839958190918,0.18070799112319946
1449516756010,2,-0.1562879979610443,-0.36996299028396606,0.5409029722213745
1449516756030,2,0.12698400020599365,-0.3687419891357422,0.5054939985275269
1449516756054,2,0.2747249901294708,0.16971899569034576,0.46764299273490906
1449516756071,2,0.28815600275993347,0.4615379869937897,0.42979198694229126
1449516756091,2,0.14896199107170105,0.05738699808716774,0.12332099676132202
1449516756111,2,0.06593400239944458,-0.05738699808716774,0.00976799987256527
1449516756135,2,-0.07326000183820724,-0.10744799673557281,-0.11599499732255936
1449516756151,2,-0.22100099921226501,-0.04761900007724762,-0.2319899946451187
1449516756172,2,-0.2441999912261963,0.10744799673557281,-0.2319899946451187
1449516756197,2,-0.18070799112319946,0.097680002450943,-0.11233200132846832
1449516756211,2,-0.03907199949026108,0.026861999183893204,-0.09401699900627136
1449516756231,2,0.04151399806141853,-0.03296700119972229,-0.04761900007724762
1449516756251,2,0.008546999655663967,-0.06837599724531174,0.021978000178933144
1449516756273,2,-0.0757019966840744,0.026861999183893204,-0.01831500045955181
1449516756291,2,-0.05860799923539162,0.22344300150871277,-0.05616600066423416
1449516756311,2,0.06227099895477295,0.008546999655663967,0.01831500045955181
1449516756331,2,0.030524998903274536,-0.05372399836778641,0.06104999780654907
1449516756358,2,0.010989000089466572,-0.06349200010299683,0.13919399678707123
1449516756372,2,-0.07081799954175949,-0.1245419979095459,0.2161169946193695
1449516756392,2,-0.17093999683856964,0.04151399806141853,0.26739898324012756
1449516756412,2,0.17093999683856964,0.2857140004634857,0.1355309933423996
1449516756433,2,0.2429789900779724,-0.10622699558734894,0.09523800015449524
1449516756458,2,0.11965800076723099,-0.23443199694156647,0.1514039933681488
1449516756472,2,0.010989000089466572,0.035408999770879745,0.2539680004119873
1449516756498,2,0.0757019966840744,0.22954799234867096,0.25763100385665894
1449516756513,2,0.20390699803829193,0.17582400143146515,0.18192899227142334
1449516756533,2,0.2002439945936203,-0.097680002450943,-0.10012199729681015
1449516756553,2,0.14163599908351898,-0.11233200132846832,-0.06837599724531174
1449516756573,2,0.025640999898314476,-0.0757019966840744,0.04151399806141853
1449516756593,2,-0.11111100018024445,0.02319899946451187,0.0647130012512207
1449516756613,2,-0.17582400143146515,0.10012199729681015,-0.021978000178933144
1449516756633,2,-0.14407800137996674,-0.06837599724531174,-0.08913300186395645
1449516756653,2,-0.09890099614858627,-0.06104999780654907,-0.013430999591946602
1449516756674,2,-0.026861999183893204,-0.0024419999681413174,0.07692299783229828
1449516756693,2,-0.013430999591946602,-0.015873000025749207,0.11477399617433548
1449516756714,2,-0.030524998903274536,0.03418799862265587,0.07936500012874603
1449516756734,2,0.054944999516010284,0.09279599785804749,0.004883999936282635
1449516756756,2,0.03907199949026108,-0.07326000183820724,-0.0024419999681413174
1449516756774,2,-0.05128199979662895,-0.0866909995675087,-0.00976799987256527
1449516756799,2,-0.13797299563884735,0.03174600005149841,-0.015873000025749207
1449516756814,2,-0.12698400020599365,0.04151399806141853,0.0
1449516756835,2,-0.07814399898052216,-0.025640999898314476,0.020756999030709267
1449516756856,2,0.020756999030709267,-0.04273499920964241,-0.06837599724531174
1449516756874,2,0.0488400012254715,-0.08424899727106094,-0.1452990025281906
1449516756895,2,0.026861999183893204,-0.09035399556159973,-0.15018299221992493
1449516756915,2,-0.020756999030709267,-0.0757019966840744,-0.06349200010299683
1449516756935,2,-0.08913300186395645,0.0488400012254715,0.04395600035786629
1449516756961,2,-0.03174600005149841,0.035408999770879745,0.007325999904423952
1449516756976,2,-0.0378509983420372,-0.026861999183893204,-0.021978000178933144
1449516756995,2,-0.0757019966840744,0.0647130012512207,0.03907199949026108
1449516757015,2,-0.10744799673557281,0.2551890015602112,0.11111100018024445
1449516757035,2,-0.09157499670982361,0.37118399143218994,0.11233200132846832
1449516757056,2,0.07692299783229828,0.12332099676132202,0.10988999903202057
1449516757075,2,0.09523800015449524,-0.04273499920964241,0.19169700145721436
1449516757096,2,0.07081799954175949,0.05128199979662895,0.24542099237442017
1449516757116,2,0.08180700242519379,0.195360004901886,0.19780199229717255
1449516757137,2,0.07936500012874603,0.20268599689006805,0.08913300186395645
1449516757156,2,0.06959699839353561,0.10378500074148178,0.013430999591946602
1449516757176,2,-0.06227099895477295,-0.10744799673557281,0.14896199107170105
1449516757197,2,-0.09890099614858627,-0.05250300094485283,0.09279599785804749
1449516757217,2,-0.02442000061273575,-0.0012209999840706587,-0.03663000091910362
1449516757237,2,0.07814399898052216,-0.06593400239944458,-0.1452990025281906
1449516757257,2,0.10744799673557281,-0.10134299844503403,-0.1355309933423996
1449516757282,2,0.003662999952211976,-0.008546999655663967,0.015873000025749207
1449516757297,2,-0.08546999841928482,0.03296700119972229,0.05128199979662895
1449516757317,2,-0.06715499609708786,0.10866899788379669,0.03174600005149841
1449516757339,2,0.08913300186395645,0.09890099614858627,-0.01953599974513054
1449516757357,2,0.22832699120044708,-0.01831500045955181,0.01953599974513054
1449516757377,2,0.11477399617433548,-0.21733799576759338,0.08791200071573257
1449516757398,2,-0.04273499920964241,-0.15506699681282043,-0.0012209999840706587
1449516757418,2,-0.12087900191545486,-0.02930399961769581,-0.02930399961769581
1449516757439,2,-0.1025639995932579,-0.02808300033211708,0.015873000025749207
1449516757457,2,-0.050060998648405075,-0.06959699839353561,0.045176997780799866
1449516757478,1,0.01953599974513054,-0.11599499732255936,0.05372399836778641
1449516757498,1,0.040293000638484955,-0.29548200964927673,0.003662999952211976
1449516757519,1,0.015873000025749207,-0.1355309933423996,-0.05860799923539162
1449516757542,1,0.09279599785804749,-0.02319899946451187,-0.08302799612283707
1449516757558,1,0.18314999341964722,-0.11843699961900711,-0.10500600188970566
1449516757578,1,0.11843699961900711,-0.21855899691581726,-0.097680002450943
1449516757598,1,-0.17460300028324127,-0.17704500257968903,0.06104999780654907
1449516757618,1,-0.21489599347114563,0.007325999904423952,0.05860799923539162
1449516757639,1,-0.09890099614858627,0.07203900068998337,0.021978000178933144
1449516757659,1,0.05128199979662895,-0.07203900068998337,0.02319899946451187
1449516757679,1,0.03174600005149841,-0.20268599689006805,0.06715499609708786
1449516757700,1,-0.24786299467086792,0.20146499574184418,-0.006105000153183937
1449516757719,1,-0.21489599347114563,0.318681001663208,-0.07692299783229828
1449516757743,1,-0.10500600188970566,0.2380950003862381,-0.13797299563884735
1449516757763,1,-0.05128199979662895,0.14163599908351898,-0.1684979945421219
1449516757780,1,-0.05616600066423416,0.07326000183820724,-0.1452990025281906
1449516757799,1,-0.07814399898052216,0.1404149979352951,-0.18559199571609497
1449516757825,1,0.07448099553585052,0.4285709857940674,-0.2527469992637634
1449516757839,1,0.13919399678707123,0.17582400143146515,-0.12087900191545486
1449516757859,1,1.5848579406738281,-0.8986560106277466,0.9816839694976807
1449516757880,1,1.9877879619598389,-1.162392020225525,1.699631929397583
1449516757900,1,1.6324769258499146,-1.0927950143814087,1.3247849941253662
1449516757920,1,-0.3992669880390167,1.2209999561309814,-0.3992669880390167
1449516757941,1,-1.04761803150177,1.6813169717788696,-0.7435889840126038
1449516757961,1,-1.0549440383911133,1.019534945487976,-0.7142850160598755
1449516757981,1,-0.6800969839096069,0.05250300094485283,-0.5799750089645386
1449516758000,1,-0.4542119801044464,-0.5433449745178223,-0.3418799936771393
1449516758020,1,-0.6251519918441772,-0.2967030107975006,-0.20268599689006805
1449516758040,1,-0.7032960057258606,0.09645900130271912,-0.15873000025749207
1449516758061,1,-0.523809015750885,0.293040007352829,-0.06837599724531174
1449516758081,1,-0.13919399678707123,0.16361400485038757,-0.054944999516010284
1449516758101,1,0.2319899946451187,-0.05250300094485283,-0.035408999770879745
1449516758122,1,0.3626369833946228,-0.13430999219417572,0.03174600005149841
1449516758141,1,0.16361400485038757,-0.03296700119972229,0.10134299844503403
1449516758161,1,0.09401699900627136,0.05738699808716774,-0.08546999841928482
1449516758181,1,0.10378500074148178,0.08913300186395645,-0.21001200377941132
1449516758201,1,0.13675199449062347,0.00976799987256527,-0.2002439945936203
1449516758223,1,0.09523800015449524,-0.1562879979610443,-0.1843709945678711
1449516758242,1,-0.13064700365066528,-0.10012199729681015,-0.1892549991607666
1449516758262,1,-0.1684979945421219,-0.035408999770879745,-0.18803399801254272
1449516758282,1,-0.1404149979352951,0.0012209999840706587,-0.18192899227142334
1449516758302,1,-0.08058600127696991,-0.02319899946451187,-0.19047600030899048
1449516758327,1,-0.03174600005149841,-0.10988999903202057,-0.19169700145721436
1449516758351,1,0.021978000178933144,-0.15262499451637268,-0.18070799112319946
1449516758362,1,0.035408999770879745,-0.06959699839353561,-0.1404149979352951
1449516758383,1,0.03418799862265587,-0.003662999952211976,-0.10622699558734894
1449516758403,1,0.014651999808847904,0.030524998903274536,-0.12820500135421753
1449516758423,1,0.03663000091910362,-0.0024419999681413174,-0.1782660037279129
1449516758442,1,0.07081799954175949,-0.0866909995675087,-0.19047600030899048
1449516758463,1,-0.035408999770879745,-0.1294260025024414,-0.05860799923539162
1449516758483,1,-0.07448099553585052,-0.004883999936282635,-0.07692299783229828
1449516758503,1,-0.03663000091910362,-0.013430999591946602,-0.1404149979352951
1449516758523,1,0.012210000306367874,-0.07326000183820724,-0.13308899104595184
1449516758544,1,0.02319899946451187,-0.08546999841928482,-0.06715499609708786
1449516758564,1,0.007325999904423952,-0.06959699839353561,-0.08791200071573257
1449516758584,1,-0.017093999311327934,-0.05738699808716774,-0.15506699681282043
1449516758606,1,0.015873000025749207,-0.030524998903274536,-0.18314999341964722
1449516758625,1,0.07448099553585052,-0.025640999898314476,-0.1782660037279129
1449516758644,1,0.1404149979352951,-0.02930399961769581,-0.21489599347114563
1449516758664,1,0.13797299563884735,-0.3247860074043274,-0.34310099482536316
1449516758684,1,-0.11965800076723099,-0.28449299931526184,-0.1623930037021637
1449516758705,1,-0.3125759959220886,0.025640999898314476,-0.04395600035786629
1449516758725,1,-0.2319899946451187,0.14774100482463837,-0.11233200132846832
1449516758744,1,0.01953599974513054,-0.00976799987256527,-0.15384599566459656
1449516758765,1,0.12576299905776978,-0.334553986787796,-0.10622699558734894
1449516758785,1,-0.16361400485038757,-0.12820500135421753,0.10988999903202057
1449516758813,1,-0.17460300028324127,-0.003662999952211976,0.12576299905776978
1449516758824,1,-0.09279599785804749,-0.09401699900627136,-0.09645900130271912
1449516758845,1,-0.010989000089466572,-0.12332099676132202,-0.2661779820919037
1449516758865,1,-0.007325999904423952,-0.18070799112319946,-0.14163599908351898
1449516758885,1,-0.3565320074558258,-0.10378500074148178,0.16971899569034576
1449516758906,1,-0.34432199597358704,0.054944999516010284,0.06593400239944458
1449516758925,1,-0.18314999341964722,-0.008546999655663967,-0.06349200010299683
1449516758946,1,-0.05372399836778641,-0.09401699900627136,-0.14285700023174286
1449516758965,1,0.0866909995675087,0.021978000178933144,-0.030524998903274536
1449516758987,1,0.18681299686431885,-0.334553986787796,0.21489599347114563
1449516759006,1,-0.10500600188970566,-0.4664219915866852,0.05128199979662895
1449516759026,1,-0.40659299492836,-0.17948700487613678,-0.12820500135421753
1449516759046,1,-0.40903499722480774,0.2002439945936203,-0.13675199449062347
1449516759066,1,-0.1684979945421219,0.16971899569034576,-0.035408999770879745
1449516759094,1,0.10378500074148178,-0.0647130012512207,0.03296700119972229
1449516759106,1,0.11111100018024445,-0.3528690040111542,0.11965800076723099
1449516759127,1,-0.07081799954175949,-0.1623930037021637,0.059829000383615494
1449516759146,1,-0.05860799923539162,0.17216099798679352,-0.12209999561309814
1449516759166,1,0.17460300028324127,0.17704500257968903,-0.3516480028629303
1449516759188,1,0.36507898569107056,-0.16605599224567413,-0.3638579845428467
1449516759213,1,-0.1025639995932579,-0.5909640192985535,0.16483499109745026
1449516759226,1,-0.3748469948768616,-0.07692299783229828,0.13308899104595184
1449516759248,1,-0.2905980050563812,0.3357749879360199,-0.10988999903202057
1449516759267,1,-0.0024419999681413174,0.19291800260543823,-0.318681001663208
1449516759288,1,0.19902299344539642,-0.15873000025749207,-0.31746000051498413
1449516759307,1,0.035408999770879745,-0.10012199729681015,0.16605599224567413
1449516759334,1,-0.14407800137996674,0.015873000025749207,0.21001200377941132
1449516759353,1,-0.26251500844955444,0.1294260025024414,-0.025640999898314476
1449516759367,1,-0.16361400485038757,0.2637360095977783,-0.20757000148296356
1449516759388,1,0.07326000183820724,0.14896199107170105,-0.195360004901886
1449516759408,1,0.2380950003862381,-0.07448099553585052,-0.12576299905776978
1449516759428,1,0.167276993393898,0.07448099553585052,0.0
1449516759448,1,-0.007325999904423952,-0.004883999936282635,0.014651999808847904
1449516759468,1,-0.20879100263118744,0.09279599785804749,-0.10744799673557281
1449516759500,2,-0.21367499232292175,0.2551890015602112,-0.24786299467086792
1449516759513,2,-0.03907199949026108,0.21855899691581726,-0.27228298783302307
1449516759530,2,-0.0488400012254715,-0.008546999655663967,0.01953599974513054
1449516759550,2,-0.18803399801254272,0.17704500257968903,0.1575089991092682
1449516759577,2,-0.17460300028324127,0.3028079867362976,0.15995100140571594
1449516759589,2,-0.013430999591946602,0.21489599347114563,0.003662999952211976
1449516759609,2,0.1514039933681488,0.01831500045955181,-0.1452990025281906
1449516759629,2,0.04273499920964241,-0.05128199979662895,0.04639799892902374
1449516759649,2,-0.13919399678707123,0.007325999904423952,0.045176997780799866
1449516759670,2,-0.23443199694156647,0.14774100482463837,-0.05738699808716774
1449516759689,2,-0.1623930037021637,0.1684979945421219,-0.05738699808716774
1449516759709,2,-0.04151399806141853,0.045176997780799866,0.007325999904423952
1449516759734,2,0.10378500074148178,0.06959699839353561,0.00976799987256527
1449516759749,2,0.40659299492836,-0.1684979945421219,-0.15873000025749207
1449516759770,2,0.2527469992637634,-0.3528690040111542,-0.11111100018024445
1449516759790,2,-0.010989000089466572,-0.09157499670982361,0.08180700242519379
1449516759814,2,-0.1245419979095459,0.14163599908351898,0.15506699681282043
1449516759830,2,-0.05128199979662895,0.11599499732255936,0.010989000089466572
1449516759850,2,0.3956039845943451,-0.2808299958705902,-0.41391900181770325
1449516759870,2,0.37118399143218994,-0.586080014705658,-0.39194098114967346
1449516759891,2,0.07692299783229828,-0.5250300168991089,-0.18681299686431885
1449516759910,2,-0.1514039933681488,-0.07814399898052216,0.0378509983420372
1449516759935,2,-0.07081799954175949,0.10012199729681015,0.06715499609708786
1449516759951,2,0.7301579713821411,-3.2026829719543457,-1.3931609392166138
1449516759970,2,-0.10134299844503403,-1.9670310020446777,-3.010985851287842
1449516759996,2,-1.1269829273223877,-0.7680090069770813,-2.0231969356536865
1449516760015,2,-1.6324769258499146,-0.17704500257968903,-0.30158698558807373
1449516760031,2,-1.3333319425582886,0.12576299905776978,0.6336989998817444
1449516760057,2,-0.4603169858455658,0.37606799602508545,0.8681309819221497
1449516760072,2,0.7765560150146484,0.05860799923539162,0.7924289703369141
1449516760091,2,0.7570199966430664,0.13675199449062347,0.9352859854698181
1449516760111,2,0.40903499722480774,0.19047600030899048,1.1159939765930176
1449516760131,2,-0.017093999311327934,0.3528690040111542,1.0634909868240356
1449516760152,2,-0.22100099921226501,0.7594619989395142,0.6923069953918457
1449516760178,2,-0.05250300094485283,0.01953599974513054,-0.054944999516010284
1449516760191,2,-0.10866899788379669,-0.31746000051498413,-0.08913300186395645
1449516760216,2,-0.1135529950261116,0.03907199949026108,0.21489599347114563
1449516760232,2,0.010989000089466572,0.40292999148368835,0.4432229995727539
1449516760252,2,0.18681299686431885,0.4004879891872406,0.2661779820919037
1449516760272,2,0.21245399117469788,-0.12209999561309814,-0.21489599347114563
1449516760293,2,-0.054944999516010284,-0.07814399898052216,-0.008546999655663967
1449516760313,2,-0.18803399801254272,0.4932839870452881,0.18559199571609497
1449516760333,2,-0.012210000306367874,0.7521359920501709,0.15018299221992493
1449516760353,2,0.21733799576759338,0.4798530042171478,-0.015873000025749207
1449516760372,2,0.21367499232292175,-0.05372399836778641,-0.1733819991350174
1449516760393,2,-0.11477399617433548,0.22466400265693665,0.21977999806404114
1449516760413,2,-0.18559199571609497,0.28327199816703796,0.308912992477417
1449516760433,2,-0.195360004901886,0.33211198449134827,0.17460300028324127
1449516760453,2,-0.03418799862265587,0.4175820052623749,-0.03907199949026108
1449516760473,2,0.18070799112319946,0.3040289878845215,-0.1684979945421219
1449516760493,2,0.17948700487613678,0.025640999898314476,0.08180700242519379
1449516760513,2,-0.010989000089466572,0.1404149979352951,0.1733819991350174
1449516760533,2,-0.1514039933681488,0.21367499232292175,0.11721599847078323
1449516760554,2,-0.17093999683856964,0.2161169946193695,-0.006105000153183937
1449516760574,2,-0.09645900130271912,0.1623930037021637,-0.08058600127696991
1449516760593,2,0.04395600035786629,0.06593400239944458,0.02808300033211708
1449516760614,2,-0.0378509983420372,0.05860799923539162,-0.02930399961769581
1449516760634,2,-0.13919399678707123,0.11721599847078323,-0.097680002450943
1449516760656,2,-0.18803399801254272,0.1404149979352951,-0.1025639995932579
1449516760674,2,-0.14163599908351898,0.1562879979610443,-0.07326000183820724
1449516760695,2,0.02442000061273575,0.23076899349689484,-0.059829000383615494
1449516760715,2,0.2527469992637634,-0.09523800015449524,-0.14163599908351898
1449516760737,2,0.012210000306367874,-0.1562879979610443,-0.06227099895477295
1449516760754,2,-0.23076899349689484,-0.014651999808847904,0.04151399806141853
1449516760775,2,-0.25763100385665894,0.167276993393898,0.045176997780799866
1449516760795,2,-0.04761900007724762,0.27960899472236633,-0.040293000638484955
1449516760815,2,0.21489599347114563,-0.14774100482463837,-0.06837599724531174
1449516760836,2,0.05250300094485283,-0.10744799673557281,0.07814399898052216
1449516760857,2,-0.10988999903202057,0.054944999516010284,0.12820500135421753
1449516760875,2,-0.10988999903202057,0.19169700145721436,0.08424899727106094
1449516760900,2,0.0012209999840706587,0.09645900130271912,-0.059829000383615494
1449516760916,2,0.20268599689006805,-0.04273499920964241,-0.035408999770879745
1449516760935,2,0.1514039933681488,-0.18559199571609497,0.026861999183893204
1449516760956,2,0.012210000306367874,-0.0647130012512207,0.12087900191545486
1449516760976,2,-0.054944999516010284,0.05250300094485283,0.10134299844503403
1449516761041,2,-0.05860799923539162,0.01953599974513054,-0.02319899946451187
1449516761057,2,-0.050060998648405075,-0.08424899727106094,0.12087900191545486
1449516761077,2,-0.07936500012874603,0.11111100018024445,-0.015873000025749207
1449516761096,2,0.097680002450943,0.09890099614858627,-0.09890099614858627
1449516761117,2,0.23565299808979034,-0.18192899227142334,-0.0024419999681413174
1449516761138,2,-0.09645900130271912,-0.003662999952211976,0.11721599847078323
1449516761156,2,-0.1623930037021637,0.14896199107170105,0.007325999904423952
1449516761178,2,-0.1355309933423996,0.0757019966840744,0.01953599974513054
1449516761198,2,-0.12576299905776978,0.02442000061273575,0.054944999516010284
1449516761218,2,-0.09523800015449524,0.03418799862265587,-0.014651999808847904
1449516761239,2,0.19291800260543823,0.010989000089466572,-0.045176997780799866
1449516761257,2,0.24175800383090973,-0.07936500012874603,0.0488400012254715
1449516761278,2,0.09523800015449524,-0.10378500074148178,0.16117200255393982
1449516761298,2,-0.13186800479888916,-0.004883999936282635,0.1892549991607666
1449516761318,2,-0.22588500380516052,0.1941390037536621,0.02930399961769581
1449516761343,2,-0.08058600127696991,0.25641000270843506,-0.19658099114894867
1449516761358,2,0.0012209999840706587,-0.007325999904423952,-0.04273499920964241
1449516761379,2,-0.18192899227142334,0.0024419999681413174,0.10988999903202057
1449516761399,2,-0.3565320074558258,0.07203900068998337,0.07814399898052216
1449516761419,2,-0.40292999148368835,0.3247860074043274,0.026861999183893204
1449516761439,2,-0.1452990025281906,0.5384609699249268,-0.030524998903274536
1449516761459,2,0.39316198229789734,-0.18070799112319946,0.01953599974513054
1449516761479,2,0.21733799576759338,-0.24053700268268585,0.017093999311327934
1449516761499,2,-0.013430999591946602,0.0647130012512207,0.02319899946451187
