x
-1 1
1 -3.139697199284599 3.137251890253757
2 -2.082370001077652 1.940733878314495
3 -1.208887990315755 1.188980674743652
4 -3.056843598683675 1.496482849121094
5 0.4338644728406158 9.496398918851048
6 0.1163605018554084 6.263273085489494
7 0.1101163651434459 8.9247733144259
8 -3.746465554154306 3.621578431532787
9 -3.735752271850385 3.806283673425701
10 -3.47847833854072 3.790084524594601
11 -1.088621009249107 14.2927200123274
12 -1.626333289436989 14.62576881690013
13 -1.600176991299791 14.53524971202569
14 5.01095510647 86.247938633
15 2.79152810574 48.667883873
16 2.42409350807 42.6724316064
17 0.4533044027496609 9.187572829740247
18 0.1175269939242119 6.058135249212192
19 0.1069716217979825 8.689242974122408
20 1.719451785087585 42.22434711456299
21 0.4779553413391113 25.51226615905762
22 0.4453048706054688 39.97849082946777
23 -26.76300430297852 -0.3180843591690063
24 -19.44058609008789 0.08682060241699219
25 -31.25418090820313 -0.2061324119567871
26 0.1690713763237 27.65014266967773
27 -0.03590631484985352 18.60341262817383
28 0.1237316131591797 16.39177513122559
29 -1.993948364257812 0.2614267985026041
30 -1.5509521484375 0.6446451822916667
31 -0.694976806640625 0.7192036946614583
32 0.07643935628979379 2.841928759717524
33 0.05417207791544685 2.097260119559847
34 0.06742272290917094 2.070263670133304
35 -3.20684450681683 2.656875972834954
36 -2.380487221764365 2.36126405834084
37 -3.405402167591761 3.124751387758907
38 -1.959147998068692 11.49526373990427
39 -1.524198283705483 7.384346250679465
40 -1.802518295070357 12.57641042614447
41 1.3102722168 43.9550323486
42 0.445007324219 9.5347442627
43 0.666974070409 14.566430509
44 0.08079263386795842 3.390996814686396
45 0.05237540422495451 2.038029519038824
46 0.06578618050398478 2.004175452868236
47 0.2687530517578125 9.790878295898438
48 0.202789306640625 7.773818969726563
49 0.2369842529296875 7.669967651367188
50 -5.60504150390625 -0.04986572265625
51 -3.748825073242188 -0.071441650390625
52 -5.12640380859375 0.1782989501953125
53 0.0258636474609375 5.021499633789063
54 -0.000579833984375 4.993820190429688
55 -4.57763671875e-05 3.52215576171875
56 -0.937872727034 0.94903941801
57 -0.9228209075779999 0.6955943559410001
58 -0.857495502155 0.96168290933
59 -0.899938902935 0.8763034618
60 -0.696424476614 0.808098357
61 -0.896401285925 0.9075141240870001
62 -0.904474387536 0.8103410132260001
63 -0.927078598111 0.920832558404
64 -0.917408180867 0.91652423107
