x
-1 1
1 -3.118806667167107 3.111239315024107
2 -1.655388800303141 1.247135376433531
3 -0.9434717814127604 1.512370014190674
4 -1.904531701405843 2.038780530293783
5 0.2382218437482327 9.835805199063405
6 0.1838165903161776 7.861833850428307
7 0.1729169591069809 7.556214415219567
8 -3.709927183811469 3.711437774925988
9 -3.687590481282564 3.603661855023828
10 -3.768546459132792 3.570919989629568
11 -1.183937167674738 14.14775312965975
12 -0.6177083209769183 13.98915924295925
13 -1.522612404969726 14.44623062797844
14 3.32590103149 80.74326068160001
15 2.22281229496 56.1473016739
16 2.33362501631 41.4732639664
17 0.2568737900165217 9.51475548271933
18 0.1828243876552282 7.598576318674854
19 0.1850831887242234 7.30079744758455
20 0.7080191373825073 46.8616828918457
21 0.7879981994628906 36.58896541595459
22 0.608820915222168 33.75681304931641
23 -26.24213218688965 -0.0112888514995575
24 -26.44937324523926 0.0747992992401123
25 -23.50165176391602 -0.1096467971801758
26 -0.01259118318557739 33.80165481567383
27 0.07466793060302734 20.63181686401367
28 0.1258525848388672 21.73735809326172
29 -1.0258544921875 0.3817250569661458
30 -0.611285400390625 1.457741292317708
31 -0.6710316975911458 0.740130615234375
32 0.02615302423876372 3.483242517280564
33 0.03666659202112665 4.162574181022926
34 0.03457719417753419 1.879807923259023
35 -3.303103230305633 2.92638851594127
36 -2.662691189679951 2.708052274530181
37 -3.4242757250715 3.2898032792423
38 -1.812058129526963 11.89382128729617
39 -1.643716198829415 9.124107459859816
40 -1.848969609072556 12.563104510109
41 0.800445556641 46.8169250488
42 0.281753540039 17.6469116211
43 0.405174618186 20.8255420477
44 0.03473472190584457 3.372490299898102
45 0.03577967937359498 4.032156144069501
46 0.06575336898302148 1.824255198233532
47 0.098968505859375 15.02108764648438
48 0.129486083984375 14.30149841308594
49 0.1197052001953125 8.003509521484375
50 -9.058853149414063 0.000213623046875
51 -8.149490356445313 -0.0604400634765625
52 -5.946197509765625 0.0133819580078125
53 -0.04254150390625 5.962234497070313
54 0.0543670654296875 6.674911499023438
55 0.039031982421875 4.556961059570313
56 -0.914949498919 0.918043299731
57 -0.95720485323 0.839653506033
58 -0.964366504156 0.988302955156
59 -0.8374462024979999 0.926934061365
60 -0.89970369866 0.869884420746
61 -0.891084240381 0.930691739729
62 -0.9189103277440001 0.722778821868
63 -0.922040124145 0.934285413529
64 -0.904622603795 0.947417772194
