x
-1 1
1 -3.139697199284599 3.137251890253757
2 -2.082370001077652 1.940733878314495
3 -1.208887990315755 1.512370014190674
4 -3.056843598683675 2.038780530293783
5 0.2382218437482327 9.835805199063405
6 0.1163605018554084 7.861833850428307
7 0.1101163651434459 8.9247733144259
8 -3.746465554154306 3.711437774925988
9 -3.735752271850385 3.806283673425701
10 -3.768546459132792 3.790084524594601
11 -1.183937167674738 14.2927200123274
12 -1.626333289436989 14.62576881690013
13 -1.600176991299791 14.53524971202569
14 3.32590103149 86.247938633
15 2.22281229496 56.1473016739
16 2.33362501631 42.6724316064
17 0.2568737900165217 9.51475548271933
18 0.1175269939242119 7.598576318674854
19 0.1069716217979825 8.689242974122408
20 0.7080191373825073 46.8616828918457
21 0.4779553413391113 36.58896541595459
22 0.4453048706054688 39.97849082946777
23 -26.76300430297852 -0.0112888514995575
24 -26.44937324523926 0.08682060241699219
25 -31.25418090820313 -0.1096467971801758
26 -0.01259118318557739 33.80165481567383
27 -0.03590631484985352 20.63181686401367
28 0.1237316131591797 21.73735809326172
29 -1.993948364257812 0.3817250569661458
30 -1.5509521484375 1.457741292317708
31 -0.694976806640625 0.740130615234375
32 0.02615302423876372 3.483242517280564
33 0.03666659202112665 4.162574181022926
34 0.03457719417753419 2.070263670133304
35 -3.303103230305633 2.92638851594127
36 -2.662691189679951 2.708052274530181
37 -3.4242757250715 3.2898032792423
38 -1.959147998068692 11.89382128729617
39 -1.643716198829415 9.124107459859816
40 -1.848969609072556 12.57641042614447
41 0.800445556641 46.8169250488
42 0.281753540039 17.6469116211
43 0.405174618186 20.8255420477
44 0.03473472190584457 3.390996814686396
45 0.03577967937359498 4.032156144069501
46 0.06575336898302148 2.004175452868236
47 0.098968505859375 15.02108764648438
48 0.129486083984375 14.30149841308594
49 0.1197052001953125 8.003509521484375
50 -9.058853149414063 0.000213623046875
51 -8.149490356445313 -0.0604400634765625
52 -5.946197509765625 0.1782989501953125
53 -0.04254150390625 5.962234497070313
54 -0.000579833984375 6.674911499023438
55 -4.57763671875e-05 4.556961059570313
56 -0.937872727034 0.94903941801
57 -0.95720485323 0.839653506033
58 -0.964366504156 0.988302955156
59 -0.899938902935 0.926934061365
60 -0.89970369866 0.869884420746
61 -0.896401285925 0.930691739729
62 -0.9189103277440001 0.8103410132260001
63 -0.927078598111 0.934285413529
64 -0.917408180867 0.947417772194
