1451267655453,1,0.2332109957933426,0.15262499451637268,0.07814399898052216
1451267655472,1,0.19658099114894867,0.014651999808847904,-0.017093999311327934
1451267655492,1,0.07081799954175949,0.0757019966840744,-0.026861999183893204
1451267655512,1,0.06349200010299683,0.14285700023174286,0.025640999898314476
1451267655537,1,0.10988999903202057,0.1733819991350174,0.05372399836778641
1451267655552,1,0.13064700365066528,0.11111100018024445,0.02808300033211708
1451267655572,1,0.10744799673557281,0.004883999936282635,0.0012209999840706587
1451267655593,1,0.03296700119972229,-0.04639799892902374,-0.004883999936282635
1451267655613,1,0.030524998903274536,-0.01831500045955181,0.050060998648405075
1451267655633,1,0.007325999904423952,-0.014651999808847904,0.09890099614858627
1451267655654,1,-0.05250300094485283,-0.05372399836778641,0.12087900191545486
1451267655674,1,-0.13064700365066528,-0.08546999841928482,0.11111100018024445
1451267655693,1,-0.14774100482463837,-0.06837599724531174,0.05250300094485283
1451267655715,1,-0.05616600066423416,-0.05616600066423416,0.08180700242519379
1451267655733,1,0.0012209999840706587,-0.07203900068998337,0.1465200036764145
1451267655760,1,-0.026861999183893204,-0.11233200132846832,0.17704500257968903
1451267655776,1,-0.0757019966840744,-0.10134299844503403,0.14896199107170105
1451267655794,1,-0.0378509983420372,-0.012210000306367874,0.07203900068998337
1451267655814,1,-0.04151399806141853,-0.01831500045955181,0.06104999780654907
1451267655834,1,-0.06837599724531174,-0.07326000183820724,0.11233200132846832
1451267655855,1,-0.07081799954175949,-0.11599499732255936,0.16117200255393982
1451267655881,1,-0.04639799892902374,-0.10500600188970566,0.16483499109745026
1451267655894,1,-0.01831500045955181,-0.07326000183820724,0.13186800479888916
1451267655915,1,-0.03174600005149841,0.003662999952211976,0.1245419979095459
1451267655938,1,0.006105000153183937,0.0024419999681413174,0.16483499109745026
1451267655955,1,-0.012210000306367874,0.01953599974513054,0.2051279991865158
1451267655976,1,-0.05616600066423416,0.04639799892902374,0.2161169946193695
1451267655994,1,-0.05372399836778641,0.09890099614858627,0.211232990026474
1451267656015,1,0.06593400239944458,0.05250300094485283,0.1941390037536621
1451267656035,1,0.07692299783229828,-0.008546999655663967,0.18192899227142334
1451267656054,1,0.05372399836778641,-0.06715499609708786,0.1623930037021637
1451267656076,1,0.03663000091910362,-0.08424899727106094,0.167276993393898
1451267656094,1,0.01953599974513054,-0.06959699839353561,0.1892549991607666
1451267656115,1,-0.040293000638484955,-0.05372399836778641,0.20757000148296356
1451267656135,1,-0.03174600005149841,-0.07448099553585052,0.19169700145721436
1451267656157,1,-0.026861999183893204,-0.10012199729681015,0.1843709945678711
1451267656176,1,-0.03174600005149841,-0.12820500135421753,0.20879100263118744
1451267656195,1,-0.035408999770879745,-0.11233200132846832,0.2161169946193695
1451267656220,1,0.01953599974513054,-0.07692299783229828,0.19902299344539642
1451267656237,1,0.5115990042686462,0.1025639995932579,-0.26739898324012756
1451267656257,1,0.5409029722213745,-0.015873000025749207,-0.5567759871482849
1451267656278,1,0.3504270017147064,0.6971909999847412,-1.9474949836730957
1451267656297,1,1.4029289484024048,1.0317449569702148,-1.8070800304412842
1451267656316,1,1.2100110054016113,0.003662999952211976,-1.3089120388031006
1451267656344,1,-0.3748469948768616,-0.7789980173110962,1.0451760292053223
1451267656360,1,-0.741146981716156,-0.9157499670982361,0.8144069910049438
1451267656377,1,-1.0244189500808716,-0.37606799602508545,-0.10622699558734894
1451267656396,1,-0.894993007183075,0.3199020028114319,-0.7289369702339172
1451267656418,1,-0.4749689996242523,0.8192909955978394,-0.7020750045776367
1451267656437,1,0.09890099614858627,0.8253960013389587,0.20879100263118744
1451267656459,1,0.02930399961769581,0.48962098360061646,0.4529910087585449
1451267656477,1,-0.15384599566459656,0.20757000148296356,0.38705700635910034
1451267656497,1,-0.19658099114894867,0.1514039933681488,0.20268599689006805
1451267656518,1,-0.08424899727106094,0.21245399117469788,0.0757019966840744
1451267656539,1,0.05250300094485283,0.27228298783302307,0.050060998648405075
1451267656558,1,0.1294260025024414,0.1465200036764145,0.1245419979095459
1451267656578,1,0.05616600066423416,0.07814399898052216,0.14774100482463837
1451267656598,1,-0.0378509983420372,0.045176997780799866,0.14774100482463837
1451267656619,1,-0.07081799954175949,0.02930399961769581,0.10378500074148178
1451267656639,1,-0.030524998903274536,0.06349200010299683,0.04151399806141853
1451267656660,1,0.01953599974513054,0.07814399898052216,-0.007325999904423952
1451267656678,1,-0.017093999311327934,0.017093999311327934,0.017093999311327934
1451267656699,1,-0.07936500012874603,0.01953599974513054,0.004883999936282635
1451267656719,1,-0.11111100018024445,0.03418799862265587,-0.03296700119972229
1451267656740,1,-0.12332099676132202,-0.0024419999681413174,-0.06715499609708786
1451267656759,1,-0.09890099614858627,-0.003662999952211976,-0.09523800015449524
1451267656779,1,-0.05128199979662895,0.040293000638484955,-0.08180700242519379
1451267656799,1,0.017093999311327934,0.03907199949026108,-0.05372399836778641
1451267656820,1,0.035408999770879745,0.02319899946451187,-0.05616600066423416
1451267656840,1,0.02808300033211708,0.040293000638484955,-0.07326000183820724
1451267656863,1,0.035408999770879745,0.045176997780799866,-0.07814399898052216
1451267656880,1,-0.012210000306367874,0.02808300033211708,-0.08302799612283707
1451267656900,1,-0.010989000089466572,0.07081799954175949,-0.06104999780654907
1451267656919,1,-0.010989000089466572,0.12209999561309814,-0.045176997780799866
1451267656940,1,0.0,0.13430999219417572,-0.020756999030709267
1451267656960,1,0.02808300033211708,0.10866899788379669,0.006105000153183937
1451267656980,1,0.014651999808847904,0.01831500045955181,0.030524998903274536
1451267657001,1,-0.015873000025749207,0.030524998903274536,0.02808300033211708
1451267657020,1,-0.040293000638484955,0.054944999516010284,0.035408999770879745
1451267657042,1,-0.04395600035786629,0.05738699808716774,0.04273499920964241
1451267657060,1,-0.05372399836778641,0.05616600066423416,0.02808300033211708
1451267657081,1,-0.10866899788379669,-0.004883999936282635,0.0012209999840706587
1451267657101,1,-0.11965800076723099,-0.045176997780799866,0.04395600035786629
1451267657121,1,-0.1355309933423996,-0.06837599724531174,0.0647130012512207
1451267657141,1,-0.16483499109745026,-0.05860799923539162,0.03418799862265587
1451267657161,1,-0.195360004901886,-0.06227099895477295,0.0024419999681413174
1451267657181,1,-0.21855899691581726,-0.08180700242519379,0.02930399961769581
1451267657206,1,-0.24175800383090973,-0.15506699681282043,0.040293000638484955
1451267657222,1,-0.25152599811553955,-0.24175800383090973,0.007325999904423952
1451267657243,1,-0.26129400730133057,-0.3956039845943451,-0.04395600035786629
1451267657261,1,-0.2588520050048828,-0.4822950065135956,-0.08546999841928482
1451267657282,1,-0.23443199694156647,-0.4969469904899597,-0.054944999516010284
1451267657303,1,-0.1782660037279129,-0.4334549903869629,0.2002439945936203
1451267657323,2,-0.12087900191545486,-0.30524998903274536,0.23931600153446198
1451267657342,2,-0.06837599724531174,-0.2380950003862381,0.19658099114894867
1451267657362,2,-0.06837599724531174,-0.0647130012512207,0.16117200255393982
1451267657384,2,0.004883999936282635,0.08302799612283707,0.11111100018024445
1451267657403,2,0.10744799673557281,0.21367499232292175,-0.013430999591946602
1451267657424,2,0.11477399617433548,0.021978000178933144,-0.08791200071573257
1451267657443,2,0.05860799923539162,-0.30036598443984985,-0.12820500135421753
1451267657462,2,-0.09157499670982361,-0.5641019940376282,-0.11843699961900711
1451267657483,2,-0.27838799357414246,-0.7069590091705322,-0.12332099676132202
1451267657502,2,-0.4053719937801361,-0.4883999824523926,-0.1404149979352951
1451267657529,2,-0.31623899936676025,-0.17216099798679352,-0.07203900068998337
1451267657546,2,-0.2002439945936203,0.05616600066423416,-0.015873000025749207
1451267657564,2,-0.1025639995932579,0.18803399801254272,-0.006105000153183937
1451267657585,2,-0.040293000638484955,0.27228298783302307,-0.020756999030709267
1451267657607,2,0.0012209999840706587,0.3308909833431244,-0.04151399806141853
1451267657627,2,0.07936500012874603,0.22832699120044708,-0.18070799112319946
1451267657643,2,0.12576299905776978,0.20146499574184418,-0.18192899227142334
1451267657665,2,0.15018299221992493,0.1941390037536621,-0.08913300186395645
1451267657686,2,0.15384599566459656,0.17948700487613678,-0.0024419999681413174
1451267657706,2,0.17582400143146515,0.1843709945678711,0.0012209999840706587
1451267657726,2,0.19169700145721436,0.1684979945421219,-0.08424899727106094
1451267657745,2,0.18559199571609497,0.17582400143146515,-0.10012199729681015
1451267657765,2,0.18681299686431885,0.2661779820919037,-0.059829000383615494
1451267657791,2,0.19169700145721436,0.41880300641059875,0.008546999655663967
1451267657812,2,0.1684979945421219,0.5286930203437805,0.0647130012512207
1451267657831,2,0.18314999341964722,0.5225880146026611,0.07936500012874603
1451267657845,2,0.21489599347114563,0.416361004114151,0.05738699808716774
1451267657865,2,0.21733799576759338,0.26129400730133057,0.015873000025749207
1451267657885,2,0.17948700487613678,0.16117200255393982,0.0
1451267657905,2,0.11111100018024445,0.167276993393898,0.035408999770879745
1451267657930,2,0.08302799612283707,0.25763100385665894,0.06715499609708786
1451267657945,2,0.1135529950261116,0.4395599961280823,0.09523800015449524
1451267657966,2,0.08913300186395645,0.3833940029144287,0.12332099676132202
1451267657987,2,0.0488400012254715,0.2600730061531067,0.14774100482463837
1451267658014,2,0.03418799862265587,0.195360004901886,0.1404149979352951
1451267658027,2,0.06104999780654907,0.2503049969673157,0.09279599785804749
1451267658051,2,0.1843709945678711,0.33943799138069153,-0.11721599847078323
1451267658067,2,0.24542099237442017,0.2539680004119873,-0.2661779820919037
1451267658088,2,0.27960899472236633,0.10134299844503403,-0.4114769995212555
1451267658116,2,-0.02442000061273575,0.36996299028396606,0.8070809841156006
1451267658126,2,-0.2918190062046051,-1.2600719928741455,0.5628809928894043
1451267658151,2,0.06227099895477295,-1.7728919982910156,-0.20634900033473969
1451267658167,2,0.059829000383615494,-1.1880329847335815,-0.4102559983730316
1451267658188,2,-0.15995100140571594,0.06104999780654907,-0.3504270017147064
1451267658207,2,-0.21855899691581726,0.598289966583252,-0.20268599689006805
1451267658227,2,-0.09401699900627136,0.45054900646209717,0.0378509983420372
1451267658248,2,0.08913300186395645,-0.09157499670982361,0.21001200377941132
1451267658267,2,0.18192899227142334,-0.4590959846973419,-0.09157499670982361
1451267658288,2,0.11477399617433548,-0.20879100263118744,-0.2161169946193695
1451267658309,2,0.01831500045955181,0.04273499920964241,-0.1514039933681488
1451267658328,2,-0.10378500074148178,0.1623930037021637,0.021978000178933144
1451267658349,2,-0.19780199229717255,0.1355309933423996,0.17460300028324127
1451267658369,2,-0.1941390037536621,-0.00976799987256527,0.16605599224567413
1451267658389,2,-0.09401699900627136,-0.07936500012874603,0.09035399556159973
1451267658410,2,0.0012209999840706587,-0.097680002450943,0.02319899946451187
1451267658428,2,0.05128199979662895,-0.0757019966840744,0.006105000153183937
1451267658449,2,0.04273499920964241,-0.04273499920964241,0.045176997780799866
1451267658469,2,0.014651999808847904,-0.0012209999840706587,0.13430999219417572
1451267658489,2,0.03663000091910362,-0.004883999936282635,0.14163599908351898
1451267658509,2,0.05250300094485283,0.004883999936282635,0.13430999219417572
1451267658529,2,0.059829000383615494,-0.00976799987256527,0.1135529950261116
1451267658550,2,0.040293000638484955,-0.0378509983420372,0.07326000183820724
1451267658570,2,0.012210000306367874,-0.025640999898314476,0.040293000638484955
1451267658589,2,-0.030524998903274536,-0.006105000153183937,0.06959699839353561
1451267658616,2,-0.003662999952211976,0.035408999770879745,0.06959699839353561
1451267658635,2,0.03907199949026108,0.04395600035786629,0.07326000183820724
1451267658651,2,0.0488400012254715,0.00976799987256527,0.07081799954175949
1451267658671,2,0.012210000306367874,-0.020756999030709267,0.07936500012874603
1451267658692,2,-0.10866899788379669,0.0012209999840706587,0.13064700365066528
1451267658710,2,-0.07936500012874603,0.03663000091910362,0.11599499732255936
1451267658731,2,0.0012209999840706587,0.05128199979662895,0.07081799954175949
1451267658751,2,0.05250300094485283,0.03174600005149841,0.03418799862265587
1451267658771,2,0.040293000638484955,0.006105000153183937,0.04761900007724762
1451267658792,2,-0.02808300033211708,-0.03907199949026108,0.0757019966840744
1451267658811,2,0.006105000153183937,-0.03174600005149841,0.006105000153183937
1451267658831,2,0.050060998648405075,-0.026861999183893204,-0.05738699808716774
1451267658851,2,0.05372399836778641,-0.008546999655663967,-0.054944999516010284
1451267658872,2,0.010989000089466572,0.01953599974513054,0.014651999808847904
1451267658892,2,-0.01831500045955181,0.0378509983420372,0.06593400239944458
1451267658911,2,0.015873000025749207,0.01953599974513054,0.003662999952211976
1451267658932,2,0.012210000306367874,0.007325999904423952,-0.03907199949026108
1451267658951,2,-0.012210000306367874,-0.006105000153183937,-0.02808300033211708
1451267658971,2,-0.05250300094485283,-0.008546999655663967,0.015873000025749207
1451267658992,2,-0.06104999780654907,-0.00976799987256527,0.04273499920964241
1451267659016,2,0.01953599974513054,0.004883999936282635,-0.006105000153183937
1451267659033,2,0.02930399961769581,0.006105000153183937,-0.015873000025749207
1451267659053,2,-0.02442000061273575,-0.017093999311327934,0.012210000306367874
1451267659073,2,-0.06227099895477295,-0.03907199949026108,0.04273499920964241
1451267659093,2,-0.054944999516010284,-0.025640999898314476,0.03907199949026108
1451267659112,2,0.00976799987256527,-0.0012209999840706587,0.020756999030709267
1451267659134,2,-0.01953599974513054,-0.010989000089466572,0.04273499920964241
1451267659154,2,-0.05250300094485283,-0.03174600005149841,0.06227099895477295
1451267659174,2,-0.0488400012254715,-0.035408999770879745,0.045176997780799866
1451267659193,2,-0.0024419999681413174,-0.017093999311327934,-0.0024419999681413174
1451267659214,2,0.0024419999681413174,-0.008546999655663967,-0.015873000025749207
1451267659234,2,-0.09157499670982361,-0.04639799892902374,0.0757019966840744
1451267659254,2,-0.08546999841928482,-0.06349200010299683,0.06593400239944458
1451267659274,2,-0.045176997780799866,-0.040293000638484955,0.02319899946451187
1451267659294,2,-0.0024419999681413174,-0.01953599974513054,0.010989000089466572
1451267659315,2,0.010989000089466572,-0.003662999952211976,0.026861999183893204
1451267659334,1,0.014651999808847904,-0.0012209999840706587,-0.003662999952211976
1451267659361,1,-0.008546999655663967,-0.0012209999840706587,0.0012209999840706587
1451267659376,1,-0.06104999780654907,0.0024419999681413174,0.03663000091910362
1451267659395,1,-0.09401699900627136,0.0012209999840706587,0.06593400239944458
1451267659415,1,-0.08546999841928482,0.007325999904423952,0.059829000383615494
1451267659435,1,0.008546999655663967,0.006105000153183937,-0.003662999952211976
1451267659455,1,0.008546999655663967,0.003662999952211976,0.006105000153183937
1451267659478,1,-0.00976799987256527,-0.008546999655663967,0.03663000091910362
1451267659495,1,-0.0012209999840706587,-0.007325999904423952,0.04761900007724762
1451267659515,1,0.020756999030709267,-0.004883999936282635,0.02808300033211708
1451267659534,1,0.02319899946451187,0.025640999898314476,0.008546999655663967
1451267659556,1,-0.02442000061273575,0.0024419999681413174,0.017093999311327934
1451267659576,1,-0.02442000061273575,-0.02808300033211708,0.0012209999840706587
1451267659599,1,-0.007325999904423952,-0.02319899946451187,0.004883999936282635
1451267659615,1,-0.004883999936282635,-0.015873000025749207,0.030524998903274536
1451267659636,1,-0.0488400012254715,-0.007325999904423952,0.045176997780799866
1451267659656,1,-0.11599499732255936,-0.050060998648405075,0.02319899946451187
1451267659676,1,-0.11599499732255936,-0.06837599724531174,-0.015873000025749207
1451267659695,1,-0.10866899788379669,-0.06349200010299683,-0.06349200010299683
1451267659716,1,-0.0757019966840744,0.0024419999681413174,-0.12698400020599365
1451267659737,1,-0.015873000025749207,0.06837599724531174,-0.1733819991350174
1451267659757,1,0.05250300094485283,0.10744799673557281,-0.18559199571609497
1451267659777,1,0.14774100482463837,0.05738699808716774,-0.1025639995932579
1451267659796,1,0.299144983291626,0.02808300033211708,-0.04639799892902374
1451267659817,1,0.38217300176620483,-0.12698400020599365,-0.04639799892902374
1451267659837,1,0.28815600275993347,-0.31013399362564087,-0.097680002450943
1451267659860,1,0.10378500074148178,-0.4859579801559448,-0.13675199449062347
1451267659877,1,-0.293040007352829,-0.7802190184593201,0.167276993393898
1451267659897,1,-0.4761900007724762,-0.9841259717941284,0.3724049925804138
1451267659918,1,-0.608057975769043,-1.101341962814331,0.5250300168991089
1451267659938,1,-0.5103780031204224,-1.0891319513320923,0.6141629815101624
1451267659960,1,-0.20634900033473969,-1.2075690031051636,0.6007319688796997
1451267659982,1,0.4542119801044464,-0.4273499846458435,0.3894990086555481
1451267659998,1,0.08913300186395645,-0.0024419999681413174,-0.9829049706459045
1451267660018,1,0.6862019896507263,1.2393150329589844,-1.5604380369186401
1451267660037,1,1.172160029411316,0.965811014175415,-2.1098880767822266
1451267660060,1,1.2686189413070679,1.2344310283660889,-2.131865978240967
1451267660078,1,0.3467639982700348,0.2771669924259186,-0.2271059900522232
1451267660098,1,-0.1465200036764145,-0.28327199816703796,0.4212450087070465
1451267660125,1,-0.5506709814071655,-0.536018967628479,0.13064700365066528
1451267660139,1,-0.8070809841156006,-0.42612898349761963,-0.5018309950828552
1451267660160,1,-0.7631250023841858,-0.14285700023174286,-0.731378972530365
1451267660179,1,-0.4175820052623749,0.06104999780654907,-0.41880300641059875
1451267660200,1,0.07814399898052216,0.21733799576759338,0.5299140214920044
1451267660220,1,-0.014651999808847904,-0.04761900007724762,0.6849809885025024
1451267660240,1,-0.24175800383090973,-0.432233989238739,0.5946269631385803
1451267660259,1,-0.48351600766181946,-0.6202679872512817,0.43101298809051514
1451267660279,1,-0.5909640192985535,-0.5897430181503296,0.27350398898124695
1451267660299,1,-0.27228298783302307,0.014651999808847904,0.2551890015602112
1451267660320,1,-0.11965800076723099,0.10134299844503403,0.32600700855255127
1451267660340,1,-0.15384599566459656,0.1245419979095459,0.34920600056648254
1451267660363,1,-0.28327199816703796,0.026861999183893204,0.27228298783302307
1451267660385,1,-0.4371179938316345,-0.06593400239944458,0.13186800479888916
1451267660401,1,-0.5836380124092102,0.08791200071573257,0.06227099895477295
1451267660421,1,-0.41880300641059875,0.3028079867362976,0.13186800479888916
1451267660441,1,-0.2319899946451187,0.334553986787796,0.24175800383090973
1451267660460,1,-0.15995100140571594,0.2490839958190918,0.3626369833946228
1451267660481,1,-0.1782660037279129,0.0647130012512207,0.30036598443984985
1451267660501,1,-0.19169700145721436,-0.21001200377941132,0.08058600127696991
1451267660521,1,-0.23076899349689484,-0.2918190062046051,0.08913300186395645
1451267660543,1,-0.3247860074043274,-0.31623899936676025,0.10866899788379669
1451267660561,1,-0.3894990086555481,-0.11233200132846832,0.15018299221992493
1451267660581,1,-0.34920600056648254,0.11721599847078323,0.1733819991350174
1451267660601,1,-0.28327199816703796,0.20757000148296356,0.12332099676132202
1451267660622,1,-0.1514039933681488,-0.026861999183893204,-0.097680002450943
1451267660644,1,-0.07448099553585052,-0.1025639995932579,-0.167276993393898
1451267660661,1,-0.04639799892902374,-0.16605599224567413,-0.13064700365066528
1451267660682,1,-0.05738699808716774,-0.17216099798679352,-0.07448099553585052
1451267660701,1,-0.07448099553585052,-0.11843699961900711,-0.020756999030709267
1451267660722,1,0.006105000153183937,0.17582400143146515,0.01953599974513054
1451267660742,1,0.05616600066423416,0.2698409855365753,-0.01953599974513054
1451267660766,1,0.09279599785804749,0.39682498574256897,-0.050060998648405075
1451267660783,1,0.07203900068998337,0.30036598443984985,-0.0024419999681413174
1451267660808,1,-0.004883999936282635,0.07936500012874603,0.06959699839353561
1451267660823,1,-0.17093999683856964,-0.1733819991350174,0.14285700023174286
1451267660844,1,-0.15262499451637268,-0.12576299905776978,0.09157499670982361
1451267660862,1,-0.09035399556159973,0.00976799987256527,0.04761900007724762
1451267660884,1,-0.021978000178933144,0.30524998903274536,0.0378509983420372
1451267660903,1,-0.010989000089466572,0.6556770205497742,0.097680002450943
1451267660923,1,-0.06227099895477295,0.7777770161628723,0.16971899569034576
1451267660943,1,-0.11843699961900711,0.10744799673557281,0.18192899227142334
1451267660963,1,-0.1452990025281906,-0.3748469948768616,0.006105000153183937
1451267660995,1,-0.34920600056648254,-0.6092789769172668,0.11843699961900711
1451267661020,1,-0.2747249901294708,-0.1941390037536621,0.08791200071573257
1451267661036,1,-0.15873000025749207,0.17582400143146515,0.0866909995675087
1451267661056,1,-0.097680002450943,0.3943829834461212,0.13064700365066528
1451267661077,1,-0.09035399556159973,0.49450498819351196,0.08546999841928482
1451267661096,1,-0.1245419979095459,0.4334549903869629,0.02442000061273575
1451267661116,1,-0.33211198449134827,-0.18681299686431885,-0.021978000178933144
1451267661136,1,-0.11233200132846832,-0.3943829834461212,-0.08913300186395645
1451267661156,1,0.1843709945678711,-0.15018299221992493,-0.09890099614858627
1451267661176,1,0.4713059961795807,0.4590959846973419,-0.10866899788379669
1451267661203,1,0.4151400029659271,0.49084198474884033,-0.09401699900627136
1451267661220,1,0.3199020028114319,0.3418799936771393,-0.07203900068998337
1451267661258,1,0.2051279991865158,0.09890099614858627,-0.03296700119972229
1451267661277,1,0.2002439945936203,0.1452990025281906,-0.026861999183893204
1451267661297,1,0.23443199694156647,0.2161169946193695,-0.054944999516010284
1451267661318,1,0.2918190062046051,0.293040007352829,-0.06349200010299683
1451267661335,1,0.2918190062046051,0.2808299958705902,-0.045176997780799866
1451267661356,2,0.24175800383090973,0.18559199571609497,-0.020756999030709267
1451267661375,2,0.17948700487613678,0.06715499609708786,-0.010989000089466572
1451267661396,2,0.10622699558734894,0.007325999904423952,-0.045176997780799866
1451267661417,2,-0.02808300033211708,0.13430999219417572,-0.045176997780799866
1451267661441,2,-0.040293000638484955,0.23076899349689484,0.020756999030709267
1451267661457,2,-0.010989000089466572,0.2527469992637634,0.03418799862265587
1451267661481,2,0.015873000025749207,0.19658099114894867,-0.008546999655663967
1451267661496,2,0.03907199949026108,0.12209999561309814,-0.05616600066423416
1451267661517,2,0.06227099895477295,0.08791200071573257,-0.08180700242519379
1451267661537,2,0.06837599724531174,0.16361400485038757,-0.06837599724531174
1451267661560,2,0.06227099895477295,0.21489599347114563,-0.03418799862265587
1451267661577,2,0.08058600127696991,0.22954799234867096,-0.020756999030709267
1451267661601,2,0.13675199449062347,0.17582400143146515,-0.05372399836778641
1451267661617,2,0.1733819991350174,0.1562879979610443,-0.09035399556159973
1451267661636,2,0.11843699961900711,0.14285700023174286,-0.014651999808847904
1451267661657,2,0.10622699558734894,0.13797299563884735,-0.017093999311327934
1451267661678,2,0.15018299221992493,0.09645900130271912,-0.0378509983420372
1451267661696,2,0.167276993393898,0.020756999030709267,-0.02808300033211708
1451267661718,2,0.12209999561309814,-0.014651999808847904,0.01953599974513054
1451267661738,2,0.07692299783229828,0.026861999183893204,0.09645900130271912
1451267661759,2,0.09890099614858627,0.05860799923539162,0.10622699558734894
1451267661777,2,0.11965800076723099,0.08791200071573257,0.08180700242519379
1451267661799,2,0.14774100482463837,0.08791200071573257,0.045176997780799866
1451267661818,2,0.17460300028324127,0.0866909995675087,-0.02442000061273575
1451267661839,2,0.20268599689006805,0.09401699900627136,-0.1733819991350174
1451267661862,2,0.22832699120044708,0.06715499609708786,-0.22832699120044708
1451267661879,2,-0.13064700365066528,1.645907998085022,0.5970689654350281
1451267661899,2,-0.3235650062561035,-1.0842479467391968,1.2527459859848022
1451267661919,2,-0.4761900007724762,-1.2930389642715454,0.627593994140625
1451267661939,2,-0.19780199229717255,-1.1684969663619995,0.025640999898314476
1451267661960,2,0.06837599724531174,0.30524998903274536,-0.5091570019721985
1451267661979,2,-0.09157499670982361,0.4114769995212555,-0.39682498574256897
1451267661999,2,-0.17460300028324127,0.09890099614858627,-0.17093999683856964
1451267662019,2,-0.0757019966840744,-0.2820509970188141,0.04151399806141853
1451267662040,2,0.1452990025281906,-0.41880300641059875,0.06715499609708786
1451267662059,2,0.3455429971218109,-0.04151399806141853,-0.24053700268268585
1451267662079,2,0.2698409855365753,0.06349200010299683,-0.26861998438835144
1451267662099,2,0.10622699558734894,-0.0024419999681413174,-0.18803399801254272
1451267662126,2,-0.059829000383615494,-0.10622699558734894,-0.059829000383615494
1451267662139,2,-0.15018299221992493,-0.1245419979095459,0.04273499920964241
1451267662160,2,-0.06104999780654907,0.03907199949026108,0.05860799923539162
1451267662180,2,-0.013430999591946602,0.08913300186395645,0.021978000178933144
1451267662200,2,-0.050060998648405075,0.0647130012512207,0.00976799987256527
1451267662220,2,-0.13308899104595184,0.0,0.02442000061273575
1451267662240,2,-0.17704500257968903,-0.06837599724531174,0.07203900068998337
1451267662261,2,-0.16605599224567413,-0.11843699961900711,0.11965800076723099
1451267662285,2,-0.059829000383615494,0.0,0.07203900068998337
1451267662301,2,0.003662999952211976,0.07448099553585052,0.035408999770879745
1451267662321,2,0.025640999898314476,0.10012199729681015,0.015873000025749207
1451267662341,2,0.010989000089466572,0.07081799954175949,0.014651999808847904
1451267662361,2,-0.04639799892902374,0.003662999952211976,0.03663000091910362
1451267662380,2,-0.06104999780654907,-0.03174600005149841,0.05250300094485283
1451267662402,2,-0.00976799987256527,-0.013430999591946602,0.021978000178933144
1451267662422,2,0.030524998903274536,0.006105000153183937,-0.02808300033211708
1451267662442,2,0.040293000638484955,-0.003662999952211976,-0.03907199949026108
1451267662461,2,-0.003662999952211976,-0.013430999591946602,-0.02319899946451187
1451267662483,2,-0.06104999780654907,0.06104999780654907,0.03174600005149841
1451267662503,2,-0.06349200010299683,0.09401699900627136,0.05616600066423416
1451267662523,2,-0.0757019966840744,0.07692299783229828,0.050060998648405075
1451267662544,2,-0.08180700242519379,0.03418799862265587,0.02808300033211708
1451267662567,2,-0.07448099553585052,-0.0024419999681413174,0.010989000089466572
1451267662584,2,-0.054944999516010284,-0.025640999898314476,-0.0024419999681413174
1451267662603,2,-0.013430999591946602,-0.008546999655663967,0.012210000306367874
1451267662624,2,-0.004883999936282635,-0.008546999655663967,0.050060998648405075
1451267662644,2,-0.0024419999681413174,-0.003662999952211976,0.07814399898052216
1451267662667,2,0.003662999952211976,-0.020756999030709267,0.07814399898052216
1451267662684,2,0.01953599974513054,-0.040293000638484955,0.045176997780799866
1451267662704,2,0.008546999655663967,-0.017093999311327934,0.007325999904423952
1451267662724,2,-0.012210000306367874,0.0,0.03296700119972229
1451267662744,2,-0.026861999183893204,0.007325999904423952,0.05372399836778641
1451267662764,2,-0.025640999898314476,0.015873000025749207,0.05738699808716774
1451267662784,2,-0.040293000638484955,0.01953599974513054,0.04761900007724762
1451267662804,2,-0.0378509983420372,-0.007325999904423952,0.014651999808847904
1451267662824,2,-0.014651999808847904,-0.01831500045955181,0.007325999904423952
1451267662844,2,0.007325999904423952,-0.013430999591946602,0.0
1451267662864,2,0.017093999311327934,0.021978000178933144,0.008546999655663967
1451267662885,2,0.013430999591946602,0.03174600005149841,0.012210000306367874
1451267662904,2,-0.007325999904423952,0.025640999898314476,0.01953599974513054
1451267662927,2,0.007325999904423952,0.007325999904423952,-0.013430999591946602
1451267662944,2,-0.010989000089466572,0.01831500045955181,-0.006105000153183937
1451267662964,2,-0.03296700119972229,0.017093999311327934,0.01953599974513054
1451267662986,2,-0.035408999770879745,-0.007325999904423952,0.035408999770879745
1451267663005,2,-0.026861999183893204,-0.015873000025749207,0.01953599974513054
1451267663024,2,-0.01953599974513054,0.007325999904423952,-0.0024419999681413174
1451267663045,2,-0.02319899946451187,-0.012210000306367874,0.0024419999681413174
1451267663065,2,-0.012210000306367874,-0.0012209999840706587,-0.0024419999681413174
1451267663086,2,0.0488400012254715,0.09401699900627136,-0.03296700119972229
1451267663106,2,0.17460300028324127,0.16117200255393982,-0.09401699900627136
1451267663132,2,0.22588500380516052,0.1452990025281906,-0.1452990025281906
1451267663146,2,0.26861998438835144,0.0866909995675087,-0.1623930037021637
1451267663166,2,0.2857140004634857,-0.05616600066423416,-0.1623930037021637
1451267663186,2,0.1684979945421219,-0.1733819991350174,-0.1404149979352951
1451267663206,2,0.05128199979662895,-0.07936500012874603,-0.09401699900627136
1451267663227,2,0.059829000383615494,-0.09157499670982361,-0.07814399898052216
1451267663246,2,0.18192899227142334,0.020756999030709267,-0.050060998648405075
1451267663271,2,0.299144983291626,0.17093999683856964,0.0012209999840706587
1451267663287,2,0.3308909833431244,0.18559199571609497,0.007325999904423952
1451267663307,2,0.2051279991865158,0.10744799673557281,0.010989000089466572
1451267663327,2,0.026861999183893204,-0.04761900007724762,0.045176997780799866
1451267663346,2,-0.1623930037021637,-0.15384599566459656,0.10744799673557281
1451267663372,2,-0.03907199949026108,0.00976799987256527,0.11721599847078323
1451267663387,1,0.12332099676132202,0.15384599566459656,0.13797299563884735
1451267663408,1,0.17582400143146515,0.2380950003862381,0.16117200255393982
1451267663429,1,0.1135529950261116,0.1941390037536621,0.1892549991607666
1451267663448,1,-0.16971899569034576,-0.16971899569034576,0.2222220003604889
1451267663468,1,-0.28327199816703796,-0.195360004901886,0.18314999341964722
1451267663488,1,-0.30036598443984985,-0.17704500257968903,0.16117200255393982
1451267663510,1,-0.2222220003604889,-0.07448099553585052,0.14285700023174286
1451267663531,1,-0.08913300186395645,0.026861999183893204,0.11477399617433548
1451267663548,1,0.012210000306367874,0.05616600066423416,0.12209999561309814
1451267663569,1,0.004883999936282635,0.16483499109745026,0.1562879979610443
1451267663589,1,0.030524998903274536,0.13186800479888916,0.12209999561309814
1451267663608,1,0.035408999770879745,0.09401699900627136,0.050060998648405075
1451267663628,1,0.045176997780799866,0.10622699558734894,-0.020756999030709267
1451267663649,1,0.10866899788379669,0.15018299221992493,-0.04273499920964241
1451267663669,1,0.2332109957933426,0.1355309933423996,0.10134299844503403
1451267663690,1,0.17582400143146515,0.08546999841928482,0.11599499732255936
1451267663709,1,0.1245419979095459,0.01831500045955181,0.10866899788379669
1451267663729,1,0.06593400239944458,-0.07814399898052216,0.1135529950261116
1451267663750,1,-0.017093999311327934,-0.1294260025024414,0.12698400020599365
1451267663770,1,-0.18192899227142334,-0.334553986787796,0.16117200255393982
1451267663790,1,-0.11965800076723099,-0.1452990025281906,0.12332099676132202
1451267663811,1,0.0,-0.20634900033473969,0.14774100482463837
1451267663830,1,-0.15018299221992493,-0.36629998683929443,0.12087900191545486
1451267663850,1,-0.2710619866847992,0.5201460123062134,-1.2234419584274292
1451267663870,1,0.6190469861030579,1.1245410442352295,-1.2600719928741455
1451267663891,1,0.3614159822463989,-0.3687419891357422,0.08913300186395645
1451267663910,1,-0.06715499609708786,-0.6959699988365173,0.6727709770202637
1451267663931,1,-0.23076899349689484,-1.0891319513320923,0.5335769653320313
1451267663951,1,-0.45177000761032104,-0.8766779899597168,-0.02930399961769581
1451267663971,1,-0.523809015750885,-0.3076919913291931,-0.45054900646209717
1451267663991,1,-0.07203900068998337,0.4920629858970642,-0.10134299844503403
1451267664010,1,-0.0024419999681413174,0.41269800066947937,0.19169700145721436
1451267664031,1,-0.11721599847078323,0.15873000025749207,0.2967030107975006
1451267664051,1,-0.24053700268268585,0.004883999936282635,0.2588520050048828
1451267664072,1,-0.24175800383090973,-0.07326000183820724,0.2002439945936203
1451267664098,1,-0.18070799112319946,-0.12332099676132202,0.16483499109745026
1451267664111,1,-0.14163599908351898,-0.06715499609708786,0.1684979945421219
1451267664132,1,-0.09035399556159973,-0.08791200071573257,0.17948700487613678
1451267664151,1,-0.06715499609708786,-0.08913300186395645,0.1562879979610443
1451267664179,1,-0.07936500012874603,-0.026861999183893204,0.1684979945421219
1451267664192,1,-0.08546999841928482,0.008546999655663967,0.1782660037279129
1451267664217,1,-0.01831500045955181,-0.010989000089466572,0.097680002450943
1451267664233,1,0.015873000025749207,-0.03174600005149841,0.05128199979662895
1451267664253,1,0.03418799862265587,-0.04273499920964241,0.030524998903274536
1451267664273,1,0.03907199949026108,-0.04639799892902374,0.014651999808847904
1451267664292,1,0.06959699839353561,0.059829000383615494,-0.025640999898314476
1451267664313,1,0.19658099114894867,0.1562879979610443,-0.08913300186395645
1451267664332,1,0.1892549991607666,0.1782660037279129,-0.07203900068998337
1451267664352,1,0.21733799576759338,0.10012199729681015,-0.003662999952211976
1451267664373,1,0.19658099114894867,-0.04639799892902374,0.020756999030709267
1451267664393,1,0.10866899788379669,-0.06227099895477295,-0.008546999655663967
1451267664413,1,0.08913300186395645,0.012210000306367874,-0.015873000025749207
1451267664434,1,0.06837599724531174,0.02319899946451187,-0.01953599974513054
1451267664454,1,0.04395600035786629,0.07203900068998337,-0.026861999183893204
1451267664474,1,0.05372399836778641,0.10012199729681015,-0.04151399806141853
1451267664494,1,0.040293000638484955,0.10012199729681015,-0.03174600005149841
1451267664514,1,0.030524998903274536,0.10622699558734894,0.003662999952211976
1451267664534,1,-0.05372399836778641,-0.03907199949026108,0.0866909995675087
1451267664554,1,-0.08058600127696991,-0.05250300094485283,0.0757019966840744
1451267664575,1,-0.06715499609708786,-0.05616600066423416,0.054944999516010284
1451267664594,1,-0.05372399836778641,-0.03418799862265587,0.020756999030709267
1451267664618,1,-0.05128199979662895,-0.0012209999840706587,-0.0012209999840706587
1451267664634,1,0.04273499920964241,0.07692299783229828,0.0378509983420372
1451267664655,1,0.07692299783229828,0.03907199949026108,0.03418799862265587
1451267664674,1,0.059829000383615494,0.040293000638484955,-0.004883999936282635
1451267664694,1,0.04639799892902374,0.04639799892902374,-0.04395600035786629
1451267664715,1,0.03418799862265587,0.04761900007724762,-0.05616600066423416
1451267664734,1,0.017093999311327934,0.03663000091910362,-0.021978000178933144
1451267664755,1,0.017093999311327934,0.00976799987256527,-0.003662999952211976
1451267664777,1,0.007325999904423952,0.026861999183893204,-0.013430999591946602
1451267664798,1,0.03418799862265587,0.07692299783229828,-0.04395600035786629
1451267664815,1,0.0647130012512207,0.08913300186395645,-0.04761900007724762
1451267664835,1,0.06593400239944458,0.09523800015449524,-0.02808300033211708
1451267664855,1,0.04395600035786629,0.05616600066423416,-0.003662999952211976
1451267664877,1,0.03418799862265587,0.03663000091910362,0.008546999655663967
1451267664896,1,0.02442000061273575,0.030524998903274536,0.00976799987256527
1451267664916,1,0.01953599974513054,0.021978000178933144,0.0024419999681413174
1451267664941,1,0.02808300033211708,0.02930399961769581,-0.012210000306367874
1451267664957,1,0.01831500045955181,0.050060998648405075,-0.020756999030709267
1451267664977,1,0.0012209999840706587,0.03174600005149841,0.010989000089466572
1451267664996,1,-0.03418799862265587,-0.035408999770879745,0.04639799892902374
1451267665016,1,-0.06959699839353561,-0.06715499609708786,0.045176997780799866
1451267665037,1,-0.059829000383615494,-0.0647130012512207,0.02930399961769581
1451267665057,1,-0.008546999655663967,-0.007325999904423952,-0.03418799862265587
1451267665077,1,0.012210000306367874,0.014651999808847904,-0.05860799923539162
1451267665096,1,0.05616600066423416,0.050060998648405075,-0.07203900068998337
1451267665122,1,0.08180700242519379,0.05616600066423416,-0.06837599724531174
1451267665137,1,0.07692299783229828,0.06715499609708786,-0.07203900068998337
1451267665158,1,0.09523800015449524,0.0488400012254715,-0.12576299905776978
1451267665183,1,0.08302799612283707,0.03418799862265587,-0.12698400020599365
1451267665197,1,0.03418799862265587,0.03174600005149841,-0.09523800015449524
1451267665217,1,-0.006105000153183937,0.025640999898314476,-0.05128199979662895
1451267665238,1,-0.01831500045955181,-0.026861999183893204,-0.03418799862265587
1451267665260,1,-0.0024419999681413174,-0.05250300094485283,-0.0378509983420372
1451267665277,1,0.0378509983420372,-0.003662999952211976,-0.03663000091910362
1451267665297,1,0.06227099895477295,0.040293000638484955,-0.03907199949026108
1451267665319,1,0.08546999841928482,0.06227099895477295,-0.03907199949026108
1451267665338,1,0.10012199729681015,0.05250300094485283,-0.03663000091910362
1451267665359,1,0.09523800015449524,0.030524998903274536,-0.03907199949026108
1451267665379,1,0.12820500135421753,0.003662999952211976,-0.08546999841928482
1451267665400,2,0.1025639995932579,0.01953599974513054,-0.07692299783229828
1451267665418,2,0.06349200010299683,0.0378509983420372,-0.05250300094485283
1451267665439,2,0.040293000638484955,0.05372399836778641,-0.050060998648405075
1451267665459,2,0.054944999516010284,0.05616600066423416,-0.05250300094485283
1451267665479,2,0.014651999808847904,-0.006105000153183937,-0.004883999936282635
1451267665504,2,-0.020756999030709267,-0.05860799923539162,0.003662999952211976
1451267665519,2,0.014651999808847904,-0.06349200010299683,-0.02319899946451187
1451267665539,2,0.06959699839353561,-0.05250300094485283,-0.02930399961769581
1451267665565,2,0.08546999841928482,0.0024419999681413174,-0.013430999591946602
1451267665584,2,0.0647130012512207,0.050060998648405075,-0.003662999952211976
1451267665599,2,0.07936500012874603,0.06715499609708786,0.003662999952211976
1451267665620,2,0.054944999516010284,0.00976799987256527,0.014651999808847904
1451267665640,2,0.003662999952211976,-0.02808300033211708,0.030524998903274536
1451267665660,2,-0.025640999898314476,-0.025640999898314476,0.040293000638484955
1451267665680,2,-0.014651999808847904,0.007325999904423952,0.03174600005149841
1451267665700,2,0.021978000178933144,0.0488400012254715,0.014651999808847904
1451267665721,2,0.04395600035786629,0.06715499609708786,-0.007325999904423952
1451267665741,2,0.06959699839353561,0.09157499670982361,-0.040293000638484955
1451267665760,2,0.10988999903202057,0.11599499732255936,-0.06959699839353561
1451267665780,2,0.12332099676132202,0.11721599847078323,-0.09645900130271912
1451267665805,2,0.10500600188970566,0.1245419979095459,-0.1355309933423996
1451267665822,2,0.0024419999681413174,0.9890099763870239,0.5616599917411804
1451267665842,2,-0.15384599566459656,-1.6715489625930786,0.9242969751358032
1451267665866,2,-0.5421239733695984,-2.1684958934783936,0.45054900646209717
1451267665882,2,-0.3785099983215332,-1.8620250225067139,0.18803399801254272
1451267665901,2,-0.21245399117469788,-0.5836380124092102,0.06593400239944458
1451267665922,2,-0.2441999912261963,1.7399250268936157,0.12209999561309814
1451267665943,2,-0.18314999341964722,1.5995099544525146,0.06715499609708786
1451267665961,2,0.014651999808847904,0.8510369658470154,-0.012210000306367874
1451267665982,2,0.195360004901886,-0.0488400012254715,-0.040293000638484955
1451267666001,2,0.22344300150871277,-0.5702069997787476,-0.09890099614858627
1451267666021,2,-0.04395600035786629,-0.3724049925804138,-0.13919399678707123
1451267666042,2,-0.16361400485038757,-0.05738699808716774,-0.02442000061273575
1451267666062,2,-0.21855899691581726,0.13797299563884735,0.08424899727106094
1451267666082,2,-0.20879100263118744,0.17704500257968903,0.13308899104595184
1451267666154,2,0.04639799892902374,-0.07814399898052216,-0.008546999655663967
1451267666165,2,-0.007325999904423952,-0.0757019966840744,0.015873000025749207
1451267666184,2,-0.05250300094485283,-0.0024419999681413174,0.045176997780799866
1451267666210,2,-0.06227099895477295,0.05616600066423416,0.06104999780654907
1451267666224,2,-0.050060998648405075,0.06349200010299683,0.054944999516010284
1451267666247,2,0.025640999898314476,0.0012209999840706587,0.01831500045955181
1451267666264,2,0.03174600005149841,-0.003662999952211976,-0.013430999591946602
1451267666285,2,0.010989000089466572,-0.0024419999681413174,-0.03907199949026108
1451267666303,2,-0.03296700119972229,0.012210000306367874,-0.03174600005149841
1451267666325,2,-0.0647130012512207,0.02808300033211708,0.006105000153183937
