1451312015973,1,-0.5750910043716431,-0.29548200964927673,0.37606799602508545
1451312015993,1,-0.5811960101127625,-0.013430999591946602,0.15262499451637268
1451312016014,1,-0.6434670090675354,0.11111100018024445,0.20390699803829193
1451312016034,1,-0.7277159690856934,-0.09035399556159973,0.6043949723243713
1451312016056,1,-0.7240529656410217,-0.3028079867362976,0.9829049706459045
1451312016074,1,-0.28815600275993347,0.19291800260543823,1.1404139995574951
1451312016094,1,0.05250300094485283,0.6129419803619385,0.8705729842185974
1451312016114,1,0.21855899691581726,0.5946269631385803,0.4981679916381836
1451312016134,1,-0.030524998903274536,0.1843709945678711,-0.04639799892902374
1451312016156,1,-0.39316198229789734,-0.19169700145721436,-0.19169700145721436
1451312016174,1,-0.5201460123062134,-0.32722800970077515,-0.30036598443984985
1451312016195,1,-0.2918190062046051,-0.15384599566459656,-0.3577530086040497
1451312016215,1,-0.3137969970703125,-0.2918190062046051,-0.4053719937801361
1451312016235,1,-0.33943799138069153,-0.5775330066680908,-0.3406589925289154
1451312016255,1,-0.2222220003604889,-0.6141629815101624,-0.23443199694156647
1451312016275,1,0.035408999770879745,-0.3235650062561035,-0.09157499670982361
1451312016299,1,0.20268599689006805,-0.13186800479888916,-0.02319899946451187
1451312016316,1,-0.050060998648405075,-0.27838799357414246,-0.07814399898052216
1451312016338,1,-0.18803399801254272,-0.3614159822463989,-0.1562879979610443
1451312016356,1,-0.08913300186395645,-0.3785099983215332,-0.18192899227142334
1451312016376,1,0.08058600127696991,-0.1733819991350174,-0.1843709945678711
1451312016395,1,0.06837599724531174,0.1355309933423996,-0.08180700242519379
1451312016415,1,0.15262499451637268,-0.03418799862265587,-0.10866899788379669
1451312016435,1,0.47252699732780457,0.14896199107170105,-0.050060998648405075
1451312016456,1,0.8827829957008362,0.14163599908351898,0.3418799936771393
1451312016480,1,1.0891319513320923,0.12332099676132202,0.7448099851608276
1451312016496,1,1.1452980041503906,0.5921850204467773,1.0305240154266357
1451312016516,1,0.9999989867210388,0.6312569975852966,0.6214889883995056
1451312016537,1,0.7338209748268127,0.565322995185852,-0.05250300094485283
1451312016556,1,0.4114769995212555,0.3736259937286377,-0.17704500257968903
1451312016577,1,0.22832699120044708,0.24175800383090973,-0.12332099676132202
1451312016597,1,0.2527469992637634,0.1452990025281906,0.014651999808847904
1451312016617,1,0.11843699961900711,-0.11233200132846832,0.06593400239944458
1451312016639,1,-0.026861999183893204,-0.09523800015449524,0.06959699839353561
1451312016657,1,-0.08302799612283707,-0.025640999898314476,0.0488400012254715
1451312016678,1,-0.05250300094485283,-0.012210000306367874,0.07081799954175949
1451312016697,1,-0.07936500012874603,0.07203900068998337,0.0866909995675087
1451312016718,1,-0.5213670134544373,0.0378509983420372,0.10744799673557281
1451312016738,1,-0.7008540034294128,-0.054944999516010284,0.1843709945678711
1451312016757,1,-0.7802190184593201,-0.16361400485038757,0.20634900033473969
1451312016777,1,-0.6434670090675354,-0.14163599908351898,0.195360004901886
1451312016798,1,-0.30524998903274536,0.02930399961769581,0.14896199107170105
1451312016818,1,0.20268599689006805,0.21001200377941132,0.05616600066423416
1451312016839,1,0.07448099553585052,0.11477399617433548,0.006105000153183937
1451312016858,1,-0.21245399117469788,-0.025640999898314476,0.0
1451312016878,1,-0.42002400755882263,-0.1843709945678711,0.08180700242519379
1451312016900,1,-0.422465980052948,-0.25763100385665894,0.19291800260543823
1451312016918,1,-0.1892549991607666,-0.09523800015449524,0.21489599347114563
1451312016939,1,0.16971899569034576,0.20146499574184418,-0.12209999561309814
1451312016959,1,0.2637360095977783,0.22344300150871277,-0.2600730061531067
1451312016979,1,0.40415099263191223,0.18681299686431885,-0.2527469992637634
1451312016999,1,0.4664219915866852,0.14285700023174286,-0.14163599908351898
1451312017019,1,0.32600700855255127,0.14163599908351898,-0.0488400012254715
1451312017043,1,-0.16483499109745026,0.09645900130271912,-0.0378509983420372
1451312017059,1,-0.09645900130271912,0.06959699839353561,0.004883999936282635
1451312017079,1,0.04395600035786629,0.10622699558734894,0.006105000153183937
1451312017100,1,0.0757019966840744,0.16361400485038757,-0.10622699558734894
1451312017122,1,0.02319899946451187,0.23443199694156647,-0.27228298783302307
1451312017139,1,-0.14285700023174286,0.09279599785804749,-0.211232990026474
1451312017159,1,-0.13064700365066528,-0.014651999808847904,0.015873000025749207
1451312017180,1,-0.06959699839353561,-0.03663000091910362,0.21733799576759338
1451312017200,1,-0.020756999030709267,0.059829000383615494,0.2429789900779724
1451312017222,1,-0.04639799892902374,0.1245419979095459,0.05128199979662895
1451312017240,1,-0.16117200255393982,0.08180700242519379,-0.2271059900522232
1451312017260,1,-0.025640999898314476,0.08058600127696991,-0.34920600056648254
1451312017280,1,0.20268599689006805,0.12698400020599365,-0.167276993393898
1451312017300,1,0.3418799936771393,0.13919399678707123,0.045176997780799866
1451312017320,1,0.3626369833946228,0.1465200036764145,0.14163599908351898
1451312017340,1,0.20268599689006805,0.1294260025024414,0.08546999841928482
1451312017361,1,-0.2551890015602112,-0.0012209999840706587,-0.10866899788379669
1451312017381,1,-0.15018299221992493,0.00976799987256527,-0.0866909995675087
1451312017401,1,0.026861999183893204,0.030524998903274536,-0.03296700119972229
1451312017422,1,0.09401699900627136,0.04151399806141853,-0.050060998648405075
1451312017441,1,0.04151399806141853,0.006105000153183937,-0.10500600188970566
1451312017466,1,-0.040293000638484955,-0.09035399556159973,-0.0012209999840706587
1451312017482,1,0.004883999936282635,-0.09035399556159973,0.04639799892902374
1451312017508,1,0.0647130012512207,-0.02319899946451187,-0.03296700119972229
1451312017522,1,-0.017093999311327934,0.11233200132846832,-0.15995100140571594
1451312017541,1,-0.11843699961900711,0.07692299783229828,-0.17582400143146515
1451312017562,1,-0.21245399117469788,-0.014651999808847904,-0.12209999561309814
1451312017583,1,0.004883999936282635,0.06349200010299683,0.06349200010299683
1451312017602,1,0.15873000025749207,0.15018299221992493,0.010989000089466572
1451312017622,1,0.23565299808979034,0.1733819991350174,-0.09523800015449524
1451312017642,1,0.19780199229717255,0.1843709945678711,-0.15384599566459656
1451312017663,1,0.050060998648405075,0.12698400020599365,-0.15506699681282043
1451312017683,1,-0.15995100140571594,-0.02930399961769581,0.0647130012512207
1451312017703,1,-0.09401699900627136,-0.04761900007724762,0.11111100018024445
1451312017723,1,0.00976799987256527,-0.01953599974513054,0.05372399836778641
1451312017743,1,0.0757019966840744,0.014651999808847904,-0.05372399836778641
1451312017763,1,0.07448099553585052,-0.003662999952211976,-0.13430999219417572
1451312017784,1,0.22100099921226501,-0.1733819991350174,-0.06837599724531174
1451312017812,1,0.23687399923801422,-0.14163599908351898,0.012210000306367874
1451312017825,2,0.3956039845943451,0.19658099114894867,-0.7448099851608276
1451312017843,2,0.5726490020751953,0.1623930037021637,-0.9975569844245911
1451312017864,2,0.6336989998817444,0.0024419999681413174,-0.6837599873542786
1451312017884,2,0.5384609699249268,0.1135529950261116,-0.167276993393898
1451312017905,2,-0.06837599724531174,0.29548200964927673,0.6752129793167114
1451312017923,2,-0.29548200964927673,0.02808300033211708,0.6398040056228638
1451312017944,2,-0.555554986000061,-0.02930399961769581,0.1733819991350174
1451312017965,2,-0.5714280009269714,-0.17948700487613678,-0.07203900068998337
1451312017984,2,-0.49938899278640747,-0.24664199352264404,-0.097680002450943
1451312018006,2,-0.40292999148368835,-0.11233200132846832,0.15384599566459656
1451312018024,2,-0.36019498109817505,-0.03174600005149841,0.15873000025749207
1451312018045,2,-0.2503049969673157,0.020756999030709267,0.054944999516010284
1451312018065,2,-0.1294260025024414,0.030524998903274536,-0.06959699839353561
1451312018084,2,-0.007325999904423952,0.05372399836778641,-0.16605599224567413
1451312018105,2,0.22832699120044708,0.15384599566459656,-0.14896199107170105
1451312018125,2,0.3565320074558258,0.23443199694156647,-0.03418799862265587
1451312018145,2,0.38705700635910034,0.26129400730133057,0.030524998903274536
1451312018165,2,0.30524998903274536,0.22344300150871277,0.04395600035786629
1451312018186,2,0.14407800137996674,0.14163599908351898,0.021978000178933144
1451312018205,2,-0.01953599974513054,0.05860799923539162,0.017093999311327934
1451312018225,2,-0.11477399617433548,0.059829000383615494,0.08913300186395645
1451312018250,2,-0.07936500012874603,0.06349200010299683,0.0757019966840744
1451312018266,2,-0.04151399806141853,0.04761900007724762,0.01831500045955181
1451312018291,2,-0.03296700119972229,0.054944999516010284,-0.021978000178933144
1451312018308,2,-0.05250300094485283,0.09157499670982361,-0.026861999183893204
1451312018326,2,-0.06715499609708786,0.097680002450943,0.0647130012512207
1451312018347,2,-0.0488400012254715,0.07203900068998337,0.08546999841928482
1451312018367,2,-0.04273499920964241,0.040293000638484955,0.0647130012512207
1451312018389,2,-0.07448099553585052,0.03174600005149841,0.03296700119972229
1451312018406,2,-0.17093999683856964,-0.06227099895477295,0.013430999591946602
1451312018427,2,-0.14774100482463837,0.05128199979662895,0.10744799673557281
1451312018447,2,-0.097680002450943,0.020756999030709267,0.05738699808716774
1451312018467,2,-0.06349200010299683,0.00976799987256527,0.021978000178933144
1451312018488,2,-0.017093999311327934,0.0488400012254715,0.01953599974513054
1451312018507,2,0.01953599974513054,0.013430999591946602,0.0488400012254715
1451312018528,2,-0.025640999898314476,-0.059829000383615494,0.06959699839353561
1451312018547,2,-0.3516480028629303,-0.2222220003604889,0.09279599785804749
1451312018568,2,-0.40415099263191223,-0.35897400975227356,0.02808300033211708
1451312018588,2,-0.16117200255393982,-0.21367499232292175,-0.18192899227142334
1451312018607,2,-0.08302799612283707,-0.11477399617433548,-0.2637360095977783
1451312018628,2,-0.08913300186395645,-0.045176997780799866,-0.2661779820919037
1451312018648,2,0.008546999655663967,0.23565299808979034,0.03296700119972229
1451312018668,2,-0.1294260025024414,0.2527469992637634,0.17582400143146515
1451312018689,2,-0.2380950003862381,0.1733819991350174,0.17582400143146515
1451312018708,2,-0.22832699120044708,-0.01831500045955181,0.10012199729681015
1451312018729,2,-0.09890099614858627,-0.01953599974513054,0.040293000638484955
1451312018748,2,0.18314999341964722,-0.14407800137996674,-0.025640999898314476
1451312018769,2,0.18681299686431885,-0.07203900068998337,-0.003662999952211976
1451312018789,2,0.02930399961769581,-0.09523800015449524,-0.04273499920964241
1451312018809,2,0.06104999780654907,-0.06715499609708786,-0.054944999516010284
1451312018829,2,0.18803399801254272,0.017093999311327934,0.0012209999840706587
1451312018849,2,0.2441999912261963,0.09523800015449524,0.006105000153183937
1451312018869,2,0.2441999912261963,0.10866899788379669,0.0757019966840744
1451312018889,2,0.2967030107975006,0.03174600005149841,0.12209999561309814
1451312018910,2,0.3150179982185364,0.02319899946451187,0.10988999903202057
1451312018930,2,0.2808299958705902,0.05128199979662895,0.07692299783229828
1451312018950,2,0.1452990025281906,0.05860799923539162,0.03418799862265587
1451312018970,2,0.04639799892902374,-0.07081799954175949,0.0378509983420372
1451312018989,2,0.09401699900627136,-0.09279599785804749,-0.008546999655663967
1451312019010,2,0.13797299563884735,-0.06104999780654907,0.0
1451312019031,2,0.23931600153446198,0.01953599974513054,0.12209999561309814
1451312019051,2,0.3296699821949005,0.08791200071573257,0.18070799112319946
1451312019072,2,0.2857140004634857,-0.0012209999840706587,-0.10500600188970566
1451312019091,2,0.11477399617433548,-0.03174600005149841,-0.167276993393898
1451312019111,2,-0.02442000061273575,-0.003662999952211976,-0.07203900068998337
1451312019131,2,-0.06349200010299683,0.04151399806141853,0.05372399836778641
1451312019151,2,-0.05372399836778641,0.059829000383615494,0.08546999841928482
1451312019170,2,-0.010989000089466572,0.06593400239944458,0.04395600035786629
1451312019190,2,-0.020756999030709267,0.01831500045955181,-0.008546999655663967
1451312019211,2,-0.05860799923539162,-0.017093999311327934,0.059829000383615494
1451312019231,2,-0.11965800076723099,-0.059829000383615494,0.1452990025281906
1451312019251,2,-0.16117200255393982,-0.09035399556159973,0.18681299686431885
1451312019271,2,-0.11599499732255936,-0.05860799923539162,0.16117200255393982
1451312019291,2,0.040293000638484955,0.14163599908351898,-0.08424899727106094
1451312019311,2,0.006105000153183937,0.15873000025749207,-0.1514039933681488
1451312019332,2,-0.04395600035786629,0.0866909995675087,-0.08913300186395645
1451312019351,2,-0.026861999183893204,0.0024419999681413174,0.014651999808847904
1451312019372,2,-0.007325999904423952,0.021978000178933144,0.006105000153183937
1451312019391,2,-0.20268599689006805,0.09035399556159973,-0.1404149979352951
1451312019411,2,-0.2551890015602112,0.017093999311327934,-0.13919399678707123
1451312019431,2,-0.24664199352264404,-0.0647130012512207,-0.0647130012512207
1451312019454,2,-0.23443199694156647,-0.15384599566459656,0.02442000061273575
1451312019472,2,-0.21367499232292175,-0.15995100140571594,0.09890099614858627
1451312019492,2,-0.1514039933681488,-0.09157499670982361,0.12820500135421753
1451312019513,2,0.07081799954175949,0.06715499609708786,0.025640999898314476
1451312019533,2,0.18681299686431885,0.025640999898314476,-0.06593400239944458
1451312019555,2,0.24175800383090973,0.025640999898314476,-0.13430999219417572
1451312019573,2,0.13186800479888916,-0.017093999311327934,-0.09157499670982361
1451312019594,2,-0.05616600066423416,-0.07936500012874603,0.02319899946451187
1451312019614,2,-0.08424899727106094,-0.02319899946451187,0.1514039933681488
1451312019634,2,-0.006105000153183937,0.06104999780654907,-0.008546999655663967
1451312019655,2,-0.0012209999840706587,0.09279599785804749,-0.15873000025749207
1451312019674,2,-0.025640999898314476,0.03418799862265587,-0.14896199107170105
1451312019694,2,-0.07936500012874603,-0.04395600035786629,0.014651999808847904
1451312019714,2,-0.38705700635910034,-0.19291800260543823,0.30036598443984985
1451312019734,2,-0.5384609699249268,-0.2539680004119873,0.3028079867362976
1451312019756,2,-0.5995109677314758,-0.23931600153446198,0.21733799576759338
1451312019774,2,-0.5775330066680908,-0.21855899691581726,0.07448099553585052
1451312019794,2,-0.46886399388313293,-0.21977999806404114,-0.03418799862265587
1451312019815,2,-0.23687399923801422,-0.1452990025281906,-0.07203900068998337
1451312019835,2,0.41269800066947937,0.06593400239944458,-0.020756999030709267
1451312019858,1,0.4932839870452881,0.20146499574184418,0.007325999904423952
1451312019875,1,0.34920600056648254,0.20268599689006805,-0.01831500045955181
1451312019895,1,0.1684979945421219,0.1562879979610443,-0.08058600127696991
1451312019916,1,0.09890099614858627,0.15384599566459656,-0.14407800137996674
1451312019939,1,0.11233200132846832,0.15995100140571594,-0.21367499232292175
1451312019961,1,0.14896199107170105,0.19902299344539642,-0.21855899691581726
1451312019976,1,0.1355309933423996,0.2503049969673157,-0.21001200377941132
1451312019996,1,0.05738699808716774,0.2527469992637634,-0.17582400143146515
1451312020016,1,0.04761900007724762,0.2441999912261963,-0.13430999219417572
1451312020036,1,0.33943799138069153,0.3406589925289154,-0.10622699558734894
1451312020061,1,0.41269800066947937,0.35897400975227356,-0.08791200071573257
1451312020076,1,0.390720009803772,0.37606799602508545,-0.01831500045955181
1451312020096,1,0.38705700635910034,0.3797309994697571,0.03418799862265587
1451312020116,1,0.4444440007209778,0.3199020028114319,0.003662999952211976
1451312020139,1,0.4713059961795807,0.12576299905776978,-0.035408999770879745
1451312020156,1,0.12820500135421753,0.006105000153183937,0.014651999808847904
1451312020176,1,-0.06837599724531174,-0.04273499920964241,0.07692299783229828
1451312020196,1,-0.1025639995932579,0.01831500045955181,0.054944999516010284
1451312020216,1,-0.004883999936282635,0.003662999952211976,-0.05616600066423416
1451312020241,1,0.19780199229717255,-0.15018299221992493,-0.12698400020599365
1451312020258,1,0.29548200964927673,-0.12332099676132202,-0.22832699120044708
1451312020277,1,0.22100099921226501,-0.1355309933423996,-0.6776549816131592
1451312020298,1,0.13430999219417572,-0.054944999516010284,-0.741146981716156
1451312020318,1,0.01953599974513054,-0.5274720191955566,-0.6971909999847412
1451312020339,1,-0.08913300186395645,-0.7655670046806335,-0.6630029678344727
1451312020357,1,-0.18803399801254272,-0.2698409855365753,0.3833940029144287
1451312020378,1,-0.5225880146026611,-0.13064700365066528,0.7240529656410217
1451312020398,1,-0.6544560194015503,-0.01953599974513054,0.81318598985672
1451312020418,1,-0.5018309950828552,-0.17093999683856964,0.689864993095398
1451312020438,1,-0.5946269631385803,-0.10500600188970566,0.33943799138069153
1451312020458,1,-0.3296699821949005,0.09401699900627136,-0.09157499670982361
1451312020478,1,-0.06715499609708786,0.19902299344539642,-0.14896199107170105
1451312020498,1,0.16361400485038757,0.17704500257968903,-0.12576299905776978
1451312020519,1,0.3943829834461212,0.1575089991092682,-0.04761900007724762
1451312020539,1,0.40903499722480774,0.10012199729681015,0.003662999952211976
1451312020558,1,0.19902299344539642,0.015873000025749207,0.00976799987256527
1451312020579,1,-0.10378500074148178,0.00976799987256527,0.18192899227142334
1451312020599,1,-0.09035399556159973,0.0757019966840744,0.18803399801254272
1451312020620,1,-0.015873000025749207,0.07936500012874603,0.1025639995932579
1451312020639,1,0.05616600066423416,0.03663000091910362,0.04639799892902374
1451312020659,1,0.050060998648405075,-0.02442000061273575,0.050060998648405075
1451312020680,1,-0.08424899727106094,-0.08424899727106094,0.22466400265693665
1451312020700,1,-0.1025639995932579,-0.030524998903274536,0.2869350016117096
1451312020720,1,-0.0647130012512207,0.035408999770879745,0.26861998438835144
1451312020739,1,0.004883999936282635,0.06593400239944458,0.2539680004119873
1451312020760,1,0.05616600066423416,0.0647130012512207,0.24664199352264404
1451312020780,1,0.04395600035786629,0.04151399806141853,0.08791200071573257
1451312020800,1,0.13308899104595184,0.11843699961900711,-0.05372399836778641
1451312020822,1,0.2527469992637634,0.1782660037279129,-0.15018299221992493
1451312020844,1,0.308912992477417,0.11233200132846832,-0.1355309933423996
1451312020861,1,0.23931600153446198,-0.017093999311327934,-0.006105000153183937
1451312020881,1,0.09035399556159973,-0.06715499609708786,0.12576299905776978
1451312020901,1,-0.09645900130271912,0.05250300094485283,0.09279599785804749
1451312020921,1,-0.09523800015449524,0.04395600035786629,0.004883999936282635
1451312020940,1,-0.06715499609708786,-0.0012209999840706587,-0.00976799987256527
1451312020961,1,-0.0488400012254715,-0.01831500045955181,0.02930399961769581
1451312020982,1,-0.017093999311327934,-0.01953599974513054,0.08058600127696991
1451312021001,1,-0.1135529950261116,-0.07448099553585052,0.19291800260543823
1451312021021,1,-0.20146499574184418,-0.09890099614858627,0.2490839958190918
1451312021041,1,-0.23687399923801422,-0.09279599785804749,0.16483499109745026
1451312021062,1,-0.2637360095977783,-0.097680002450943,0.04639799892902374
1451312021082,1,-0.31746000051498413,-0.0757019966840744,-0.014651999808847904
1451312021102,1,-0.07448099553585052,0.03907199949026108,-0.05738699808716774
1451312021123,1,0.1452990025281906,0.07203900068998337,-0.14896199107170105
1451312021141,1,0.3406589925289154,0.10134299844503403,-0.1782660037279129
1451312021162,1,0.5714280009269714,0.15873000025749207,-0.059829000383615494
1451312021186,1,0.6971909999847412,0.23565299808979034,0.09890099614858627
1451312021202,1,0.5286930203437805,0.3076919913291931,0.21001200377941132
1451312021222,1,-0.15873000025749207,0.10866899788379669,0.10622699558734894
1451312021242,1,-0.19291800260543823,0.06715499609708786,0.008546999655663967
1451312021263,1,-0.11965800076723099,0.1245419979095459,-0.026861999183893204
1451312021328,1,-0.097680002450943,0.19047600030899048,-0.0024419999681413174
1451312021352,1,0.1733819991350174,0.14896199107170105,0.22832699120044708
1451312021363,1,0.21489599347114563,0.13186800479888916,0.22466400265693665
1451312021383,1,0.21367499232292175,0.11111100018024445,0.26129400730133057
1451312021403,1,0.1684979945421219,0.13186800479888916,0.2539680004119873
1451312021423,1,0.08424899727106094,0.211232990026474,0.19169700145721436
1451312021443,1,-0.08180700242519379,0.10988999903202057,0.1404149979352951
1451312021464,1,-0.3125759959220886,-0.05250300094485283,0.09279599785804749
1451312021484,1,-0.36629998683929443,-0.09035399556159973,0.11233200132846832
1451312021509,1,-0.23687399923801422,0.06593400239944458,0.1245419979095459
1451312021524,1,-0.06349200010299683,0.20634900033473969,0.11599499732255936
1451312021548,1,0.06104999780654907,0.16605599224567413,-0.03418799862265587
1451312021570,1,0.09157499670982361,0.14774100482463837,-0.03418799862265587
1451312021585,1,0.06227099895477295,0.1135529950261116,-0.010989000089466572
1451312021606,1,0.021978000178933144,0.03174600005149841,0.0647130012512207
1451312021625,1,0.02808300033211708,-0.012210000306367874,0.11965800076723099
1451312021645,1,-0.015873000025749207,0.11599499732255936,0.06837599724531174
1451312021665,1,-0.10378500074148178,0.15018299221992493,0.006105000153183937
1451312021686,1,-0.1135529950261116,0.09890099614858627,-0.02319899946451187
1451312021710,1,-0.06959699839353561,0.03907199949026108,0.0024419999681413174
1451312021726,1,-0.06959699839353561,0.004883999936282635,0.0378509983420372
1451312021745,1,-0.03418799862265587,0.021978000178933144,-0.015873000025749207
1451312021766,1,0.03174600005149841,0.04761900007724762,-0.09401699900627136
1451312021786,1,-0.01831500045955181,0.00976799987256527,-0.11233200132846832
1451312021807,1,-0.13797299563884735,-0.06593400239944458,-0.04273499920964241
1451312021831,1,-0.18070799112319946,-0.07081799954175949,0.04273499920964241
1451312021851,1,-0.13186800479888916,-0.06104999780654907,0.09157499670982361
1451312021872,1,-0.07448099553585052,-0.012210000306367874,0.02319899946451187
1451312021889,2,-0.07081799954175949,0.014651999808847904,-0.040293000638484955
1451312021907,2,-0.030524998903274536,0.045176997780799866,-0.06837599724531174
1451312021931,2,-0.013430999591946602,0.04151399806141853,-0.045176997780799866
1451312021947,2,-0.025640999898314476,-0.04395600035786629,0.008546999655663967
1451312021968,2,-0.05250300094485283,-0.013430999591946602,0.1135529950261116
1451312021987,2,-0.07692299783229828,0.02442000061273575,0.09645900130271912
1451312022009,2,-0.11111100018024445,-0.007325999904423952,0.050060998648405075
1451312022028,2,-0.07692299783229828,0.012210000306367874,0.03907199949026108
1451312022048,2,-0.015873000025749207,0.07936500012874603,0.030524998903274536
1451312022067,2,-0.07448099553585052,0.09523800015449524,-0.02930399961769581
1451312022089,2,-0.09890099614858627,0.04151399806141853,0.021978000178933144
1451312022107,2,-0.12820500135421753,0.008546999655663967,0.10012199729681015
1451312022127,2,-0.2002439945936203,0.030524998903274536,0.13430999219417572
1451312022148,2,-0.2869350016117096,0.03418799862265587,0.10134299844503403
1451312022168,2,-0.32844898104667664,0.04273499920964241,0.03418799862265587
1451312022188,2,-0.15262499451637268,0.045176997780799866,-0.03663000091910362
1451312022214,2,-0.05860799923539162,0.025640999898314476,-0.03907199949026108
1451312022229,2,-0.040293000638484955,-0.0024419999681413174,-0.0488400012254715
1451312022248,2,-0.05250300094485283,-0.0378509983420372,-0.02319899946451187
1451312022268,2,-0.07326000183820724,-0.06349200010299683,0.06837599724531174
1451312022289,2,-0.13675199449062347,0.004883999936282635,0.2441999912261963
1451312022309,2,-0.16117200255393982,0.06227099895477295,0.22344300150871277
1451312022329,2,-0.1892549991607666,0.08424899727106094,0.1245419979095459
1451312022349,2,-0.19902299344539642,0.0866909995675087,0.06349200010299683
1451312022371,2,-0.11843699961900711,0.10988999903202057,0.05250300094485283
1451312022394,2,0.04761900007724762,0.09890099614858627,-0.045176997780799866
1451312022409,2,0.0,-0.5189250111579895,-0.28327199816703796
1451312022430,2,0.04273499920964241,-0.7680090069770813,-1.0561649799346924
1451312022450,2,0.5873010158538818,-0.4859579801559448,-1.3919399976730347
1451312022470,2,1.2808289527893066,0.49572598934173584,-1.225883960723877
1451312022489,2,1.1526240110397339,1.656896948814392,-0.47374799847602844
1451312022509,2,0.09645900130271912,0.5848590135574341,-0.1843709945678711
1451312022530,2,-0.2051279991865158,0.025640999898314476,-0.33821699023246765
1451312022550,2,-0.44566500186920166,-0.25152599811553955,-0.33943799138069153
1451312022572,2,-0.6544560194015503,-0.3626369833946228,-0.1514039933681488
1451312022590,2,-0.8766779899597168,-0.41880300641059875,0.08791200071573257
1451312022610,2,-1.274724006652832,-0.06593400239944458,0.10622699558734894
1451312022631,2,-1.1990219354629517,0.07203900068998337,0.097680002450943
1451312022651,2,-0.9804629683494568,0.13064700365066528,0.18681299686431885
1451312022672,2,-0.7570199966430664,0.12209999561309814,0.33821699023246765
1451312022691,2,-0.6263729929924011,0.16605599224567413,0.43467599153518677
1451312022710,2,-0.1843709945678711,0.14285700023174286,0.17216099798679352
1451312022732,2,0.34798499941825867,-0.040293000638484955,0.10500600188970566
1451312022752,2,0.81318598985672,-0.014651999808847904,0.07326000183820724
1451312022771,2,0.9157499670982361,0.030524998903274536,0.014651999808847904
1451312022792,2,0.7631250023841858,0.1355309933423996,0.02319899946451187
1451312022811,2,0.5665439963340759,0.17704500257968903,0.09523800015449524
1451312022832,2,0.2490839958190918,0.004883999936282635,0.2905980050563812
1451312022852,2,0.15506699681282043,-0.14285700023174286,0.32600700855255127
1451312022873,2,0.09157499670982361,-0.23076899349689484,0.32844898104667664
1451312022896,2,0.02808300033211708,-0.17582400143146515,0.31135499477386475
1451312022913,2,-0.10500600188970566,-0.07936500012874603,0.2979239821434021
1451312022939,2,-0.3785099983215332,0.00976799987256527,0.20634900033473969
1451312022956,2,-0.4383389949798584,-0.03296700119972229,0.15018299221992493
1451312022972,2,-0.4151400029659271,-0.14285700023174286,0.10744799673557281
1451312022992,2,-0.3467639982700348,-0.21367499232292175,0.06104999780654907
1451312023013,2,-0.2002439945936203,-0.18314999341964722,0.03418799862265587
1451312023033,2,0.21733799576759338,0.08302799612283707,-0.020756999030709267
1451312023053,2,0.28449299931526184,0.06715499609708786,-0.06715499609708786
1451312023073,2,0.2600730061531067,0.007325999904423952,-0.04639799892902374
1451312023094,2,0.2319899946451187,-0.0488400012254715,0.02319899946451187
1451312023113,2,0.167276993393898,-0.040293000638484955,0.06227099895477295
1451312023134,2,0.07814399898052216,-0.010989000089466572,0.00976799987256527
1451312023153,2,-0.017093999311327934,0.008546999655663967,-0.003662999952211976
1451312023173,2,-0.07326000183820724,-0.054944999516010284,0.045176997780799866
1451312023193,2,-0.1245419979095459,-0.11599499732255936,0.12820500135421753
1451312023214,2,-0.12820500135421753,-0.13919399678707123,0.2161169946193695
1451312023234,2,-0.09279599785804749,-0.11721599847078323,0.26129400730133057
1451312023254,2,0.030524998903274536,0.01831500045955181,0.06959699839353561
1451312023279,2,0.05128199979662895,0.04151399806141853,-0.04761900007724762
1451312023295,2,0.01831500045955181,-0.0024419999681413174,-0.0647130012512207
1451312023315,2,-0.004883999936282635,-0.05616600066423416,0.008546999655663967
1451312023335,2,0.0012209999840706587,-0.0488400012254715,0.07692299783229828
1451312023355,2,0.03174600005149841,0.025640999898314476,0.01953599974513054
1451312023374,2,0.021978000178933144,-0.03663000091910362,-0.04639799892902374
1451312023395,2,0.025640999898314476,-0.08424899727106094,-0.035408999770879745
1451312023415,2,0.04151399806141853,-0.08058600127696991,0.026861999183893204
1451312023436,2,0.06837599724531174,-0.03418799862265587,0.05738699808716774
1451312023460,2,0.10744799673557281,0.06959699839353561,0.025640999898314476
1451312023475,2,0.22344300150871277,0.09157499670982361,0.0024419999681413174
1451312023496,2,0.23931600153446198,0.0647130012512207,-0.013430999591946602
1451312023516,2,0.19780199229717255,0.017093999311327934,-0.020756999030709267
1451312023537,2,0.10378500074148178,-0.014651999808847904,-0.004883999936282635
1451312023556,2,-0.0012209999840706587,-0.02319899946451187,0.035408999770879745
1451312023576,2,-0.01831500045955181,0.06349200010299683,0.0757019966840744
1451312023596,2,0.02808300033211708,0.08302799612283707,0.0024419999681413174
1451312023616,2,0.03418799862265587,0.059829000383615494,-0.06715499609708786
1451312023636,2,0.010989000089466572,-0.004883999936282635,-0.0378509983420372
1451312023656,2,-0.021978000178933144,-0.054944999516010284,0.05616600066423416
1451312023676,2,0.017093999311327934,0.06349200010299683,0.07692299783229828
1451312023697,2,0.03174600005149841,0.13675199449062347,-0.015873000025749207
1451312023717,2,0.06837599724531174,0.10744799673557281,-0.06104999780654907
1451312023739,2,0.13675199449062347,0.050060998648405075,-0.04761900007724762
1451312023757,2,0.16483499109745026,0.03663000091910362,0.015873000025749207
1451312023777,2,0.020756999030709267,0.17460300028324127,0.07936500012874603
1451312023798,2,-0.10012199729681015,0.20879100263118744,0.04273499920964241
1451312023826,2,-0.1843709945678711,0.2429789900779724,0.020756999030709267
1451312023845,2,-0.19658099114894867,0.3418799936771393,0.02808300033211708
1451312023861,2,-0.1355309933423996,0.4017089903354645,0.1404149979352951
1451312023878,2,-0.05250300094485283,0.44078099727630615,0.2869350016117096
1451312023903,2,-0.010989000089466572,0.31623899936676025,0.3247860074043274
1451312023917,1,-0.097680002450943,0.21367499232292175,0.16971899569034576
1451312023939,1,-0.1514039933681488,0.12332099676132202,0.035408999770879745
1451312023958,1,-0.15384599566459656,0.10134299844503403,0.02930399961769581
1451312023978,1,-0.10988999903202057,0.08180700242519379,0.05372399836778641
1451312023999,1,-0.10500600188970566,0.06593400239944458,0.1514039933681488
1451312024019,1,-0.07081799954175949,0.025640999898314476,0.1782660037279129
1451312024045,1,0.015873000025749207,0.004883999936282635,0.12332099676132202
1451312024058,1,0.10134299844503403,0.021978000178933144,0.05128199979662895
1451312024079,1,0.14774100482463837,0.025640999898314476,-0.003662999952211976
1451312024098,1,0.12332099676132202,0.10500600188970566,0.06349200010299683
1451312024119,1,0.11843699961900711,0.097680002450943,0.11843699961900711
1451312024138,1,0.07081799954175949,0.06715499609708786,0.10378500074148178
1451312024158,1,0.035408999770879745,0.015873000025749207,0.054944999516010284
1451312024179,1,0.05250300094485283,-0.02442000061273575,-0.014651999808847904
1451312024199,1,0.11233200132846832,-0.05738699808716774,-0.0866909995675087
1451312024221,1,0.07814399898052216,-0.11843699961900711,-0.2051279991865158
1451312024239,1,0.03907199949026108,-0.2503049969673157,-0.2441999912261963
1451312024259,1,0.04639799892902374,-0.3614159822463989,-0.23931600153446198
1451312024280,1,0.10988999903202057,-0.3882780075073242,-0.2539680004119873
1451312024300,1,0.17582400143146515,-0.45054900646209717,-0.34432199597358704
1451312024320,1,0.39194098114967346,-1.1355299949645996,-0.5934060215950012
1451312024340,1,0.5970689654350281,-1.5860790014266968,-0.5726490020751953
1451312024360,1,0.7118430137634277,-1.8717930316925049,-0.6813179850578308
1451312024381,1,0.48962098360061646,-1.6703280210494995,-1.3333319425582886
1451312024401,1,0.32234400510787964,-1.540902018547058,-1.6117199659347534
1451312024420,1,-0.06959699839353561,-1.0244189500808716,-1.294260025024414
1451312024440,1,-0.04761900007724762,-0.5506709814071655,-0.43589699268341064
1451312024460,1,0.014651999808847904,-0.11111100018024445,0.3076919913291931
1451312024480,1,-0.07814399898052216,0.2869350016117096,0.7985339760780334
1451312024501,1,-0.2527469992637634,0.5286930203437805,1.1953589916229248
1451312024522,1,-0.4175820052623749,0.7106220126152039,1.0976790189743042
1451312024541,1,-1.1220990419387817,0.5396819710731506,0.15384599566459656
1451312024561,1,-1.4249069690704346,0.09401699900627136,-0.00976799987256527
1451312024582,1,-1.5091559886932373,-0.17704500257968903,0.04395600035786629
1451312024601,1,-1.304028034210205,-0.3150179982185364,0.21367499232292175
1451312024623,1,-0.9719159603118896,-0.17948700487613678,0.36996299028396606
1451312024681,1,0.13186800479888916,0.20879100263118744,0.299144983291626
1451312024701,1,0.24053700268268585,0.21001200377941132,0.27960899472236633
1451312024722,1,0.2441999912261963,0.24664199352264404,0.27228298783302307
1451312024790,1,0.02319899946451187,0.11843699961900711,0.2979239821434021
1451312024812,1,-0.04395600035786629,0.15506699681282043,0.2588520050048828
1451312024823,1,-0.050060998648405075,0.16117200255393982,0.16605599224567413
1451312024843,1,-0.017093999311327934,0.1135529950261116,0.035408999770879745
1451312024863,1,0.050060998648405075,-0.030524998903274536,-0.04761900007724762
1451312024883,1,0.10134299844503403,-0.05250300094485283,0.008546999655663967
1451312024906,1,0.15873000025749207,-0.007325999904423952,0.07814399898052216
1451312024923,1,0.20634900033473969,0.12209999561309814,0.13064700365066528
1451312024947,1,0.2503049969673157,0.2771669924259186,0.14774100482463837
1451312024964,1,0.39804598689079285,0.6166049838066101,0.06227099895477295
1451312024984,1,0.6007319688796997,0.647130012512207,-0.045176997780799866
1451312025005,1,0.6971909999847412,0.5177040100097656,-0.04639799892902374
1451312025023,1,0.5579969882965088,0.26739898324012756,0.03663000091910362
1451312025044,1,0.19902299344539642,0.07326000183820724,0.15506699681282043
1451312025064,1,-0.05372399836778641,0.0757019966840744,0.15873000025749207
1451312025084,1,0.10744799673557281,0.13430999219417572,0.045176997780799866
1451312025110,1,0.3833940029144287,0.21977999806404114,-0.10378500074148178
1451312025124,1,0.6935279965400696,0.33821699023246765,-0.23565299808979034
1451312025144,1,0.8962140083312988,0.3235650062561035,-0.2967030107975006
1451312025164,1,0.8864459991455078,0.18314999341964722,-0.24175800383090973
1451312025185,1,-0.030524998903274536,-0.10134299844503403,0.18070799112319946
1451312025209,1,-0.38217300176620483,-0.13064700365066528,0.36996299028396606
1451312025224,1,-0.4395599961280823,0.08913300186395645,0.4822950065135956
1451312025245,1,-0.3028079867362976,0.33821699023246765,0.4053719937801361
1451312025265,1,0.007325999904423952,0.4542119801044464,0.10134299844503403
1451312025285,1,0.6642239689826965,0.2857140004634857,-0.5641019940376282
1451312025305,1,0.598289966583252,0.13675199449062347,-0.5018309950828552
1451312025325,1,0.3748469948768616,-0.08302799612283707,-0.2820509970188141
1451312025352,1,0.1733819991350174,-0.12332099676132202,0.07936500012874603
1451312025367,1,0.08913300186395645,0.07203900068998337,0.2539680004119873
1451312025387,1,-0.11599499732255936,0.2222220003604889,0.11965800076723099
1451312025407,1,-0.19169700145721436,0.17582400143146515,-0.025640999898314476
1451312025437,1,-0.21855899691581726,0.1404149979352951,-0.13675199449062347
1451312025455,1,-0.18070799112319946,0.11233200132846832,-0.20757000148296356
1451312025466,1,-0.13308899104595184,0.059829000383615494,-0.18681299686431885
1451312025493,1,-0.09890099614858627,-0.02930399961769581,-0.08302799612283707
1451312025506,1,0.004883999936282635,-0.05860799923539162,0.167276993393898
1451312025526,1,0.05616600066423416,0.04273499920964241,0.17460300028324127
1451312025548,1,0.050060998648405075,0.09645900130271912,0.09645900130271912
1451312025566,1,0.01953599974513054,0.07326000183820724,0.0024419999681413174
1451312025588,1,-0.02808300033211708,0.02930399961769581,-0.0866909995675087
1451312025606,1,-0.10622699558734894,-0.01831500045955181,-0.12332099676132202
1451312025626,1,-0.1025639995932579,-0.030524998903274536,-0.06349200010299683
1451312025648,1,-0.09035399556159973,-0.05128199979662895,-0.02319899946451187
1451312025667,1,-0.07448099553585052,-0.04761900007724762,0.0024419999681413174
1451312025689,1,-0.05250300094485283,-0.04273499920964241,-0.010989000089466572
1451312025707,1,0.07081799954175949,-0.02319899946451187,-0.06593400239944458
1451312025728,1,0.11965800076723099,-0.040293000638484955,-0.10622699558734894
1451312025748,1,0.09890099614858627,-0.11477399617433548,-0.11233200132846832
1451312025768,1,0.045176997780799866,-0.16483499109745026,-0.07814399898052216
1451312025788,1,-0.03174600005149841,-0.1452990025281906,0.0024419999681413174
1451312025808,1,-0.11721599847078323,-0.09890099614858627,0.09035399556159973
1451312025828,1,-0.15262499451637268,-0.054944999516010284,0.08913300186395645
1451312025848,1,-0.06959699839353561,-0.007325999904423952,0.05616600066423416
1451312025868,1,0.0378509983420372,0.04151399806141853,-0.020756999030709267
1451312025889,1,0.1245419979095459,0.06349200010299683,-0.07081799954175949
1451312025910,1,0.13919399678707123,0.06593400239944458,-0.0866909995675087
1451312025928,1,-0.014651999808847904,-0.015873000025749207,-0.0012209999840706587
1451312025954,2,-0.11843699961900711,-0.04639799892902374,0.035408999770879745
1451312025969,2,-0.14774100482463837,-0.013430999591946602,0.07081799954175949
1451312025990,2,-0.12576299905776978,0.006105000153183937,0.07326000183820724
1451312026011,2,-0.1294260025024414,-0.08424899727106094,0.0488400012254715
1451312026029,2,0.0378509983420372,-0.050060998648405075,-0.00976799987256527
1451312026054,2,0.19902299344539642,0.003662999952211976,-0.013430999591946602
1451312026070,2,0.2637360095977783,-0.004883999936282635,-0.02442000061273575
1451312026093,2,0.23565299808979034,-0.01831500045955181,-0.08180700242519379
1451312026118,2,0.15018299221992493,-0.059829000383615494,-0.097680002450943
1451312026130,2,0.09645900130271912,-0.059829000383615494,-0.03418799862265587
1451312026150,2,-0.04273499920964241,-0.05860799923539162,0.17948700487613678
1451312026171,2,-0.1135529950261116,-0.08546999841928482,0.20390699803829193
1451312026190,2,-0.13430999219417572,-0.08180700242519379,0.20390699803829193
1451312026210,2,-0.17216099798679352,-0.08180700242519379,0.14163599908351898
1451312026230,2,-0.15262499451637268,0.0024419999681413174,0.05860799923539162
1451312026250,2,-0.10744799673557281,-0.05372399836778641,0.0378509983420372
1451312026272,2,-0.04273499920964241,-0.05372399836778641,0.045176997780799866
1451312026291,2,0.017093999311327934,-0.013430999591946602,0.05738699808716774
1451312026311,2,0.07326000183820724,0.030524998903274536,0.04639799892902374
1451312026331,2,0.11721599847078323,0.04761900007724762,0.035408999770879745
1451312026351,2,0.15873000025749207,0.13919399678707123,-0.08180700242519379
1451312026371,2,0.1733819991350174,0.15873000025749207,-0.1465200036764145
1451312026396,2,0.22588500380516052,0.21001200377941132,-0.13064700365066528
1451312026412,2,0.25763100385665894,0.28449299931526184,-0.08058600127696991
1451312026432,2,0.24542099237442017,0.41391900181770325,-0.00976799987256527
1451312026452,2,0.21001200377941132,0.5054939985275269,0.12332099676132202
1451312026473,2,0.008546999655663967,0.3516480028629303,0.04395600035786629
1451312026491,2,-0.0024419999681413174,0.2441999912261963,0.004883999936282635
1451312026512,2,0.025640999898314476,0.1941390037536621,0.006105000153183937
1451312026532,2,0.04639799892902374,0.2527469992637634,0.06104999780654907
1451312026553,2,0.09523800015449524,0.3748469948768616,0.16483499109745026
1451312026577,2,0.05616600066423416,0.33333298563957214,0.1355309933423996
1451312026598,2,-0.04639799892902374,0.11477399617433548,0.04761900007724762
1451312026613,2,-0.16605599224567413,-0.08791200071573257,-0.09035399556159973
1451312026633,2,-0.2503049969673157,-0.6300359964370728,-0.21977999806404114
1451312026653,2,-0.1684979945421219,-1.1428560018539429,-0.9157499670982361
1451312026673,2,0.5201460123062134,-1.6178250312805176,-1.7130630016326904
1451312026693,2,0.5445659756660461,-1.6935269832611084,-1.849815011024475
1451312026713,2,0.4700849950313568,-1.7460299730300903,-1.656896948814392
1451312026734,2,0.13308899104595184,-1.6825380325317383,-1.338215947151184
1451312026756,2,-0.2600730061531067,-1.4322329759597778,-1.0073249340057373
1451312026773,2,-0.5677649974822998,-0.9987779855728149,-0.5946269631385803
1451312026794,2,-1.0744799375534058,-0.6166049838066101,-0.4700849950313568
1451312026818,2,-1.4163600206375122,-0.1465200036764145,-0.24053700268268585
1451312026834,2,-1.544564962387085,0.4822950065135956,0.07692299783229828
1451312026856,2,-1.5885210037231445,0.8510369658470154,0.39682498574256897
1451312026874,2,-1.5421229600906372,0.8730149865150452,0.5921850204467773
1451312026895,2,-0.6642239689826965,0.39804598689079285,0.8937720060348511
1451312026914,2,-0.31135499477386475,0.19902299344539642,0.6202679872512817
1451312026934,2,-0.12209999561309814,-0.030524998903274536,0.34310099482536316
1451312026955,2,0.054944999516010284,-0.09401699900627136,0.195360004901886
1451312026978,2,0.2332109957933426,0.003662999952211976,0.17582400143146515
1451312026995,2,0.41880300641059875,0.35409000515937805,0.3577530086040497
1451312027015,2,0.5054939985275269,0.4871789813041687,0.40781399607658386
1451312027035,2,0.5628809928894043,0.4749689996242523,0.38583600521087646
1451312027056,2,0.5689859986305237,0.41880300641059875,0.3406589925289154
1451312027075,2,0.5433449745178223,0.3943829834461212,0.34310099482536316
1451312027100,2,0.555554986000061,0.3894990086555481,0.38217300176620483
1451312027116,2,0.4810740053653717,0.3137969970703125,0.3040289878845215
1451312027136,2,0.36996299028396606,0.24542099237442017,0.21245399117469788
1451312027157,2,0.2967030107975006,0.25152599811553955,0.20390699803829193
1451312027175,2,0.3199020028114319,0.28815600275993347,0.26739898324012756
1451312027196,2,0.3833940029144287,0.32844898104667664,0.34798499941825867
1451312027216,2,0.39804598689079285,0.3199020028114319,0.33211198449134827
1451312027236,2,0.299144983291626,0.2319899946451187,0.24542099237442017
1451312027256,2,0.19902299344539642,0.15262499451637268,0.20634900033473969
1451312027276,2,0.10622699558734894,0.1025639995932579,0.20390699803829193
1451312027296,2,0.026861999183893204,0.054944999516010284,0.2429789900779724
1451312027317,2,-0.07326000183820724,-0.013430999591946602,0.2222220003604889
1451312027341,2,-0.09279599785804749,-0.026861999183893204,0.17216099798679352
1451312027356,2,-0.0757019966840744,-0.030524998903274536,0.15262499451637268
1451312027377,2,-0.0488400012254715,-0.03174600005149841,0.1355309933423996
1451312027397,2,-0.0378509983420372,-0.02808300033211708,0.13308899104595184
1451312027417,2,0.014651999808847904,-0.030524998903274536,0.13797299563884735
1451312027443,2,0.035408999770879745,-0.020756999030709267,0.11721599847078323
1451312027458,2,0.06104999780654907,0.006105000153183937,0.10988999903202057
1451312027477,2,0.097680002450943,0.010989000089466572,0.10500600188970566
1451312027498,2,0.13308899104595184,0.0012209999840706587,0.09401699900627136
1451312027518,2,0.15018299221992493,0.008546999655663967,0.06715499609708786
1451312027541,2,0.11477399617433548,0.008546999655663967,0.0647130012512207
1451312027558,2,0.0757019966840744,0.004883999936282635,0.07448099553585052
1451312027579,2,0.06715499609708786,0.03174600005149841,0.10378500074148178
1451312027598,2,0.09035399556159973,0.09523800015449524,0.167276993393898
1451312027618,2,0.12087900191545486,0.1623930037021637,0.2332109957933426
1451312027638,2,0.1245419979095459,0.13430999219417572,0.36629998683929443
1451312027658,2,0.059829000383615494,0.07081799954175949,0.3406589925289154
1451312027679,2,-0.010989000089466572,-0.006105000153183937,0.25152599811553955
1451312027699,2,-0.06715499609708786,-0.03907199949026108,0.1892549991607666
1451312027720,2,-0.0866909995675087,-0.014651999808847904,0.1514039933681488
1451312027740,2,0.0488400012254715,0.06227099895477295,0.11721599847078323
1451312027758,2,0.12332099676132202,0.05128199979662895,0.10500600188970566
1451312027780,2,0.1782660037279129,0.004883999936282635,0.0757019966840744
1451312027800,2,0.17948700487613678,-0.012210000306367874,0.03418799862265587
1451312027820,2,0.10744799673557281,-0.013430999591946602,-0.008546999655663967
1451312027840,2,0.02442000061273575,-0.021978000178933144,-0.06104999780654907
1451312027860,2,0.040293000638484955,-0.015873000025749207,-0.09523800015449524
1451312027880,2,0.09890099614858627,-0.01831500045955181,-0.05372399836778641
1451312027900,2,0.12576299905776978,-0.021978000178933144,-0.015873000025749207
1451312027926,2,0.08302799612283707,-0.03296700119972229,-0.004883999936282635
1451312027940,2,0.006105000153183937,-0.01953599974513054,0.004883999936282635
