1451578414322,1,0.07692299783229828,0.19658099114894867,-0.059829000383615494
1451578414347,1,0.0647130012512207,0.13308899104595184,-0.14285700023174286
1451578414363,1,0.13186800479888916,-0.06837599724531174,-0.19902299344539642
1451578414384,1,0.17216099798679352,-0.3846150040626526,-0.18803399801254272
1451578414403,1,0.06104999780654907,-0.6434670090675354,0.09157499670982361
1451578414423,1,-0.04395600035786629,-0.6532350182533264,0.18314999341964722
1451578414443,1,-0.05738699808716774,-0.4859579801559448,0.1575089991092682
1451578414463,1,0.026861999183893204,-0.27838799357414246,0.21245399117469788
1451578414483,1,0.01953599974513054,-0.22466400265693665,0.27838799357414246
1451578414504,1,-0.21001200377941132,-0.334553986787796,0.29426100850105286
1451578414524,1,-0.2808299958705902,-0.3516480028629303,0.30524998903274536
1451578414544,1,-0.34920600056648254,-0.28815600275993347,0.3028079867362976
1451578414564,1,-0.22588500380516052,-0.010989000089466572,0.32600700855255127
1451578414586,1,0.00976799987256527,-0.09523800015449524,0.45787498354911804
1451578414604,1,0.28815600275993347,0.41391900181770325,-1.037850022315979
1451578414624,1,1.3540890216827393,0.6947489976882935,-1.3223429918289185
1451578414645,1,1.3882769346237183,0.5531129837036133,-1.3418790102005005
1451578414664,1,0.7533569931983948,-0.013430999591946602,-0.7960919737815857
1451578414685,1,0.004883999936282635,-0.5494499802589417,-0.02930399961769581
1451578414705,1,-0.4981679916381836,-0.7667880058288574,0.5311350226402283
1451578414724,1,-0.6764339804649353,-0.47252699732780457,0.19047600030899048
1451578414745,1,-0.4175820052623749,0.09523800015449524,-0.1452990025281906
1451578414772,1,-0.07448099553585052,0.6910859942436218,-0.33821699023246765
1451578414785,1,0.19047600030899048,1.0537229776382446,-0.30036598443984985
1451578414810,1,0.26739898324012756,1.009766936302185,-0.07081799954175949
1451578414826,1,-0.07692299783229828,0.4102559983730316,0.3565320074558258
1451578414846,1,-0.23565299808979034,0.06104999780654907,0.42490798234939575
1451578414866,1,-0.26251500844955444,-0.12209999561309814,0.390720009803772
1451578414891,1,-0.16117200255393982,-0.10988999903202057,0.3467639982700348
1451578414906,1,-0.00976799987256527,-0.04151399806141853,0.3235650062561035
1451578414931,1,0.1684979945421219,0.05250300094485283,0.2161169946193695
1451578414946,1,0.1562879979610443,0.10744799673557281,0.14407800137996674
1451578414968,1,0.12698400020599365,0.1684979945421219,0.050060998648405075
1451578414987,1,0.11965800076723099,0.21977999806404114,-0.004883999936282635
1451578415007,1,0.12209999561309814,0.21245399117469788,-0.0012209999840706587
1451578415027,1,0.08913300186395645,0.1684979945421219,0.012210000306367874
1451578415047,1,0.097680002450943,0.19658099114894867,-0.030524998903274536
1451578415074,1,0.14285700023174286,0.26129400730133057,-0.07692299783229828
1451578415087,1,0.19169700145721436,0.31135499477386475,-0.07326000183820724
1451578415107,1,0.20390699803829193,0.27350398898124695,-0.012210000306367874
1451578415127,1,0.1452990025281906,0.1892549991607666,0.05616600066423416
1451578415148,1,-0.03296700119972229,0.059829000383615494,0.07814399898052216
1451578415174,1,-0.05616600066423416,0.1452990025281906,0.02319899946451187
1451578415187,1,-0.045176997780799866,0.2661779820919037,-0.017093999311327934
1451578415208,1,-0.008546999655663967,0.37118399143218994,-0.010989000089466572
1451578415228,1,-0.01953599974513054,0.3357749879360199,0.06959699839353561
1451578415248,1,-0.1135529950261116,-0.03174600005149841,0.18192899227142334
1451578415270,1,-0.10500600188970566,-0.097680002450943,0.1733819991350174
1451578415288,1,-0.07692299783229828,-0.04273499920964241,0.1245419979095459
1451578415308,1,-0.03907199949026108,0.0488400012254715,0.09401699900627136
1451578415336,1,-0.006105000153183937,0.12698400020599365,0.09401699900627136
1451578415349,1,-0.0024419999681413174,0.10378500074148178,0.1623930037021637
1451578415375,1,0.02319899946451187,0.097680002450943,0.1782660037279129
1451578415389,1,0.026861999183893204,0.10500600188970566,0.15995100140571594
1451578415409,1,0.006105000153183937,0.11843699961900711,0.11599499732255936
1451578415429,1,-0.020756999030709267,0.13919399678707123,0.06837599724531174
1451578415449,1,-0.030524998903274536,0.17704500257968903,0.01953599974513054
1451578415474,1,-0.03174600005149841,0.2222220003604889,0.012210000306367874
1451578415490,1,-0.08180700242519379,0.19169700145721436,0.045176997780799866
1451578415510,1,-0.14163599908351898,0.10622699558734894,0.07203900068998337
1451578415530,1,-0.15506699681282043,0.0378509983420372,0.05616600066423416
1451578415550,1,-0.12576299905776978,0.012210000306367874,0.035408999770879745
1451578415575,1,-0.03418799862265587,-0.03418799862265587,-0.059829000383615494
1451578415590,1,-0.0488400012254715,-0.07326000183820724,-0.10500600188970566
1451578415610,1,-0.06227099895477295,-0.07448099553585052,-0.11721599847078323
1451578415630,1,-0.06227099895477295,-0.04395600035786629,-0.08546999841928482
1451578415654,1,-0.04151399806141853,-0.007325999904423952,-0.03418799862265587
1451578415670,1,-0.010989000089466572,-0.010989000089466572,0.02808300033211708
1451578415691,1,-0.015873000025749207,-0.06104999780654907,0.04151399806141853
1451578415712,1,-0.017093999311327934,-0.1025639995932579,0.03174600005149841
1451578415738,1,0.006105000153183937,-0.11965800076723099,0.01953599974513054
1451578415757,1,0.02319899946451187,-0.10866899788379669,-0.0012209999840706587
1451578415772,1,0.035408999770879745,-0.08424899727106094,-0.017093999311327934
1451578415792,1,0.030524998903274536,-0.09279599785804749,0.0
1451578415812,1,0.026861999183893204,-0.07326000183820724,0.0
1451578415833,1,0.02319899946451187,-0.0488400012254715,-0.017093999311327934
1451578415852,1,0.0012209999840706587,-0.026861999183893204,-0.04639799892902374
1451578415872,1,-0.02442000061273575,0.003662999952211976,-0.07081799954175949
1451578415898,1,-0.013430999591946602,0.014651999808847904,-0.09645900130271912
1451578415912,1,0.015873000025749207,0.00976799987256527,-0.07936500012874603
1451578415933,1,0.03418799862265587,0.01831500045955181,-0.04761900007724762
1451578415952,1,0.00976799987256527,0.02319899946451187,-0.01953599974513054
1451578415974,1,-0.013430999591946602,0.013430999591946602,-0.015873000025749207
1451578415993,1,0.00976799987256527,0.014651999808847904,-0.020756999030709267
1451578416013,1,0.017093999311327934,0.03418799862265587,-0.020756999030709267
1451578416033,1,-0.004883999936282635,0.03174600005149841,-0.008546999655663967
1451578416053,1,-0.01831500045955181,0.05250300094485283,-0.014651999808847904
1451578416073,1,0.014651999808847904,0.06593400239944458,-0.007325999904423952
1451578416094,1,0.054944999516010284,0.04639799892902374,0.012210000306367874
1451578416114,1,0.06104999780654907,-0.012210000306367874,0.00976799987256527
1451578416133,1,0.05738699808716774,0.0,-0.01831500045955181
1451578416154,1,0.08302799612283707,0.05372399836778641,-0.03296700119972229
1451578416174,2,0.09157499670982361,0.11599499732255936,-0.03663000091910362
1451578416194,2,0.05616600066423416,0.10500600188970566,-0.01953599974513054
1451578416224,2,-0.03174600005149841,-0.0024419999681413174,0.007325999904423952
1451578416236,2,-0.012210000306367874,-0.021978000178933144,0.00976799987256527
1451578416259,2,0.0378509983420372,0.0012209999840706587,0.004883999936282635
1451578416274,2,0.05738699808716774,0.010989000089466572,-0.00976799987256527
1451578416294,2,0.04761900007724762,0.025640999898314476,-0.0378509983420372
1451578416315,2,0.02808300033211708,0.01831500045955181,-0.03296700119972229
1451578416336,2,0.04273499920964241,0.0012209999840706587,-0.03174600005149841
1451578416355,2,0.05738699808716774,0.008546999655663967,-0.0378509983420372
1451578416375,2,0.054944999516010284,0.014651999808847904,-0.04151399806141853
1451578416395,2,0.04639799892902374,0.025640999898314476,-0.04395600035786629
1451578416416,2,0.004883999936282635,0.045176997780799866,-0.017093999311327934
1451578416440,2,-0.0012209999840706587,0.03663000091910362,0.008546999655663967
1451578416455,2,-0.007325999904423952,0.040293000638484955,0.021978000178933144
1451578416476,2,-0.0012209999840706587,0.02808300033211708,0.003662999952211976
1451578416496,2,0.00976799987256527,0.0012209999840706587,-0.020756999030709267
1451578416516,2,0.013430999591946602,-0.017093999311327934,-0.05128199979662895
1451578416536,2,0.03907199949026108,0.030524998903274536,-0.07326000183820724
1451578416556,2,0.026861999183893204,0.03174600005149841,-0.0647130012512207
1451578416577,2,-0.0012209999840706587,0.02930399961769581,-0.07936500012874603
1451578416597,2,-0.008546999655663967,0.01831500045955181,-0.1135529950261116
1451578416622,2,-0.00976799987256527,-0.030524998903274536,-0.1452990025281906
1451578416636,2,0.30036598443984985,-0.9401699900627136,-1.471305012702942
1451578416657,2,0.33333298563957214,-0.23931600153446198,-0.3748469948768616
1451578416677,2,0.4810740053653717,0.20268599689006805,0.33821699023246765
1451578416697,2,0.5030519962310791,0.7655670046806335,1.2967020273208618
1451578416718,2,0.1294260025024414,0.8205119967460632,1.3626359701156616
1451578416737,2,-0.504272997379303,0.29426100850105286,0.1465200036764145
1451578416758,2,-0.1562879979610443,0.3748469948768616,-0.1025639995932579
1451578416778,2,0.23931600153446198,0.39804598689079285,-0.045176997780799866
1451578416798,2,0.3076919913291931,0.20634900033473969,0.12698400020599365
1451578416818,2,0.09523800015449524,-0.09401699900627136,0.22588500380516052
1451578416838,2,-0.12087900191545486,-0.293040007352829,0.21855899691581726
1451578416858,2,-0.02442000061273575,-0.09157499670982361,0.0866909995675087
1451578416879,2,0.10988999903202057,0.05616600066423416,0.030524998903274536
1451578416899,2,0.13064700365066528,0.07326000183820724,0.015873000025749207
1451578416918,2,0.0647130012512207,-0.02442000061273575,0.04273499920964241
1451578416938,2,-0.03418799862265587,-0.15873000025749207,0.07814399898052216
1451578416959,2,-0.08424899727106094,-0.20268599689006805,0.04151399806141853
1451578416979,2,-0.040293000638484955,-0.097680002450943,-0.007325999904423952
1451578417000,2,0.007325999904423952,0.02442000061273575,-0.03174600005149841
1451578417019,2,-0.008546999655663967,0.13064700365066528,0.012210000306367874
1451578417040,2,-0.1135529950261116,-0.017093999311327934,0.04639799892902374
1451578417060,2,-0.45665398240089417,-0.21001200377941132,0.09645900130271912
1451578417080,2,-0.31623899936676025,-0.17460300028324127,0.10500600188970566
1451578417099,2,-0.10866899788379669,-0.1355309933423996,0.06227099895477295
1451578417120,2,0.06593400239944458,-0.0378509983420372,-0.025640999898314476
1451578417140,2,0.19780199229717255,0.1135529950261116,-0.0757019966840744
1451578417160,2,0.26861998438835144,0.2222220003604889,-0.06837599724531174
1451578417180,2,0.22588500380516052,0.20390699803829193,-0.050060998648405075
1451578417200,2,0.195360004901886,0.1465200036764145,-0.03663000091910362
1451578417220,2,0.15506699681282043,0.017093999311327934,-0.025640999898314476
1451578417240,2,0.05128199979662895,-0.29548200964927673,-0.01953599974513054
1451578417260,2,-0.15262499451637268,-0.6422460079193115,0.020756999030709267
1451578417287,2,-0.3369959890842438,-0.7643460035324097,0.1843709945678711
1451578417308,2,-0.37118399143218994,-0.6129419803619385,0.27228298783302307
1451578417321,2,-0.4481070041656494,-0.5738700032234192,0.28449299931526184
1451578417341,2,-0.4713059961795807,-0.5897430181503296,0.2551890015602112
1451578417361,2,-0.3235650062561035,-0.5470079779624939,0.22344300150871277
1451578417381,2,-0.03907199949026108,-0.6031739711761475,0.2600730061531067
1451578417402,2,-0.06593400239944458,-0.5604389905929565,0.23565299808979034
1451578417421,2,-0.06715499609708786,-0.26739898324012756,0.1843709945678711
1451578417442,2,0.013430999591946602,0.10134299844503403,0.026861999183893204
1451578417462,2,0.006105000153183937,0.36507898569107056,-0.07326000183820724
1451578417482,2,-0.07936500012874603,0.3882780075073242,-0.09279599785804749
1451578417503,2,-0.10500600188970566,0.2503049969673157,0.12209999561309814
1451578417522,2,-0.09157499670982361,0.28815600275993347,0.1684979945421219
1451578417543,2,-0.08180700242519379,0.21001200377941132,0.2441999912261963
1451578417562,2,-0.01953599974513054,0.010989000089466572,0.2551890015602112
1451578417583,2,-0.050060998648405075,-0.04395600035786629,0.16971899569034576
1451578417604,2,-0.10866899788379669,0.29426100850105286,-0.02808300033211708
1451578417623,2,-0.1514039933681488,0.37606799602508545,-0.045176997780799866
1451578417643,2,-0.24542099237442017,0.21367499232292175,-0.06227099895477295
1451578417671,2,-0.28815600275993347,-0.006105000153183937,-0.04273499920964241
1451578417684,2,-0.2271059900522232,-0.29548200964927673,-0.0378509983420372
1451578417709,2,0.21977999806404114,-0.13797299563884735,-0.097680002450943
1451578417724,2,0.3137969970703125,0.21489599347114563,-0.045176997780799866
1451578417748,2,0.3247860074043274,0.504272997379303,-0.05860799923539162
1451578417764,2,0.3028079867362976,0.6349200010299683,-0.13675199449062347
1451578417783,2,0.211232990026474,0.5628809928894043,-0.20390699803829193
1451578417804,2,0.04395600035786629,-0.00976799987256527,-0.14896199107170105
1451578417829,2,-0.012210000306367874,-0.13797299563884735,-0.05738699808716774
1451578417844,2,0.07814399898052216,-0.04761900007724762,0.0
1451578417864,2,0.2490839958190918,0.17216099798679352,0.01953599974513054
1451578417884,2,0.40415099263191223,0.5567759871482849,0.006105000153183937
1451578417904,2,0.4493280053138733,0.7680090069770813,0.04639799892902374
1451578417924,2,0.3137969970703125,0.2649570107460022,0.04761900007724762
1451578417945,2,0.2600730061531067,0.05860799923539162,0.012210000306367874
1451578417971,2,0.1514039933681488,0.09890099614858627,0.006105000153183937
1451578417985,2,0.008546999655663967,0.40781399607658386,0.05738699808716774
1451578418005,2,-0.01953599974513054,0.6825389862060547,0.04761900007724762
1451578418025,2,0.10134299844503403,0.9694739580154419,0.1294260025024414
1451578418046,2,0.14774100482463837,1.0268609523773193,0.13308899104595184
1451578418066,2,0.14163599908351898,0.7448099851608276,0.08913300186395645
1451578418085,2,0.02442000061273575,0.18681299686431885,0.01831500045955181
1451578418106,2,-0.08791200071573257,-0.2710619866847992,-0.10012199729681015
1451578418125,2,-0.07814399898052216,-0.3369959890842438,-0.10744799673557281
1451578418146,2,-0.13064700365066528,-0.1782660037279129,-0.09523800015449524
1451578418166,2,0.12087900191545486,-0.07936500012874603,-0.10500600188970566
1451578418186,1,0.3748469948768616,0.0647130012512207,-0.20879100263118744
1451578418206,1,0.4432229995727539,-0.30647099018096924,-0.05372399836778641
1451578418228,1,0.2319899946451187,-0.5995109677314758,0.25152599811553955
1451578418247,1,-0.1562879979610443,-0.48962098360061646,0.3235650062561035
1451578418266,1,-0.16971899569034576,-0.6312569975852966,0.3076919913291931
1451578418287,1,0.026861999183893204,-0.760683000087738,0.2979239821434021
1451578418307,1,0.16605599224567413,-1.0073249340057373,0.2441999912261963
1451578418327,1,0.12576299905776978,-1.0366289615631104,-0.0866909995675087
1451578418356,1,-0.13064700365066528,-0.741146981716156,-0.41269800066947937
1451578418368,1,-0.11477399617433548,-0.3308909833431244,-0.2905980050563812
1451578418388,1,0.0757019966840744,0.3235650062561035,-0.17704500257968903
1451578418408,1,0.16483499109745026,0.8046389818191528,-0.09645900130271912
1451578418429,1,0.07081799954175949,0.6398040056228638,-0.1404149979352951
1451578418448,1,-0.18559199571609497,-0.3418799936771393,-0.2271059900522232
1451578418469,1,-0.3577530086040497,-0.5262510180473328,-0.06227099895477295
1451578418493,1,-0.4700849950313568,-0.49450498819351196,0.0488400012254715
1451578418513,1,-0.36996299028396606,-0.33333298563957214,0.06837599724531174
1451578418529,1,-0.15018299221992493,-0.2979239821434021,0.02442000061273575
1451578418549,1,-0.02319899946451187,-0.293040007352829,0.0488400012254715
1451578418569,1,0.006105000153183937,-0.09890099614858627,0.15873000025749207
1451578418589,1,-0.2002439945936203,-0.4004879891872406,-0.08058600127696991
1451578418609,1,-0.42002400755882263,-0.6666659712791443,-0.16605599224567413
1451578418629,1,-0.32112300395965576,-0.7142850160598755,-0.04395600035786629
1451578418650,1,0.03174600005149841,-0.7130640149116516,0.2429789900779724
1451578418669,1,0.390720009803772,-0.41391900181770325,0.5958479642868042
1451578418690,1,0.4590959846973419,-0.09890099614858627,0.5225880146026611
1451578418710,1,0.6141629815101624,0.3418799936771393,0.4883999824523926
1451578418731,1,0.7960919737815857,0.3846150040626526,0.5128200054168701
1451578418750,1,0.6910859942436218,0.05860799923539162,0.36019498109817505
1451578418770,1,-0.21733799576759338,-0.20879100263118744,0.2759459912776947
1451578418795,1,-0.12698400020599365,0.004883999936282635,0.4175820052623749
1451578418811,1,0.211232990026474,-0.5714280009269714,0.44200199842453003
1451578418830,1,0.4590959846973419,-0.4371179938316345,-1.3308899402618408
1451578418851,1,1.4236860275268555,0.27838799357414246,-1.5128189325332642
1451578418870,1,1.583636999130249,-0.22466400265693665,-2.115993022918701
1451578418890,1,0.45177000761032104,-0.11965800076723099,-1.04761803150177
1451578418911,1,-0.03174600005149841,-0.097680002450943,-0.09401699900627136
1451578418931,1,-0.44688600301742554,-0.09401699900627136,0.42979198694229126
1451578418951,1,-0.6764339804649353,-0.21001200377941132,0.3296699821949005
1451578418971,1,-0.637362003326416,-0.13797299563884735,-0.09035399556159973
1451578418992,1,-0.006105000153183937,0.4664219915866852,-0.24542099237442017
1451578419012,1,0.1782660037279129,0.7423679828643799,0.02442000061273575
1451578419032,1,0.09279599785804749,0.6605609655380249,0.25152599811553955
1451578419052,1,-0.21367499232292175,0.26251500844955444,0.2857140004634857
1451578419072,1,-0.5213670134544373,-0.020756999030709267,0.19658099114894867
1451578419092,1,-0.4285709857940674,-0.025640999898314476,0.0866909995675087
1451578419113,1,-0.211232990026474,0.09890099614858627,0.04273499920964241
1451578419132,1,-0.07814399898052216,0.23565299808979034,0.0
1451578419153,1,-0.07326000183820724,0.30524998903274536,-0.04395600035786629
1451578419173,1,-0.1892549991607666,0.2979239821434021,-0.06349200010299683
1451578419194,1,-0.38705700635910034,0.23687399923801422,-0.03296700119972229
1451578419212,1,-0.41269800066947937,0.02808300033211708,0.00976799987256527
1451578419232,1,-0.31013399362564087,-0.02930399961769581,0.0488400012254715
1451578419252,1,-0.21489599347114563,-0.035408999770879745,0.003662999952211976
1451578419279,1,-0.15384599566459656,-0.02808300033211708,-0.09645900130271912
1451578419293,1,-0.10378500074148178,-0.008546999655663967,-0.19047600030899048
1451578419313,1,0.0757019966840744,0.07814399898052216,-0.195360004901886
1451578419340,1,0.1025639995932579,0.025640999898314476,-0.1452990025281906
1451578419353,1,0.08180700242519379,0.10134299844503403,-0.12087900191545486
1451578419374,1,0.15018299221992493,0.09645900130271912,-0.1025639995932579
1451578419394,1,0.17582400143146515,0.09645900130271912,-0.10378500074148178
1451578419413,1,0.22954799234867096,0.1452990025281906,-0.16605599224567413
1451578419434,1,0.18803399801254272,0.16117200255393982,-0.14407800137996674
1451578419454,1,0.09035399556159973,0.11599499732255936,-0.09279599785804749
1451578419474,1,0.0012209999840706587,0.059829000383615494,-0.04395600035786629
1451578419495,1,-0.04761900007724762,0.020756999030709267,0.010989000089466572
1451578419514,1,-0.06837599724531174,0.030524998903274536,-0.030524998903274536
1451578419535,1,-0.021978000178933144,0.09157499670982361,-0.08424899727106094
1451578419555,1,0.04395600035786629,0.16605599224567413,-0.11965800076723099
1451578419575,1,0.06959699839353561,0.23076899349689484,-0.13186800479888916
1451578419595,1,0.06104999780654907,0.25641000270843506,-0.1294260025024414
1451578419615,1,0.04273499920964241,0.2539680004119873,-0.11599499732255936
1451578419636,1,0.04761900007724762,0.26861998438835144,-0.09645900130271912
1451578419661,1,0.0378509983420372,0.2820509970188141,-0.1025639995932579
1451578419676,1,0.015873000025749207,0.28327199816703796,-0.11965800076723099
1451578419696,1,0.013430999591946602,0.2588520050048828,-0.13308899104595184
1451578419722,1,0.02442000061273575,0.21733799576759338,-0.15384599566459656
1451578419736,1,-0.020756999030709267,0.11843699961900711,-0.13308899104595184
1451578419756,1,-0.07081799954175949,0.059829000383615494,-0.08180700242519379
1451578419776,1,-0.10500600188970566,0.03418799862265587,-0.059829000383615494
1451578419797,1,-0.09401699900627136,0.07326000183820724,-0.09035399556159973
1451578419817,1,-0.0488400012254715,0.1452990025281906,-0.1245419979095459
1451578419837,1,0.030524998903274536,0.18314999341964722,-0.13919399678707123
1451578419857,1,0.04151399806141853,0.16483499109745026,-0.11477399617433548
1451578419877,1,0.01831500045955181,0.08791200071573257,-0.059829000383615494
1451578419897,1,-0.045176997780799866,0.0012209999840706587,0.01953599974513054
1451578419917,1,-0.11111100018024445,-0.07326000183820724,0.05616600066423416
1451578419942,1,-0.10744799673557281,-0.08546999841928482,0.045176997780799866
1451578419963,1,-0.02319899946451187,0.017093999311327934,-0.006105000153183937
1451578419978,1,0.01953599974513054,0.014651999808847904,-0.013430999591946602
1451578419998,1,0.050060998648405075,0.003662999952211976,-0.01953599974513054
1451578420018,1,0.030524998903274536,0.014651999808847904,-0.02930399961769581
1451578420037,1,0.02442000061273575,0.02319899946451187,-0.03174600005149841
1451578420058,1,0.059829000383615494,0.09645900130271912,-0.017093999311327934
1451578420079,1,0.06593400239944458,0.14285700023174286,-0.015873000025749207
1451578420100,1,0.07448099553585052,0.16483499109745026,-0.021978000178933144
1451578420118,1,0.07326000183820724,0.18070799112319946,-0.02319899946451187
1451578420138,1,0.05738699808716774,0.16971899569034576,-0.003662999952211976
1451578420159,1,-0.003662999952211976,0.09157499670982361,0.02930399961769581
1451578420187,1,-0.040293000638484955,0.03418799862265587,0.05616600066423416
1451578420199,1,-0.08424899727106094,-0.025640999898314476,0.05372399836778641
1451578420220,2,-0.11477399617433548,-0.04151399806141853,0.04639799892902374
1451578420238,2,-0.10744799673557281,0.006105000153183937,0.012210000306367874
1451578420260,2,-0.0757019966840744,0.07692299783229828,-0.01831500045955181
1451578420280,2,-0.004883999936282635,0.15995100140571594,-0.10988999903202057
1451578420300,2,0.015873000025749207,0.1843709945678711,-0.16605599224567413
1451578420319,2,-0.017093999311327934,0.19658099114894867,-0.17460300028324127
1451578420340,2,0.01953599974513054,0.00976799987256527,-0.10134299844503403
1451578420360,2,-0.01953599974513054,-0.04151399806141853,-0.00976799987256527
1451578420380,2,-0.07203900068998337,0.008546999655663967,0.0488400012254715
1451578420402,2,-0.05250300094485283,0.06593400239944458,0.00976799987256527
1451578420425,2,-0.01953599974513054,0.10622699558734894,-0.026861999183893204
1451578420441,2,0.03418799862265587,0.09523800015449524,-0.030524998903274536
1451578420461,2,0.06349200010299683,0.07692299783229828,-0.02442000061273575
1451578420481,2,-0.013430999591946602,0.03663000091910362,-0.03174600005149841
1451578420502,2,-0.03663000091910362,0.02808300033211708,-0.021978000178933144
1451578420520,2,-0.02930399961769581,0.035408999770879745,-0.03663000091910362
1451578420541,2,-0.007325999904423952,0.07203900068998337,-0.07326000183820724
1451578420561,2,0.01831500045955181,0.13064700365066528,-0.13308899104595184
1451578420582,2,0.07448099553585052,0.20146499574184418,-0.18681299686431885
1451578420606,2,0.21855899691581726,0.37118399143218994,-0.40292999148368835
1451578420622,2,0.23565299808979034,0.4212450087070465,-0.5421239733695984
1451578420641,2,0.2271059900522232,0.41269800066947937,-0.7069590091705322
1451578420662,2,-0.6239309906959534,-1.2600719928741455,2.326004981994629
1451578420682,2,-0.6654449701309204,-2.3113529682159424,1.0683749914169312
1451578420702,2,-0.007325999904423952,-0.8388270139694214,0.09279599785804749
1451578420722,2,0.3296699821949005,-0.04273499920964241,-0.2869350016117096
1451578420743,2,0.4713059961795807,0.38095200061798096,-0.4969469904899597
1451578420763,2,0.40659299492836,0.6129419803619385,-0.6617819666862488
1451578420782,2,0.11843699961900711,0.8021969795227051,-0.8925510048866272
1451578420803,2,0.21245399117469788,0.26739898324012756,-0.416361004114151
1451578420828,2,0.0866909995675087,-0.05738699808716774,-0.07081799954175949
1451578420843,2,-0.02808300033211708,-0.2905980050563812,0.11111100018024445
1451578420863,2,-0.06104999780654907,-0.3150179982185364,0.11233200132846832
1451578420889,2,-0.006105000153183937,-0.16483499109745026,0.021978000178933144
1451578420904,2,0.11843699961900711,0.16361400485038757,-0.09401699900627136
1451578420924,2,0.1245419979095459,0.18070799112319946,-0.10622699558734894
1451578420944,2,0.097680002450943,0.1355309933423996,-0.10378500074148178
1451578420964,2,0.05616600066423416,0.07081799954175949,-0.07814399898052216
1451578420985,2,-0.004883999936282635,0.012210000306367874,-0.026861999183893204
1451578421009,2,-0.04273499920964241,0.0012209999840706587,0.026861999183893204
1451578421024,2,-0.020756999030709267,0.07326000183820724,0.05372399836778641
1451578421049,2,0.05250300094485283,0.12209999561309814,0.013430999591946602
1451578421065,2,0.1245419979095459,0.14407800137996674,-0.02808300033211708
1451578421086,2,0.15506699681282043,0.1135529950261116,-0.06349200010299683
1451578421105,2,0.12332099676132202,0.07692299783229828,-0.059829000383615494
1451578421124,2,0.04639799892902374,0.1025639995932579,-0.012210000306367874
1451578421145,2,0.09157499670982361,0.10744799673557281,-0.013430999591946602
1451578421165,2,0.14407800137996674,0.06593400239944458,-0.026861999183893204
1451578421185,2,0.1452990025281906,-0.0012209999840706587,-0.03907199949026108
1451578421205,2,0.09401699900627136,-0.05860799923539162,-0.03907199949026108
1451578421225,2,0.04151399806141853,-0.10988999903202057,-0.006105000153183937
1451578421245,2,0.04395600035786629,-0.12087900191545486,0.00976799987256527
1451578421265,2,0.05250300094485283,-0.1135529950261116,0.008546999655663967
1451578421285,2,0.08058600127696991,-0.07203900068998337,-0.013430999591946602
1451578421306,2,0.10866899788379669,-0.05860799923539162,-0.07203900068998337
1451578421330,2,0.10988999903202057,-0.07936500012874603,-0.10012199729681015
1451578421346,2,0.05616600066423416,-0.21001200377941132,-0.07203900068998337
1451578421366,2,0.04761900007724762,-0.1782660037279129,-0.05250300094485283
1451578421392,2,0.07203900068998337,-0.26739898324012756,-0.06593400239944458
1451578421407,2,0.10134299844503403,-0.2380950003862381,-0.0488400012254715
1451578421427,2,0.09523800015449524,-0.05128199979662895,-0.014651999808847904
1451578421447,2,0.08913300186395645,0.10744799673557281,0.03663000091910362
1451578421467,2,0.0757019966840744,0.15018299221992493,0.07203900068998337
1451578421486,2,0.09890099614858627,0.195360004901886,0.11233200132846832
1451578421507,2,0.1025639995932579,0.16971899569034576,0.11843699961900711
1451578421527,2,0.07081799954175949,0.15384599566459656,0.09157499670982361
1451578421547,2,0.0,-0.09645900130271912,0.01831500045955181
1451578421567,2,-0.08424899727106094,-0.1623930037021637,0.01953599974513054
1451578421590,2,-0.1404149979352951,-0.19780199229717255,0.050060998648405075
1451578421608,2,-0.11965800076723099,-0.17948700487613678,0.06349200010299683
1451578421628,2,-0.06837599724531174,-0.14774100482463837,0.0757019966840744
1451578421648,2,-0.030524998903274536,-0.10622699558734894,0.06715499609708786
1451578421669,2,0.004883999936282635,0.03663000091910362,-0.02442000061273575
1451578421688,2,0.05372399836778641,0.07203900068998337,-0.05738699808716774
1451578421708,2,0.07326000183820724,0.06715499609708786,-0.05738699808716774
1451578421728,2,0.06227099895477295,0.05250300094485283,-0.04395600035786629
1451578421748,2,0.05250300094485283,0.02808300033211708,-0.040293000638484955
1451578421770,2,0.02808300033211708,0.0378509983420372,-0.059829000383615494
1451578421788,2,0.00976799987256527,0.035408999770879745,-0.059829000383615494
1451578421809,2,0.012210000306367874,0.040293000638484955,-0.04761900007724762
1451578421836,2,0.02319899946451187,0.05250300094485283,-0.01831500045955181
1451578421849,2,0.00976799987256527,0.08058600127696991,-0.008546999655663967
1451578421869,2,0.008546999655663967,0.020756999030709267,0.04395600035786629
1451578421889,2,-0.025640999898314476,0.006105000153183937,0.09401699900627136
1451578421910,2,-0.017093999311327934,0.017093999311327934,0.035408999770879745
1451578421929,2,-0.008546999655663967,0.03418799862265587,-0.026861999183893204
1451578421955,2,-0.014651999808847904,0.0488400012254715,-0.0012209999840706587
1451578421970,2,-0.03174600005149841,0.045176997780799866,0.04639799892902374
1451578421990,2,-0.07814399898052216,-0.05860799923539162,0.167276993393898
1451578422010,2,-0.13430999219417572,-0.1782660037279129,0.19902299344539642
1451578422038,2,-0.1465200036764145,-0.2637360095977783,0.19047600030899048
1451578422053,2,-0.08058600127696991,-0.19169700145721436,0.16971899569034576
1451578422070,2,0.06349200010299683,-0.05860799923539162,0.15384599566459656
1451578422091,2,0.13675199449062347,-0.040293000638484955,0.08546999841928482
1451578422110,2,-0.04395600035786629,-0.04639799892902374,0.12576299905776978
1451578422139,2,-0.2527469992637634,-0.0866909995675087,0.14896199107170105
1451578422151,2,-0.3308909833431244,-0.14163599908351898,0.10378500074148178
1451578422176,2,-0.25641000270843506,-0.10622699558734894,0.03418799862265587
1451578422192,2,0.030524998903274536,0.05860799923539162,-0.030524998903274536
1451578422212,2,0.07814399898052216,0.0647130012512207,-0.0378509983420372
1451578422232,1,0.06715499609708786,0.020756999030709267,-0.012210000306367874
1451578422254,1,0.015873000025749207,-0.0647130012512207,0.025640999898314476
1451578422272,1,-0.026861999183893204,-0.15018299221992493,0.03296700119972229
1451578422292,1,-0.035408999770879745,-0.21245399117469788,0.045176997780799866
1451578422312,1,0.04761900007724762,-0.2441999912261963,0.05250300094485283
1451578422332,1,0.10866899788379669,-0.2967030107975006,0.07814399898052216
1451578422352,1,0.11965800076723099,-0.3076919913291931,0.09035399556159973
1451578422374,1,0.05250300094485283,-0.28815600275993347,0.08302799612283707
1451578422393,1,-0.03296700119972229,-0.21733799576759338,0.04639799892902374
1451578422413,1,-0.059829000383615494,-0.021978000178933144,-0.0012209999840706587
1451578422433,1,0.017093999311327934,0.0,0.030524998903274536
1451578422453,1,0.08302799612283707,-0.015873000025749207,0.050060998648405075
1451578422474,1,0.07081799954175949,-0.045176997780799866,0.07081799954175949
1451578422493,1,-0.015873000025749207,-0.09645900130271912,0.09157499670982361
1451578422513,1,-0.06349200010299683,-0.09645900130271912,0.20757000148296356
1451578422539,1,0.06837599724531174,-0.11233200132846832,0.15262499451637268
1451578422553,1,0.11477399617433548,-0.27960899472236633,-0.07814399898052216
1451578422573,1,0.3028079867362976,0.4017089903354645,-1.4322329759597778
1451578422594,1,1.410254955291748,0.9108659625053406,-1.2905969619750977
1451578422614,1,0.6800969839096069,-0.19169700145721436,-0.8937720060348511
1451578422640,1,-0.2869350016117096,-0.9450539946556091,0.12087900191545486
1451578422659,1,-0.9084239602088928,-1.1501820087432861,0.7973129749298096
1451578422674,1,-1.0268609523773193,-1.0317449569702148,0.9133079648017883
1451578422703,1,-0.8998770117759705,-0.7570199966430664,0.45665398240089417
1451578422714,1,-0.5616599917411804,-0.10134299844503403,-0.1025639995932579
1451578422737,1,0.2771669924259186,0.741146981716156,-0.4920629858970642
1451578422755,1,0.3528690040111542,0.699633002281189,-0.22344300150871277
1451578422780,1,0.1733819991350174,0.4774110019207001,0.07081799954175949
1451578422795,1,-0.07448099553585052,0.195360004901886,0.2771669924259186
1451578422815,1,-0.23565299808979034,-0.05738699808716774,0.3943829834461212
1451578422836,1,-0.15384599566459656,-0.08546999841928482,0.3626369833946228
1451578422855,1,0.015873000025749207,0.08546999841928482,0.31135499477386475
1451578422876,1,0.1782660037279129,0.22100099921226501,0.28327199816703796
1451578422903,1,0.24664199352264404,0.28327199816703796,0.2588520050048828
1451578422916,1,0.20268599689006805,0.28815600275993347,0.24542099237442017
1451578422936,1,0.03174600005149841,0.16605599224567413,0.13430999219417572
1451578422956,1,-0.025640999898314476,0.14774100482463837,0.08058600127696991
1451578422976,1,-0.015873000025749207,0.19291800260543823,0.05616600066423416
1451578422997,1,0.026861999183893204,0.22832699120044708,0.08913300186395645
1451578423017,1,0.03907199949026108,0.21367499232292175,0.11233200132846832
1451578423036,1,0.06104999780654907,0.17216099798679352,0.11843699961900711
1451578423057,1,0.06959699839353561,0.06593400239944458,0.1135529950261116
1451578423077,1,0.045176997780799866,0.054944999516010284,0.09890099614858627
1451578423097,1,0.03663000091910362,0.0647130012512207,0.10378500074148178
1451578423117,1,0.030524998903274536,0.08546999841928482,0.13797299563884735
1451578423137,1,0.010989000089466572,0.06227099895477295,0.15995100140571594
1451578423157,1,-0.021978000178933144,0.05616600066423416,0.12820500135421753
1451578423177,1,0.006105000153183937,0.06715499609708786,0.097680002450943
1451578423197,1,0.04761900007724762,0.09890099614858627,0.0757019966840744
1451578423218,1,0.08180700242519379,0.10744799673557281,0.07203900068998337
1451578423238,1,0.05738699808716774,0.08546999841928482,0.07692299783229828
1451578423258,1,-0.04273499920964241,0.040293000638484955,0.02808300033211708
1451578423278,1,-0.015873000025749207,0.08180700242519379,-0.02319899946451187
1451578423299,1,0.02930399961769581,0.14285700023174286,-0.0647130012512207
1451578423319,1,0.06959699839353561,0.16605599224567413,-0.04395600035786629
1451578423338,1,0.06837599724531174,0.12698400020599365,0.021978000178933144
1451578423359,1,0.01953599974513054,0.05128199979662895,0.07448099553585052
1451578423379,1,-0.06959699839353561,-0.07326000183820724,0.08424899727106094
1451578423399,1,-0.0024419999681413174,-0.0647130012512207,0.07814399898052216
1451578423425,1,0.08058600127696991,-0.04273499920964241,0.07203900068998337
1451578423439,1,0.09279599785804749,-0.030524998903274536,0.04273499920964241
1451578423459,1,0.05372399836778641,-0.02930399961769581,0.00976799987256527
1451578423486,1,0.004883999936282635,-0.025640999898314476,-0.008546999655663967
1451578423499,1,0.021978000178933144,-0.020756999030709267,-0.01831500045955181
1451578423519,1,0.02808300033211708,-0.012210000306367874,-0.02442000061273575
1451578423544,1,0.03418799862265587,-0.012210000306367874,-0.025640999898314476
1451578423559,1,0.045176997780799866,-0.020756999030709267,-0.008546999655663967
1451578423580,1,0.05616600066423416,0.02808300033211708,-0.01831500045955181
1451578423600,1,0.05860799923539162,0.07326000183820724,-0.035408999770879745
1451578423620,1,0.059829000383615494,0.08058600127696991,-0.025640999898314476
1451578423640,1,0.04761900007724762,0.0757019966840744,-0.0012209999840706587
1451578423661,1,0.01953599974513054,0.05372399836778641,0.03296700119972229
1451578423680,1,-0.007325999904423952,0.02808300033211708,0.07448099553585052
1451578423701,1,0.00976799987256527,0.059829000383615494,0.08058600127696991
1451578423720,1,0.008546999655663967,0.08180700242519379,0.06959699839353561
1451578423741,1,0.008546999655663967,0.08058600127696991,0.04761900007724762
1451578423761,1,0.006105000153183937,0.05616600066423416,0.026861999183893204
1451578423781,1,-0.0012209999840706587,0.0378509983420372,0.013430999591946602
1451578423801,1,-0.04395600035786629,0.00976799987256527,0.04639799892902374
1451578423821,1,-0.06104999780654907,0.015873000025749207,0.03296700119972229
1451578423841,1,-0.03907199949026108,0.02442000061273575,0.03174600005149841
1451578423861,1,-0.006105000153183937,0.017093999311327934,0.03174600005149841
1451578423881,1,0.00976799987256527,-0.00976799987256527,0.02808300033211708
1451578423902,1,0.026861999183893204,-0.012210000306367874,-0.04151399806141853
1451578423921,1,0.04273499920964241,-0.008546999655663967,-0.050060998648405075
1451578423947,1,0.05372399836778641,0.003662999952211976,-0.05128199979662895
1451578423963,1,0.05860799923539162,0.0024419999681413174,-0.03418799862265587
1451578423983,1,0.03663000091910362,0.00976799987256527,-0.03296700119972229
1451578424003,1,0.007325999904423952,0.04395600035786629,-0.012210000306367874
1451578424022,1,0.008546999655663967,0.05128199979662895,-0.0024419999681413174
1451578424043,1,0.012210000306367874,0.059829000383615494,0.00976799987256527
1451578424063,1,0.020756999030709267,0.05616600066423416,0.02808300033211708
1451578424083,1,0.01953599974513054,0.0378509983420372,0.03663000091910362
1451578424103,1,0.003662999952211976,0.00976799987256527,0.02442000061273575
1451578424123,1,0.0,0.010989000089466572,-0.008546999655663967
1451578424143,1,0.0012209999840706587,0.021978000178933144,-0.020756999030709267
1451578424163,1,-0.006105000153183937,0.04273499920964241,-0.01831500045955181
1451578424185,1,-0.014651999808847904,0.04639799892902374,-0.012210000306367874
1451578424204,1,0.010989000089466572,0.02319899946451187,0.0012209999840706587
1451578424224,1,0.05738699808716774,0.00976799987256527,-0.015873000025749207
1451578424244,1,0.08302799612283707,0.01953599974513054,-0.04273499920964241
1451578424264,2,0.08546999841928482,0.020756999030709267,-0.059829000383615494
1451578424286,2,0.05860799923539162,0.01953599974513054,-0.05738699808716774
1451578424305,2,0.01953599974513054,-0.0024419999681413174,-0.045176997780799866
1451578424329,2,-0.025640999898314476,-0.006105000153183937,-0.04639799892902374
1451578424345,2,-0.003662999952211976,0.010989000089466572,-0.021978000178933144
1451578424365,2,0.02442000061273575,0.014651999808847904,-0.0024419999681413174
1451578424384,2,0.03663000091910362,0.010989000089466572,-0.014651999808847904
1451578424409,2,0.01953599974513054,0.0024419999681413174,-0.02319899946451187
1451578424425,2,-0.014651999808847904,-0.003662999952211976,-0.017093999311327934
1451578424445,2,-0.05860799923539162,-0.01831500045955181,0.010989000089466572
1451578424465,2,-0.04151399806141853,-0.020756999030709267,0.026861999183893204
1451578424492,2,0.01831500045955181,-0.026861999183893204,0.050060998648405075
1451578424506,2,0.07081799954175949,-0.02442000061273575,0.059829000383615494
1451578424526,2,0.10012199729681015,-0.025640999898314476,0.045176997780799866
1451578424546,2,0.09523800015449524,-0.007325999904423952,0.012210000306367874
1451578424566,2,0.1245419979095459,0.03296700119972229,-0.012210000306367874
1451578424586,2,0.1562879979610443,0.06104999780654907,-0.03907199949026108
1451578424605,2,0.16361400485038757,0.07814399898052216,-0.05250300094485283
1451578424626,2,0.1294260025024414,0.07081799954175949,-0.040293000638484955
1451578424647,2,0.03174600005149841,0.02319899946451187,-0.0024419999681413174
1451578424667,2,0.010989000089466572,0.010989000089466572,-0.0024419999681413174
1451578424686,2,-0.0012209999840706587,0.00976799987256527,-0.02808300033211708
1451578424706,2,-0.020756999030709267,0.010989000089466572,-0.04151399806141853
1451578424727,2,-0.06837599724531174,-0.008546999655663967,-0.04761900007724762
1451578424747,2,-0.14407800137996674,-0.059829000383615494,-0.05860799923539162
1451578424773,2,-0.1294260025024414,0.41269800066947937,-3.8400449752807617
1451578424786,2,0.2661779820919037,-1.4029289484024048,-1.4688630104064941
1451578424807,2,-0.11721599847078323,-1.1355299949645996,-0.13064700365066528
1451578424828,2,-0.08913300186395645,-1.1526240110397339,0.025640999898314476
1451578424848,2,-0.13430999219417572,-0.6739919781684875,0.39804598689079285
1451578424874,2,-0.26739898324012756,0.7228319644927979,0.907202959060669
1451578424893,2,-0.38095200061798096,0.8290590047836304,0.2490839958190918
1451578424908,2,-0.1452990025281906,0.721610963344574,-0.3150179982185364
1451578424928,2,0.3235650062561035,0.5409029722213745,-0.4542119801044464
1451578424949,2,0.5494499802589417,0.2808299958705902,-0.25763100385665894
1451578424968,2,0.0024419999681413174,-0.4774110019207001,0.21001200377941132
1451578424988,2,-0.25763100385665894,-0.5909640192985535,0.22588500380516052
1451578425009,2,-0.25763100385665894,-0.46275898814201355,0.12820500135421753
1451578425029,2,-0.07326000183820724,-0.2161169946193695,0.01831500045955181
1451578425049,2,0.10622699558734894,0.006105000153183937,-0.0378509983420372
1451578425069,2,0.18681299686431885,0.10622699558734894,-0.025640999898314476
1451578425093,2,0.05372399836778641,-0.020756999030709267,0.059829000383615494
1451578425118,2,-0.04151399806141853,-0.07814399898052216,0.06837599724531174
1451578425129,2,-0.07203900068998337,-0.06349200010299683,0.04639799892902374
1451578425151,2,-0.04151399806141853,0.004883999936282635,0.0024419999681413174
1451578425170,2,-0.0024419999681413174,0.08180700242519379,-0.03418799862265587
1451578425190,2,0.012210000306367874,0.1465200036764145,-0.03907199949026108
1451578425210,2,0.010989000089466572,0.11111100018024445,0.014651999808847904
1451578425230,2,0.00976799987256527,0.07081799954175949,0.045176997780799866
1451578425252,2,-0.0012209999840706587,0.04151399806141853,0.04639799892902374
1451578425270,2,-0.003662999952211976,0.02930399961769581,0.03418799862265587
1451578425290,2,0.003662999952211976,0.02930399961769581,0.013430999591946602
1451578425315,2,0.02442000061273575,0.015873000025749207,0.03296700119972229
1451578425331,2,0.026861999183893204,0.010989000089466572,0.045176997780799866
1451578425350,2,0.007325999904423952,0.0024419999681413174,0.04395600035786629
1451578425370,2,0.012210000306367874,-0.012210000306367874,0.03174600005149841
1451578425391,2,0.026861999183893204,-0.003662999952211976,-0.021978000178933144
1451578425412,2,0.10378500074148178,-0.0024419999681413174,-0.030524998903274536
1451578425432,2,0.10622699558734894,0.004883999936282635,-0.035408999770879745
1451578425458,2,0.08424899727106094,-0.003662999952211976,-0.04761900007724762
1451578425476,2,0.05738699808716774,-0.0012209999840706587,-0.06104999780654907
1451578425491,2,0.0378509983420372,0.012210000306367874,-0.0757019966840744
1451578425512,2,-0.014651999808847904,0.012210000306367874,-0.045176997780799866
1451578425540,2,-0.00976799987256527,-0.02930399961769581,-0.013430999591946602
1451578425553,2,0.010989000089466572,-0.07448099553585052,-0.004883999936282635
1451578425572,2,0.025640999898314476,-0.08791200071573257,-0.025640999898314476
1451578425592,2,0.030524998903274536,-0.05616600066423416,-0.0378509983420372
1451578425612,2,-0.014651999808847904,0.03663000091910362,-0.0012209999840706587
1451578425632,2,-0.02442000061273575,0.03174600005149841,0.007325999904423952
1451578425653,2,-0.01953599974513054,-0.020756999030709267,0.004883999936282635
1451578425672,2,0.004883999936282635,-0.05860799923539162,-0.0012209999840706587
1451578425698,2,0.05250300094485283,-0.07081799954175949,-0.013430999591946602
1451578425713,2,0.10866899788379669,-0.02808300033211708,-0.04395600035786629
1451578425733,2,0.07326000183820724,0.012210000306367874,-0.06959699839353561
1451578425753,2,0.017093999311327934,0.04395600035786629,-0.07448099553585052
1451578425773,2,-0.040293000638484955,0.06715499609708786,-0.05128199979662895
1451578425793,2,-0.06349200010299683,0.05860799923539162,-0.021978000178933144
1451578425814,2,-0.05616600066423416,0.02442000061273575,-0.01831500045955181
1451578425834,2,-0.020756999030709267,0.02808300033211708,-0.0378509983420372
1451578425854,2,-0.026861999183893204,0.030524998903274536,-0.05738699808716774
1451578425874,2,-0.03296700119972229,0.030524998903274536,-0.0647130012512207
1451578425895,2,-0.008546999655663967,0.01953599974513054,-0.06349200010299683
1451578425914,2,0.01831500045955181,0.025640999898314476,-0.06593400239944458
1451578425936,2,0.06959699839353561,0.01831500045955181,-0.03174600005149841
1451578425960,2,0.10866899788379669,0.013430999591946602,-0.003662999952211976
1451578425975,2,0.11111100018024445,0.0012209999840706587,-0.008546999655663967
1451578425995,2,0.09401699900627136,-0.015873000025749207,-0.03296700119972229
1451578426015,2,0.05372399836778641,-0.01953599974513054,-0.04395600035786629
1451578426036,2,-0.008546999655663967,-0.017093999311327934,-0.03907199949026108
1451578426055,2,0.015873000025749207,0.0012209999840706587,-0.00976799987256527
1451578426075,2,0.05616600066423416,-0.00976799987256527,0.026861999183893204
1451578426096,2,0.059829000383615494,-0.02930399961769581,0.04761900007724762
1451578426115,2,0.04761900007724762,-0.035408999770879745,0.05250300094485283
1451578426136,2,0.07081799954175949,-0.03663000091910362,0.09645900130271912
1451578426155,2,-0.025640999898314476,-0.25152599811553955,0.17582400143146515
1451578426176,2,-0.097680002450943,-0.25763100385665894,0.2319899946451187
1451578426196,2,-0.11233200132846832,-0.24175800383090973,0.2979239821434021
1451578426222,2,-0.15995100140571594,-0.20268599689006805,0.2710619866847992
1451578426238,2,-0.15995100140571594,-0.09890099614858627,0.13797299563884735
1451578426256,2,0.12576299905776978,0.19291800260543823,-0.021978000178933144
1451578426277,2,0.14163599908351898,0.10378500074148178,-0.035408999770879745
