1451578538611,1,-0.2967030107975006,0.1135529950261116,0.2429789900779724
1451578538632,1,-0.6813179850578308,-0.8107439875602722,0.20757000148296356
1451578538651,1,-0.741146981716156,-0.760683000087738,0.40415099263191223
1451578538671,1,-0.5225880146026611,-0.8815619945526123,0.5103780031204224
1451578538695,1,-0.25763100385665894,-0.5421239733695984,0.3748469948768616
1451578538711,1,-0.04151399806141853,-0.19169700145721436,0.13186800479888916
1451578538731,1,-0.010989000089466572,-0.1294260025024414,-0.09035399556159973
1451578538752,1,-0.18803399801254272,-0.1843709945678711,-0.035408999770879745
1451578538772,1,-0.2979239821434021,-0.25763100385665894,0.11233200132846832
1451578538791,1,-0.36629998683929443,-0.30647099018096924,0.16971899569034576
1451578538812,1,-0.2441999912261963,-0.18314999341964722,0.14285700023174286
1451578538832,1,0.0,0.025640999898314476,0.14163599908351898
1451578538852,1,0.3687419891357422,0.2918190062046051,0.17216099798679352
1451578538872,1,0.2429789900779724,0.2429789900779724,0.22588500380516052
1451578538893,1,-0.013430999591946602,-0.06715499609708786,0.2637360095977783
1451578538913,1,-0.15262499451637268,-0.3516480028629303,0.2979239821434021
1451578538933,1,-0.167276993393898,-0.5372399687767029,0.308912992477417
1451578538959,1,-0.0757019966840744,-0.38095200061798096,0.27350398898124695
1451578538973,1,0.21489599347114563,-0.167276993393898,0.17948700487613678
1451578538993,1,0.5604389905929565,-0.318681001663208,-0.03174600005149841
1451578539013,1,-0.07326000183820724,-1.0268609523773193,-1.9890090227127075
1451578539039,1,0.7973129749298096,-0.10378500074148178,-2.26983904838562
1451578539054,1,0.5421239733695984,0.195360004901886,-2.328446865081787
1451578539073,1,-0.11233200132846832,0.08058600127696991,-0.21245399117469788
1451578539093,1,-0.4639799892902374,-0.14285700023174286,0.5592179894447327
1451578539114,1,-0.4334549903869629,-0.390720009803772,0.7057380080223083
1451578539137,1,-0.26129400730133057,-0.32600700855255127,0.4493280053138733
1451578539159,1,0.0,0.08791200071573257,-0.12576299905776978
1451578539179,1,-0.1025639995932579,0.7912079691886902,-0.16117200255393982
1451578539194,1,-0.12576299905776978,0.8510369658470154,0.32844898104667664
1451578539214,1,-0.1562879979610443,0.7203899621963501,0.6141629815101624
1451578539237,1,-0.19169700145721436,0.5470079779624939,0.5885220170021057
1451578539259,1,-0.18070799112319946,0.35897400975227356,0.42002400755882263
1451578539275,1,-0.0757019966840744,0.17948700487613678,0.26251500844955444
1451578539295,1,-0.02930399961769581,0.195360004901886,0.26739898324012756
1451578539315,1,0.004883999936282635,0.2747249901294708,0.2527469992637634
1451578539342,1,0.07326000183820724,0.49938899278640747,0.2503049969673157
1451578539355,1,0.11843699961900711,0.7130640149116516,0.28327199816703796
1451578539375,1,0.06227099895477295,0.7484729886054993,0.2771669924259186
1451578539395,1,-0.13430999219417572,0.6837599873542786,0.2905980050563812
1451578539415,1,-0.195360004901886,0.5128200054168701,0.2967030107975006
1451578539442,1,-0.16971899569034576,0.32600700855255127,0.2869350016117096
1451578539455,1,-0.06959699839353561,0.25152599811553955,0.30158698558807373
1451578539475,1,0.003662999952211976,0.23931600153446198,0.26739898324012756
1451578539501,1,-0.01953599974513054,0.2918190062046051,0.008546999655663967
1451578539516,1,0.014651999808847904,0.31013399362564087,-0.02930399961769581
1451578539536,1,0.12698400020599365,0.31013399362564087,0.05250300094485283
1451578539556,1,0.21245399117469788,0.3028079867362976,0.1684979945421219
1451578539577,1,0.15506699681282043,0.22832699120044708,0.22100099921226501
1451578539596,1,0.003662999952211976,0.11721599847078323,0.18559199571609497
1451578539617,1,-0.007325999904423952,0.04761900007724762,0.18192899227142334
1451578539637,1,-0.021978000178933144,0.0024419999681413174,0.2429789900779724
1451578539657,1,-0.04639799892902374,-0.0012209999840706587,0.3235650062561035
1451578539678,1,-0.07448099553585052,0.004883999936282635,0.38583600521087646
1451578539698,1,-0.11965800076723099,-0.01953599974513054,0.3504270017147064
1451578539718,1,-0.16361400485038757,0.00976799987256527,0.04639799892902374
1451578539737,1,-0.14774100482463837,0.07448099553585052,-0.07692299783229828
1451578539757,1,-0.1355309933423996,0.1355309933423996,-0.11965800076723099
1451578539778,1,-0.1623930037021637,0.19291800260543823,-0.09523800015449524
1451578539798,1,-0.211232990026474,0.21855899691581726,-0.06959699839353561
1451578539820,1,-0.20268599689006805,0.13797299563884735,-0.09890099614858627
1451578539844,1,-0.211232990026474,0.13430999219417572,-0.20390699803829193
1451578539858,1,-0.1404149979352951,0.14896199107170105,-0.30158698558807373
1451578539879,1,0.007325999904423952,0.21733799576759338,-0.3748469948768616
1451578539899,1,0.17460300028324127,0.3308909833431244,-0.4212450087070465
1451578539920,1,0.2051279991865158,0.4749689996242523,-0.3638579845428467
1451578539938,1,0.0647130012512207,0.3687419891357422,-0.3406589925289154
1451578539959,1,-0.02930399961769581,0.2161169946193695,-0.31746000051498413
1451578539979,1,0.0024419999681413174,0.11843699961900711,-0.2539680004119873
1451578539999,1,0.09279599785804749,0.17948700487613678,-0.1452990025281906
1451578540019,1,0.09401699900627136,0.3956039845943451,-0.03418799862265587
1451578540046,1,-0.35531100630760193,0.6800969839096069,0.1941390037536621
1451578540060,1,-0.6068369746208191,0.6141629815101624,0.26739898324012756
1451578540084,1,-0.7496939897537231,0.4529910087585449,0.3125759959220886
1451578540100,1,-0.7460309863090515,0.1404149979352951,0.3296699821949005
1451578540120,1,-0.617825984954834,-0.11599499732255936,0.318681001663208
1451578540140,1,-0.19169700145721436,-0.07081799954175949,0.4761900007724762
1451578540160,1,-0.16483499109745026,0.09279599785804749,0.5189250111579895
1451578540181,1,-0.2380950003862381,0.24664199352264404,0.5396819710731506
1451578540201,1,-0.3614159822463989,0.27350398898124695,0.5873010158538818
1451578540220,1,-0.4432229995727539,0.16117200255393982,0.5934060215950012
1451578540241,1,-0.4151400029659271,-0.04639799892902374,0.659339964389801
1451578540261,1,-0.36507898569107056,0.004883999936282635,0.7655670046806335
1451578540281,1,-0.2857140004634857,0.1623930037021637,0.8632469773292542
1451578540301,1,-0.20390699803829193,0.34920600056648254,0.9621480107307434
1451578540320,1,-0.16117200255393982,0.33943799138069153,0.9767999649047852
1451578540341,1,-0.13919399678707123,0.15384599566459656,0.9218549728393555
1451578540361,1,-0.1575089991092682,-0.4017089903354645,0.7960919737815857
1451578540382,1,-0.15873000025749207,-0.4822950065135956,0.5873010158538818
1451578540402,1,-0.06715499609708786,-0.3076919913291931,0.40415099263191223
1451578540422,1,0.08424899727106094,-0.05616600066423416,0.2710619866847992
1451578540442,1,0.22954799234867096,0.12576299905776978,0.19169700145721436
1451578540462,2,0.24786299467086792,0.10012199729681015,0.09523800015449524
1451578540482,2,0.18803399801254272,-0.04273499920964241,0.0647130012512207
1451578540503,2,0.12576299905776978,-0.1562879979610443,0.03174600005149841
1451578540528,2,0.09401699900627136,-0.1684979945421219,0.02808300033211708
1451578540547,2,0.09401699900627136,-0.06837599724531174,0.06959699839353561
1451578540563,2,0.10988999903202057,0.08913300186395645,0.07326000183820724
1451578540583,2,0.19780199229717255,0.09523800015449524,0.03174600005149841
1451578540604,2,0.2429789900779724,0.05372399836778641,0.013430999591946602
1451578540622,2,0.18070799112319946,-0.040293000638484955,0.0024419999681413174
1451578540643,2,0.06349200010299683,-0.1294260025024414,-0.02442000061273575
1451578540670,2,0.2551890015602112,-0.0488400012254715,-0.14774100482463837
1451578540683,2,0.5030519962310791,0.04639799892902374,-0.2002439945936203
1451578540704,2,0.6092789769172668,0.11721599847078323,-0.20146499574184418
1451578540727,2,0.4871789813041687,0.10988999903202057,-0.1452990025281906
1451578540744,2,0.24786299467086792,0.08180700242519379,-0.09157499670982361
1451578540768,2,0.03907199949026108,0.10012199729681015,-0.05250300094485283
1451578540784,2,-0.05250300094485283,0.1562879979610443,-0.02442000061273575
1451578540804,2,0.010989000089466572,0.21489599347114563,-0.020756999030709267
1451578540828,2,0.06959699839353561,0.26739898324012756,-0.040293000638484955
1451578540844,2,0.0757019966840744,0.2710619866847992,-0.10744799673557281
1451578540864,2,0.06349200010299683,0.2649570107460022,-0.1782660037279129
1451578540885,2,0.10378500074148178,0.27960899472236633,-0.05616600066423416
1451578540910,2,0.05250300094485283,0.15995100140571594,0.017093999311327934
1451578540925,2,-0.293040007352829,-0.699633002281189,-1.9084229469299316
1451578540945,2,0.5054939985275269,0.4383389949798584,-2.9584829807281494
1451578540970,2,0.9890099763870239,-0.54578697681427,-1.029302954673767
1451578540985,2,1.449326992034912,0.05738699808716774,0.34920600056648254
1451578541005,2,0.8998770117759705,0.09890099614858627,1.4981670379638672
1451578541026,2,-0.22100099921226501,-0.4639799892902374,1.9194120168685913
1451578541046,2,-1.4151389598846436,-1.0866899490356445,0.9145289659500122
1451578541066,2,-1.8034169673919678,-0.9499379992485046,-0.2503049969673157
1451578541086,2,-1.0500600337982178,-0.05860799923539162,-0.6666659712791443
1451578541111,2,0.7057380080223083,0.7484729886054993,-0.1941390037536621
1451578541130,2,0.5433449745178223,0.3772889971733093,0.07081799954175949
1451578541151,2,0.008546999655663967,-0.2380950003862381,0.21977999806404114
1451578541166,2,-0.40903499722480774,-0.6581189632415771,0.27960899472236633
1451578541186,2,-0.5396819710731506,-0.731378972530365,0.3150179982185364
1451578541211,2,-0.390720009803772,-0.49084198474884033,0.2661779820919037
1451578541226,2,-0.34310099482536316,-0.42002400755882263,0.22344300150871277
1451578541247,2,-0.3150179982185364,-0.37606799602508545,0.19658099114894867
1451578541267,2,-0.34920600056648254,-0.2380950003862381,0.22832699120044708
1451578541287,2,-0.4603169858455658,-0.10012199729681015,0.2967030107975006
1451578541307,2,-0.7692300081253052,-0.06349200010299683,0.33943799138069153
1451578541327,2,-0.81318598985672,-0.21001200377941132,0.31623899936676025
1451578541354,2,-0.5494499802589417,-0.2539680004119873,0.34920600056648254
1451578541373,2,-0.29548200964927673,0.09401699900627136,0.2918190062046051
1451578541387,2,-0.4883999824523926,0.4395599961280823,-0.045176997780799866
1451578541408,2,-0.6813179850578308,0.27228298783302307,-0.34310099482536316
1451578541428,2,-0.9242969751358032,-0.012210000306367874,-0.39804598689079285
1451578541448,2,-0.8107439875602722,0.04273499920964241,-0.3357749879360199
1451578541470,2,-0.504272997379303,0.13675199449062347,-0.3199020028114319
1451578541488,2,-0.12698400020599365,0.2979239821434021,-0.3467639982700348
1451578541508,2,0.1452990025281906,0.4883999824523926,-0.37118399143218994
1451578541529,2,-0.02319899946451187,0.5665439963340759,-0.08180700242519379
1451578541549,2,-0.20757000148296356,0.36629998683929443,0.22344300150871277
1451578541568,2,-0.23931600153446198,0.18559199571609497,0.5482289791107178
1451578541594,2,-0.07081799954175949,0.10134299844503403,0.721610963344574
1451578541609,2,0.2527469992637634,0.1294260025024414,0.6605609655380249
1451578541629,2,0.7191689610481262,0.23443199694156647,0.293040007352829
1451578541649,2,0.7228319644927979,0.2002439945936203,0.167276993393898
1451578541670,2,0.6666659712791443,0.1782660037279129,0.16971899569034576
1451578541689,2,0.6520140171051025,0.15018299221992493,0.32722800970077515
1451578541709,2,0.7179480195045471,0.08180700242519379,0.5079360008239746
1451578541729,2,0.7777770161628723,0.07814399898052216,0.6495720148086548
1451578541749,2,0.45665398240089417,0.045176997780799866,0.7435889840126038
1451578541770,2,0.12087900191545486,-0.01953599974513054,0.7240529656410217
1451578541790,2,-0.15873000025749207,-0.02442000061273575,0.6117209792137146
1451578541809,2,-0.2332109957933426,-0.0024419999681413174,0.46886399388313293
1451578541829,2,-0.07081799954175949,-0.012210000306367874,0.32112300395965576
1451578541850,2,0.46275898814201355,-0.30036598443984985,0.10988999903202057
1451578541870,2,0.4920629858970642,-0.32600700855255127,0.030524998903274536
1451578541894,2,0.30158698558807373,-0.28937700390815735,-0.020756999030709267
1451578541911,2,0.08058600127696991,-0.26129400730133057,-0.07081799954175949
1451578541931,2,-0.02319899946451187,-0.14285700023174286,-0.10988999903202057
1451578541956,2,0.05860799923539162,0.08791200071573257,-0.06959699839353561
1451578541976,2,0.05372399836778641,0.10866899788379669,-0.0757019966840744
1451578541991,2,-0.04395600035786629,0.10744799673557281,-0.1294260025024414
1451578542011,2,-0.12332099676132202,0.07692299783229828,-0.22344300150871277
1451578542031,2,-0.10988999903202057,0.021978000178933144,-0.30524998903274536
1451578542053,2,-0.06227099895477295,0.013430999591946602,-0.3418799936771393
1451578542071,2,0.014651999808847904,-0.01831500045955181,-0.37118399143218994
1451578542092,2,0.10744799673557281,-0.17216099798679352,-0.3956039845943451
1451578542116,2,0.16605599224567413,-0.1294260025024414,-0.3748469948768616
1451578542132,2,0.09157499670982361,-0.026861999183893204,-0.2771669924259186
1451578542152,2,-0.07448099553585052,0.02442000061273575,-0.19169700145721436
1451578542172,2,-0.09645900130271912,-0.2051279991865158,-0.12087900191545486
1451578542192,2,-0.021978000178933144,-0.14896199107170105,-0.18681299686431885
1451578542212,2,0.0378509983420372,-0.05738699808716774,-0.24053700268268585
1451578542233,2,0.030524998903274536,0.02319899946451187,-0.2600730061531067
1451578542253,2,-0.05372399836778641,0.20757000148296356,-0.2380950003862381
1451578542277,2,0.05738699808716774,0.2649570107460022,-0.2808299958705902
1451578542293,2,0.17948700487613678,-0.01831500045955181,-0.40781399607658386
1451578542314,2,0.14407800137996674,-0.28815600275993347,-0.46764299273490906
1451578542333,2,0.06227099895477295,-0.33943799138069153,-0.40659299492836
1451578542355,2,0.012210000306367874,-0.211232990026474,-0.318681001663208
1451578542373,2,0.003662999952211976,0.017093999311327934,-0.16605599224567413
1451578542393,2,0.05250300094485283,-0.0024419999681413174,-0.14407800137996674
1451578542414,2,0.05616600066423416,-0.04151399806141853,-0.13064700365066528
1451578542434,2,0.07081799954175949,-0.097680002450943,-0.1245419979095459
1451578542455,2,0.13675199449062347,-0.18070799112319946,-0.16117200255393982
1451578542475,1,0.18192899227142334,-0.211232990026474,-0.211232990026474
1451578542494,1,0.2051279991865158,-0.14163599908351898,-0.14285700023174286
1451578542515,1,0.15384599566459656,-0.21489599347114563,-0.09035399556159973
1451578542535,1,0.11477399617433548,-0.3833940029144287,-0.04151399806141853
1451578542554,1,0.1294260025024414,-0.5567759871482849,-0.013430999591946602
1451578542574,1,0.2161169946193695,-0.5250300168991089,0.0488400012254715
1451578542595,1,0.195360004901886,-0.015873000025749207,0.17582400143146515
1451578542615,1,0.026861999183893204,0.03907199949026108,0.20146499574184418
1451578542635,1,-0.13430999219417572,0.14407800137996674,0.08180700242519379
1451578542655,1,-0.15873000025749207,0.11599499732255936,0.11111100018024445
1451578542675,1,-0.19047600030899048,0.030524998903274536,0.34920600056648254
1451578542695,1,-0.39194098114967346,-0.20268599689006805,0.390720009803772
1451578542716,1,-0.37606799602508545,-0.13430999219417572,0.3150179982185364
1451578542738,1,-0.2967030107975006,0.0647130012512207,0.20390699803829193
1451578542763,1,-0.14407800137996674,0.31623899936676025,0.10622699558734894
1451578542776,1,-0.14774100482463837,0.5567759871482849,0.08180700242519379
1451578542796,1,-0.22100099921226501,0.00976799987256527,0.09523800015449524
1451578542816,1,-0.24542099237442017,0.390720009803772,0.2161169946193695
1451578542842,1,-0.2649570107460022,0.536018967628479,0.211232990026474
1451578542857,1,-0.2380950003862381,0.44200199842453003,0.13919399678707123
1451578542876,1,-0.13186800479888916,0.003662999952211976,-0.02808300033211708
1451578542897,1,-0.15384599566459656,-0.5592179894447327,-0.20634900033473969
1451578542917,1,-0.5579969882965088,-1.0647119283676147,0.1514039933681488
1451578542943,1,-0.5384609699249268,-0.8827829957008362,0.4493280053138733
1451578542956,1,-0.34798499941825867,-0.5115990042686462,0.48473697900772095
1451578542982,1,-0.1733819991350174,-0.28327199816703796,0.3687419891357422
1451578542997,1,-0.1135529950261116,-0.035408999770879745,0.23931600153446198
1451578543018,1,0.025640999898314476,0.5531129837036133,-0.030524998903274536
1451578543037,1,0.08180700242519379,0.7667880058288574,-0.02442000061273575
1451578543057,1,0.07814399898052216,0.7460309863090515,0.10622699558734894
1451578543077,1,0.03296700119972229,0.46764299273490906,0.23443199694156647
1451578543098,1,-0.07203900068998337,0.17460300028324127,0.28449299931526184
1451578543120,1,-0.10378500074148178,-0.0488400012254715,0.30036598443984985
1451578543138,1,0.2002439945936203,-0.39316198229789734,0.43589699268341064
1451578543158,1,0.2551890015602112,-0.5775330066680908,0.49450498819351196
1451578543178,1,0.2051279991865158,-0.7399259805679321,0.555554986000061
1451578543198,1,0.23565299808979034,-0.8595839738845825,0.6984120011329651
1451578543221,1,0.3504270017147064,-0.9633690118789673,0.8571419715881348
1451578543238,1,0.6556770205497742,0.8888880014419556,-0.7057380080223083
1451578543259,1,1.7142839431762695,1.0781430006027222,-1.921854019165039
1451578543279,1,1.6544549465179443,1.5872999429702759,-2.1489598751068115
1451578543299,1,1.1025630235671997,1.081805944442749,-1.1672760248184204
1451578543320,1,0.21733799576759338,0.11233200132846832,0.4481070041656494
1451578543339,1,-0.9487169981002808,-1.0793639421463013,1.5482280254364014
1451578543359,1,-1.492061972618103,-1.3162379264831543,0.8583629727363586
1451578543383,1,-1.717947006225586,-0.4285709857940674,-0.040293000638484955
1451578543400,1,-1.1135519742965698,0.5775330066680908,-0.48351600766181946
1451578543421,1,0.004883999936282635,1.2930389642715454,-0.2600730061531067
1451578543440,1,0.9609270095825195,1.162392020225525,0.3028079867362976
1451578543460,1,0.8510369658470154,0.29426100850105286,0.7350419759750366
1451578543481,1,0.2747249901294708,-0.3076919913291931,0.49938899278640747
1451578543501,1,-0.1514039933681488,-0.7277159690856934,0.3528690040111542
1451578543521,1,-0.3614159822463989,-0.854699969291687,0.30647099018096924
1451578543541,1,-0.34432199597358704,-0.6312569975852966,0.293040007352829
1451578543561,1,0.17216099798679352,-0.10866899788379669,0.17704500257968903
1451578543581,1,0.3504270017147064,0.19291800260543823,0.050060998648405075
1451578543606,1,0.3247860074043274,0.3956039845943451,-0.04151399806141853
1451578543621,1,0.15873000025749207,0.4871789813041687,-0.09157499670982361
1451578543641,1,0.026861999183893204,0.54578697681427,-0.0866909995675087
1451578543662,1,0.11477399617433548,0.6263729929924011,-0.08791200071573257
1451578543682,1,0.19291800260543823,0.6568979620933533,-0.021978000178933144
1451578543704,1,0.19047600030899048,0.6092789769172668,0.12332099676132202
1451578543722,1,0.09645900130271912,0.5641019940376282,0.22344300150871277
1451578543742,1,-0.017093999311327934,0.36507898569107056,0.27960899472236633
1451578543761,1,-0.16971899569034576,0.0647130012512207,0.23443199694156647
1451578543781,1,-0.23076899349689484,-0.3882780075073242,0.09157499670982361
1451578543802,1,-0.12087900191545486,-0.3833940029144287,-0.008546999655663967
1451578543822,1,0.021978000178933144,-0.23443199694156647,-0.08791200071573257
1451578543842,1,0.1514039933681488,-0.23931600153446198,-0.15995100140571594
1451578543863,1,0.12332099676132202,-0.33943799138069153,-0.2332109957933426
1451578543883,1,-0.1135529950261116,-0.4749689996242523,-0.20757000148296356
1451578543904,1,-0.12209999561309814,-0.4017089903354645,-0.15506699681282043
1451578543923,1,-0.09035399556159973,-0.28815600275993347,-0.1355309933423996
1451578543943,1,-0.05738699808716774,-0.1465200036764145,-0.17704500257968903
1451578543963,1,0.007325999904423952,-0.03296700119972229,-0.24175800383090973
1451578543983,1,0.13186800479888916,-0.007325999904423952,-0.32112300395965576
1451578544004,1,0.05860799923539162,-0.020756999030709267,-0.19169700145721436
1451578544023,1,-0.021978000178933144,0.030524998903274536,-0.05372399836778641
1451578544044,1,-0.054944999516010284,0.1782660037279129,-0.012210000306367874
1451578544064,1,-0.03907199949026108,0.3235650062561035,-0.01953599974513054
1451578544084,1,0.03907199949026108,0.42612898349761963,-0.09890099614858627
1451578544104,1,0.11721599847078323,0.432233989238739,-0.13675199449062347
1451578544124,1,0.035408999770879745,0.42979198694229126,-0.10866899788379669
1451578544144,1,-0.06715499609708786,0.3675209879875183,-0.01953599974513054
1451578544165,1,-0.10378500074148178,0.32722800970077515,0.07081799954175949
1451578544185,1,-0.11111100018024445,0.33821699023246765,0.13797299563884735
1451578544204,1,-0.20757000148296356,0.5958479642868042,0.16605599224567413
1451578544225,1,-0.25641000270843506,0.7118430137634277,0.10744799673557281
1451578544245,1,-0.2698409855365753,0.7741140127182007,0.04273499920964241
1451578544264,1,-0.22588500380516052,0.689864993095398,0.06593400239944458
1451578544285,1,-0.15995100140571594,0.28815600275993347,0.11599499732255936
1451578544306,1,0.0488400012254715,0.03174600005149841,-0.0024419999681413174
1451578544325,1,0.13186800479888916,0.09645900130271912,-0.054944999516010284
1451578544350,1,0.211232990026474,0.1355309933423996,-0.097680002450943
1451578544365,1,0.20757000148296356,0.16605599224567413,-0.10988999903202057
1451578544387,1,0.1514039933681488,0.18559199571609497,-0.14407800137996674
1451578544405,1,0.04273499920964241,0.19780199229717255,-0.1782660037279129
1451578544426,1,0.02442000061273575,0.19291800260543823,-0.13064700365066528
1451578544446,1,0.035408999770879745,0.20757000148296356,-0.11965800076723099
1451578544466,1,0.0378509983420372,0.22466400265693665,-0.09157499670982361
1451578544489,2,-0.020756999030709267,0.2222220003604889,-0.08058600127696991
1451578544521,2,-0.09523800015449524,0.09035399556159973,-0.01953599974513054
1451578544540,2,0.04639799892902374,0.07936500012874603,-0.007325999904423952
1451578544559,2,0.026861999183893204,0.06715499609708786,-0.021978000178933144
1451578544580,2,-0.020756999030709267,0.02319899946451187,-0.030524998903274536
1451578544600,2,-0.08913300186395645,-0.0378509983420372,-0.012210000306367874
1451578544620,2,-0.10378500074148178,-0.05128199979662895,-0.004883999936282635
1451578544641,2,-0.06104999780654907,-0.02930399961769581,-0.03296700119972229
1451578544660,2,0.10744799673557281,-0.0378509983420372,-0.04639799892902374
1451578544680,2,0.13675199449062347,-0.10988999903202057,-0.03663000091910362
1451578544701,2,0.09279599785804749,-0.2441999912261963,-0.054944999516010284
1451578544727,2,0.006105000153183937,-0.3675209879875183,-0.050060998648405075
1451578544740,2,-0.050060998648405075,-0.43589699268341064,-0.04151399806141853
1451578544761,2,0.006105000153183937,-0.4175820052623749,-0.025640999898314476
1451578544781,2,0.04761900007724762,-0.27228298783302307,-0.05372399836778641
1451578544802,2,0.05250300094485283,-0.06959699839353561,-0.06837599724531174
1451578544820,2,0.04395600035786629,0.08302799612283707,-0.013430999591946602
1451578544841,2,-0.0012209999840706587,0.12576299905776978,0.12576299905776978
1451578544861,2,-0.11477399617433548,-0.0757019966840744,0.19902299344539642
1451578544881,2,-0.059829000383615494,-0.0647130012512207,0.1575089991092682
1451578544902,2,0.013430999591946602,-0.010989000089466572,0.07936500012874603
1451578544934,2,0.11111100018024445,0.08913300186395645,-0.11233200132846832
1451578544954,2,0.10134299844503403,0.1135529950261116,-0.167276993393898
1451578544974,2,0.08791200071573257,0.10500600188970566,-0.18070799112319946
1451578544995,2,0.08180700242519379,0.06104999780654907,-0.15384599566459656
1451578545014,2,0.08180700242519379,0.00976799987256527,-0.1135529950261116
1451578545035,2,0.10744799673557281,-0.06959699839353561,-0.16117200255393982
1451578545055,2,0.17948700487613678,0.0012209999840706587,-0.21977999806404114
1451578545075,2,0.21855899691581726,0.08302799612283707,-0.2222220003604889
1451578545094,2,0.16361400485038757,0.11477399617433548,-0.1562879979610443
1451578545115,2,0.08180700242519379,0.09279599785804749,-0.11477399617433548
1451578545135,2,0.04639799892902374,0.00976799987256527,-0.07692299783229828
1451578545155,2,0.03907199949026108,-0.0378509983420372,-0.08058600127696991
1451578545176,2,0.02319899946451187,-0.02930399961769581,-0.09645900130271912
1451578545196,2,0.04639799892902374,0.05128199979662895,-0.10378500074148178
1451578545216,2,0.10622699558734894,0.18314999341964722,-0.07692299783229828
1451578545237,2,0.13308899104595184,0.2637360095977783,0.020756999030709267
1451578545261,2,0.04151399806141853,0.17582400143146515,0.04639799892902374
1451578545276,2,-0.06227099895477295,0.04395600035786629,0.040293000638484955
1451578545296,2,-0.09890099614858627,-0.05250300094485283,0.021978000178933144
1451578545316,2,-0.07081799954175949,-0.04151399806141853,0.030524998903274536
1451578545337,2,0.003662999952211976,0.04395600035786629,0.0488400012254715
1451578545361,2,0.05860799923539162,0.13675199449062347,0.07081799954175949
1451578545377,2,0.013430999591946602,0.0647130012512207,0.06104999780654907
1451578545397,2,-0.0378509983420372,-0.03907199949026108,0.021978000178933144
1451578545417,2,-0.04761900007724762,-0.1025639995932579,-0.01831500045955181
1451578545440,2,0.013430999591946602,-0.08424899727106094,-0.040293000638484955
1451578545456,2,0.13919399678707123,-0.05860799923539162,-0.02808300033211708
1451578545483,2,0.15018299221992493,-0.15873000025749207,-0.08546999841928482
1451578545497,2,0.12209999561309814,-0.21977999806404114,-0.15018299221992493
1451578545517,2,0.08791200071573257,-0.20879100263118744,-0.20146499574184418
1451578545538,2,0.09645900130271912,-0.08058600127696991,-0.25152599811553955
1451578545558,2,0.11233200132846832,0.32844898104667664,-0.3028079867362976
1451578545578,2,0.097680002450943,0.47863200306892395,-0.38705700635910034
1451578545604,2,-0.06104999780654907,-0.22954799234867096,1.2905969619750977
1451578545618,2,-0.18070799112319946,-0.9474959969520569,0.29426100850105286
1451578545642,2,0.16971899569034576,-0.416361004114151,0.41391900181770325
1451578545658,2,0.05738699808716774,0.05128199979662895,-0.04761900007724762
1451578545678,2,-0.14285700023174286,0.5775330066680908,-0.37606799602508545
1451578545699,2,-0.1404149979352951,0.608057975769043,-0.5750910043716431
1451578545724,2,-0.14407800137996674,0.6019529700279236,-0.6068369746208191
1451578545738,2,0.020756999030709267,0.18803399801254272,-0.44566500186920166
1451578545759,2,0.1941390037536621,-0.1404149979352951,-0.2588520050048828
1451578545779,2,0.13797299563884735,-0.42979198694229126,-0.19291800260543823
1451578545799,2,0.06349200010299683,-0.36019498109817505,-0.28327199816703796
1451578545822,2,0.0866909995675087,-0.18803399801254272,-0.3528690040111542
1451578545839,2,0.1514039933681488,-0.015873000025749207,-0.36629998683929443
1451578545859,2,0.17948700487613678,0.045176997780799866,-0.3369959890842438
1451578545880,2,0.08058600127696991,-0.030524998903274536,-0.20757000148296356
1451578545900,2,-0.013430999591946602,-0.05860799923539162,-0.1941390037536621
1451578545924,2,-0.10012199729681015,-0.06227099895477295,-0.19169700145721436
1451578545939,2,-0.13919399678707123,-0.015873000025749207,-0.17704500257968903
1451578545959,2,-0.12209999561309814,0.02319899946451187,-0.1404149979352951
1451578545981,2,-0.07081799954175949,0.035408999770879745,-0.07814399898052216
1451578546000,2,-0.013430999591946602,0.0757019966840744,0.004883999936282635
1451578546021,2,-0.05860799923539162,0.08791200071573257,0.01831500045955181
1451578546040,2,-0.08058600127696991,0.10134299844503403,0.03663000091910362
1451578546060,2,-0.10012199729681015,0.10134299844503403,0.07203900068998337
1451578546081,2,-0.1575089991092682,0.0488400012254715,0.08302799612283707
1451578546104,2,-0.14896199107170105,-0.06837599724531174,0.054944999516010284
1451578546121,2,-0.050060998648405075,-0.059829000383615494,0.059829000383615494
1451578546141,2,0.017093999311327934,-0.02808300033211708,0.05860799923539162
1451578546161,2,0.02442000061273575,-0.025640999898314476,0.05128199979662895
1451578546181,2,-0.006105000153183937,-0.030524998903274536,0.045176997780799866
1451578546202,2,-0.03907199949026108,-0.05128199979662895,0.07326000183820724
1451578546225,2,-0.03907199949026108,-0.10012199729681015,0.10744799673557281
1451578546242,2,-0.03907199949026108,-0.18681299686431885,0.12820500135421753
1451578546262,2,-0.00976799987256527,-0.2222220003604889,0.13308899104595184
1451578546282,2,0.01831500045955181,-0.18192899227142334,0.12332099676132202
1451578546304,2,0.03418799862265587,-0.13919399678707123,0.09401699900627136
1451578546322,2,0.19169700145721436,-0.04273499920964241,-0.030524998903274536
1451578546342,2,0.2429789900779724,0.025640999898314476,-0.09523800015449524
1451578546362,2,0.2710619866847992,0.02808300033211708,-0.18070799112319946
1451578546383,2,0.2588520050048828,0.00976799987256527,-0.24786299467086792
1451578546403,2,0.28449299931526184,0.04395600035786629,-0.2319899946451187
1451578546427,2,0.33943799138069153,-0.17704500257968903,-0.14774100482463837
1451578546443,2,0.16605599224567413,-0.18192899227142334,-0.13675199449062347
1451578546464,2,0.05616600066423416,-0.15506699681282043,-0.11233200132846832
1451578546483,2,-0.003662999952211976,-0.13186800479888916,-0.10744799673557281
1451578546507,1,0.02930399961769581,-0.06104999780654907,-0.11965800076723099
1451578546525,1,0.3125759959220886,-0.10744799673557281,-0.24053700268268585
1451578546543,1,0.31135499477386475,-0.08058600127696991,-0.24542099237442017
1451578546565,1,0.20390699803829193,-0.08546999841928482,-0.1684979945421219
1451578546584,1,0.04151399806141853,-0.035408999770879745,-0.06837599724531174
1451578546604,1,-0.10134299844503403,0.05372399836778641,-0.003662999952211976
1451578546624,1,-0.14407800137996674,0.195360004901886,0.0
1451578546644,1,-0.03296700119972229,0.2002439945936203,-0.05738699808716774
1451578546664,1,0.10988999903202057,0.10378500074148178,-0.10622699558734894
1451578546684,1,0.17948700487613678,0.04761900007724762,-0.12087900191545486
1451578546704,1,0.15506699681282043,-0.004883999936282635,-0.10134299844503403
1451578546724,1,0.07814399898052216,-0.04761900007724762,-0.059829000383615494
1451578546745,1,-0.059829000383615494,-0.10500600188970566,0.07326000183820724
1451578546765,1,-0.1294260025024414,-0.21489599347114563,0.09035399556159973
1451578546785,1,-0.1733819991350174,-0.3736259937286377,0.08424899727106094
1451578546811,1,-0.14774100482463837,-0.4713059961795807,0.10500600188970566
1451578546826,1,-0.11477399617433548,-0.5445659756660461,0.12820500135421753
1451578546846,1,-0.11721599847078323,-0.6385830044746399,0.22344300150871277
1451578546866,1,-0.13797299563884735,-0.6043949723243713,0.31623899936676025
1451578546888,1,-0.1355309933423996,-0.5079360008239746,0.32844898104667664
1451578546905,1,-0.09035399556159973,-0.31013399362564087,0.24542099237442017
1451578546926,1,0.0647130012512207,-0.13797299563884735,0.17704500257968903
1451578546946,1,0.3028079867362976,0.026861999183893204,0.20757000148296356
1451578546966,1,0.2967030107975006,-0.08058600127696991,0.32112300395965576
1451578546988,1,0.16361400485038757,-0.20757000148296356,0.4004879891872406
1451578547006,1,-0.03907199949026108,-0.27350398898124695,0.44566500186920166
1451578547026,1,-0.1941390037536621,-0.2649570107460022,0.523809015750885
1451578547046,1,-0.3614159822463989,-0.3040289878845215,0.49450498819351196
1451578547072,1,-0.49084198474884033,-0.21245399117469788,0.23565299808979034
1451578547087,1,-0.4102559983730316,-0.09157499670982361,0.19291800260543823
1451578547106,1,-0.2637360095977783,-0.06104999780654907,0.21855899691581726
1451578547127,1,-0.097680002450943,-0.020756999030709267,0.21977999806404114
1451578547147,1,0.02442000061273575,0.02930399961769581,0.08424899727106094
1451578547168,1,0.1892549991607666,0.16361400485038757,-0.059829000383615494
1451578547187,1,0.1843709945678711,0.21855899691581726,-0.06959699839353561
1451578547207,1,0.11843699961900711,0.1404149979352951,-0.04761900007724762
1451578547228,1,0.02319899946451187,-0.01831500045955181,-0.021978000178933144
1451578547248,1,-0.050060998648405075,-0.09645900130271912,-0.007325999904423952
1451578547268,1,0.0647130012512207,-0.07326000183820724,0.035408999770879745
1451578547288,1,0.1355309933423996,-0.06959699839353561,0.07203900068998337
1451578547308,1,0.1843709945678711,-0.01831500045955181,0.12087900191545486
1451578547328,1,0.28815600275993347,0.05372399836778641,0.22832699120044708
1451578547349,1,0.5531129837036133,0.10378500074148178,0.36629998683929443
1451578547370,1,0.6776549816131592,-0.11721599847078323,0.2710619866847992
1451578547389,1,0.34798499941825867,1.101341962814331,-1.9438319206237793
1451578547409,1,1.8363839387893677,1.0781430006027222,-2.2625129222869873
1451578547429,1,1.7301570177078247,0.637362003326416,-2.0048818588256836
1451578547449,1,1.1318669319152832,0.06104999780654907,-0.6153839826583862
1451578547471,1,0.19658099114894867,-0.6227099895477295,0.8095229864120483
1451578547489,1,-0.8705729842185974,-1.2576299905776978,1.0781430006027222
1451578547509,1,-1.018314003944397,-0.5714280009269714,-0.020756999030709267
1451578547529,1,-0.7619040012359619,0.44078099727630615,-0.8498159646987915
1451578547549,1,-0.13186800479888916,1.1428560018539429,-0.8717939853668213
1451578547570,1,0.4615379869937897,1.153844952583313,-0.22100099921226501
1451578547590,1,-0.020756999030709267,0.010989000089466572,0.7680090069770813
1451578547610,1,-0.4810740053653717,-0.45054900646209717,0.6483510136604309
1451578547630,1,-0.5970689654350281,-0.4285709857940674,0.37606799602508545
1451578547650,1,-0.34920600056648254,-0.08180700242519379,0.11843699961900711
1451578547671,1,0.03296700119972229,0.25641000270843506,-0.020756999030709267
1451578547690,1,0.2905980050563812,0.31013399362564087,-0.01831500045955181
1451578547711,1,0.19047600030899048,0.20634900033473969,0.050060998648405075
1451578547730,1,0.0,0.12209999561309814,0.06349200010299683
1451578547751,1,-0.15384599566459656,0.05860799923539162,0.06349200010299683
1451578547770,1,-0.20879100263118744,0.020756999030709267,0.07692299783229828
1451578547791,1,-0.16483499109745026,0.01831500045955181,0.07936500012874603
1451578547811,1,-0.03174600005149841,0.08058600127696991,-0.03174600005149841
1451578547831,1,0.02442000061273575,0.13064700365066528,-0.09157499670982361
1451578547851,1,0.06104999780654907,0.12698400020599365,-0.06227099895477295
1451578547871,1,0.045176997780799866,0.050060998648405075,-0.010989000089466572
1451578547891,1,-0.021978000178933144,-0.006105000153183937,0.04761900007724762
1451578547912,1,-0.10012199729681015,-0.04151399806141853,0.025640999898314476
1451578547932,1,-0.08546999841928482,-0.03907199949026108,-0.00976799987256527
1451578547954,1,-0.08180700242519379,-0.010989000089466572,-0.03663000091910362
1451578547973,1,-0.1025639995932579,0.010989000089466572,-0.054944999516010284
1451578547992,1,-0.13919399678707123,0.02930399961769581,-0.0488400012254715
1451578548013,1,-0.15995100140571594,0.08424899727106094,-0.02442000061273575
1451578548033,1,-0.11965800076723099,0.19047600030899048,0.020756999030709267
1451578548054,1,-0.097680002450943,0.2503049969673157,0.06104999780654907
1451578548072,1,-0.09035399556159973,0.2503049969673157,0.10500600188970566
1451578548093,1,-0.04761900007724762,0.22344300150871277,0.17460300028324127
1451578548113,1,-0.012210000306367874,0.16117200255393982,0.22588500380516052
1451578548133,1,0.08302799612283707,0.10378500074148178,0.21489599347114563
1451578548155,1,0.18070799112319946,0.15873000025749207,0.20146499574184418
1451578548174,1,0.2661779820919037,0.19291800260543823,0.2161169946193695
1451578548194,1,0.26251500844955444,0.19047600030899048,0.2637360095977783
1451578548214,1,0.17582400143146515,0.17093999683856964,0.3296699821949005
1451578548234,1,0.03663000091910362,0.18803399801254272,0.4004879891872406
1451578548255,1,0.11599499732255936,0.30647099018096924,0.3882780075073242
1451578548274,1,0.211232990026474,0.4004879891872406,0.3894990086555481
1451578548294,1,0.21855899691581726,0.3992669880390167,0.3577530086040497
1451578548314,1,0.14774100482463837,0.3247860074043274,0.31135499477386475
1451578548334,1,0.013430999591946602,0.19780199229717255,0.2527469992637634
1451578548356,1,-0.13308899104595184,0.008546999655663967,0.26129400730133057
1451578548374,1,-0.07203900068998337,0.04273499920964241,0.2649570107460022
1451578548395,1,0.025640999898314476,0.10500600188970566,0.25763100385665894
1451578548415,1,0.09645900130271912,0.10012199729681015,0.21977999806404114
1451578548435,1,0.07814399898052216,0.05128199979662895,0.12209999561309814
1451578548460,1,0.03296700119972229,-0.01831500045955181,-0.05128199979662895
1451578548475,1,0.0757019966840744,-0.03418799862265587,-0.059829000383615494
1451578548495,1,0.07448099553585052,0.006105000153183937,-0.040293000638484955
1451578548516,1,0.012210000306367874,0.05372399836778641,-0.014651999808847904
1451578548537,2,-0.1025639995932579,0.09401699900627136,-0.017093999311327934
1451578548557,2,-0.2002439945936203,-0.09279599785804749,-0.10134299844503403
1451578548575,2,-0.13430999219417572,-0.1025639995932579,-0.1245419979095459
1451578548596,2,-0.0647130012512207,-0.008546999655663967,-0.08180700242519379
1451578548617,2,-0.015873000025749207,0.11111100018024445,-0.014651999808847904
1451578548636,2,-0.015873000025749207,0.04395600035786629,-0.014651999808847904
1451578548656,2,-0.040293000638484955,-0.2808299958705902,-0.10500600188970566
1451578548676,2,-0.021978000178933144,-0.3296699821949005,-0.11843699961900711
1451578548697,2,0.015873000025749207,-0.33211198449134827,-0.11843699961900711
1451578548717,2,0.09890099614858627,-0.30524998903274536,-0.11965800076723099
1451578548737,2,0.18681299686431885,-0.211232990026474,-0.13675199449062347
1451578548756,2,0.299144983291626,-0.16605599224567413,-0.16361400485038757
1451578548777,2,0.38217300176620483,-0.1733819991350174,-0.05372399836778641
1451578548797,2,0.21245399117469788,-0.21001200377941132,0.0488400012254715
1451578548817,2,0.06837599724531174,-0.18803399801254272,0.09401699900627136
1451578548838,2,0.040293000638484955,-0.025640999898314476,0.11233200132846832
1451578548857,2,0.06959699839353561,0.09279599785804749,0.09645900130271912
1451578548878,2,0.1025639995932579,0.07692299783229828,0.04273499920964241
1451578548898,2,0.0647130012512207,-0.01953599974513054,0.04761900007724762
1451578548917,2,0.07326000183820724,-0.19902299344539642,0.04639799892902374
1451578548938,2,0.10744799673557281,-0.4212450087070465,0.01953599974513054
1451578548959,2,0.10744799673557281,-0.5030519962310791,0.014651999808847904
1451578548978,2,0.01953599974513054,-0.3369959890842438,0.06715499609708786
1451578548998,2,0.03174600005149841,-0.1465200036764145,0.09890099614858627
1451578549019,2,0.03663000091910362,-0.035408999770879745,0.15018299221992493
1451578549039,2,0.014651999808847904,0.035408999770879745,0.13308899104595184
1451578549059,2,0.030524998903274536,0.03418799862265587,0.059829000383615494
1451578549079,2,0.04395600035786629,0.02442000061273575,-0.030524998903274536
1451578549099,2,0.035408999770879745,0.15995100140571594,0.03418799862265587
1451578549119,2,0.04151399806141853,0.195360004901886,0.07326000183820724
1451578549139,2,0.050060998648405075,0.12576299905776978,0.026861999183893204
1451578549163,2,0.02319899946451187,0.03907199949026108,-0.02319899946451187
1451578549180,2,-0.03174600005149841,-0.07814399898052216,-0.05616600066423416
1451578549200,2,-0.15384599566459656,-0.12576299905776978,0.012210000306367874
1451578549221,2,-0.1294260025024414,-0.03174600005149841,0.02808300033211708
1451578549240,2,-0.006105000153183937,0.10378500074148178,-0.010989000089466572
1451578549260,2,0.11965800076723099,0.09890099614858627,-0.07936500012874603
1451578549280,2,0.08058600127696991,-0.04639799892902374,-0.08913300186395645
1451578549300,2,-0.2161169946193695,-0.23931600153446198,0.025640999898314476
1451578549326,2,-0.20757000148296356,-0.08791200071573257,0.012210000306367874
1451578549340,2,-0.1025639995932579,0.07814399898052216,-0.054944999516010284
1451578549361,2,-0.014651999808847904,0.12698400020599365,-0.12087900191545486
1451578549381,2,-0.010989000089466572,0.010989000089466572,-0.1514039933681488
1451578549402,2,-0.07326000183820724,-0.13064700365066528,-0.11233200132846832
1451578549421,2,-0.308912992477417,-0.026861999183893204,0.05128199979662895
1451578549441,2,-0.2490839958190918,0.12576299905776978,0.06959699839353561
1451578549461,2,-0.1404149979352951,0.19902299344539642,-0.003662999952211976
1451578549481,2,-0.08058600127696991,0.15506699681282043,-0.10500600188970566
1451578549502,2,-0.0866909995675087,0.045176997780799866,-0.15384599566459656
1451578549521,2,-0.097680002450943,0.012210000306367874,-0.04395600035786629
1451578549542,2,-0.0647130012512207,0.05860799923539162,-0.01953599974513054
1451578549562,2,-0.026861999183893204,0.10134299844503403,-0.02442000061273575
1451578549582,2,0.007325999904423952,0.09279599785804749,-0.08424899727106094
1451578549607,2,0.05250300094485283,0.015873000025749207,-0.16483499109745026
1451578549623,2,0.04639799892902374,-0.008546999655663967,-0.12209999561309814
1451578549642,2,-0.0012209999840706587,0.006105000153183937,-0.030524998903274536
1451578549662,2,-0.02442000061273575,0.026861999183893204,0.008546999655663967
1451578549682,2,-0.0024419999681413174,0.059829000383615494,-0.026861999183893204
1451578549703,2,0.040293000638484955,0.06593400239944458,-0.07692299783229828
1451578549724,2,0.05250300094485283,0.054944999516010284,-0.09035399556159973
1451578549743,2,0.02442000061273575,0.06104999780654907,-0.03296700119972229
1451578549763,2,0.010989000089466572,0.09157499670982361,-0.014651999808847904
1451578549784,2,0.012210000306367874,0.09401699900627136,-0.010989000089466572
1451578549805,2,0.02319899946451187,0.0866909995675087,-0.021978000178933144
1451578549824,2,0.035408999770879745,0.05372399836778641,-0.040293000638484955
1451578549843,2,0.035408999770879745,-0.06104999780654907,-0.06349200010299683
1451578549863,2,0.013430999591946602,-0.07203900068998337,-0.04395600035786629
1451578549884,2,0.012210000306367874,-0.04151399806141853,-0.026861999183893204
1451578549905,2,0.0024419999681413174,0.04151399806141853,-0.026861999183893204
1451578549924,2,0.007325999904423952,0.11233200132846832,-0.04639799892902374
1451578549944,2,0.02808300033211708,0.20146499574184418,-0.054944999516010284
1451578549964,2,0.08791200071573257,0.26129400730133057,-0.06227099895477295
1451578549984,2,0.15995100140571594,0.40903499722480774,-0.08424899727106094
1451578550004,2,0.23931600153446198,0.5909640192985535,-0.17216099798679352
1451578550024,2,0.422465980052948,0.8351640105247498,-0.43467599153518677
1451578550044,2,0.2490839958190918,1.5079349279403687,-1.799754023551941
1451578550065,2,0.44688600301742554,-3.0866880416870117,0.48473697900772095
1451578550088,2,0.19047600030899048,-2.2271039485931396,0.2161169946193695
1451578550104,2,-0.015873000025749207,0.006105000153183937,-0.05128199979662895
1451578550125,2,-0.08546999841928482,1.565321922302246,0.25641000270843506
1451578550145,2,-0.14285700023174286,1.8021960258483887,0.6776549816131592
1451578550165,2,0.050060998648405075,0.24542099237442017,0.6031739711761475
1451578550186,2,0.16605599224567413,-0.6288149952888489,-0.006105000153183937
1451578550212,2,0.1452990025281906,-1.327226996421814,-0.5323559641838074
1451578550226,2,0.025640999898314476,-1.5579960346221924,-0.7252739667892456
1451578550246,2,-0.08302799612283707,-1.346763014793396,-0.689864993095398
1451578550266,2,-0.003662999952211976,-0.32234400510787964,-0.31135499477386475
1451578550292,2,-0.0024419999681413174,0.21733799576759338,-0.14285700023174286
1451578550306,2,-0.059829000383615494,0.5421239733695984,-0.026861999183893204
1451578550326,2,-0.10012199729681015,0.4932839870452881,0.02442000061273575
1451578550346,2,-0.16605599224567413,0.04639799892902374,0.020756999030709267
1451578550367,2,-0.2649570107460022,-0.6459090113639832,0.06837599724531174
1451578550388,2,-0.34920600056648254,-0.5775330066680908,-0.020756999030709267
1451578550412,2,-0.2869350016117096,-0.7728930115699768,-0.05128199979662895
1451578550427,2,-0.2002439945936203,-0.5091570019721985,-0.03663000091910362
1451578550447,2,-0.07936500012874603,-0.3369959890842438,-0.050060998648405075
1451578550467,2,0.014651999808847904,-0.16483499109745026,0.013430999591946602
1451578550487,2,0.07814399898052216,0.2747249901294708,0.10134299844503403
1451578550507,2,0.0757019966840744,0.5873010158538818,0.10622699558734894
1451578550528,2,0.07936500012874603,0.8559209704399109,0.09035399556159973
1451578550547,2,0.09157499670982361,0.9926729798316956,0.1294260025024414
