1451546808307,1,0.3185998797416687,-0.08297989517450333,0.25601592659950256
1451546808313,1,0.3185998797416687,-0.08297989517450333,0.25601592659950256
1451546808325,1,0.3185998797416687,-0.08297989517450333,0.25601592659950256
1451546808348,1,0.3185998797416687,-0.08297989517450333,0.25601592659950256
1451546808367,1,0.3185998797416687,-0.08297989517450333,0.25601592659950256
1451546808387,1,0.3185998797416687,-0.08297989517450333,0.25601592659950256
1451546808408,1,0.3185998797416687,-0.08297989517450333,0.25601592659950256
1451546808427,1,1.0866944789886475,-2.27241587638855,0.9830436706542969
1451546808448,1,-0.46286922693252563,-0.13397008180618286,0.7404051423072815
1451546808468,1,-0.7939392924308777,0.013382628560066223,0.47014206647872925
1451546808493,1,-1.2218148708343506,0.29487550258636475,-0.12524199485778809
1451546808513,1,-1.2405297756195068,0.4881482720375061,1.3436697721481323
1451546808531,1,-1.186030626296997,0.42629706859588623,1.3031822443008423
1451546808549,1,-0.7299597859382629,0.10768705606460571,1.2836586236953735
1451546808569,1,-0.396519273519516,0.05760989338159561,0.37369829416275024
1451546808596,1,-1.5171362161636353,0.34957507252693176,-0.45750704407691956
1451546808616,1,0.8705710768699646,1.5542309284210205,0.010655834339559078
1451546808633,1,0.21344485878944397,1.329963207244873,0.4356628656387329
1451546808653,1,0.3145413398742676,0.5759621858596802,1.611131191253662
1451546808675,1,0.5201424360275269,0.009516016580164433,1.3735510110855103
1451546808695,1,0.12429098039865494,0.06712941825389862,0.6192980408668518
1451546808714,1,0.807274341583252,0.4336871802806854,0.502208948135376
1451546808730,1,0.7811455726623535,0.4994739592075348,0.9165408611297607
1451546808753,1,-0.05677000805735588,0.4151841402053833,0.5749152898788452
1451546808776,1,-0.4552883207798004,0.4814543128013611,-0.33236148953437805
1451546808795,1,-0.09224390983581543,0.2551981806755066,-0.21085985004901886
1451546808813,1,0.41061896085739136,-0.05212532356381416,0.09159224480390549
1451546808833,1,0.4972333312034607,-0.09091127663850784,-0.6111848950386047
1451546808858,1,0.5566262006759644,0.0935901403427124,-1.125213384628296
1451546808876,1,-1.2113006114959717,0.3256511688232422,-0.11101824790239334
1451546808894,1,-0.9463893175125122,0.3473106324672699,1.0545026063919067
1451546808914,1,-0.39522069692611694,-0.1724468171596527,0.15282383561134338
1451546808933,1,0.19692105054855347,0.5935065746307373,-0.41154900193214417
1451546808954,1,-0.5353232622146606,0.4218669831752777,-0.5744260549545288
1451546808975,1,-0.5787976980209351,1.129951000213623,-1.230067253112793
1451546808994,1,-0.7333138585090637,0.5355068445205688,-0.4990268051624298
1451546809010,1,-1.7223122119903564,0.5963912010192871,1.2312719821929932
1451546809033,1,-1.3760653734207153,0.22451777756214142,0.21064239740371704
1451546809054,1,23.381362915039063,-4.480899810791016,-0.778420090675354
1451546809078,1,1.2349202632904053,-1.4584978818893433,4.905678749084473
1451546809095,1,-4.917801856994629,1.0760217905044556,-0.6265893578529358
1451546809114,1,-4.916853427886963,1.9804128408432007,0.5617974400520325
1451546809134,1,-2.976041316986084,0.9845552444458008,-0.44571197032928467
1451546809159,1,-2.1241908073425293,-0.1157137081027031,-0.541549026966095
1451546809177,1,-0.8399217128753662,-0.5275281071662903,-0.4978039860725403
1451546809195,1,-0.3967614769935608,-0.08253800123929977,-3.663949966430664
1451546809215,1,-2.660165309906006,1.086761236190796,2.3146073818206787
1451546809236,1,-2.9369564056396484,1.1605132818222046,2.5315468311309814
1451546809257,1,-1.5390210151672363,0.12874621152877808,0.44921794533729553
1451546809281,1,-0.4874594211578369,0.07602116465568542,-0.7248556613922119
1451546809298,1,-0.10075491666793823,0.12096914649009705,-0.9837526679039001
1451546809316,1,-1.8075759410858154,0.06314706802368164,1.6981407403945923
1451546809337,1,-1.915129542350769,-0.02725391834974289,1.5523205995559692
1451546809370,1,-1.8349822759628296,0.6641285419464111,1.4368711709976196
1451546809379,1,-1.367788553237915,-0.05528232827782631,0.5245002508163452
1451546809396,1,-0.3919248580932617,-0.46555474400520325,-0.1439192295074463
1451546809417,1,-0.5660352110862732,0.2999936044216156,0.3752771019935608
1451546809437,1,-1.1010733842849731,0.14622282981872559,0.5095423460006714
1451546809460,1,-0.7881649732589722,0.08033142983913422,0.129013329744339
1451546809474,1,-0.6531968116760254,-0.12610884010791779,-1.0656096935272217
1451546809497,1,-0.19074498116970062,-0.05393558740615845,-1.251452088356018
1451546809516,1,-0.6047288179397583,0.2110743671655655,0.38450610637664795
1451546809539,1,-2.0212128162384033,0.38381287455558777,0.22096097469329834
1451546809560,1,-1.7229925394058228,0.20100538432598114,-0.08394435793161392
1451546809580,1,-1.1190311908721924,-0.09305296093225479,1.0669915676116943
1451546809598,1,0.10171528905630112,-0.09178280085325241,0.8597908020019531
1451546809619,1,0.07820669561624527,-0.3986679017543793,0.5176397562026978
1451546809639,1,-1.7515455484390259,0.8555623888969421,0.7539116740226746
1451546809655,1,-0.609351634979248,1.0234569311141968,0.35393619537353516
1451546809680,1,-0.25004005432128906,0.71317458152771,-0.058859601616859436
1451546809699,1,-0.25774097442626953,0.44765549898147583,0.273954302072525
1451546809719,1,-0.11561843007802963,0.4644809663295746,0.5915367603302002
1451546809740,1,-1.2664138078689575,0.5490051507949829,0.09852759540081024
1451546809761,1,-0.8956639766693115,0.6171352863311768,-0.2663356363773346
1451546809781,1,-0.21260668337345123,0.2884656488895416,-0.3306301236152649
1451546809798,1,-0.556771457195282,-0.15268296003341675,0.020641805604100227
1451546809820,1,-0.849494457244873,-0.059109777212142944,0.3244219422340393
1451546809842,1,-0.546417772769928,-0.3086708188056946,0.34049278497695923
1451546809861,1,-1.9481284618377686,-0.32688042521476746,0.14418986439704895
1451546809880,1,-1.2292180061340332,0.2742857336997986,0.4230120778083801
1451546809901,1,-0.30568727850914,0.21863165497779846,-0.19055882096290588
1451546809921,1,-0.22470684349536896,0.06904606521129608,-0.8240893483161926
1451546809941,1,-1.2839020490646362,0.5475035309791565,-0.8674825429916382
1451546809963,1,-1.3208777904510498,-0.04483984410762787,-0.5443816184997559
1451546809980,1,-0.5385097861289978,-0.13635492324829102,0.28042322397232056
1451546809999,1,0.9726647734642029,0.2993699014186859,0.9568886756896973
1451546810022,1,1.0872752666473389,0.6942605972290039,0.49471360445022583
1451546810043,1,0.16117310523986816,0.9529764652252197,0.9342828392982483
1451546810064,1,-1.9263529777526855,0.6307955980300903,-0.8185112476348877
1451546810081,1,-1.1347253322601318,0.3467120826244354,-0.6524474620819092
1451546810101,1,-0.10486239194869995,-0.14023147523403168,-0.6386246681213379
1451546810125,1,-0.2924889028072357,0.6441396474838257,0.46408817172050476
1451546810144,1,0.16053752601146698,0.02601590007543564,0.680814266204834
1451546810164,1,-0.13662713766098022,-0.518954336643219,-0.37279170751571655
1451546810181,1,-0.985264003276825,-0.013871288858354092,0.3561895191669464
1451546810202,1,-0.15851350128650665,-0.1758960783481598,0.38328853249549866
1451546810222,1,0.24374407529830933,-0.48768532276153564,0.10554945468902588
1451546810243,1,0.6724956631660461,-0.5301414728164673,0.5572428703308105
1451546810264,1,0.1619567722082138,-0.36479777097702026,0.7180424928665161
1451546810282,1,-0.95872563123703,0.3731628656387329,-0.21397709846496582
1451546810302,1,-0.7388007640838623,0.3618167042732239,-0.8554787635803223
1451546810324,1,-0.5079435110092163,0.12410218268632889,-1.0062065124511719
1451546810347,2,-0.1693631410598755,0.01698211394250393,-0.5419979095458984
1451546810368,2,-0.5704078078269958,0.047204818576574326,-0.13099311292171478
1451546810379,2,-0.44233211874961853,0.11172492802143097,0.727104902267456
1451546810404,2,-0.2673679292201996,0.04825754463672638,0.32328560948371887
1451546810423,2,-0.295905739068985,0.12518589198589325,-0.15493863821029663
1451546810446,2,-0.2921762764453888,0.2132633924484253,-0.2442132532596588
1451546810463,2,-0.26887694001197815,0.1306844800710678,-0.1242985799908638
1451546810483,2,-0.2785498797893524,0.07194061577320099,0.2773416042327881
1451546810503,2,-0.2892725169658661,-0.15075111389160156,0.6194324493408203
1451546810526,2,-0.5787726044654846,0.03813128545880318,0.47741177678108215
1451546810539,2,-0.5837202072143555,0.34933191537857056,0.2869511544704437
1451546810563,2,-0.31543344259262085,0.2795996069908142,0.041847676038742065
1451546810583,2,0.13479545712471008,-0.0946422815322876,-0.02770458534359932
1451546810604,2,-0.16355660557746887,-0.4502759277820587,0.5799643993377686
1451546810626,2,-0.34534209966659546,-0.4044663608074188,1.0356308221817017
1451546810647,2,-0.30073586106300354,-0.02532382681965828,1.0607266426086426
1451546810659,2,-0.06250891834497452,0.11410276591777802,0.9334113597869873
1451546810683,2,-0.0331852063536644,-0.050282325595617294,0.18655717372894287
1451546810703,2,-0.3830549418926239,0.2337649166584015,-0.45263153314590454
1451546810727,2,-0.3673582673072815,0.15872691571712494,0.4764198362827301
1451546810747,2,-0.30047333240509033,0.03236263990402222,0.8446125388145447
1451546810760,2,-0.2111748307943344,-0.04954992234706879,0.7130021452903748
1451546810784,2,-0.3016262352466583,0.031011808663606644,0.422652006149292
1451546810805,2,-0.3434317409992218,0.14806991815567017,-0.227162167429924
1451546810826,2,-0.27774399518966675,-0.32939621806144714,-0.9311755299568176
1451546810847,2,0.2389209121465683,-1.2778958082199097,-0.47811320424079895
1451546810865,2,0.5171027183532715,-3.104753017425537,4.91001558303833
1451546810886,2,-0.9275021553039551,-4.534109592437744,-0.6617962718009949
1451546810908,2,3.524245500564575,4.106865882873535,4.075688362121582
1451546810928,2,0.4409100115299225,1.7603538036346436,-3.090873956680298
1451546810948,2,1.5428502559661865,0.3874748945236206,1.4887444972991943
1451546810965,2,-0.22274185717105865,-1.4663444757461548,-0.2202899307012558
1451546810985,2,-1.047205924987793,-0.2978273630142212,-0.8321376442909241
1451546811008,2,-1.0553158521652222,0.4324491620063782,-1.33629310131073
1451546811027,2,-0.0838923379778862,-0.03750000149011612,0.6298983097076416
1451546811047,2,-0.0755467489361763,-0.5718225836753845,0.9625006318092346
1451546811066,2,0.0851898267865181,-0.8029834628105164,1.0850147008895874
1451546811087,2,-0.22994586825370789,-0.8437462449073792,0.6847066283226013
1451546811108,2,-0.30941280722618103,-0.5349211096763611,0.5693892240524292
1451546811127,2,0.3776177763938904,-0.33439505100250244,1.9407793283462524
1451546811150,2,-0.10672654211521149,0.43707624077796936,2.758744716644287
1451546811167,2,0.18001239001750946,0.06912263482809067,1.8967887163162231
1451546811187,2,0.42282432317733765,-0.5503735542297363,0.6254197359085083
1451546811210,2,0.0880078449845314,-0.7421750426292419,-0.21816286444664001
1451546811224,2,-0.493973970413208,-0.15107786655426025,-0.9294418692588806
1451546811247,2,-0.07696228474378586,0.32382163405418396,-0.6560264825820923
1451546811267,2,0.052166204899549484,0.0045206923969089985,-0.5498077273368835
1451546811287,2,-0.05444689840078354,-0.27689269185066223,-0.35649582743644714
1451546811308,2,-0.0088497344404459,-0.4807014465332031,0.08396247774362564
1451546811329,2,-0.35066506266593933,-0.3848603367805481,0.395546555519104
1451546811347,2,-0.8416486978530884,0.701337456703186,0.021022913977503777
1451546811368,2,-1.089812994003296,0.8822633028030396,0.2727893590927124
1451546811388,2,0.20150120556354523,-0.28521862626075745,0.21924832463264465
1451546811410,2,0.1222255751490593,-0.44597500562667847,0.39925768971443176
1451546811429,2,-0.15608999133110046,-0.1376122385263443,0.8701210618019104
1451546811443,2,-0.6070132851600647,0.1542448103427887,0.6978268027305603
1451546811468,2,-0.4712812304496765,0.12956979870796204,0.5071879029273987
1451546811491,2,-0.19257840514183044,0.17530104517936707,0.717087984085083
1451546811510,2,0.010615173727273941,-0.06181494519114494,0.8261007070541382
1451546811530,2,0.2430390566587448,-0.18587328493595123,0.7885469198226929
1451546811548,2,0.365020215511322,-0.19478140771389008,0.8475000262260437
1451546811570,2,0.395061731338501,-0.4878104031085968,0.7032839059829712
1451546811589,2,0.2929026186466217,-0.3856114447116852,0.33833763003349304
1451546811611,2,0.1967906355857849,-0.3371557295322418,0.24932606518268585
1451546811629,2,0.2965127229690552,-0.4273112416267395,0.5671083927154541
1451546811648,2,0.4943898320198059,-0.6244903206825256,0.8250023722648621
1451546811670,2,0.49389639496803284,-0.5918535590171814,0.5060422420501709
1451546811692,2,0.20976394414901733,-0.40061259269714355,0.20772096514701843
1451546811713,2,0.05960363522171974,-0.2072533518075943,-0.01077741477638483
1451546811731,2,-0.0017428615828976035,-0.0679144337773323,-0.052807461470365524
1451546811750,2,0.13709881901741028,-0.08621054887771606,0.0680459514260292
1451546811767,2,0.32427069544792175,-0.23241876065731049,0.046535540372133255
1451546811793,2,0.02787800505757332,-0.1707259863615036,0.10723580420017242
1451546811813,2,-0.104545958340168,-0.09113047271966934,-0.13286592066287994
1451546811830,2,-0.28551459312438965,0.05706395208835602,-0.21804770827293396
1451546811851,2,-0.3806386888027191,0.1614367663860321,-0.3359118700027466
1451546811875,2,-0.18546593189239502,0.058072835206985474,-0.20060324668884277
1451546811893,2,0.25827544927597046,-0.13224807381629944,0.2539139688014984
1451546811913,2,0.17810112237930298,-0.1260153204202652,0.4087725281715393
1451546811931,2,-0.4013393819332123,0.27074936032295227,-0.007875263690948486
1451546811948,2,-1.0549153089523315,0.8009878993034363,-0.299032062292099
1451546811974,2,-0.34450119733810425,-0.1045084223151207,-0.3613777458667755
1451546811994,2,0.792820394039154,-0.6078624725341797,0.8728063702583313
1451546812012,2,0.6596471667289734,-0.05007365345954895,1.6361767053604126
1451546812032,2,0.43045753240585327,0.10623685270547867,1.4252642393112183
1451546812052,2,-0.03013506345450878,0.1685369461774826,0.5693944692611694
1451546812073,2,0.28089800477027893,-0.08319675177335739,0.11078034341335297
1451546812097,2,0.2581648826599121,-0.4332248270511627,0.9147253632545471
1451546812114,2,0.5671941637992859,-0.3629688024520874,1.1605477333068848
1451546812131,2,0.21762068569660187,-0.19292320311069489,0.9109142422676086
1451546812152,2,-0.16898766160011292,0.12182547152042389,0.49187225103378296
1451546812176,2,-0.2337520569562912,0.10045593231916428,0.09446925669908524
1451546812194,2,0.027022922411561012,0.08245032280683517,-0.5071399807929993
1451546812213,2,-0.16545243561267853,0.12371055036783218,-0.5719265937805176
1451546812232,2,-0.18538455665111542,-0.2941834330558777,-0.7067869305610657
1451546812253,2,-0.03716408461332321,-0.33205461502075195,-0.5190291404724121
1451546812274,2,-0.43096742033958435,-0.2740355432033539,-0.436764121055603
1451546812294,2,0.15438063442707062,-0.46282386779785156,0.05970657244324684
1451546812314,2,-0.4779615104198456,-0.08853694796562195,0.35689446330070496
1451546812333,2,-0.6059770584106445,0.15515199303627014,-0.019659224897623062
1451546812356,1,-0.4657064974308014,0.29101768136024475,-0.08045826852321625
1451546812374,1,-0.17631496489048004,0.15991409122943878,0.53570556640625
1451546812399,1,-0.05579546466469765,0.058859601616859436,0.9788596630096436
1451546812413,1,-0.3340378403663635,0.12951894104480743,-0.034713003784418106
1451546812435,1,-0.5504744648933411,0.15078619122505188,-0.07388883084058762
1451546812453,1,-0.786685585975647,0.4729284942150116,0.08560381829738617
1451546812476,1,-0.8164986371994019,0.346587598323822,0.5483376383781433
1451546812496,1,-0.4376692473888397,0.24023500084877014,0.35125967860221863
1451546812513,1,-0.6533422470092773,0.6246136426925659,0.499193400144577
1451546812534,1,-1.860525369644165,-2.1371541023254395,1.9988082647323608
1451546812554,1,0.8789517283439636,0.3231464922428131,1.0109920501708984
1451546812570,1,0.5246076583862305,0.4010293781757355,-1.7715561389923096
1451546812591,1,0.22686153650283813,0.25519290566444397,-2.153179883956909
1451546812614,1,0.5084956884384155,0.3901309669017792,-0.9228314757347107
1451546812634,1,-0.5589303374290466,0.06579437106847763,1.377504825592041
1451546812655,1,-0.37269091606140137,0.16439853608608246,1.4885826110839844
1451546812678,1,-0.004333517514169216,0.19043664634227753,1.0475579500198364
1451546812697,1,0.22296001017093658,0.13329613208770752,0.727543294429779
1451546812712,1,0.09404949843883514,0.12643617391586304,0.35853111743927
1451546812735,1,0.11385652422904968,0.08458207547664642,0.14026831090450287
1451546812756,1,-0.15990087389945984,0.06196165829896927,-0.32872986793518066
1451546812778,1,-0.2499789297580719,-0.10385142266750336,-0.03374854102730751
1451546812792,1,0.2857972979545593,-0.15726152062416077,0.253498375415802
1451546812813,1,0.10805977880954742,-0.08068857342004776,0.5586562156677246
1451546812836,1,-0.19423122704029083,-0.00874912366271019,0.4247890114784241
1451546812858,1,0.089774489402771,0.004316694103181362,-0.22457155585289001
1451546812878,1,0.2360861599445343,-0.028481999412178993,-0.19247137010097504
1451546812897,1,-0.12794442474842072,-0.13958324491977692,0.07491583377122879
1451546812915,1,-0.22423815727233887,-0.10339082032442093,0.20959259569644928
1451546812936,1,-0.036527249962091446,-0.19814181327819824,0.04970014467835426
1451546812959,1,-0.7896008491516113,0.2261684685945511,0.9185299873352051
1451546812980,1,-2.4367189407348633,-0.009893032722175121,2.243521213531494
1451546812992,1,-1.3892993927001953,-1.0487568378448486,1.3901573419570923
1451546813016,1,13.911962509155273,-4.915332317352295,-1.8339953422546387
1451546813037,1,2.242948293685913,0.2914169132709503,4.436375141143799
1451546813060,1,-6.935194492340088,2.3181350231170654,-0.9673328995704651
1451546813079,1,-4.440011024475098,2.8556220531463623,-2.752730369567871
1451546813097,1,-0.7641192674636841,0.8172370195388794,-2.88468337059021
1451546813119,1,1.9151365756988525,-0.9712877869606018,-2.540208339691162
1451546813138,1,2.9903461933135986,-1.2454110383987427,-1.1818915605545044
1451546813161,1,2.1053874492645264,-0.3397931158542633,-0.3962456285953522
1451546813174,1,-1.3385709524154663,0.7854191660881042,-1.1951146125793457
1451546813198,1,-2.0442113876342773,0.7757762670516968,-0.4705144166946411
1451546813213,1,-1.6768076419830322,0.11122048646211624,0.1506955921649933
1451546813238,1,-0.9816495180130005,-0.5361398458480835,0.6178297400474548
1451546813260,1,0.5272812247276306,-0.7599561810493469,1.1659575700759888
1451546813278,1,0.17035740613937378,-0.5097124576568604,1.794907808303833
1451546813294,1,0.17837131023406982,-0.28570494055747986,0.9958224892616272
1451546813318,1,0.5602303147315979,-0.09756606072187424,0.7340723872184753
1451546813341,1,0.5371185541152954,4.454056906979531E-4,0.520849347114563
1451546813362,1,0.017857326194643974,-0.04085983335971832,-0.1157546266913414
1451546813380,1,0.1736970692873001,-0.29883038997650146,-0.015846973285079002
1451546813398,1,0.5737596154212952,-0.4043143689632416,0.3094002902507782
1451546813419,1,0.6787760853767395,-0.26217734813690186,0.5539116859436035
1451546813441,1,0.16934658586978912,-0.16774141788482666,0.41570261120796204
1451546813458,1,-0.1307983249425888,-0.019514264538884163,-0.042696401476860046
1451546813480,1,-0.45041510462760925,0.090091772377491,-0.41153499484062195
1451546813500,1,-0.006426708772778511,-0.29298165440559387,0.6510235667228699
1451546813520,1,0.8658562302589417,-0.17320026457309723,0.6190268397331238
1451546813541,1,0.8266267776489258,-0.44319677352905273,-0.12242577224969864
1451546813561,1,-0.00800288561731577,0.05970774218440056,0.10923486948013306
1451546813581,1,-0.30763939023017883,-0.008879472501575947,0.7744827270507813
1451546813600,1,-1.0272141695022583,0.4483376443386078,-0.09879004955291748
1451546813676,1,0.9386560320854187,-0.07454758137464523,0.5355009436607361
1451546813696,1,-0.40205878019332886,-0.32320845127105713,0.8136480450630188
1451546813713,1,-0.3136172592639923,0.013936755247414112,-0.05752747505903244
1451546813755,1,0.5436937212944031,-0.4090384840965271,0.972213089466095
1451546813814,1,0.4126952588558197,0.2879255414009094,0.11248481273651123
1451546813853,1,0.35527729988098145,-0.04437924176454544,0.7018336653709412
1451546813877,1,0.724938690662384,0.1162538081407547,-0.036188919097185135
1451546813896,1,0.9878800511360168,0.3055892288684845,0.6181155443191528
1451546813914,1,0.5195882320404053,0.659367561340332,1.4269781112670898
1451546813934,1,0.8178484439849854,-0.36353054642677307,0.4226303696632385
1451546813959,1,0.030935529619455338,-0.24838440120220184,0.600703775882721
1451546813976,1,-0.23510611057281494,0.0220060795545578,0.26413199305534363
1451546813991,1,-0.3776443898677826,0.3455062210559845,-0.8325649499893188
1451546814015,1,-0.10153423249721527,0.7658476233482361,-0.8168927431106567
1451546814035,1,-0.3228881359100342,0.06754676252603531,-0.21843700110912323
1451546814055,1,0.5551644563674927,-0.6830337047576904,1.1644150018692017
1451546814078,1,0.6369399428367615,-0.22576573491096497,1.1040619611740112
1451546814098,1,-0.9527230858802795,-0.555814266204834,1.0277947187423706
1451546814123,1,-1.5688985586166382,-0.33529695868492126,-0.012772972695529461
1451546814143,1,0.3817142844200134,-0.3169599175453186,0.6964069604873657
1451546814162,1,0.3477104604244232,-0.621074378490448,1.1227631568908691
1451546814183,1,-0.4045650064945221,-0.8067448735237122,-0.24782443046569824
1451546814204,1,-0.009001199156045914,0.581855297088623,-1.56583833694458
1451546814226,1,-0.8273045420646667,0.3684995472431183,-1.5595067739486694
1451546814241,1,-0.5915428996086121,0.5263169407844543,-0.6531926989555359
1451546814259,1,-0.05722410976886749,-0.23400165140628815,0.6030822396278381
1451546814288,1,0.0028922143392264843,-0.5786802172660828,1.1386445760726929
1451546814306,1,-0.35871919989585876,0.2830868661403656,0.5047837495803833
1451546814326,1,-1.069761872291565,1.2495225667953491,-0.08034311980009079
1451546814344,1,-0.03725961595773697,0.5146499276161194,0.6880401372909546
1451546814366,2,0.13837912678718567,0.19822949171066284,0.8756296038627625
1451546814386,2,0.06822020560503006,-0.7809563279151917,0.6211082935333252
1451546814410,2,0.9352440237998962,-0.7405576705932617,0.45300155878067017
1451546814428,2,0.7986302375793457,-1.1163824796676636,0.5081055760383606
1451546814446,2,0.6386544704437256,-1.2864824533462524,0.44797584414482117
1451546814464,2,-0.16659824550151825,-0.007102525793015957,0.45447397232055664
1451546814485,2,-0.0973905548453331,1.092652678489685,0.036989714950323105
1451546814508,2,0.07754676789045334,1.0972148180007935,-0.17856734991073608
1451546814528,2,0.3985092341899872,0.16455577313899994,-0.11361410468816757
1451546814547,2,-0.15255415439605713,-0.19562369585037231,-0.5235773324966431
1451546814566,2,-0.36722075939178467,-0.38197630643844604,-0.4343295693397522
1451546814586,2,-2.0926802158355713,-3.300701141357422,-2.3309268951416016
1451546814609,2,0.12188626080751419,1.5439292192459106,-0.7739642858505249
1451546814628,2,-0.5329684019088745,0.22667407989501953,-0.828506588935852
1451546814646,2,-1.1830308437347412,-0.418123722076416,-0.5938228368759155
1451546814665,2,0.22269436717033386,0.028074586763978004,0.4220329821109772
1451546814686,2,-0.680300772190094,0.04599778354167938,0.8202028870582581
1451546814707,2,0.09396248310804367,0.4711287319660187,0.7240811586380005
1451546814727,2,-0.033190030604600906,0.4238455891609192,0.7116215229034424
1451546814747,2,-0.10349661856889725,0.5257266163825989,1.1384726762771606
1451546814766,2,0.43051499128341675,-0.23872458934783936,1.454163670539856
1451546814787,2,0.4887436032295227,-0.2994418144226074,1.5106769800186157
1451546814809,2,-0.1369284987449646,0.018591303378343582,0.8489245176315308
1451546814829,2,0.15014322102069855,-0.09025485813617706,-0.015390461310744286
1451546814847,2,0.08977803587913513,0.10167700052261353,-0.5343839526176453
1451546814864,2,-0.07402954995632172,0.05449088662862778,0.11722002178430557
1451546814888,2,0.7398161888122559,-1.495513916015625,-0.280459463596344
1451546814909,2,1.1355856657028198,-1.3203823566436768,0.8291975259780884
1451546814927,2,-0.21234379708766937,0.28780338168144226,1.8322184085845947
1451546814946,2,-0.6587021350860596,0.7966665029525757,0.9075614213943481
1451546814967,2,-0.24970044195652008,0.7036334276199341,0.06777297705411911
1451546814988,2,0.8107842803001404,-0.4529039263725281,-0.20559506118297577
1451546815008,2,0.892513632774353,-0.6758844256401062,0.49161389470100403
1451546815030,2,0.33286213874816895,-0.5119792222976685,0.6878694891929626
1451546815049,2,-0.043861135840415955,0.02386544458568096,0.30746904015541077
1451546815070,2,-0.43943047523498535,0.3812146484851837,-0.0021866965107619762
1451546815089,2,-0.12189188599586487,0.29778292775154114,-0.502598226070404
1451546815111,2,0.8054656386375427,-0.5469640493392944,-0.5736836791038513
1451546815129,2,2.163558006286621,-2.877194404602051,-0.7963023781776428
1451546815149,2,3.6841676235198975,-3.6917202472686768,0.13152152299880981
1451546815169,2,-2.11661434173584,-16.905174255371094,18.61055564880371
1451546815192,2,-2.8384454250335693,12.476128578186035,16.658418655395508
1451546815211,2,1.1229867935180664,1.8724089860916138,-3.973684310913086
1451546815231,2,-3.7612247467041016,3.1587657928466797,-5.330655097961426
1451546815250,2,-4.135629653930664,1.3916882276535034,-5.498778820037842
1451546815270,2,-1.7908802032470703,0.7728419899940491,-1.4519518613815308
1451546815292,2,-1.3150579929351807,0.8705682158470154,-0.3689180612564087
1451546815311,2,-1.5057440996170044,1.0864630937576294,-2.585655450820923
1451546815325,2,-1.9655042886734009,0.8399012684822083,-2.6167337894439697
1451546815350,2,-1.121837854385376,0.348408967256546,-2.357808828353882
1451546815371,2,-0.6834561228752136,0.8968693614006042,-1.3529244661331177
1451546815394,2,-0.35680124163627625,0.45004385709762573,0.06985504180192947
1451546815414,2,-1.2992959022521973,0.6095698475837708,1.2160072326660156
1451546815431,2,-0.536276638507843,-0.8237643837928772,1.1158435344696045
1451546815452,2,0.04214863106608391,-0.8506067991256714,0.1632370948791504
1451546815472,2,0.027201548218727112,-0.3235848844051361,-0.0414724126458168
1451546815494,2,0.14538702368736267,-4.0215105400420725E-4,0.304267019033432
1451546815513,2,-0.18109707534313202,0.06561959534883499,0.48852819204330444
1451546815531,2,-0.3749619126319885,0.10614099353551865,0.123141810297966
1451546815551,2,-0.7945331931114197,-1.0292916297912598,0.9004226922988892
1451546815574,2,-0.5467718243598938,0.4193629026412964,0.45560383796691895
1451546815594,2,-1.0248957872390747,1.097051739692688,-0.6227017045021057
1451546815614,2,-0.5426912307739258,1.2560107707977295,-1.154994249343872
1451546815631,2,-0.7713391780853271,0.33317455649375916,-0.5717149972915649
1451546815649,2,-0.319428026676178,-0.4637257754802704,-0.23794542253017426
1451546815675,2,-0.21021120250225067,-0.1043061763048172,-0.21464404463768005
1451546815693,2,-0.4805417060852051,0.5441109538078308,-0.4698018729686737
1451546815713,2,-0.48662781715393066,0.7086749076843262,-0.36994099617004395
1451546815732,2,-0.23443083465099335,0.4198912978172302,0.413168728351593
1451546815752,2,-0.530131459236145,-0.3337140679359436,0.059312604367733
1451546815775,2,-0.09253448992967606,-0.023825697600841522,0.45421266555786133
1451546815794,2,-0.0221035685390234,0.2507674992084503,0.3069312870502472
1451546815815,2,-0.039244141429662704,0.28937458992004395,0.839616596698761
1451546815831,2,-0.4412631094455719,0.23665772378444672,0.4772118628025055
1451546815852,2,-0.6931986212730408,-0.6742021441459656,-0.22360827028751373
1451546815869,2,2.3928956985473633,0.08257365226745605,-0.41484394669532776
1451546815895,2,-0.4454343914985657,-0.28639528155326843,0.9353466629981995
1451546815913,2,1.185573697090149,0.0893634632229805,0.43327802419662476
1451546815932,2,0.22458504140377045,-0.054500821977853775,1.2410486936569214
1451546815953,2,-0.5193337798118591,-0.6718149781227112,-0.05716916546225548
1451546815976,2,-0.5662195682525635,-1.0564876794815063,0.04932605102658272
1451546815997,2,0.3928910195827484,-0.15014730393886566,0.7744061946868896
1451546816015,2,0.778188169002533,-0.16905659437179565,0.3985773026943207
1451546816034,2,-0.30960071086883545,-0.5656973719596863,-0.3901578485965729
1451546816053,2,-1.3826195001602173,0.18768705427646637,-0.931561291217804
1451546816077,2,-1.253784418106079,0.2400292456150055,-0.5810106992721558
1451546816094,2,-0.04953859746456146,0.6326900124549866,2.093524217605591
1451546816115,2,-0.2802450358867645,-0.0027875849045813084,0.438902884721756
1451546816134,2,-0.09931067377328873,-0.04926935210824013,0.31823593378067017
1451546816156,2,-0.35872864723205566,0.2836988866329193,-0.42309272289276123
1451546816176,2,-0.9542104601860046,0.2357756793498993,-0.25467735528945923
1451546816195,2,-0.7609691619873047,0.2162386178970337,-0.028406595811247826
1451546816215,2,-0.28091132640838623,0.10223755985498428,-0.2808697819709778
1451546816235,2,0.009883351624011993,0.08915478736162186,-0.49158817529678345
1451546816257,2,0.15873956680297852,0.1268324851989746,-0.07133329659700394
1451546816281,2,-0.9421144127845764,0.14078384637832642,0.026525018736720085
1451546816297,2,-1.0714192390441895,-0.025653496384620667,0.06753391027450562
1451546816310,2,-0.7755212783813477,-0.5203513503074646,0.3313087522983551
1451546816336,2,-0.32963475584983826,-0.9894850850105286,0.7103729844093323
1451546816360,2,0.09603460133075714,-0.6231009364128113,0.8902286291122437
1451546816376,2,-0.019205434247851372,0.10257014632225037,1.8262258768081665
1451546816402,1,0.870364785194397,0.669741690158844,1.1130120754241943
1451546816415,1,0.8300212621688843,0.2175450176000595,-0.03955576568841934
1451546816441,1,0.6801183223724365,0.20052491128444672,-0.5620879530906677
1451546816463,1,0.39465445280075073,0.20419804751873016,-0.5919435620307922
1451546816476,1,-0.16125264763832092,-0.31639760732650757,-0.4120049476623535
1451546816492,1,0.14793160557746887,-0.3331669569015503,0.6689525842666626
1451546816516,1,0.03924304619431496,-0.08791501820087433,1.0225731134414673
1451546816537,1,-0.01733136735856533,0.04550386220216751,0.8144564628601074
1451546816558,1,0.08968736231327057,0.07337678968906403,0.5026333332061768
1451546816574,1,-0.2347409576177597,0.15152385830879211,-0.06871698051691055
1451546816598,1,0.24562859535217285,-0.12774258852005005,-0.5116647481918335
1451546816618,1,0.004148753825575113,-0.19306758046150208,-0.3679933547973633
1451546816639,1,-0.2917836904525757,0.030061377212405205,0.16894201934337616
1451546816660,1,-0.34459370374679565,0.2445487678050995,0.35983049869537354
1451546816680,1,0.033140234649181366,0.2178238332271576,0.05148410424590111
1451546816698,1,-0.024045076221227646,-0.29251113533973694,0.10494447499513626
1451546816714,1,-0.050463564693927765,0.11459843814373016,0.45169398188591003
1451546816738,1,-0.2035655975341797,0.2826584279537201,0.5140735507011414
1451546816759,1,0.08485272526741028,0.2793266475200653,0.5838198661804199
1451546816780,1,-0.3724881112575531,0.2448199838399887,0.537906289100647
1451546816797,1,-0.6000747084617615,0.17047639191150665,0.48322251439094543
1451546816817,1,0.0983857586979866,-0.0035106386058032513,0.4503723680973053
1451546816838,1,-0.5038354992866516,0.11351122707128525,-0.19097615778446198
1451546816855,1,-0.7943850755691528,0.2622586190700531,-0.6659744381904602
1451546816879,1,-0.7401016354560852,0.1999029815196991,-0.7904477715492249
1451546816899,1,-0.7555769085884094,-0.17264147102832794,-0.5941115617752075
1451546816919,1,-2.0484509468078613,-0.7620096206665039,4.057917594909668
1451546816941,1,-2.5833230018615723,-1.7365421056747437,2.7583582401275635
1451546816961,1,31.131816864013672,-3.1090950965881348,-0.6641227006912231
1451546816980,1,-0.35842567682266235,2.0371932983398438,5.095485687255859
1451546816999,1,0.34011995792388916,1.8288217782974243,-1.5694749355316162
1451546817020,1,-3.1111650466918945,0.696374237537384,-4.355332374572754
1451546817042,1,-2.198058605194092,0.018589550629258156,-3.1724605560302734
1451546817062,1,0.10201709717512131,-1.0307395458221436,-1.287524938583374
1451546817081,1,0.4986676275730133,-0.8259686231613159,-0.9028612971305847
1451546817100,1,1.6765979528427124,0.1517728716135025,0.5310077667236328
1451546817120,1,1.836907982826233,-0.26710137724876404,-0.006315174512565136
1451546817143,1,-1.5094211101531982,0.5111807584762573,-0.32596156001091003
1451546817156,1,-0.7611014246940613,0.08456804603338242,0.8481962084770203
1451546817181,1,0.31662681698799133,-0.2811141312122345,1.3094027042388916
1451546817200,1,1.084483027458191,-0.36298051476478577,1.413185715675354
1451546817220,1,1.4427977800369263,-0.21508944034576416,1.240190029144287
1451546817243,1,-0.04102090746164322,-0.04736965522170067,0.60069739818573
1451546817263,1,-0.015089944005012512,-0.2224181741476059,0.3671160042285919
1451546817281,1,0.31938767433166504,-0.1800520271062851,0.04717617854475975
1451546817301,1,0.037900254130363464,-0.18536241352558136,-0.37463411688804626
1451546817322,1,0.005957191344350576,-0.018783610314130783,-0.5852063894271851
1451546817345,1,-0.08752860873937607,0.18886955082416534,-0.37113749980926514
1451546817364,1,-0.04917217418551445,0.008646832779049873,0.028878305107355118
1451546817383,1,0.2712881565093994,0.021264906972646713,0.41521745920181274
1451546817402,1,-0.20715361833572388,0.044483285397291183,0.42938512563705444
1451546817422,1,-0.10345129668712616,0.07483692467212677,0.23294483125209808
1451546817443,1,-0.026524178683757782,0.1273585557937622,-0.0023427638225257397
1451546817463,1,0.3515462279319763,0.09513327479362488,0.0015694412868469954
1451546817483,1,0.08587565273046494,0.04382102191448212,0.19680267572402954
1451546817503,1,-0.06717252731323242,0.028519991785287857,0.30374154448509216
1451546817525,1,0.0717417523264885,-0.004194529261440039,0.30880409479141235
1451546817545,1,0.0887300968170166,-0.03834989666938782,0.17816577851772308
1451546817565,1,2.568608324509114E-4,0.10568039119243622,-0.2590753138065338
1451546817584,1,-0.14879409968852997,0.03145429119467735,-0.21283553540706635
1451546817603,1,0.08965866267681122,-0.05205225944519043,0.03947627171874046
1451546817626,1,0.14827939867973328,-0.038578446954488754,0.39276012778282166
1451546817639,1,0.03906947001814842,-0.16261398792266846,0.6727479100227356
1451546817663,1,-0.0825713500380516,0.10496026277542114,0.108627550303936
1451546817683,1,0.01899595744907856,0.017205987125635147,0.009522446431219578
1451546817703,1,-0.009689468890428543,-0.006927753333002329,0.18130992352962494
1451546817723,1,0.13824234902858734,-0.0544990673661232,0.46227264404296875
1451546817745,1,0.09033743292093277,-0.031921908259391785,0.4641384482383728
1451546817763,1,-0.045735541731119156,0.03710603341460228,0.2519312798976898
1451546817783,1,0.24131186306476593,-0.011244447901844978,0.1507745087146759
1451546817804,1,0.045209065079689026,-0.045655250549316406,0.11398585885763168
1451546817826,1,-0.04292299598455429,-0.012855390086770058,0.1288461685180664
1451546817845,1,0.048588868230581284,-0.014504911378026009,0.18275953829288483
1451546817859,1,0.06826262176036835,-0.0061731357127428055,0.21274025738239288
1451546817883,1,-0.014609010890126228,0.01229892484843731,-0.14792028069496155
1451546817905,1,0.04529833421111107,-0.014125555753707886,-0.2036246359348297
1451546817925,1,0.07242326438426971,-0.0743330642580986,0.06455576419830322
1451546817946,1,0.1719779670238495,-0.10702946782112122,0.4038526117801666
1451546817964,1,0.10479431599378586,-0.06507131457328796,0.4084077775478363
1451546817984,1,-0.11393953859806061,0.12815934419631958,0.2636287212371826
1451546818004,1,-0.3600769340991974,0.20413433015346527,0.079251229763031
1451546818026,1,-0.33956724405288696,0.1452227085828781,0.18896949291229248
1451546818045,1,0.24772633612155914,-0.1893511861562729,0.05214870721101761
1451546818065,1,0.43598851561546326,-0.21187341213226318,0.22679157555103302
1451546818085,1,0.7070492506027222,-0.3792039155960083,0.5972750186920166
1451546818105,1,0.012312597595155239,0.17859715223312378,-0.19420097768306732
1451546818127,1,-0.03350371867418289,0.20135317742824554,-0.28828445076942444
1451546818145,1,-0.1302211731672287,0.1276724487543106,0.553197979927063
1451546818164,1,-0.004959302954375744,-0.009662731550633907,0.6675146818161011
1451546818186,1,-0.03473145142197609,-0.536109447479248,0.15621523559093475
1451546818207,1,0.3224999010562897,0.24878771603107452,0.6762076616287231
1451546818228,1,0.04801299422979355,-0.2188093364238739,0.46586453914642334
1451546818242,1,0.4156515598297119,0.08043371886014938,0.12085632979869843
1451546818266,1,-0.5431725978851318,0.020590953528881073,0.0997556746006012
1451546818291,1,0.010879961773753166,0.024044308811426163,0.28873100876808167
1451546818308,1,0.29457175731658936,-0.27281564474105835,-0.17113164067268372
1451546818330,1,-0.09745226055383682,-0.059253569692373276,-0.3693962097167969
1451546818346,1,-0.3154820203781128,-0.0327291339635849,-0.3713923692703247
1451546818366,1,-0.6047978401184082,0.044018007814884186,-0.17827801406383514
1451546818386,1,-0.8105392456054688,0.2772440016269684,-0.3542945086956024
1451546818408,1,0.3083251118659973,0.07262217253446579,0.6460661888122559
1451546818429,2,0.6140058636665344,-0.30838146805763245,1.1414748430252075
1451546818455,2,0.18663537502288818,-0.1015571728348732,0.5151315331459045
1451546818469,2,-0.17767134308815002,-0.07247603684663773,0.045729488134384155
1451546818488,2,-0.38667476177215576,0.050673957914114,-0.16202129423618317
1451546818512,2,-0.47747087478637695,0.1747673749923706,0.15692366659641266
1451546818530,2,0.39064282178878784,-0.28602877259254456,0.8853145241737366
1451546818547,2,0.6004848480224609,-0.4062047302722931,0.9279969334602356
1451546818569,2,0.7155857086181641,-0.490474671125412,0.8317927718162537
1451546818589,2,0.5973526835441589,-0.48960021138191223,0.23337680101394653
1451546818610,2,0.250118613243103,-0.2573889493942261,-0.3749164342880249
1451546818631,2,-0.4558054208755493,0.3541407883167267,-0.40808337926864624
1451546818648,2,-0.5359244346618652,0.23252689838409424,0.028635144233703613
1451546818669,2,-0.2582063376903534,-0.004517769906669855,0.5950678586959839
1451546818692,2,0.23812468349933624,-0.19559155404567719,0.8433072566986084
1451546818712,2,0.24039030075073242,-0.18016718327999115,0.3925590515136719
1451546818731,2,-0.48767727613449097,0.3179623782634735,-0.42405837774276733
1451546818749,2,-0.5317564606666565,0.34206220507621765,-0.4297492802143097
1451546818770,2,-0.4849114716053009,0.22346331179141998,-0.16304244101047516
1451546818793,2,-0.23979181051254272,0.18190965056419373,0.2022743821144104
1451546818812,2,-0.0797547996044159,0.10002747923135757,0.49428048729896545
1451546818831,2,-0.044387754052877426,0.11014555394649506,0.29421207308769226
1451546818850,2,0.15461966395378113,-0.9162421822547913,0.06153554469347
1451546818870,2,0.5167067050933838,-2.7578582763671875,0.6829910278320313
1451546818893,2,1.481730580329895,-2.3103129863739014,0.4646347165107727
1451546818913,2,-9.147801399230957,-4.66517448425293,7.9156389236450195
1451546818931,2,2.7409980297088623,3.954815626144409,3.3376216888427734
1451546818949,2,-1.0332870483398438,4.099436283111572,-7.337465286254883
1451546818971,2,-2.0326218605041504,1.9169471263885498,-6.918939590454102
1451546818994,2,-0.7672220468521118,-0.19040566682815552,-1.400298833847046
1451546819013,2,-1.3718630075454712,-1.1212574243545532,-0.010448329150676727
1451546819031,2,-1.2087767124176025,-0.5330541729927063,-0.5158072710037231
1451546819051,2,-0.4976292550563812,-0.019338322803378105,-0.045280572026968
1451546819072,2,-0.1502944380044937,0.04922901839017868,0.48160338401794434
1451546819095,2,0.1206943616271019,-0.15231120586395264,0.6246650815010071
1451546819108,2,0.204239621758461,-0.47348612546920776,0.7234417200088501
1451546819132,2,0.2078743278980255,-1.1381080150604248,1.8666560649871826
1451546819152,2,0.5211697816848755,-1.1826859712600708,2.552584409713745
1451546819175,2,0.44340378046035767,0.42492637038230896,1.2977725267410278
1451546819192,2,0.5381426215171814,0.18727263808250427,0.5714437961578369
1451546819215,2,0.43371134996414185,-0.2463163584470749,0.17176058888435364
1451546819232,2,0.14911913871765137,-0.40907472372055054,0.2256324738264084
1451546819251,2,0.009052997455000877,-0.19214987754821777,0.1103542298078537
1451546819269,2,-0.01690772920846939,-0.09977847337722778,4.8632221296429634E-4
1451546819296,2,0.31494778394699097,-0.41711190342903137,0.2549877464771271
1451546819312,2,0.06755712628364563,0.4171639382839203,-0.02853577397763729
1451546819334,2,-0.28035473823547363,0.34842649102211,-0.41679567098617554
1451546819353,2,-0.03330492600798607,0.04539806395769119,-0.6063409447669983
1451546819373,2,0.21526026725769043,-0.08701017498970032,0.10001637041568756
1451546819395,2,0.1822035014629364,-0.12643909454345703,0.24872809648513794
1451546819414,2,0.1959310621023178,-0.09625555574893951,0.1417214274406433
1451546819434,2,0.048532888293266296,0.053878892213106155,-0.12761807441711426
1451546819454,2,-0.24684911966323853,0.15338322520256042,0.05270049348473549
1451546819476,2,-0.308427631855011,0.09217618405818939,-0.542685329914093
1451546819495,2,-0.2660829424858093,-0.0617716908454895,0.7209662795066833
1451546819514,2,-0.26410844922065735,-0.1780851185321808,0.9043740630149841
1451546819533,2,-0.21210740506649017,-0.12384440749883652,0.7589449882507324
1451546819553,2,-0.03276190534234047,0.01540799718350172,0.3187456429004669
1451546819576,2,-0.1468595266342163,0.3152192234992981,-0.26094987988471985
1451546819591,2,-0.0537269152700901,0.2498456984758377,-0.1814829409122467
1451546819614,2,0.17637403309345245,0.050137367099523544,-0.020576924085617065
1451546819634,2,0.368368923664093,-0.16821838915348053,0.3736421763896942
1451546819654,2,0.3507254123687744,-0.19312019646167755,0.6593377590179443
1451546819675,2,0.235779270529747,-0.12547697126865387,0.6178483963012695
1451546819696,2,0.3907555341720581,-0.08579787611961365,0.468477338552475
1451546819714,2,-0.16157157719135284,-0.030940497294068336,0.08307985216379166
1451546819730,2,-0.150493785738945,-0.13829554617404938,0.08098959922790527
1451546819754,2,0.02117748372256756,0.05449088662862778,0.15726327896118164
1451546819777,2,-0.04648863524198532,0.010187632404267788,0.04558861628174782
1451546819797,2,-0.11489991098642349,0.021919570863246918,-0.05012333765625954
1451546819815,2,0.08209259063005447,-0.014506664127111435,0.21325521171092987
1451546819835,2,0.22381463646888733,-0.12216799706220627,0.47709670662879944
1451546819856,2,-0.03082878142595291,-0.06135609373450279,0.47214755415916443
1451546819877,2,-0.37475183606147766,-0.030004093423485756,0.2771364450454712
1451546819896,2,-0.47275444865226746,-0.09314940869808197,0.6722644567489624
1451546819914,2,0.0875878632068634,-0.030582770705223083,0.5112731456756592
1451546819935,2,0.15131017565727234,-0.06655716896057129,0.5547340512275696
1451546819957,2,0.06746625155210495,-0.016074351966381073,0.4980033040046692
1451546819978,2,0.09376341104507446,0.006137480027973652,0.13087737560272217
1451546819992,2,0.1052960678935051,-0.0226841252297163,-0.07506605237722397
1451546820019,2,0.2408970147371292,-0.11757716536521912,-0.10881810635328293
1451546820036,2,0.1569431871175766,-0.11487726122140884,0.20372165739536285
1451546820061,2,0.06569314002990723,-0.12220307439565659,0.3136170506477356
1451546820082,2,0.0053675915114581585,-0.17588497698307037,0.3217044770717621
1451546820101,2,-0.11438724398612976,-0.09703180193901062,0.2878250181674957
1451546820115,2,0.04774864390492439,-0.12457272410392761,0.09755261242389679
1451546820134,2,0.0731285884976387,-0.10375205427408218,0.25676819682121277
1451546820160,2,0.0036814650520682335,-0.06442015618085861,0.40907999873161316
1451546820177,2,-0.09111341089010239,8.241758769145235E-5,0.4243202209472656
1451546820197,2,-0.27037549018859863,0.1818038523197174,0.5580839514732361
1451546820218,2,-0.19900785386562347,0.1753273457288742,0.37065351009368896
1451546820238,2,-0.19552293419837952,0.09337620437145233,-0.011956395581364632
1451546820260,2,-0.34566205739974976,0.2342372089624405,-0.30231237411499023
1451546820278,2,-0.3444887101650238,0.31701135635375977,-0.10463584959506989
1451546820298,2,-0.4370773434638977,0.09707213938236237,0.7977198362350464
1451546820317,2,0.33046776056289673,-0.25113165378570557,0.1250198781490326
1451546820339,2,0.2961045801639557,-0.06035130098462105,0.3904880881309509
1451546820360,2,-0.1493392437696457,-0.13443301618099213,0.1531868278980255
1451546820381,2,-0.25593802332878113,-0.07348141819238663,-0.03705634921789169
1451546820397,2,-7.54398584831506E-4,-0.06372574716806412,0.18859423696994781
1451546820418,2,-0.08514712005853653,-0.15301087498664856,0.49701255559921265
1451546820440,2,0.19008217751979828,-0.280174195766449,0.43846213817596436
