1449615902020,0,0.0,0.0,0.0
1449615902033,1,-0.010487418621778488,-0.15253332257270813,-0.23032909631729126
1449615902055,1,0.008747406303882599,0.3768874406814575,-0.5562298893928528
1449615902075,1,0.4598119258880615,0.4569365382194519,0.02602875977754593
1449615902095,1,0.2477027326822281,0.1665162593126297,0.6178770661354065
1449615902115,1,-0.08391465991735458,-0.10066752880811691,0.9482751488685608
1449615902135,1,-0.031135471537709236,0.11696166545152664,1.0440115928649902
1449615902157,1,-0.16443704068660736,0.24230420589447021,0.9189561009407043
1449615902174,1,-0.08883783221244812,0.011629647575318813,0.030375264585018158
1449615902195,1,0.16883885860443115,-0.057752516120672226,-0.3208200931549072
1449615902219,1,0.09399868547916412,-0.00894376914948225,-0.2620101869106293
1449615902246,1,-0.22353556752204895,0.22569209337234497,0.22091829776763916
1449615902255,1,-0.4856134057044983,0.2784107029438019,0.5458096265792847
1449615902280,1,-0.7363643050193787,0.15476036071777344,-0.09093699604272842
1449615902300,1,-0.26421257853507996,0.1977478563785553,-0.3574181795120239
1449615902320,1,0.39797574281692505,0.1150093600153923,-0.547473132610321
1449615902343,1,0.5701808929443359,-0.030827684327960014,-0.4736725687980652
1449615902361,1,0.11665143072605133,-0.17952069640159607,-0.17154783010482788
1449615902376,1,-0.3167394995689392,0.1937093883752823,0.24375322461128235
1449615902402,1,-0.10936499387025833,-0.011122867465019226,0.23514263331890106
1449615902422,1,0.1590617448091507,-0.3177507817745209,0.46768122911453247
1449615902444,1,0.043383799493312836,0.0694119781255722,0.627465546131134
1449615902461,1,0.318741112947464,-0.04062134772539139,0.502494215965271
1449615902481,1,0.49255409836769104,-0.19510990381240845,0.17172610759735107
1449615902501,1,-0.30268046259880066,0.07915595918893814,0.2574766278266907
1449615902524,1,-0.7276248335838318,0.4623270034790039,0.380758136510849
1449615902544,1,-1.6144012212753296,0.08633972704410553,0.8373731970787048
1449615902562,1,-0.5247150659561157,-0.6068980097770691,0.20701543986797333
1449615902582,1,1.2985092401504517,0.5156546831130981,0.04911971464753151
1449615902602,1,-0.7081071734428406,-0.16063129901885986,2.52787709236145
1449615902622,1,-5.693802833557129,2.0400896072387695,-1.6037018299102783
1449615902644,1,-7.931469440460205,2.6660656929016113,-1.9023174047470093
1449615902662,1,-2.084700345993042,0.2120966911315918,0.0998404324054718
1449615902682,1,3.207312822341919,-0.9976239800453186,-2.9131245613098145
1449615902703,1,2.398933172225952,-0.49589553475379944,-0.6505138278007507
1449615902724,1,-0.6485020518302917,0.66009122133255,1.0310890674591064
1449615902744,1,-2.99257755279541,1.2239011526107788,2.3402345180511475
1449615902765,1,-2.986888885498047,0.9252426624298096,2.2139601707458496
1449615902784,1,-1.5523576736450195,0.4597545266151428,0.8403840661048889
1449615902803,1,0.09979213774204254,0.34584349393844604,-0.07291033864021301
1449615902825,1,1.1639693975448608,0.03899754583835602,-0.6646002531051636
1449615902844,1,0.4393428862094879,-0.11707330495119095,-0.10975509136915207
1449615902863,1,-0.3033120334148407,-0.04285363852977753,0.5768839716911316
1449615902883,1,-0.5866818428039551,0.007824994623661041,0.7046470046043396
1449615902904,1,-0.16082382202148438,0.03788520395755768,0.21110416948795319
1449615902926,1,0.3349672257900238,0.04559680074453354,-0.8328706622123718
1449615902944,1,0.5139247179031372,-0.06391162425279617,-0.7758306264877319
1449615902964,1,0.41602736711502075,-0.07691548019647598,-0.44515377283096313
1449615902984,1,-8.532923529855907E-4,0.03539513796567917,0.17106734216213226
1449615903006,1,-0.4496748745441437,0.20277123153209686,0.439106285572052
1449615903025,1,-0.21662193536758423,0.18950726091861725,0.015962708741426468
1449615903047,1,0.254486083984375,0.011290624737739563,-0.20736441016197205
1449615903065,1,0.6266823410987854,-0.06892857700586319,-0.13927987217903137
1449615903085,1,0.6135601997375488,-0.060602061450481415,0.056628480553627014
1449615903108,1,0.4330770671367645,-0.10816694796085358,0.3254278898239136
1449615903126,1,0.23763157427310944,-0.09006722271442413,0.5214052200317383
1449615903146,1,0.29908841848373413,-0.0019908815156668425,0.08999883383512497
1449615903165,1,0.28774452209472656,0.043126609176397324,-0.11683715879917145
1449615903185,1,0.2716139554977417,0.04239771142601967,-0.15864157676696777
1449615903206,1,0.1972808837890625,0.03173194080591202,-0.06710661947727203
1449615903227,1,0.26073962450027466,0.024603111669421196,0.1256616860628128
1449615903246,1,0.09938150644302368,-0.049331311136484146,0.03904313966631889
1449615903265,1,0.11585260927677155,0.0016296471003443003,-0.11943068355321884
1449615903285,1,0.07514116913080215,0.028696518391370773,-0.08175181597471237
1449615903308,1,0.7322498559951782,-0.13789397478103638,0.14247077703475952
1449615903328,1,0.37053731083869934,-0.3687848150730133,0.368243545293808
1449615903346,1,0.037048131227493286,0.20812194049358368,0.15161855518817902
1449615903367,1,-0.09475231170654297,0.1520177721977234,0.1731570065021515
1449615903387,1,0.17893829941749573,0.15822014212608337,0.07307634502649307
1449615903408,1,0.20692506432533264,0.15559564530849457,0.1262894570827484
1449615903427,1,0.1387241780757904,0.05605389550328255,0.07479717582464218
1449615903447,1,-0.046333882957696915,0.21881459653377533,-0.017162147909402847
1449615903466,1,0.053775541484355927,0.15481413900852203,-0.09167583286762238
1449615903482,1,-0.002075198804959655,0.0577712208032608,-0.18947570025920868
1449615903509,1,0.0797680988907814,0.11431436240673065,-0.11468670517206192
1449615903528,1,0.00237100338563323,0.01957213133573532,-0.0702817440032959
1449615903547,1,-0.05108429118990898,0.05804068595170975,0.04598667472600937
1449615903566,1,0.19691476225852966,0.041297055780887604,-0.041422728449106216
1449615903587,1,0.09482823312282562,0.043914545327425,0.0897241085767746
1449615903610,1,-0.0827898159623146,0.041689854115247726,0.09909750521183014
1449615903628,1,-0.11265198141336441,0.01770867593586445,0.1563841551542282
1449615903647,1,0.0744447112083435,-0.025404490530490875,0.3156517744064331
1449615903667,1,0.08243698626756668,0.20628421008586884,0.16455811262130737
1449615903690,1,0.13133323192596436,0.27070143818855286,0.019155951216816902
1449615903711,1,0.18386958539485931,0.18929682672023773,0.24179741740226746
1449615903729,1,0.1642155796289444,0.06349954009056091,0.27446985244750977
1449615903747,1,0.032319970428943634,0.0352419950067997,0.3508715331554413
1449615903768,1,-0.06284019351005554,0.023847324773669243,0.3157084584236145
1449615903788,1,-0.015231216326355934,0.12858253717422485,0.027751930058002472
1449615903809,1,0.0015055458061397076,0.0694219097495079,-0.0782628059387207
1449615903828,1,0.08896675705909729,0.18411505222320557,-0.12131518125534058
1449615903848,1,0.09136245399713516,0.13299159705638885,0.06319909542798996
1449615903868,1,-0.006137808784842491,0.08622516691684723,0.13065584003925323
1449615903890,1,-0.1786356270313263,0.19972294569015503,-0.01670972816646099
1449615903909,1,-0.12084685266017914,0.2477542757987976,-0.1096288338303566
1449615903929,1,-0.058973655104637146,0.25398820638656616,-0.08744564652442932
1449615903948,1,0.04853486269712448,0.20078152418136597,0.057311203330755234
1449615903969,1,0.169610396027565,0.11412147432565689,0.2274678647518158
1449615903991,1,0.06142042949795723,0.04757599160075188,0.19490064680576324
1449615904010,1,-0.016244065016508102,0.04799158498644829,0.16320493817329407
1449615904029,1,-0.02953696995973587,0.09614800661802292,0.08063479512929916
1449615904051,2,-0.18046313524246216,0.31352469325065613,-0.10044541209936142
1449615904069,2,-0.24673116207122803,0.3292763829231262,-0.09671440720558167
1449615904094,2,0.06799907982349396,0.1052946075797081,0.10773732513189316
1449615904115,2,0.1747370809316635,-0.103638656437397,-0.003415361512452364
1449615904129,2,0.1159977838397026,-0.011196517385542393,-0.20446284115314484
1449615904149,2,0.04122837632894516,0.05235562473535538,-0.20997020602226257
1449615904170,2,-0.11438613384962082,0.1335042119026184,-0.12478666007518768
1449615904202,2,-0.21994946897029877,0.1380138099193573,-0.23352351784706116
1449615904215,2,-0.04363536462187767,0.040080081671476364,0.229464590549469
1449615904230,2,0.18830887973308563,0.08189385384321213,0.5318167209625244
1449615904246,2,0.2686461806297302,-0.06386252492666245,0.35012102127075195
1449615904270,2,0.19339388608932495,2.0516719087027013E-4,0.07265256345272064
1449615904291,2,0.052642591297626495,0.17314590513706207,-0.19947569072246552
1449615904310,2,0.06299571692943573,0.027495909482240677,0.23285365104675293
1449615904330,2,0.15630319714546204,-0.10141922533512115,0.4538526237010956
1449615904351,2,0.16407065093517303,-0.03818681463599205,0.5059352517127991
1449615904374,2,0.14383451640605927,0.08338263630867004,0.37452539801597595
1449615904392,2,0.10566164553165436,0.09418927133083344,0.1178758516907692
1449615904412,2,0.04433945566415787,0.11363339424133301,-0.046054478734731674
1449615904431,2,-0.03507080301642418,0.15797638893127441,0.08383505046367645
1449615904452,2,0.025878794491291046,0.0881727933883667,0.23547464609146118
1449615904475,2,0.16215795278549194,0.007753682788461447,0.23429624736309052
1449615904493,2,0.15013471245765686,0.03958440572023392,0.13345161080360413
1449615904512,2,0.05792400240898132,0.08720248192548752,-0.051533203572034836
1449615904533,2,0.10141561180353165,0.05130699276924133,-0.023255787789821625
1449615904551,2,0.07616612315177917,0.08368191123008728,0.12004677206277847
1449615904575,2,-0.07669288665056229,0.08944354206323624,0.11293021589517593
1449615904594,2,-0.026047099381685257,0.05583060905337334,0.12181436270475388
1449615904613,2,0.020452750846743584,0.06256429851055145,0.1866203099489212
1449615904634,2,0.024532565847039223,0.03331657871603966,-0.1808990091085434
1449615904655,2,0.10804817825555801,-0.02330079674720764,-0.1951882243156433
1449615904668,2,0.29634809494018555,-0.11082710325717926,-0.10836159437894821
1449615904693,2,0.4449003040790558,-0.14161504805088043,-0.01613280363380909
1449615904712,2,0.7356874346733093,-0.16117607057094574,0.07245148718357086
1449615904732,2,1.0003299713134766,-0.2957996428012848,0.15756431221961975
1449615904753,2,-0.7632746696472168,-2.0078701972961426,3.5315423011779785
1449615904775,2,1.015242099761963,-0.5916156768798828,0.9661393165588379
1449615904794,2,5.430797100067139,1.6684844493865967,1.6931554079055786
1449615904813,2,6.413421154022217,1.1961381435394287,-1.1434218883514404
1449615904833,2,4.39408016204834,-0.09686170518398285,-2.188093662261963
1449615904853,2,-0.788342297077179,-0.021608605980873108,1.2444623708724976
1449615904876,2,-2.228226900100708,0.19725626707077026,1.8366754055023193
1449615904894,2,-1.0556278228759766,-0.19973288476467133,0.9018477201461792
1449615904913,2,0.7891502380371094,-0.8203361630439758,-0.5675193071365356
1449615904934,2,1.7605851888656616,-1.0225789546966553,-0.9632126092910767
1449615904956,2,1.3493149280548096,-0.08887071162462234,-0.36861294507980347
1449615904978,2,0.4555056393146515,0.5148872137069702,-0.035386957228183746
1449615904996,2,-0.0253189317882061,0.7341706156730652,-0.069708913564682
1449615905018,2,6.323795969365165E-5,0.7113701701164246,-0.1781120002269745
1449615905034,2,0.3461219370365143,0.4623638391494751,-0.023941433057188988
1449615905057,2,0.6001536846160889,0.12861761450767517,0.12593232095241547
1449615905075,2,0.950316846370697,-0.06381459534168243,0.5949246287345886
1449615905090,2,0.7656018733978271,0.034679099917411804,0.8034569025039673
1449615905115,2,0.4459824562072754,0.1890881508588791,0.9937281608581543
1449615905135,2,0.08320187032222748,0.49491235613822937,0.5349982976913452
1449615905156,2,0.2305345982313156,0.6545867919921875,0.06399404257535934
1449615905176,2,0.9149211645126343,0.2678992450237274,-0.14640460908412933
1449615905190,2,0.8803834915161133,0.1337842047214508,-0.039978958666324615
1449615905211,2,0.5828859210014343,0.09455810487270355,-0.022993922233581543
1449615905235,2,0.23390799760818481,0.15248890221118927,0.01597030647099018
1449615905259,2,0.13750655949115753,0.18012334406375885,0.02017243579030037
1449615905277,2,0.6244390606880188,0.07711772620677948,-0.3361550271511078
1449615905296,2,0.7398064136505127,0.0037836101837456226,-0.3406774699687958
1449615905316,2,0.5690625905990601,0.0789034441113472,-0.1885293573141098
1449615905336,2,0.3239399194717407,0.16590075194835663,-0.037356793880462646
1449615905358,2,0.5232264399528503,-0.20255613327026367,0.18977847695350647
1449615905379,2,0.9433261156082153,0.03681377321481705,0.13379882276058197
1449615905396,2,0.8213859796524048,-0.002542670350521803,0.18683132529258728
1449615905417,2,0.7453934550285339,0.02990121766924858,0.42551207542419434
1449615905437,2,0.5831377506256104,-0.018253449350595474,0.36596858501434326
1449615905459,2,0.5529099106788635,0.031200025230646133,0.2153928130865097
1449615905477,2,0.5001669526100159,0.024651041254401207,0.11881226301193237
1449615905496,2,0.7037166357040405,0.030132103711366653,0.665063738822937
1449615905517,2,0.7110843062400818,0.2570563554763794,-0.06476736813783646
1449615905537,2,0.22574280202388763,0.0374818816781044,-0.20194178819656372
1449615905559,2,0.3564974367618561,0.19835282862186432,-0.026980360969901085
1449615905577,2,0.48447707295417786,0.13887187838554382,-0.17059914767742157
1449615905596,2,0.03921399265527725,0.23431262373924255,-0.48222529888153076
1449615905613,2,0.12865455448627472,0.2528197467327118,-0.3650415241718292
1449615905641,2,0.2636667788028717,0.13880057632923126,-0.23795302212238312
1449615905657,2,0.498325914144516,0.01173603069037199,-0.06782382726669312
1449615905680,2,0.5385389924049377,-0.06691490113735199,0.16772505640983582
1449615905701,2,0.2612142562866211,0.07482406497001648,0.07278700172901154
1449615905718,2,0.37486258149147034,0.04928337782621384,0.04947919398546219
1449615905739,2,0.44600874185562134,0.0249777901917696,0.003669628407806158
1449615905761,2,0.41245710849761963,0.1296580582857132,0.1136801540851593
1449615905779,2,0.34612545371055603,0.13709492981433868,0.055157240480184555
1449615905799,2,0.12922276556491852,0.1327238827943802,0.13733984529972076
1449615905818,2,0.47849777340888977,-0.05949673056602478,0.3429039418697357
1449615905840,2,0.576529860496521,-0.011426818557083607,0.3388894200325012
1449615905860,2,0.5994910597801208,0.061126962304115295,0.1884416788816452
1449615905879,2,0.3872189521789551,0.047940149903297424,0.16137363016605377
1449615905899,2,0.1817571371793747,0.11129764467477798,0.304637610912323
1449615905920,2,0.3071569502353668,0.1862824559211731,0.45967796444892883
1449615905942,2,0.29020559787750244,0.13552315533161163,0.3143143653869629
1449615905960,2,0.3678845167160034,0.16076748073101044,0.06974281370639801
1449615905978,2,0.28625762462615967,0.1192658469080925,-0.07854747027158737
1449615906000,2,0.2745620906352997,0.06737667322158813,-0.20025253295898438
1449615906019,2,0.1805349588394165,0.19645605981349945,-0.18251346051692963
1449615906043,2,-0.022233350202441216,0.1968570351600647,0.36215925216674805
1449615906067,1,0.1687348186969757,0.033456865698099136,0.295086532831192
1449615906082,1,0.5715271234512329,0.08249299228191376,0.14287292957305908
1449615906105,1,0.5618240833282471,0.11369418352842331,-0.03415185958147049
1449615906120,1,0.195892795920372,0.24407413601875305,-0.20331308245658875
1449615906143,1,9.395230445079505E-4,0.2816314101219177,-0.5471277236938477
1449615906162,1,0.08185144513845444,0.14131343364715576,-0.4324813187122345
1449615906180,1,0.013620453886687756,0.01765957474708557,-0.003685410600155592
1449615906201,1,0.1464201807975769,-0.14730127155780792,0.38846391439437866
1449615906221,1,0.25728267431259155,-0.026888592168688774,0.5453232526779175
1449615906243,1,0.29195788502693176,0.15797172486782074,0.3499532639980316
1449615906262,1,0.4137781262397766,0.2523077130317688,-0.07479775696992874
1449615906282,1,0.25517737865448,0.1510603278875351,-0.22229017317295074
1449615906301,1,0.12752242386341095,0.2333475649356842,-0.1742512434720993
1449615906325,1,0.0923609733581543,0.11701543629169464,-0.16335341334342957
1449615906343,1,0.02474374510347843,-0.002695230534300208,-0.037978727370500565
1449615906357,1,0.08680006861686707,0.10864274948835373,0.09952069818973541
1449615906382,1,0.10446356981992722,0.04612929746508598,0.16909165680408478
1449615906403,1,0.24407440423965454,-0.10191840678453445,0.15322189033031464
1449615906426,1,0.22440774738788605,-0.02535071410238743,0.08476386219263077
1449615906444,1,-0.07903362065553665,0.19239889085292816,-0.07054945826530457
1449615906463,1,-0.6641222238540649,0.5377893447875977,0.8297557234764099
1449615906482,1,-0.8019598126411438,-0.0943453386425972,1.075007677078247
1449615906503,1,0.758000373840332,-0.5111439228057861,0.2819827198982239
1449615906523,1,28.830284118652344,-3.814283609390259,1.4966472387313843
1449615906543,1,1.3040928840637207,-0.5192559361457825,6.636521816253662
1449615906564,1,-7.524525165557861,1.9168373346328735,-2.330536365509033
1449615906583,1,-5.821779251098633,1.911595344543457,0.2765186131000519
1449615906604,1,-1.521004557609558,-0.13505028188228607,-1.8515102863311768
1449615906623,1,0.9254571795463562,-0.1193973645567894,-2.07743763923645
1449615906644,1,1.0239989757537842,-0.23070202767848969,-1.7473405599594116
1449615906663,1,0.05827741697430611,-0.11972294747829437,-0.6485504508018494
1449615906684,1,-3.4687774181365967,0.5173498392105103,0.6881412863731384
1449615906703,1,-3.6248230934143066,0.363483190536499,0.4319394826889038
1449615906723,1,-2.8415310382843018,-0.03253741189837456,0.35933718085289
1449615906745,1,-1.7281605005264282,-0.4069593548774719,0.2210492342710495
1449615906764,1,-0.9807174205780029,-0.2754845917224884,-0.15136896073818207
1449615906784,1,-1.0232815742492676,-0.08995149284601212,-0.248401939868927
1449615906803,1,-1.4127559661865234,-0.04901508241891861,0.05047522112727165
1449615906825,1,-1.6821956634521484,0.23064415156841278,0.3676467537879944
1449615906846,1,-1.7522213459014893,0.3335205912590027,0.48575931787490845
1449615906865,1,-1.5804334878921509,0.27443888783454895,0.433059424161911
1449615906884,1,-0.7846388816833496,0.09768003970384598,0.36269816756248474
1449615906905,1,-0.8093600273132324,-0.22694355249404907,0.17736615240573883
1449615906927,1,-0.584847629070282,-0.1335439682006836,-0.14251987636089325
1449615906941,1,-0.7809790968894958,0.022362053394317627,-0.20725451409816742
1449615906965,1,-0.8512884974479675,0.07023030519485474,0.07249532639980316
1449615906985,1,-1.020922064781189,0.028805239126086235,0.561366081237793
1449615907006,1,-0.9595907330513,-0.05927928909659386,0.7992957234382629
1449615907026,1,-0.6731171607971191,-0.04695172235369682,0.7216781973838806
1449615907046,1,-0.5713067650794983,-0.0760936439037323,0.5098193883895874
1449615907066,1,-0.5621172189712524,0.012250994332134724,0.34298810362815857
1449615907086,1,-0.6730393171310425,0.07411562651395798,0.21227964758872986
1449615907106,1,-0.929360568523407,0.11459434777498245,0.39261341094970703
1449615907121,1,-0.9078800082206726,0.11858078837394714,0.41200318932533264
1449615907146,1,-0.7699950337409973,0.1533002257347107,0.19201309978961945
1449615907165,1,-0.5810545086860657,0.1472550928592682,0.08511866629123688
1449615907186,1,-0.5427366495132446,0.07570260018110275,-0.07856734097003937
1449615907210,1,-0.6879992485046387,0.06827916949987411,-0.2552121877670288
1449615907229,1,-0.6641590595245361,0.11199556291103363,-0.25920331478118896
1449615907249,1,-0.9373143911361694,0.1830132156610489,-0.20875030755996704
1449615907266,1,-1.1912553310394287,0.2486351579427719,-0.06450316309928894
1449615907286,1,-1.0815070867538452,0.1927221268415451,0.06641922146081924
1449615907309,1,-0.921786367893219,0.12676116824150085,0.13602642714977264
1449615907327,1,-0.625680148601532,0.14311550557613373,0.12420213222503662
1449615907346,1,-0.664160430431366,0.16080547869205475,0.21043021976947784
1449615907367,1,-0.7833306789398193,0.24387072026729584,0.2723141312599182
1449615907387,1,-0.8680593967437744,0.288177490234375,0.15347090363502502
1449615907409,1,-0.8276044726371765,0.21992753446102142,0.11361469328403473
1449615907429,1,-0.5188876390457153,0.1735398769378662,0.21776129305362701
1449615907446,1,-0.45320838689804077,0.13723872601985931,0.22721418738365173
1449615907463,1,-0.7771099805831909,0.2386293113231659,0.33232933282852173
1449615907488,1,-0.7346798777580261,0.2769751250743866,0.30234161019325256
1449615907509,1,-0.6784592270851135,0.23770108819007874,0.40694883465766907
1449615907528,1,-0.3316182792186737,0.08439502865076065,-0.192856565117836
1449615907547,1,-0.5340470671653748,0.2053203284740448,-0.28892216086387634
1449615907563,1,-0.7320626974105835,0.2339344322681427,-0.22630350291728973
1449615907589,1,-0.7487666606903076,0.1435766965150833,-0.20055998861789703
1449615907609,1,-0.7018219828605652,0.16528408229351044,-0.2888800799846649
1449615907628,1,-0.7727519273757935,0.3419628441333771,-0.5733347535133362
1449615907648,1,-0.6263663172721863,0.05338380113244057,-0.43088382482528687
1449615907668,1,-0.06503814458847046,-0.36652445793151855,0.3320493698120117
1449615907689,1,-0.45102936029434204,0.020638300105929375,0.37086862325668335
1449615907710,1,-0.9215453863143921,-0.034009821712970734,0.48348379135131836
1449615907730,1,-0.5174224972724915,0.1707826852798462,0.6731967926025391
1449615907749,1,-0.34033456444740295,0.20513269305229187,0.3152250647544861
1449615907765,1,-0.31782785058021545,0.2957809269428253,0.20928221940994263
1449615907789,1,-0.27859023213386536,0.287824422121048,0.3527291417121887
1449615907811,1,-0.251939594745636,0.22127661108970642,0.4039163291454315
1449615907829,1,-0.5051267743110657,0.117245152592659,0.4622749984264374
1449615907849,1,-0.35056072473526,0.23524726927280426,0.2809247374534607
1449615907869,1,-0.2827080488204956,0.19988544285297394,0.04213818535208702
1449615907889,1,-0.26597824692726135,0.1720072627067566,-0.17583471536636353
1449615907910,1,-0.202000230550766,0.09290742129087448,-0.08410977572202682
1449615907929,1,-0.3094449043273926,0.09979717433452606,0.001172550953924656
1449615907949,1,-0.25904491543769836,0.07335516065359116,-0.03583119064569473
1449615907970,1,-0.2777802646160126,0.03991173952817917,-0.05860825628042221
1449615907992,1,-0.29498904943466187,0.0613601878285408,-0.1483043134212494
1449615908010,1,-0.32246991991996765,0.08184884488582611,-0.22174422442913055
1449615908029,1,-0.28274625539779663,0.07139292359352112,-0.19639702141284943
1449615908050,1,-0.26618579030036926,0.0764613077044487,-0.1642863154411316
1449615908072,1,-0.3164318799972534,0.11272329837083817,0.08139526098966599
1449615908092,1,-0.2796075940132141,0.08197218179702759,0.12445640563964844
1449615908115,2,-0.24857929348945618,0.11814122647047043,0.15331482887268066
1449615908133,2,-0.22854506969451904,0.0939607247710228,0.043847326189279556
1449615908150,2,-0.24449247121810913,0.019787820056080818,0.04185469076037407
1449615908175,2,-0.30045148730278015,0.09161094576120377,0.2224152535200119
1449615908193,2,-0.23315425217151642,0.0827992781996727,0.2105114758014679
1449615908211,2,-0.2059246152639389,0.12726911902427673,0.20283553004264832
1449615908230,2,-0.26994648575782776,0.2085048109292984,0.27845922112464905
1449615908252,2,-0.2544516324996948,0.1572398990392685,0.21488544344902039
1449615908274,2,-0.14690129458904266,0.10225275158882141,0.1638748049736023
1449615908293,2,-0.2364172637462616,0.04405249282717705,-0.01811141148209572
1449615908312,2,-0.2823747396469116,0.07506489008665085,-0.0821855291724205
1449615908332,2,-0.3332241475582123,0.09036591649055481,-0.1082967072725296
1449615908352,2,-0.34666597843170166,0.1672685444355011,-0.02764730155467987
1449615908373,2,-0.2757854461669922,0.15799568593502045,0.10861878097057343
1449615908394,2,-0.047123443335294724,0.04449322074651718,0.10220599174499512
1449615908407,2,-0.0681341215968132,0.05337035655975342,0.0671919584274292
1449615908433,2,-0.1719779223203659,0.1161930188536644,0.12180150300264359
1449615908448,2,-0.3309168517589569,0.1544739454984665,0.1349550038576126
1449615908480,2,-0.3108803927898407,0.1629553586244583,0.07333704084157944
1449615908488,2,-0.052280835807323456,0.03526186943054199,0.019396774470806122
1449615908512,2,0.0781417042016983,-0.033566754311323166,0.15128128230571747
1449615908533,2,0.17895881831645966,-0.08634089678525925,0.23465865850448608
1449615908554,2,0.2443343549966812,-0.0918295606970787,0.2574748694896698
1449615908574,2,0.19866591691970825,-0.042272623628377914,0.3002046048641205
1449615908594,2,0.2764493525028229,0.058890581130981445,0.5440957546234131
1449615908613,2,-1.241444706916809,-2.110779285430908,2.368884325027466
1449615908632,2,2.9358530044555664,1.0757213830947876,0.7465332746505737
1449615908652,2,3.1553471088409424,0.23073066771030426,-0.09304828941822052
1449615908675,2,2.268986463546753,0.14384616911411285,0.08917348831892014
1449615908693,2,0.32574883103370667,-0.18576398491859436,0.6746277213096619
1449615908712,2,-1.740347146987915,-0.48516136407852173,0.7722644805908203
1449615908733,2,-0.8591718077659607,-0.3693588078022003,-0.11214344948530197
1449615908754,2,0.19682277739048004,-0.6401333212852478,-0.5716232657432556
1449615908776,2,0.6614306569099426,-0.6941355466842651,-0.5991191864013672
1449615908794,2,0.35908809304237366,-0.405094712972641,-0.3309025168418884
1449615908814,2,-0.6031234264373779,0.19154022634029388,0.03238309919834137
1449615908834,2,-0.7623438239097595,0.1838531792163849,-0.23802140355110168
1449615908855,2,-0.6551628112792969,0.1578068882226944,-0.3028600811958313
1449615908876,2,-0.5112017393112183,0.07036884129047394,-0.1391226351261139
1449615908895,2,-0.38021907210350037,-0.00544774392619729,0.21880759298801422
1449615908915,2,-0.25417253375053406,-0.05890051648020744,0.439414918422699
1449615908935,2,-0.35928791761398315,0.10641279816627502,0.44473758339881897
1449615908959,2,-0.3796009421348572,0.2536608874797821,0.433868408203125
1449615908976,2,-0.40878525376319885,0.27990999817848206,0.3755979835987091
1449615908996,2,-0.31170177459716797,0.17669862508773804,0.45348963141441345
1449615909015,2,-0.0836358442902565,-0.03144201636314392,0.4855705201625824
1449615909077,2,-0.31294378638267517,0.07732406258583069,0.05416004732251167
1449615909096,2,-0.24270403385162354,0.025719547644257545,-0.04438333213329315
1449615909111,2,-0.06154339015483856,-0.04827916994690895,-0.01571253314614296
1449615909136,2,0.10945197939872742,-0.16333763301372528,0.21357320249080658
1449615909158,2,0.04957231506705284,-0.15212884545326233,0.20011867582798004
1449615909177,2,-0.016122831031680107,-0.12369944900274277,0.07647767663002014
1449615909195,2,-0.05475150793790817,0.0067716860212385654,-0.015217442996799946
1449615909216,2,-0.11295243352651596,-0.02409866824746132,0.0030424364376813173
1449615909237,2,-0.06680089235305786,-0.0136661222204566,0.05602993071079254
1449615909259,2,-0.00797642208635807,-0.027119478210806847,0.30286943912506104
1449615909277,2,-0.10159837454557419,0.03702595457434654,0.30151334404945374
1449615909296,2,-0.16415776312351227,0.04226560890674591,0.18395137786865234
1449615909316,2,-0.19411541521549225,0.10289163887500763,0.1184019222855568
1449615909337,2,-0.19100657105445862,0.10107436031103134,0.09344284236431122
1449615909359,2,-0.15638278424739838,0.08933131396770477,0.15727145969867706
1449615909378,2,-0.16839806735515594,0.07177402824163437,0.15334932506084442
1449615909397,2,-0.16624495387077332,0.04547755792737007,0.11441782116889954
1449615909417,2,-0.1448628157377243,0.09078910946846008,0.1898106336593628
1449615909438,2,-0.08235104382038116,0.04875205084681511,0.14675182104110718
1449615909459,2,-0.1898530274629593,0.051927171647548676,0.07607085257768631
1449615909479,2,-0.13418728113174438,0.09766308963298798,-0.005334347020834684
1449615909498,2,-0.18532617390155792,0.06575053185224533,-0.018608838319778442
1449615909518,2,-0.13823989033699036,0.028714638203382492,0.05931318923830986
1449615909538,2,-0.04343613237142563,0.023681320250034332,0.21464170515537262
1449615909561,2,0.02034689672291279,0.03305763751268387,0.2600976228713989
1449615909579,2,-0.09936348348855972,0.09691373258829117,0.1202712282538414
1449615909598,2,-0.20220476388931274,0.09571955353021622,0.10319734364748001
1449615909618,2,-0.2041817605495453,0.11328443884849548,0.07110767066478729
1449615909638,2,-0.12230236828327179,0.1003127247095108,0.040206339210271835
1449615909660,2,-0.078695148229599,0.08906301856040955,0.02621697634458542
1449615909679,2,-0.10603392869234085,0.0397585965692997,0.15058453381061554
1449615909698,2,-0.09608427435159683,0.0732102021574974,0.19925007224082947
1449615909718,2,-0.12067947536706924,0.10903028398752213,0.09973463416099548
1449615909741,2,-0.19359727203845978,0.11072832345962524,-0.012090250849723816
1449615909761,2,-0.22548425197601318,0.1260860562324524,-0.0020703766494989395
1449615909780,2,-0.1640898734331131,0.10481295734643936,0.06561784446239471
1449615909795,2,-0.14689119160175323,0.11065525561571121,0.1429576873779297
1449615909819,2,-0.09333483129739761,0.10774433612823486,0.20654666423797607
1449615909842,2,-0.03423634171485901,0.13242051005363464,0.20504619181156158
1449615909861,2,-0.053242627531290054,0.11468962579965591,0.18342472612857819
1449615909879,2,-0.12162331491708755,0.14021453261375427,0.21752339601516724
1449615909895,2,-0.11505065113306046,0.12595044076442719,0.1150093600153923
1449615909920,2,-0.03655796870589256,0.0775274783372879,0.18423019349575043
1449615909942,2,0.0013610089663416147,0.06136486306786537,0.3013724684715271
1449615909961,2,-0.0789661779999733,0.03244564309716225,0.2315092533826828
1449615909979,2,-0.04921472445130348,0.1103103905916214,0.026278935372829437
1449615909999,2,-0.06571876257658005,0.10278408229351044,-0.003098550485447049
1449615910020,2,-0.056481365114450455,0.12309914082288742,-0.004163549281656742
1449615910043,2,-0.2559543251991272,-0.21907004714012146,0.017772387713193893
1449615910061,2,0.2802768349647522,0.1800871044397354,0.23140287399291992
1449615910080,2,-0.27909138798713684,0.018761983141303062,0.4619844853878021
1449615910100,2,0.18616685271263123,0.2386363297700882,-0.04720832780003548
1449615910120,2,0.0711619034409523,0.07430968433618546,0.1473310887813568
1449615910142,1,0.10676538944244385,0.11092589050531387,-0.04131517559289932
1449615910162,1,0.014818469993770123,0.345213383436203,0.14435528218746185
1449615910180,1,-0.5549073219299316,0.16807109117507935,0.2498684972524643
1449615910203,1,-0.5729333758354187,0.19842472672462463,0.24179333448410034
1449615910222,1,-0.007146018091589212,0.08187047392129898,-0.047139354050159454
1449615910242,1,0.1766003519296646,0.06702771037817001,-0.12262918800115585
1449615910262,1,0.050020940601825714,0.10086743533611298,-0.08037059009075165
1449615910282,1,-0.07329817116260529,0.1528928130865097,0.06998655945062637
1449615910302,1,-0.3011822998523712,0.14604689180850983,0.14007365703582764
1449615910324,1,0.06127457320690155,-0.010826515033841133,-0.05537351220846176
1449615910344,1,0.21323634684085846,0.025221535935997963,-0.036966919898986816
1449615910361,1,-0.011626213788986206,0.018401334062218666,0.17264673113822937
1449615910382,1,-0.18449299037456512,0.061870474368333817,0.29340192675590515
1449615910401,1,-0.13137508928775787,0.1345154345035553,0.2618173062801361
1449615910425,1,0.16594085097312927,0.061822544783353806,0.10943535715341568
1449615910444,1,0.2941551208496094,0.07407528907060623,0.07687105983495712
1449615910463,1,-0.09525612741708755,0.05201251059770584,0.1529664546251297
1449615910483,1,-0.267781525850296,0.10800445079803467,0.2253255993127823
1449615910505,1,-0.3131309151649475,0.08245090395212173,0.19835692644119263
1449615910523,1,-0.30311357975006104,0.04929448664188385,0.09516016393899918
1449615910544,1,-0.7270992994308472,0.6748913526535034,0.7132254242897034
1449615910563,1,-1.6707732677459717,0.411359041929245,1.2391841411590576
1449615910583,1,-0.5724487900733948,-0.4809960424900055,-0.22416765987873077
1449615910604,1,0.9471849799156189,0.03417699411511421,-1.676802158355713
1449615910625,1,2.3502659797668457,-3.227163791656494,0.5133697986602783
1449615910646,1,-1.6237483024597168,1.23918879032135,-2.3640506267547607
1449615910664,1,-4.102746486663818,1.99553382396698,-1.5990996360778809
1449615910684,1,-4.418805122375488,1.4379583597183228,-0.797218918800354
1449615910704,1,-0.474941223859787,-0.502312421798706,-1.3129559755325317
1449615910725,1,2.8074276447296143,-0.689985990524292,-1.3042092323303223
1449615910746,1,1.9660712480545044,-0.9732692837715149,0.6437719464302063
1449615910769,1,0.18206556141376495,-0.17104104161262512,1.1807055473327637
1449615910786,1,-1.4811877012252808,0.39038464426994324,1.3387731313705444
1449615910807,1,-2.3359827995300293,0.5128963589668274,0.9021973013877869
1449615910826,1,-1.750491976737976,0.4491325914859772,-0.036736615002155304
1449615910845,1,-0.5425122380256653,0.26009586453437805,-0.7643991708755493
1449615910865,1,0.6409464478492737,-0.40200376510620117,-1.3959680795669556
1449615910884,1,0.6213290691375732,-0.39530396461486816,-0.8657786250114441
1449615910904,1,0.17574933171272278,-0.2229074239730835,-0.2158919870853424
1449615910925,1,-0.04323788732290268,-0.13942250609397888,0.10465221852064133
1449615910940,1,-0.059961095452308655,-4.1325698839500546E-4,0.36037588119506836
1449615910964,1,0.3969649076461792,9.942717151716352E-4,0.48839786648750305
1449615910985,1,0.40803369879722595,0.00743161141872406,0.6054758429527283
1449615911005,1,0.11414416134357452,0.01225683931261301,0.7431909441947937
1449615911026,1,-0.025882044807076454,-0.015338439494371414,0.7538906335830688
1449615911046,1,0.027287930250167847,-0.08732113987207413,0.6001578569412231
1449615911065,1,0.24253647029399872,0.01460486464202404,0.2349707931280136
1449615911085,1,0.052505046129226685,0.09068974107503891,0.25728607177734375
1449615911107,1,-0.06410020589828491,0.11654899269342422,0.2522311508655548
1449615911128,1,-0.08458824455738068,0.13812778890132904,0.27549102902412415
1449615911146,1,-0.12534673511981964,0.09168459475040436,0.10877133905887604
1449615911165,1,0.001490202033892274,0.13351532816886902,-0.0917278528213501
1449615911186,1,0.027652671560645103,0.06287936121225357,-0.12479367107152939
1449615911206,1,-0.02669394575059414,0.006686346139758825,-0.10132336616516113
1449615911228,1,-0.0492379330098629,0.033904608339071274,-0.043847911059856415
1449615911246,1,-0.11894682794809341,0.06477788835763931,0.18153730034828186
1449615911262,1,-0.2612912356853485,0.07669278234243393,0.3387316167354584
1449615911286,1,0.06039042770862579,0.058377955108881,0.11946867406368256
1449615911308,1,0.07876410335302353,0.06227496266365051,0.07910685241222382
1449615911328,1,-0.006589132826775312,0.09914309531450272,0.1065700352191925
1449615911346,1,-0.06425020843744278,0.12772972881793976,0.1309375762939453
1449615911366,1,-0.10534220933914185,0.10532032698392868,0.19357261061668396
1449615911386,1,0.0075228335335850716,0.07494330406188965,0.10281682014465332
1449615911408,1,0.012253588065505028,0.0594780258834362,0.07241992652416229
1449615911427,1,-0.02011990174651146,0.05945698171854019,0.028738602995872498
1449615911446,1,-0.08046270906925201,0.09336042404174805,-0.004254735074937344
1449615911464,1,-0.16169346868991852,0.1115010604262352,0.06182020530104637
1449615911484,1,-0.13678719103336334,0.09510054439306259,0.12149170786142349
1449615911510,1,-0.03523353859782219,0.09633330255746841,0.15156243741512299
1449615911529,1,0.02381221577525139,0.0854676216840744,0.2054828256368637
1449615911547,1,0.045671362429857254,0.05104980617761612,0.17372867465019226
1449615911569,1,0.03558361157774925,0.09287001192569733,0.1503758579492569
1449615911588,1,-0.02809455245733261,0.10337503254413605,0.19473405182361603
1449615911610,1,-0.0821729451417923,0.10529635846614838,0.21951428055763245
1449615911629,1,-0.09499357640743256,0.13977614045143127,0.20941315591335297
1449615911648,1,-0.06551272422075272,0.1245177760720253,0.1855132281780243
1449615911669,1,0.015961667522788048,0.12128479033708572,0.15645723044872284
1449615911692,1,0.08832217007875443,0.08202362060546875,0.16709434986114502
1449615911711,1,-0.024865763261914253,0.12175357341766357,0.2574918270111084
1449615911729,1,0.018307354301214218,0.08837153017520905,0.2130243331193924
1449615911745,1,0.04242953285574913,0.07183832675218582,0.07981470972299576
1449615911770,1,0.011778481304645538,0.11855272948741913,0.05151742324233055
1449615911791,1,-0.061038095504045486,0.1562356948852539,0.09459434449672699
1449615911810,1,-0.1382129192352295,0.14667290449142456,0.2203904688358307
1449615911829,1,0.0273714791983366,0.08719079196453094,0.17997370660305023
1449615911849,1,0.07337377220392227,0.090962715446949,0.0981435626745224
1449615911870,1,8.541691349819303E-4,0.15104220807552338,0.1120271310210228
1449615911890,1,-0.12215245515108109,0.19888941943645477,0.13915595412254333
1449615911911,1,-0.20663216710090637,0.17127017676830292,0.1374666839838028
1449615911930,1,-0.08289337158203125,0.21573416888713837,0.044776130467653275
1449615911950,1,0.0419725626707077,0.10015198588371277,0.020488660782575607
1449615911970,1,0.08088468015193939,0.026692193001508713,0.032893385738134384
1449615911993,1,-0.04219038784503937,0.022616906091570854,0.07235971838235855
1449615912012,1,-0.10613752156496048,0.08896832168102264,0.08115911483764648
1449615912026,1,-0.16298288106918335,0.20253917574882507,0.15083704888820648
1449615912051,1,-0.014046170748770237,0.17984160780906677,0.12971827387809753
1449615912071,1,0.06090020388364792,0.09487082809209824,0.13219021260738373
1449615912093,1,0.09745744615793228,0.038919221609830856,0.15857261419296265
1449615912115,1,0.10339362919330597,0.051327452063560486,0.15195640921592712
1449615912131,1,-0.07671520859003067,0.11082009226083755,0.15232816338539124
1449615912151,2,-0.14151893556118011,0.16548575460910797,0.07763268798589706
1449615912173,2,-0.05618302896618843,0.15602000057697296,-0.012972879223525524
1449615912195,2,0.0881655365228653,0.119957335293293,-0.03795475885272026
1449615912208,2,0.16056019067764282,0.05290566012263298,0.015102292411029339
1449615912232,2,0.05567861348390579,-0.005884381942451,0.11409575492143631
1449615912252,2,-0.07869871705770493,0.11987082660198212,0.20829321444034576
1449615912273,2,-0.1059342473745346,0.1623673290014267,0.26889878511428833
1449615912294,2,-0.08371859043836594,0.19851474463939667,0.1935749500989914
1449615912312,2,0.055554166436195374,0.23164135217666626,0.12748657166957855
1449615912332,2,0.08641098439693451,0.18231062591075897,0.14957623183727264
1449615912352,2,-0.04675152897834778,0.08824702352285385,-0.04447218030691147
1449615912372,2,-0.13055163621902466,0.09114508330821991,-0.13996493816375732
1449615912394,2,-0.13822785019874573,0.1419663429260254,-0.08837153017520905
1449615912413,2,-0.12530595064163208,0.1438286304473877,0.07465221732854843
1449615912433,2,-0.0439225435256958,0.12554946541786194,0.1415349692106247
1449615912452,2,-0.0104515440762043,0.13360650837421417,0.1452764868736267
1449615912474,2,-0.032727304846048355,0.1729460060596466,0.1294698417186737
1449615912495,2,-0.06208054721355438,0.19170096516609192,0.17068564891815186
1449615912513,2,-0.024329587817192078,0.15299861133098602,0.19540683925151825
1449615912533,2,0.02509254775941372,0.12679332494735718,0.24877777695655823
1449615912555,2,0.1320713758468628,0.07937398552894592,0.2080015391111374
1449615912574,2,0.25378620624542236,-0.03513035178184509,0.07889818400144577
1449615912595,2,0.38290372490882874,-0.0901157408952713,-0.010913023725152016
1449615912614,2,0.3530118763446808,-0.15834172070026398,-0.0873696580529213
1449615912634,2,0.3022010028362274,-0.15974047780036926,-0.14844927191734314
1449615912655,2,0.3770456314086914,-0.26390695571899414,-0.15380991995334625
1449615912675,2,0.6117347478866577,-0.32944998145103455,0.10406067967414856
1449615912695,2,-16.06570053100586,-2.435680627822876,-0.0826946496963501
1449615912714,2,-3.0290985107421875,-0.44923490285873413,1.5504004955291748
1449615912734,2,-1.7861014604568481,0.7025812864303589,1.5319827795028687
1449615912754,2,3.938868522644043,1.846093773841858,2.3077847957611084
1449615912775,2,6.355487823486328,0.39543431997299194,-1.6487118005752563
1449615912798,2,5.448182106018066,-0.7686117887496948,-3.530992269515991
1449615912815,2,2.9207916259765625,0.38449910283088684,1.8541309833526611
1449615912835,2,-1.8776028156280518,-0.215908944606781,2.1370747089385986
1449615912855,2,-3.859367847442627,-0.44110244512557983,3.0618577003479004
1449615912876,2,-3.2238316535949707,-0.6055933237075806,2.3801426887512207
1449615912895,2,0.860902726650238,-0.7654132843017578,-1.3413959741592407
1449615912915,2,1.4770452976226807,-0.17091186344623566,-2.069499969482422
1449615912935,2,0.8292083740234375,0.5171224474906921,-1.8425878286361694
1449615912956,2,-0.20533743500709534,0.9012100100517273,-0.9155968427658081
1449615912978,2,-0.7362839579582214,0.7665765285491943,-0.2527671456336975
1449615912996,2,-0.6845631003379822,0.2616027891635895,0.13302841782569885
1449615913016,2,-0.24065428972244263,0.0048369187861680984,-0.02819850482046604
1449615913036,2,0.12279606610536575,-0.041694533079862595,-0.03766249865293503
1449615913058,2,0.19676508009433746,0.024005144834518433,-0.04021685943007469
1449615913077,2,0.03389872610569,0.20229309797286987,0.06373509764671326
1449615913096,2,-0.15582911670207977,0.38633155822753906,0.2248305082321167
1449615913116,2,0.007323913276195526,0.24725452065467834,0.3935679495334625
1449615913136,2,0.3417792320251465,0.06477963924407959,0.31604981422424316
1449615913152,2,0.45400792360305786,-0.04361001029610634,0.2392939180135727
1449615913177,2,0.38525497913360596,-0.08584931492805481,0.08936930447816849
1449615913196,2,0.12175089120864868,-0.037002574652433395,-0.03470306470990181
1449615913216,2,0.05082973092794418,0.08973521739244461,-0.06863339245319366
1449615913236,2,0.024370653554797173,0.15875907242298126,0.02605915442109108
1449615913257,2,0.11840897798538208,0.15279753506183624,0.10742577165365219
1449615913280,2,0.15349242091178894,0.12125205248594284,0.26401859521865845
1449615913296,2,0.16518515348434448,0.026069091632962227,0.3298790156841278
1449615913317,2,0.13276545703411102,0.048465047031641006,0.04153788089752197
1449615913337,2,0.010210867039859295,0.029537644237279892,-0.08071721345186234
1449615913358,2,-0.03486804664134979,0.11742343753576279,-0.08504676818847656
1449615913378,2,-0.03959520161151886,0.1195259615778923,-0.10359656810760498
1449615913399,2,0.03887227550148964,0.11259061098098755,-0.15789104998111725
1449615913418,2,0.07116473466157913,0.08944354206323624,-0.11359773576259613
1449615913438,2,-0.027155060321092606,0.08134499192237854,0.2310696840286255
1449615913459,2,-0.049933623522520065,0.11738310009241104,0.19266776740550995
1449615913479,2,-0.08724747598171234,0.15679506957530975,0.1151648461818695
1449615913499,2,0.0031843658071011305,0.16793489456176758,0.05192366614937782
1449615913518,2,0.11283288896083832,0.13893267512321472,0.057175010442733765
1449615913539,2,0.09418708086013794,0.07543488591909409,0.09255494922399521
1449615913560,2,0.003026654478162527,0.049603696912527084,0.14549510180950165
1449615913580,2,0.02829612046480179,0.06636369228363037,0.18752747774124146
1449615913598,2,0.07092694938182831,0.09311258792877197,0.1513543426990509
1449615913619,2,0.10814253985881805,0.10610358417034149,0.06516893208026886
1449615913641,2,0.0033340398222208023,0.04268646612763405,-0.13760697841644287
1449615913655,2,0.05517422780394554,0.04205109179019928,-0.15821370482444763
1449615913682,2,-0.06825356185436249,0.0741875171661377,-0.023440496996045113
1449615913699,2,-0.07750950008630753,0.12944763898849487,0.11844167113304138
1449615913719,2,-0.04226655885577202,0.13856734335422516,0.24100130796432495
1449615913741,2,0.012605324387550354,0.09457389265298843,0.23039105534553528
1449615913761,2,0.16604378819465637,0.1012941375374794,0.2021230012178421
1449615913779,2,0.011464191600680351,0.1241869404911995,0.24810266494750977
1449615913800,2,-0.06574347615242004,0.13532383739948273,0.2296130657196045
1449615913820,2,-0.021136969327926636,0.20769524574279785,0.20197802782058716
1449615913843,2,-0.06466465443372726,0.13786357641220093,0.1622048318386078
1449615913860,2,0.08305095136165619,0.058177463710308075,0.07368015497922897
1449615913881,2,0.06426931172609329,0.02035597525537014,-0.056457217782735825
1449615913900,2,-0.014947576448321342,0.04208265244960785,-0.18267887830734253
1449615913921,2,-0.08528731763362885,0.10347148030996323,-0.2073947936296463
1449615913944,2,-0.23223555088043213,0.14461714029312134,-0.10747779160737991
1449615913963,2,0.004253565799444914,0.11620412021875381,0.02837035432457924
1449615913980,2,0.13948647677898407,0.070622518658638,0.16101765632629395
1449615914001,2,0.09310702979564667,0.1074836403131485,0.2617524266242981
1449615914021,2,-0.008439985103905201,0.16529110074043274,0.30175065994262695
1449615914043,2,-0.08545945584774017,0.14172318577766418,0.16993863880634308
1449615914062,2,-0.04284587502479553,0.11501695960760117,0.07087152451276779
1449615914082,2,0.030114276334643364,0.07111351937055588,0.09588088095188141
1449615914102,2,0.11684021353721619,0.0186971016228199,0.12378770858049393
1449615914163,2,0.1579812616109848,-0.026193594560027122,-0.08384615927934647
