1449111325445,1,0.047480348497629166,-0.07601941376924515,0.44073885679244995
1449111325473,1,0.047480348497629166,-0.07601941376924515,0.44073885679244995
1449111325486,1,0.047480348497629166,-0.07601941376924515,0.44073885679244995
1449111325507,1,0.047480348497629166,-0.07601941376924515,0.44073885679244995
1449111325527,1,0.047480348497629166,-0.07601941376924515,0.44073885679244995
1449111325547,1,-1.4374288320541382,1.6212939023971558,0.14732815325260162
1449111325566,1,-0.18001900613307953,0.2804156243801117,0.37029871344566345
1449111325588,1,-0.31716346740722656,0.5160872340202332,-0.4283142685890198
1449111325614,1,-0.7488582730293274,0.48947980999946594,0.08537176251411438
1449111325632,1,-0.5937314033508301,0.35801032185554504,0.9888386130332947
1449111325647,1,-0.14753808081150055,0.08681494742631912,0.8884218335151672
1449111325672,1,0.09699571132659912,0.3598842918872833,0.2156359702348709
1449111325693,1,0.3326193392276764,0.4798983335494995,-0.06380056589841843
1449111325715,1,0.1258416473865509,0.49376726150512695,-0.0914279893040657
1449111325735,1,-0.007896598428487778,0.36605390906333923,-0.09971709549427032
1449111325752,1,0.04170417785644531,0.2302858531475067,-0.3711263835430145
1449111325772,1,-0.11523360013961792,0.20789280533790588,0.3995131254196167
1449111325794,1,-0.031352587044239044,0.2503828704357147,1.379431962966919
1449111325815,1,0.12997305393218994,0.2720610499382019,1.221772313117981
1449111325835,1,0.09429003298282623,-0.11307167261838913,-0.42849722504615784
1449111325852,1,-0.09721264243125916,0.3516699969768524,-0.40886780619621277
1449111325874,1,0.1920800358057022,0.3149643540382385,0.27607962489128113
1449111325895,1,0.39395153522491455,0.3044534921646118,0.252121239900589
1449111325915,1,0.21048027276992798,0.3618687391281128,0.6234493255615234
1449111325935,1,0.5919402837753296,-0.06949497759342194,1.4844155311584473
1449111325953,1,-0.2011098712682724,0.02178337797522545,-0.6907792091369629
1449111325974,1,-0.6523267030715942,0.48669397830963135,-0.8102800250053406
1449111325994,1,-0.39528411626815796,0.497969388961792,-0.981961727142334
1449111326016,1,0.05604454502463341,0.37521687150001526,0.6647241711616516
1449111326036,1,-0.2301001101732254,-0.2006523460149765,0.4596160054206848
1449111326054,1,0.4552750587463379,-0.3511076867580414,-0.015168343670666218
1449111326074,1,-0.006905834190547466,0.010708441026508808,-0.8644915223121643
1449111326094,1,-0.5707716345787048,-0.487835556268692,-0.20053601264953613
1449111326116,1,0.6508104801177979,-0.7201105356216431,0.086921326816082
1449111326135,1,1.1374638080596924,0.10635609924793243,-2.492116928100586
1449111326153,1,-15.8949556350708,-2.5902342796325684,-2.0863049030303955
1449111326171,1,-0.48760786652565,2.0464298725128174,0.0995166078209877
1449111326195,1,1.844670295715332,1.54168701171875,-0.3053004741668701
1449111326216,1,0.8880276083946228,1.1315373182296753,-1.545506238937378
1449111326234,1,-1.5393608808517456,1.471642017364502,-2.466876983642578
1449111326254,1,-1.3104314804077148,-0.6926765441894531,-0.286930114030838
1449111326276,1,0.934501588344574,-0.08886662125587463,3.7917847633361816
1449111326296,1,0.8861579895019531,-0.6270025968551636,3.661652088165283
1449111326318,1,-0.4407644271850586,-0.7019324898719788,0.33993980288505554
1449111326336,1,-0.5207664966583252,0.20311084389686584,-1.5423370599746704
1449111326356,1,0.11143340170383453,0.6383487582206726,-1.9236505031585693
1449111326376,1,0.12280118465423584,0.8997732400894165,-1.9682862758636475
1449111326398,1,0.657135009765625,0.1218365728855133,0.47098085284233093
1449111326419,1,0.5253123641014099,-0.46815234422683716,1.6940666437149048
1449111326437,1,-0.1890871375799179,-0.660991370677948,0.916655421257019
1449111326453,1,-0.30224281549453735,-0.5999556183815002,-0.07920213043689728
1449111326480,1,-0.15718363225460052,-0.1947586089372635,-0.44182899594306946
1449111326499,1,0.3423892557621002,0.36340194940567017,-0.6805360317230225
1449111326518,1,0.607648491859436,0.3854202926158905,-0.1775362491607666
1449111326536,1,0.5683443546295166,0.28976210951805115,0.7605395913124084
1449111326558,1,0.19480134546756744,-0.04613631218671799,1.4144892692565918
1449111326580,1,-0.24985095858573914,-0.3032669126987457,0.8950695991516113
1449111326599,1,-0.35452795028686523,-0.15862111747264862,0.19370003044605255
1449111326619,1,-0.13850948214530945,0.07065057754516602,0.1550339162349701
1449111326638,1,0.19942396879196167,0.35286301374435425,-0.027557870373129845
1449111326658,1,0.3816916346549988,0.5034282803535461,0.2044026255607605
1449111326681,1,0.6007717847824097,0.2922457456588745,1.1252011060714722
1449111326703,1,0.09639613330364227,-0.08061667531728745,0.8549124002456665
1449111326719,1,-0.3052056133747101,-0.10131576657295227,-0.21850363910198212
1449111326739,1,-0.10911321640014648,0.06320668756961823,-0.1405067890882492
1449111326759,1,0.17131051421165466,0.2111801654100418,-0.14001987874507904
1449111326780,1,0.4128669202327728,0.3694266080856323,-0.04081131890416145
1449111326799,1,0.5382341742515564,0.31028467416763306,0.36485037207603455
1449111326818,1,-0.06337583810091019,-0.06402210146188736,0.1458662748336792
1449111326838,1,-0.18343356251716614,-0.04029752314090729,-0.10769815742969513
1449111326860,1,-0.14932942390441895,0.10041385143995285,-0.10249766707420349
1449111326880,1,-0.03579656034708023,0.20447686314582825,-0.03598492220044136
1449111326901,1,0.07585830241441727,0.2576560974121094,0.0032575405202805996
1449111326920,1,0.3912928104400635,0.19010230898857117,0.8341302871704102
1449111326940,1,0.13447332382202148,0.12000760436058044,0.6956541538238525
1449111326960,1,-0.10817739367485046,0.06492167711257935,0.08485154062509537
1449111326983,1,-0.13435140252113342,0.11126549541950226,-0.37936756014823914
1449111327001,1,0.04506291076540947,0.16679039597511292,-0.3795247972011566
1449111327020,1,0.15560385584831238,0.17078852653503418,-0.21325521171092987
1449111327037,1,0.37839946150779724,0.05702770873904228,0.24831192195415497
1449111327063,1,0.22501152753829956,-0.003477905411273241,0.4961293339729309
1449111327082,1,-0.039641983807086945,-0.028791211545467377,0.3056453466415405
1449111327102,1,-0.19903802871704102,0.03688683733344078,-0.03763619437813759
1449111327120,1,-0.2671469748020172,0.11285597831010818,-0.07623276114463806
1449111327141,1,-0.20563195645809174,0.12943536043167114,0.004239537287503481
1449111327164,1,0.03182385489344597,0.1164391040802002,0.3885299563407898
1449111327177,1,-0.15064473450183868,0.10900456458330154,0.43836861848831177
1449111327201,1,-0.24323593080043793,-0.004503156524151564,0.2789969742298126
1449111327220,1,-0.3181338608264923,-0.06796586513519287,-0.14018413424491882
1449111327241,1,-0.05039718747138977,0.04085106775164604,-0.19858312606811523
1449111327262,1,0.21024829149246216,0.1274631768465042,0.06239420548081398
1449111327282,1,0.393979549407959,0.1786731481552124,0.2837064862251282
1449111327301,1,0.2887561619281769,0.1451180875301361,0.3353051543235779
1449111327317,1,0.07962583750486374,0.10060615837574005,0.18020108342170715
1449111327342,1,-0.12787438929080963,0.153408944606781,-0.04318097233772278
1449111327364,1,1.6147417773026973E-4,0.2133382111787796,-0.10528525710105896
1449111327386,1,0.19981621205806732,0.2411889284849167,-0.010503274388611317
1449111327402,1,0.5128086805343628,0.2596001923084259,0.41002166271209717
1449111327422,1,0.19044990837574005,0.1434480994939804,0.261454313993454
1449111327443,1,-0.0932755172252655,-0.06809154152870178,0.025999534875154495
1449111327465,1,-0.2483459711074829,0.014177578501403332,-0.042972881346940994
1449111327491,2,0.028008170425891876,0.10448504239320755,-0.031802669167518616
1449111327503,2,0.3504026532173157,0.29402855038642883,0.09123218059539795
1449111327520,2,0.3386942446231842,0.25263914465904236,0.3157820999622345
1449111327544,2,0.20819760859012604,0.08191022276878357,0.19079671800136566
1449111327568,2,-0.26066088676452637,0.13133154809474945,-0.2612514793872833
1449111327584,2,-0.42134061455726624,-0.10665245354175568,-0.282342791557312
1449111327603,2,-0.47213447093963623,-0.4703466594219208,-0.3016822636127472
1449111327623,2,0.25744664669036865,0.22882454097270966,0.02872399054467678
1449111327647,2,0.7571411728858948,0.8839339017868042,1.0419131517410278
1449111327668,2,0.6419292092323303,0.4377361834049225,0.8181336522102356
1449111327685,2,-0.1913103610277176,-0.29424363374710083,-0.7098498344421387
1449111327704,2,-0.1714320182800293,0.03560322895646095,-0.46166473627090454
1449111327724,2,0.2389497011899948,0.4471189081668854,-0.02187923900783062
1449111327744,2,0.5314385890960693,0.7183394432067871,0.3645552098751068
1449111327766,2,0.6430078744888306,0.556503415107727,1.0651251077651978
1449111327785,2,-0.41420602798461914,-0.12604279816150665,0.11244798451662064
1449111327804,2,-0.46849575638771057,-0.18752163648605347,-0.36118191480636597
1449111327824,2,-0.37929707765579224,-0.07738368213176727,-0.3870084285736084
1449111327847,2,-0.20862318575382233,0.0440460629761219,-0.009697803296148777
1449111327868,2,-0.15012416243553162,0.18062487244606018,0.3630751967430115
1449111327884,2,-0.04449226334691048,-0.36861178278923035,0.3758738934993744
1449111327904,2,-0.2520303726196289,-0.22265958786010742,-0.2740308940410614
1449111327927,2,-0.15778091549873352,-0.1037163957953453,-0.5633084177970886
1449111327946,2,-0.048186250030994415,0.14424598217010498,-0.8225374817848206
1449111327968,2,0.0683373287320137,0.28743690252304077,-0.5522252917289734
1449111327985,2,0.07077671587467194,0.25853052735328674,0.904273509979248
1449111328005,2,-0.6318497061729431,-0.2193365842103958,0.8560791015625
1449111328026,2,-0.5233638286590576,-0.252424031496048,0.42731648683547974
1449111328048,2,-0.2553021311759949,-0.05290040001273155,-0.0594441220164299
1449111328068,2,11.282718658447266,5.339768409729004,-2.0870680809020996
1449111328087,2,3.809921979904175,-2.4232699871063232,-4.018898963928223
1449111328108,2,-6.609193325042725,1.9308927059173584,1.3695365190505981
1449111328127,2,-1.073211431503296,0.9132125973701477,2.322756767272949
1449111328149,2,0.8735663890838623,-1.074520230293274,1.353241205215454
1449111328163,2,-0.4346257746219635,-1.0263532400131226,0.42952072620391846
1449111328189,2,-0.9845582246780396,-0.3652881979942322,0.18260054290294647
1449111328207,2,-1.5331435203552246,-0.7305231690406799,0.47721418738365173
1449111328230,2,-1.340417742729187,-0.8527315258979797,0.021645430475473404
1449111328247,2,-0.8095551133155823,-0.5916513204574585,0.2142559140920639
1449111328269,2,-0.3735285699367523,-0.2861608862876892,0.42204585671424866
1449111328287,2,-0.28643685579299927,-0.20322774350643158,0.3318360149860382
1449111328307,2,-0.4929642379283905,0.009343582205474377,-0.0060685062780976295
1449111328330,2,-0.38623225688934326,0.09722703695297241,-0.10374562442302704
1449111328349,2,-0.13297675549983978,0.12297873198986053,0.04574643820524216
1449111328367,2,-0.03744732216000557,0.20159517228603363,0.21946050226688385
1449111328387,2,0.02475494146347046,0.2266717404127121,0.3148357570171356
1449111328424,2,0.045344505459070206,0.22534137964248657,0.339090496301651
1449111328434,2,-0.28289759159088135,0.0467880554497242,0.11869418621063232
1449111328448,2,-0.3845771253108978,-0.009790741838514805,-0.11644962430000305
1449111328469,2,-0.31798937916755676,0.0029717092402279377,-0.049691375344991684
1449111328489,2,-0.2398168444633484,-0.010492752306163311,0.10283669084310532
1449111328509,2,-0.18305417895317078,-0.0538245290517807,0.12014731019735336
1449111328532,2,-0.18534746766090393,-0.011500468477606773,0.2677876055240631
1449111328551,2,-0.19874756038188934,0.005974398460239172,0.26120880246162415
1449111328570,2,-0.2132996767759323,0.06146130710840225,0.08542203158140182
1449111328589,2,-0.14503438770771027,0.10905425250530243,-0.11214929074048996
1449111328610,2,-0.20090262591838837,0.09479250013828278,-0.09216682612895966
1449111328630,2,-0.1832142174243927,0.07477554678916931,0.2772890031337738
1449111328650,2,-0.3244129419326782,-0.00827215425670147,0.19418811798095703
1449111328668,2,-0.4777398407459259,-0.08944179117679596,-0.061140406876802444
1449111328689,2,-0.4619033932685852,-0.13791151344776154,-0.1764911264181137
1449111328710,2,-0.31574440002441406,-0.14143091440200806,0.004240706562995911
1449111328731,2,-0.21551811695098877,-0.10284721106290817,0.12567104399204254
1449111328752,2,-0.11868804693222046,-0.002868248848244548,0.3380582332611084
1449111328771,2,-0.2096398025751114,-6.0205755289644E-4,0.1982967108488083
1449111328792,2,-0.27808862924575806,-0.02080255001783371,0.21068215370178223
1449111328814,2,-0.19787074625492096,-0.02449614368379116,0.3613695502281189
1449111328833,2,-0.2985963523387909,0.008835048414766788,0.36264732480049133
1449111328853,2,-0.0970567911863327,0.16191431879997253,0.2784487009048462
1449111328867,2,-0.18425975739955902,0.1228887140750885,0.11766776442527771
1449111328892,2,-0.15059447288513184,0.1098141297698021,0.012559037655591965
1449111328915,2,-0.21389691531658173,0.09476736932992935,-0.07169803977012634
1449111328933,2,-0.08617927879095078,0.03596855327486992,0.15532325208187103
1449111328953,2,-0.06043258681893349,0.04625789448618889,0.20027297735214233
1449111328972,2,-0.10295776277780533,0.07305880635976791,-0.022523382678627968
1449111328993,2,-0.13059987127780914,0.03595920279622078,-0.17277824878692627
1449111329015,2,-0.10860694199800491,0.06029285117983818,-0.1630927175283432
1449111329034,2,-0.009054134599864483,0.13666297495365143,-0.06563011556863785
1449111329048,2,0.12569759786128998,0.17787820100784302,-0.002328150672838092
1449111329072,2,0.2207397222518921,0.10902268439531326,0.5485305190086365
1449111329092,2,0.05426745116710663,0.1342395395040512,0.3950859606266022
1449111329115,2,-0.23174619674682617,0.04753858223557472,0.05863397568464279
1449111329133,2,-0.2195817530155182,0.027773557230830193,-0.12136954069137573
1449111329152,2,-0.13022398948669434,0.08612871915102005,-0.17493513226509094
1449111329172,2,0.06757105886936188,0.10682254284620285,0.1559019237756729
1449111329193,2,0.08121708780527115,0.056729018688201904,0.24176117777824402
1449111329215,2,-0.12648969888687134,-0.053309567272663116,0.11592413485050201
1449111329228,2,-0.2605334520339966,-0.1025216355919838,0.0853659138083458
1449111329253,2,-0.20442210137844086,-0.02656184323132038,0.09779752790927887
1449111329273,2,0.1008143201470375,0.1806967556476593,0.0036427404265850782
1449111329290,2,0.07683087140321732,0.1465478241443634,-0.24068215489387512
1449111329314,2,0.0451401062309742,0.05135492607951164,-0.4094569981098175
1449111329335,2,-0.01888568326830864,0.02879004180431366,-0.2749953269958496
1449111329355,2,-0.07542451471090317,-0.038862522691488266,-0.012197802774608135
1449111329374,2,0.08275255560874939,-0.05211188271641731,0.1996031254529953
1449111329397,2,0.23980127274990082,0.04995265603065491,0.17040391266345978
1449111329417,2,0.03596219792962074,0.10892799496650696,-0.2640174329280853
1449111329436,2,-0.04726458713412285,0.12039806693792343,-0.3355903923511505
1449111329453,2,-0.09698665142059326,0.08180033415555954,-0.136213481426239
1449111329475,2,0.12649989128112793,0.04191548004746437,0.5558469891548157
1449111329496,2,0.04889233410358429,0.06269991397857666,0.3656032383441925
1449111329518,1,0.06281498819589615,0.08744388818740845,0.10707856714725494
1449111329531,1,-0.07741145044565201,0.2422264665365219,0.17393851280212402
1449111329555,1,-0.26511019468307495,0.24536007642745972,0.42041388154029846
1449111329576,1,-0.4851536750793457,0.0795242041349411,0.04279576987028122
1449111329597,1,-0.415950745344162,-0.024722354486584663,0.29189619421958923
1449111329616,1,-0.3307533264160156,-0.05790040269494057,0.5781576037406921
1449111329634,1,-0.3401341736316681,-0.09639058262109756,0.5661410093307495
1449111329654,1,-0.2852768003940582,-0.11180208623409271,0.44181615114212036
1449111329676,1,-0.31283262372016907,-0.06334113329648972,0.05104396119713783
1449111329698,1,-0.20239706337451935,0.03732873871922493,-0.4258522689342499
1449111329716,1,0.11819171905517578,0.14876842498779297,-0.09157879650592804
1449111329731,1,0.28169476985931396,0.17211014032363892,0.4349859952926636
1449111329755,1,0.17921514809131622,0.08368366211652756,0.48224693536758423
1449111329776,1,-0.13087314367294312,-0.01392681896686554,0.17872048914432526
1449111329799,1,-0.18346944451332092,0.003940846771001816,0.07058160752058029
1449111329818,1,0.06099442020058632,0.21193011105060577,-0.06977730244398117
1449111329837,1,0.2546083927154541,0.1389981359243393,-0.13336743414402008
1449111329856,1,0.5932691693305969,0.18109248578548431,0.6777098774909973
1449111329877,1,0.5902048349380493,0.30265843868255615,0.9865701198577881
1449111329898,1,0.599173903465271,0.17443828284740448,1.4121078252792358
1449111329918,1,-12.568528175354004,-2.6781442165374756,-0.9337942004203796
1449111329936,1,0.36556628346443176,-1.2359312772750854,3.4323136806488037
1449111329957,1,-1.0763553380966187,0.9459569454193115,0.06684475392103195
1449111329979,1,3.939227819442749,0.9275819063186646,-1.4999743700027466
1449111330000,1,4.478885650634766,1.5821505784988403,-2.061833143234253
1449111330019,1,0.9012082815170288,0.5848363637924194,-0.741577684879303
1449111330037,1,-2.9196064472198486,-1.017578363418579,-0.5774661302566528
1449111330059,1,-1.7904255390167236,-0.376041054725647,1.6753145456314087
1449111330081,1,-0.0046988255344331264,0.2464788556098938,2.250598192214966
1449111330094,1,1.0624966621398926,0.45110243558883667,2.0043466091156006
1449111330113,1,0.9383987784385681,0.5619067549705505,0.5627326965332031
1449111330140,1,0.21446451544761658,0.8524731397628784,-0.902413547039032
1449111330159,1,-0.19202129542827606,0.611040472984314,-0.5204238295555115
1449111330182,1,-0.3441568613052368,0.04067571088671684,0.05824819207191467
1449111330200,1,-0.4896354377269745,-0.2857651710510254,0.6947358250617981
1449111330220,1,-0.505175769329071,-0.30852586030960083,0.9389350414276123
1449111330238,1,-0.07372278720140457,0.07113455981016159,0.34582653641700745
1449111330259,1,-0.1938372552394867,0.1879723072052002,-0.25330081582069397
1449111330282,1,-0.3176518380641937,0.14680150151252747,-0.4164934754371643
1449111330301,1,-0.17066256701946259,0.05173194035887718,-0.12115677446126938
1449111330322,1,-0.28835299611091614,0.029064182192087173,0.09498539566993713
1449111330340,1,-0.32852306962013245,0.004550503101199865,0.22682079672813416
1449111330361,1,-0.2177305370569229,0.13967208564281464,-0.04117021709680557
1449111330382,1,-0.15309776365756989,0.13394494354724884,-0.16658815741539001
1449111330402,1,-0.0822046771645546,0.10193652659654617,-0.18438860774040222
1449111330420,1,-0.14431224763393402,0.10478899627923965,0.02048690803349018
1449111330440,1,-0.19680465757846832,0.10213526338338852,0.08525894582271576
1449111330464,1,-0.14336839318275452,0.10293897986412048,0.42061200737953186
1449111330482,1,0.0508732795715332,0.0823608860373497,0.5842384099960327
1449111330501,1,-0.2952026426792145,0.06658405810594559,0.045481063425540924
1449111330521,1,-0.47606977820396423,-0.006868716794997454,-0.18983401358127594
1449111330541,1,-0.3350038230419159,0.008388473652303219,-0.060002926737070084
1449111330563,1,-0.32096439599990845,0.017442718148231506,0.3195493519306183
1449111330581,1,-0.1859050691127777,-0.019233692437410355,0.18043489754199982
1449111330601,1,-0.12985453009605408,0.028686581179499626,0.11469722539186478
1449111330621,1,-0.15692929923534393,-0.0030412673950195313,0.050010524690151215
1449111330641,1,-0.2787321209907532,-0.0061713820323348045,-0.1359352469444275
1449111330663,1,-0.19664296507835388,0.03429623693227768,0.12220950424671173
1449111330683,1,-0.06231149658560753,0.11074761301279068,0.1198766753077507
1449111330697,1,0.10192684829235077,0.19670623540878296,-0.048320088535547256
1449111330721,1,0.1351575404405594,0.21533845365047455,-0.2075730860233307
1449111330742,1,-0.0017233167309314013,0.18396131694316864,-0.19707565009593964
1449111330764,1,-0.08588336408138275,0.1394336074590683,-0.0010492168366909027
1449111330783,1,-0.02658025734126568,0.10652794688940048,0.365177720785141
1449111330803,1,-0.11240093410015106,0.051669396460056305,0.05266425386071205
1449111330823,1,-0.15955547988414764,0.034810032695531845,-0.15848901867866516
1449111330843,1,-0.1598743349313736,0.038403090089559555,-0.04701309651136398
1449111330866,1,-0.21798670291900635,-0.005897826049476862,-0.0037806876935064793
1449111330885,1,-0.14774411916732788,0.06353636085987091,0.010989011265337467
1449111330902,1,-0.01564684696495533,0.06124386563897133,0.21102409064769745
1449111330922,1,0.1079995185136795,0.06915712356567383,0.5575578808784485
1449111330943,1,-0.17286577820777893,0.0824585035443306,0.35841187834739685
1449111330964,1,-0.26279687881469727,0.0437590628862381,-0.0027454993687570095
1449111330985,1,0.09193067997694016,0.14976035058498383,-0.15575404465198517
1449111331003,1,0.10924813151359558,0.16977964341640472,-0.0018985271453857422
1449111331019,1,0.12255623191595078,0.14873626828193665,0.08031447976827621
1449111331043,1,0.090796560049057,0.13965806365013123,0.19772563874721527
1449111331065,1,-0.3266286551952362,0.11953648179769516,-6.996727315708995E-4
1449111331084,1,-0.3580496907234192,-0.018182722851634026,-0.1004810705780983
1449111331104,1,0.007926774211227894,-0.024213818833231926,0.04531798139214516
1449111331124,1,-0.050521980971097946,-0.03174363076686859,-0.05020400136709213
1449111331145,1,-0.1449568271636963,-0.013333529233932495,-0.03468552976846695
1449111331166,1,0.03438238054513931,0.028560908511281013,0.38653555512428284
1449111331185,1,-0.09430120885372162,0.04099544510245323,0.5188029408454895
1449111331220,1,-0.0784936174750328,0.042470190674066544,0.03616144880652428
1449111331239,1,9.959522867575288E-4,0.23156537115573883,-0.1219949796795845
1449111331259,1,-0.048876188695430756,0.16483108699321747,-0.022398879751563072
1449111331279,1,-0.04366765916347504,0.04815291240811348,0.17829729616641998
1449111331300,1,0.0051621319726109505,-0.008304302580654621,0.4934750199317932
1449111331320,1,0.014093334786593914,-0.001684592105448246,0.5231973528862
1449111331338,1,0.0978882759809494,0.13638941943645477,-0.14996494352817535
1449111331359,1,-0.06343969702720642,0.14443477988243103,-0.3978472352027893
1449111331380,1,-0.07527772337198257,0.12049802392721176,-0.08317220211029053
1449111331399,1,-0.041559070348739624,0.11832009255886078,0.2554325759410858
1449111331419,1,-0.015724005177617073,0.09033610671758652,0.4553653597831726
1449111331439,1,0.04385368153452873,0.07969196140766144,0.2712169885635376
1449111331458,1,0.07655907422304153,0.15201310813426971,0.1414572149515152
1449111331479,1,-0.006333441007882357,0.1115688607096672,-0.0426361970603466
1449111331500,1,-0.043580565601587296,0.049593761563301086,-0.12221592664718628
1449111331521,2,0.004204100463539362,0.058427054435014725,-0.10699030756950378
1449111331534,2,-0.016276303678750992,0.1178828701376915,-0.04584989696741104
1449111331571,2,-0.020834259688854218,0.03502747416496277,0.11526479572057724
1449111331587,2,0.17341168224811554,0.02015899121761322,0.5787900686264038
1449111331607,2,-0.05878251791000366,0.05839958414435387,0.5369739532470703
1449111331627,2,-0.03767908364534378,0.15194179117679596,-0.3899298906326294
1449111331649,2,0.0011824878165498376,0.14948971569538116,-0.31005027890205383
1449111331670,2,0.01200512982904911,0.06066635996103287,0.1341845989227295
1449111331687,2,-0.04000482335686684,-0.04915478453040123,0.4183814823627472
1449111331706,2,-0.1322447955608368,-0.08512918651103973,0.4541337788105011
1449111331729,2,0.07497362792491913,0.020836452022194862,0.38760289549827576
1449111331750,2,-0.05037687346339226,0.1662321835756302,-0.285979688167572
1449111331768,2,-0.023031331598758698,0.10793430358171463,-0.2745990455150604
1449111331787,2,-0.021901816129684448,0.02557341754436493,0.004523030482232571
1449111331808,2,-0.09088599681854248,-0.017901567742228508,0.1873725801706314
1449111331830,2,-0.005900529213249683,-0.03039221651852131,0.3251952528953552
1449111331851,2,0.12081263959407806,0.11552432179450989,0.04685410484671593
1449111331869,2,-0.02548508159816265,0.1127285584807396,-0.03539572283625603
1449111331889,2,-0.0766119733452797,0.07095803320407867,0.03397299721837044
1449111331909,2,-0.007679302711039782,0.05445405840873718,0.11972878873348236
1449111331932,2,0.04329338297247887,0.03867197036743164,0.15707096457481384
1449111331952,2,0.02317022904753685,0.019158290699124336,0.11409049481153488
1449111331970,2,0.12215200066566467,0.0721609815955162,0.31824761629104614
1449111331985,2,0.09184154123067856,0.08930617570877075,0.3255828022956848
1449111332008,2,-0.2653191387653351,-0.02120937779545784,0.14678046107292175
1449111332032,2,-0.4666123390197754,-0.10454408079385757,0.012445639818906784
1449111332052,2,-0.4848916828632355,-0.17625907063484192,-0.0307289008051157
1449111332068,2,-0.3686009645462036,-0.15804186463356018,0.11574117839336395
1449111332089,2,-0.39770618081092834,-0.25553077459335327,0.143436998128891
1449111332111,2,-0.5734187364578247,-0.31879591941833496,0.10341186076402664
1449111332131,2,-0.608687698841095,-0.373534619808197,0.41226211190223694
1449111332152,2,-0.7217555642127991,0.4655664265155792,-0.39062371850013733
1449111332171,2,-10.2891845703125,2.969632625579834,1.4288913011550903
1449111332208,2,-5.172955513000488,2.5202438831329346,0.10429974645376205
1449111332216,2,3.4273135662078857,1.0697516202926636,-0.0908978283405304
1449111332232,2,2.139103889465332,-0.7449614405632019,0.15344108641147614
1449111332253,2,2.171192169189453,-0.5988403558731079,-0.28640812635421753
1449111332271,2,-0.16858503222465515,-0.5208838582038879,0.5480769872665405
1449111332291,2,0.22915436327457428,-0.5551011562347412,1.069972038269043
1449111332314,2,0.06619389355182648,-1.09950852394104,0.3977712392807007
1449111332333,2,0.7322133183479309,-1.027802586555481,-0.07768295705318451
1449111332352,2,1.1529508829116821,0.07735329121351242,0.024104513227939606
1449111332367,2,1.318913459777832,0.67938631772995,-0.9842594861984253
1449111332390,2,1.258560299873352,0.7670815587043762,-0.06569675356149673
1449111332414,2,1.5991847515106201,0.6661840081214905,2.1533594131469727
1449111332434,2,1.001528263092041,-0.1823497861623764,2.697474956512451
1449111332451,2,-0.1488378345966339,-1.418636679649353,2.352964162826538
1449111332471,2,1.3729145526885986,-1.823715090751648,1.6079057455062866
1449111332492,2,0.9847279787063599,1.9866989850997925,0.6926864981651306
1449111332515,2,0.30582544207572937,1.5989713668823242,-1.1714760065078735
1449111332533,2,-1.1173495054244995,0.02711334079504013,-0.7735194563865662
1449111332552,2,-0.9611594676971436,-0.7237208485603333,0.0053811087273061275
1449111332572,2,-0.09377177804708481,-1.3893617391586304,0.9088216423988342
1449111332593,2,0.6541374921798706,0.08042407780885696,0.6227777004241943
1449111332616,2,0.07043270021677017,0.8604931235313416,-0.03781096637248993
1449111332634,2,-0.9923361539840698,1.5317133665084839,-0.930233895778656
1449111332654,2,1.5904169082641602,0.15958499908447266,-0.8951169848442078
1449111332672,2,0.13626670837402344,-0.13749124109745026,1.0421271324157715
1449111332699,2,-0.5275201201438904,0.890398383140564,0.884496808052063
1449111332707,2,-0.5277382135391235,1.277951955795288,-0.019258826971054077
1449111332733,2,0.44791746139526367,1.058864951133728,-0.725541889667511
1449111332752,2,1.8530429601669312,-0.6116074919700623,-1.1127631664276123
1449111332773,2,2.6631741523742676,-3.6374289989471436,-2.7954742908477783
1449111332793,2,1.408016562461853,-3.389119863510132,-0.8391232490539551
1449111332815,2,-0.6307654976844788,0.4053972065448761,0.6264052391052246
1449111332833,2,0.44723203778266907,-0.016699206084012985,0.677142322063446
1449111332853,2,-0.15844306349754333,0.30888301134109497,0.9655518531799316
1449111332874,2,0.10601437091827393,0.12793460488319397,0.7175900340080261
1449111332896,2,0.23444625735282898,0.09905687719583511,0.2876303791999817
1449111332916,2,-0.013999080285429955,-0.21811844408512115,-0.5106050372123718
1449111332936,2,-0.6310833096504211,-0.45869770646095276,-0.09524083137512207
1449111332951,2,-0.50644451379776,-0.2752273976802826,0.47905486822128296
1449111332972,2,0.29257315397262573,0.14741934835910797,0.8907914757728577
1449111332997,2,0.29953619837760925,0.38527387380599976,0.5108435153961182
1449111333017,2,0.15244556963443756,0.17234745621681213,-0.4851940870285034
1449111333036,2,-0.046465326100587845,-0.2243272364139557,-0.167366161942482
1449111333055,2,-0.5973339080810547,-0.24771803617477417,0.18844109773635864
1449111333076,2,-0.589787483215332,-0.27741700410842896,0.23934535682201385
1449111333099,2,-0.2020834982395172,-0.21750789880752563,0.20622693002223969
1449111333117,2,0.06467153877019882,0.00780161377042532,0.12567104399204254
1449111333135,2,0.2444426417350769,-0.02552519366145134,0.049007486552000046
1449111333155,2,0.3434167802333832,0.13704846799373627,-0.08597089350223541
1449111333176,2,0.18208694458007813,0.19536124169826508,-0.3755371868610382
1449111333197,2,-0.11928824335336685,-0.15773703157901764,-0.49475160241127014
1449111333218,2,-0.24907241761684418,-0.14269845187664032,-0.09064590185880661
1449111333237,2,0.7889397144317627,-0.08059592545032501,1.260668158531189
1449111333256,2,0.5504398941993713,-0.6687813401222229,0.9464747905731201
1449111333278,2,-0.46537551283836365,-0.6096610426902771,0.6586147546768188
1449111333298,2,-1.008526086807251,-0.296491414308548,0.34461307525634766
1449111333319,2,-0.6205439567565918,0.15263649821281433,-0.07032090425491333
1449111333336,2,-0.03074154071509838,0.425994873046875,0.3034411072731018
1449111333354,2,1.0176970958709717,0.8694690465927124,0.3392062485218048
1449111333378,2,1.0028767585754395,1.0107219219207764,0.779585063457489
1449111333400,2,0.4115152955055237,0.38323652744293213,0.7435831427574158
1449111333419,2,0.09814915806055069,0.1167021319270134,-0.12570202350616455
1449111333437,2,-0.5867051482200623,0.17589637637138367,-0.9479542374610901
1449111333458,2,-0.6166595220565796,-0.04212912544608116,-0.6256640553474426
1449111333480,2,-0.006476721726357937,-0.2613593339920044,0.8787462711334229
1449111333499,2,0.8089176416397095,0.2191656082868576,0.8792313933372498
1449111333517,2,1.0237137079238892,0.5074386596679688,0.5622708797454834
1449111333536,2,-0.08558640629053116,0.38361266255378723,-0.25348377227783203
1449111333558,1,-0.14241823554039001,0.21937954425811768,-0.6843740344047546
1449111333582,1,0.2324051707983017,0.16802667081356049,0.22010523080825806
1449111333604,1,0.39871418476104736,0.3562649190425873,0.2617664337158203
1449111333621,1,0.35327422618865967,0.09904898703098297,0.13179682195186615
1449111333637,1,0.227783665060997,0.3077396750450134,0.03475216403603554
1449111333658,1,-0.48781532049179077,-0.06881400942802429,0.0629863291978836
1449111333679,1,-0.384280264377594,-0.5192804932594299,0.05511690676212311
1449111333700,1,-0.01867634989321232,-0.4238026440143585,0.12879939377307892
1449111333719,1,0.5916987061500549,-0.0734562799334526,0.5815542936325073
1449111333734,1,-0.19351880252361298,0.5676975846290588,0.4856874346733093
1449111333760,1,-0.6661414504051208,0.10752163082361221,0.048662032932043076
1449111333781,1,-0.2193615734577179,-0.20806115865707397,-0.10419920831918716
1449111333801,1,0.021145975217223167,-0.18703532218933105,-0.5299637913703918
1449111333820,1,-0.0456070639193058,-0.9666519165039063,-3.4202871322631836
1449111333840,1,-0.44802477955818176,-0.3605862855911255,-0.4743482768535614
1449111333862,1,0.5562030076980591,-0.43714404106140137,0.19064649939537048
1449111333883,1,1.436631202697754,0.7493804693222046,0.29530221223831177
1449111333903,1,-0.28470176458358765,1.152750849723816,2.162656307220459
1449111333922,1,0.4749521315097809,0.24452655017375946,2.7541258335113525
1449111333941,1,0.5394036769866943,-0.922014594078064,1.5151824951171875
1449111333965,1,0.1293458491563797,-0.48228201270103455,0.05836451053619385
1449111333983,1,0.022083675488829613,1.1501023769378662,-1.612023115158081
1449111334001,1,0.9323282837867737,0.8970832824707031,-1.355325698852539
1449111334021,1,0.47245484590530396,0.5736901164054871,-0.3879600465297699
1449111334042,1,-0.37772178649902344,-0.09354747086763382,0.6639292240142822
1449111334065,1,-0.7827892303466797,-0.268348753452301,1.1487573385238647
1449111334081,1,-0.5027173161506653,0.038565002381801605,1.254648208618164
1449111334103,1,0.15807999670505524,0.3800497055053711,0.6275432705879211
1449111334121,1,0.8282892107963562,0.5608704090118408,0.3381698727607727
1449111334141,1,0.8462386727333069,0.2585778832435608,-0.5125321745872498
1449111334165,1,0.778975248336792,0.19549335539340973,-1.0878005027770996
1449111334182,1,0.22390301525592804,0.2734890282154083,-0.805381178855896
1449111334202,1,-0.36039164662361145,-0.3942722976207733,0.264655739068985
1449111334221,1,-0.4954686760902405,-0.3213479220867157,0.1648632287979126
1449111334242,1,0.512161374092102,-0.5790712237358093,1.2435393333435059
1449111334266,1,0.9183477163314819,-0.9160749912261963,-0.4388023316860199
1449111334283,1,0.3607957065105438,-0.029285715892910957,-3.42322039604187
1449111334304,1,3.2318527698516846,0.09788345545530319,2.7091684341430664
1449111334323,1,4.264167308807373,1.2565981149673462,-0.20352759957313538
1449111334343,1,1.7815492153167725,1.6898913383483887,2.188812494277954
1449111334365,1,-2.573166847229004,-0.20845219492912292,0.8167740702629089
1449111334384,1,-4.327766418457031,-0.8685770630836487,-0.6883552074432373
1449111334403,1,-3.1479408740997314,-0.7740134000778198,1.4534423351287842
1449111334422,1,1.7013249397277832,-0.09479542076587677,0.6728513240814209
1449111334440,1,1.7783700227737427,0.5008406043052673,0.2684808373451233
1449111334465,1,1.9829087257385254,0.9707704782485962,0.08618775755167007
1449111334486,1,1.2726680040359497,0.8519447445869446,-0.034447044134140015
1449111334504,1,0.3052898347377777,0.3359937071800232,-0.09102467447519302
1449111334524,1,-0.7243998646736145,-0.1947556883096695,0.4850035309791565
1449111334545,1,-0.4721389412879944,-0.30284255743026733,0.5589654445648193
1449111334566,1,-0.13757161796092987,-0.2579086124897003,0.20936405658721924
1449111334585,1,0.3697316646575928,-0.06652034819126129,-0.361661821603775
1449111334604,1,0.7725626230239868,0.20161797106266022,-0.6475135087966919
1449111334624,1,-0.002845164854079485,0.35620415210723877,0.17988602817058563
1449111334647,1,-0.23832380771636963,0.1690261960029602,0.7220885157585144
1449111334685,1,-0.3660278022289276,-0.04386895149946213,0.5792670249938965
1449111334694,1,-0.17579872906208038,0.0426730215549469,-0.2269616723060608
1449111334707,1,-0.12721839547157288,0.31534314155578613,-0.909808337688446
1449111334725,1,0.07547392696142197,0.44973817467689514,-0.647017240524292
1449111334748,1,0.13693302869796753,0.13182663917541504,0.33952248096466064
1449111334761,1,-0.1582375466823578,-0.10597381740808487,0.6089742183685303
1449111334787,1,-0.10632579028606415,-0.2201157510280609,0.36780455708503723
1449111334806,1,-0.21551929414272308,-0.021246202290058136,0.0918225422501564
1449111334826,1,-0.05968585982918739,0.15650281310081482,-0.1401958167552948
1449111334848,1,-0.09452793002128601,0.2653332054615021,-0.3839209973812103
1449111334869,1,-0.3583076000213623,-0.014574469067156315,0.20512276887893677
1449111334885,1,-0.15794536471366882,-0.2568652331829071,0.6189888119697571
1449111334905,1,-0.10295867174863815,-0.28901803493499756,0.4783148467540741
1449111334926,1,0.044950246810913086,-0.1312444508075714,0.18753917515277863
1449111334948,1,0.05971493944525719,0.2024170160293579,-0.5465402603149414
1449111334968,1,0.10960063338279724,0.24893559515476227,-0.44418931007385254
1449111334985,1,0.18403905630111694,0.15039514005184174,0.22069968283176422
1449111335006,1,0.24561741948127747,0.10441665351390839,0.8788695931434631
1449111335027,1,0.2475828379392624,0.18366846442222595,1.0071347951889038
1449111335048,1,-0.030734380707144737,0.08405892550945282,-0.05522387474775314
1449111335070,1,-0.09930512309074402,0.008453356102108955,-0.28822657465934753
1449111335087,1,-0.10035784542560577,-0.14061492681503296,-0.26451778411865234
1449111335107,1,-0.3633618950843811,-0.20756898820400238,0.0849444791674614
1449111335128,1,-0.034605011343955994,-0.16437633335590363,0.7944161295890808
1449111335145,1,0.2785613238811493,0.13099077343940735,0.4780378043651581
1449111335168,1,0.08957177400588989,0.19458267092704773,-0.2653028070926666
1449111335187,1,-0.020529504865407944,0.09913140535354614,-0.37363457679748535
1449111335208,1,0.09316249191761017,0.07213818281888962,0.041646599769592285
1449111335231,1,0.11129180341959,-0.04390811547636986,0.5386509299278259
1449111335251,1,0.05796827748417854,-0.11792846024036407,0.8455249667167664
1449111335264,1,-0.2220815271139145,-0.10211948305368423,0.23125965893268585
1449111335288,1,-0.11926442384719849,0.0469634123146534,0.44664719700813293
1449111335308,1,0.10272446274757385,0.25140872597694397,0.37143561244010925
1449111335327,1,0.21972638368606567,0.33395254611968994,0.0699380487203598
1449111335349,1,0.12302468717098236,0.14486439526081085,0.056983284652233124
1449111335363,1,-0.5738245844841003,-0.27544835209846497,0.1372983455657959
1449111335388,1,-0.6110624670982361,-0.19952712953090668,0.17675766348838806
1449111335408,1,-0.45039916038513184,-0.050062548369169235,0.1182844340801239
1449111335431,1,-0.2652910351753235,0.05096563324332237,-0.11667817085981369
1449111335450,1,-0.08786322921514511,0.09558803588151932,-0.1861439198255539
1449111335471,1,-0.14296452701091766,0.08880816400051117,-0.42141222953796387
1449111335490,1,-0.4100439250469208,0.010856324806809425,-0.24683716893196106
1449111335511,1,-0.2703576385974884,-0.024083470925688744,-0.46931028366088867
1449111335533,1,-0.15616847574710846,0.10230302065610886,-0.05204465985298157
1449111335551,1,-0.021409539505839348,0.05525894835591316,0.36066579818725586
1449111335574,2,0.04142506793141365,0.13551439344882965,-0.04555997624993324
1449111335592,2,-0.05534770339727402,0.11173603683710098,-0.5104495286941528
1449111335611,2,0.11614135652780533,0.11128654330968857,-0.2740349769592285
1449111335635,2,0.09777476638555527,0.09101590514183044,-0.17842121422290802
1449111335656,2,0.04538717493414879,-0.007093173451721668,-0.1503629982471466
1449111335670,2,0.002102287719026208,0.022967619821429253,-0.06149696558713913
1449111335691,2,0.019984930753707886,0.04049859941005707,-0.09552256762981415
1449111335713,2,-0.0727255567908287,0.07233691960573196,-0.14376959204673767
1449111335733,2,-0.09663905948400497,0.04268938675522804,0.02406710386276245
1449111335753,2,-0.18271701037883759,-0.0976104810833931,0.32957157492637634
1449111335772,2,-0.11888083070516586,-0.16141046583652496,0.3888736665248871
1449111335790,2,0.04295507073402405,-0.015395722351968288,0.6783826947212219
1449111335814,2,0.33410000801086426,0.39385610818862915,-0.3356231153011322
1449111335833,2,0.3529127538204193,0.4823749363422394,-0.866981029510498
1449111335853,2,-0.1852266937494278,0.11326456069946289,-0.2229863405227661
1449111335866,2,-0.7777740359306335,-0.5519576072692871,1.6302473545074463
1449111335891,2,-0.6138999462127686,-0.6585220694541931,1.9571797847747803
1449111335914,2,1.4421076774597168,0.8969470858573914,-0.6571703553199768
1449111335934,2,1.2881673574447632,0.9144757390022278,-1.9689252376556396
1449111335952,2,0.7019727826118469,0.6616939902305603,-1.2931500673294067
1449111335972,2,0.18806535005569458,0.30905017256736755,0.15202654898166656
1449111335993,2,-0.37193167209625244,-0.10685995221138,1.190368890762329
1449111336014,2,-0.389006108045578,-0.37482115626335144,0.29035189747810364
1449111336034,2,0.039701685309410095,-0.19466625154018402,0.5180424451828003
1449111336054,2,0.5538495779037476,0.27234745025634766,0.20720891654491425
1449111336070,2,0.27891770005226135,0.42270052433013916,0.01077566109597683
1449111336089,2,-0.20558668673038483,0.11286766827106476,0.12496376782655716
1449111336116,2,-0.7525831460952759,-0.19280162453651428,0.22287410497665405
1449111336134,2,-0.7696075439453125,-0.4700368642807007,0.26228609681129456
1449111336153,2,-0.4260385036468506,-0.36289456486701965,0.22355975210666656
1449111336177,2,-0.2661820948123932,-0.2168015092611313,0.26549336314201355
1449111336193,2,-0.13350999355316162,-0.12198445945978165,0.05458265542984009
1449111336217,2,-0.32525208592414856,-0.013766075484454632,-0.20406126976013184
1449111336234,2,-5.464942455291748,-1.1676839590072632,3.8906986713409424
1449111336254,2,-3.6956160068511963,0.3657107949256897,0.03561608865857124
1449111336274,2,-2.957817316055298,-0.14912673830986023,0.8043617606163025
1449111336298,2,-2.1392343044281006,0.21440204977989197,-0.09423252940177917
1449111336318,2,1.9245076179504395,1.4088585376739502,-0.5272843241691589
1449111336338,2,0.9170358777046204,0.08478957414627075,0.8731406927108765
1449111336355,2,-0.14915618300437927,-0.724973738193512,0.7059025764465332
1449111336375,2,-0.6172207593917847,-0.7795706987380981,0.03701835498213768
1449111336395,2,-0.3765590488910675,-0.4415595233440399,-0.08491232991218567
1449111336416,2,0.243956059217453,0.015152561478316784,-0.24613282084465027
1449111336436,2,0.6532773375511169,0.3142038881778717,-0.24811376631259918
1449111336455,2,0.6153376698493958,0.41166651248931885,-0.5136234760284424
1449111336475,2,0.5395548939704895,0.3166249990463257,-0.42125675082206726
1449111336497,2,0.6232123374938965,0.20277006924152374,-0.17882220447063446
1449111336518,2,0.80174720287323,0.27917760610580444,-0.19889117777347565
1449111336536,2,0.8044498562812805,0.3563052713871002,-0.13699088990688324
1449111336554,2,0.6641522645950317,0.37724459171295166,-0.3168710768222809
1449111336576,2,0.598701536655426,0.3596820533275604,-0.09167583286762238
1449111336599,2,0.4625597894191742,0.1863970160484314,0.15468202531337738
1449111336618,2,0.4704199433326721,0.1043470948934555,0.18008652329444885
1449111336635,2,0.5019769668579102,0.20767536759376526,-0.1059691458940506
1449111336656,2,0.530790388584137,0.2555202543735504,-0.2616407573223114
1449111336676,2,0.7134701609611511,0.37384968996047974,-0.18738895654678345
1449111336699,2,0.4179075062274933,0.23584114015102386,0.15865735709667206
1449111336717,2,0.26196765899658203,-0.04521043226122856,0.35830608010292053
1449111336737,2,-0.09311231225728989,-0.014663316309452057,0.22092705965042114
1449111336756,2,-0.1742088794708252,-0.14981471002101898,-0.10621406137943268
1449111336774,2,0.31941497325897217,0.08886954188346863,0.2221861332654953
1449111336801,2,0.6188454627990723,0.2816343307495117,-0.0030441901180893183
1449111336818,2,0.61979079246521,0.3698030412197113,-0.33568158745765686
1449111336838,2,0.5593048334121704,0.16777297854423523,-0.2878963351249695
1449111336854,2,0.290431410074234,0.12879939377307892,0.1451338678598404
1449111336878,2,0.13112327456474304,0.09882277995347977,0.4112105667591095
1449111336900,2,0.29305651783943176,0.1486860066652298,0.43987610936164856
1449111336918,2,0.3371434509754181,0.25339317321777344,0.22967852652072906
1449111336938,2,0.29342952370643616,0.161503404378891,0.11801029741764069
1449111336957,2,0.32932284474372864,0.12508009374141693,-0.0731692835688591
1449111336981,2,0.43295684456825256,0.11307693272829056,-0.13046938180923462
1449111337001,2,0.4608044922351837,0.14578385651111603,0.012080313637852669
1449111337019,2,0.4336538016796112,0.19271394610404968,0.1897907555103302
1449111337038,2,0.465079128742218,0.1948176473379135,0.14292728900909424
1449111337059,2,0.4150756895542145,0.19860242307186127,0.04408055171370506
1449111337081,2,0.2736969292163849,0.2045043408870697,3.267477441113442E-4
1449111337101,2,0.24807694554328918,0.15797288715839386,0.10462240874767303
1449111337121,2,0.26876363158226013,0.1499912440776825,0.23944003880023956
1449111337134,2,0.1327602118253708,0.125868022441864,0.2039104700088501
1449111337159,2,0.0543278232216835,0.09902151674032211,0.23371757566928864
1449111337184,2,0.15012158453464508,0.13123568892478943,0.2631915211677551
1449111337213,2,-0.051361437886953354,0.03444528952240944,-0.005423778668045998
1449111337217,2,-0.0574752539396286,-0.008793547749519348,0.04769289493560791
1449111337240,2,-0.06972415000200272,-0.05336042121052742,-0.05143383517861366
1449111337261,2,0.08705385029315948,0.0023491934407502413,-0.16915245354175568
1449111337282,2,0.23562289774417877,0.15267711877822876,-0.2621510624885559
1449111337302,2,-0.2004397064447403,-0.05369418114423752,0.053922731429338455
1449111337320,2,-0.329571932554245,-0.1692933291196823,0.14975860714912415
1449111337341,2,-0.25900325179100037,-0.12738661468029022,0.09889993816614151
1449111337361,2,0.031385209411382675,0.01258709467947483,0.21526363492012024
1449111337384,2,0.31496524810791016,0.1150900274515152,0.12471593171358109
1449111337397,2,0.2755621671676636,0.13427285850048065,-0.18152210116386414
1449111337421,2,0.23970669507980347,0.1660650074481964,-0.07438567280769348
1449111337438,2,0.18999359011650085,0.1326233446598053,0.039309099316596985
1449111337464,2,0.1419825553894043,0.14643442630767822,0.21471242606639862
1449111337483,2,0.1965397149324417,0.14302958548069,0.2508218586444855
1449111337502,2,0.24946938455104828,0.17273615300655365,0.06359831988811493
1449111337521,2,0.4880625605583191,0.19117197394371033,-0.14947627484798431
1449111337542,2,0.2932594120502472,0.2242506593465805,-0.02308277040719986
1449111337565,2,0.2044031023979187,0.10288579016923904,0.14600831270217896
