1451266835414,0,-0.31467825174331665,0.136589914560318,0.0507616363465786
1451266835419,0,-0.31467825174331665,0.136589914560318,0.0507616363465786
1451266835440,1,-0.31467825174331665,0.136589914560318,0.0507616363465786
1451266835458,1,-0.31467825174331665,0.136589914560318,0.0507616363465786
1451266835479,1,-0.31467825174331665,0.136589914560318,0.0507616363465786
1451266835497,1,-0.31467825174331665,0.136589914560318,0.0507616363465786
1451266835517,1,-0.31467825174331665,0.136589914560318,0.0507616363465786
1451266835539,1,0.020000234246253967,-1.2854583263397217,2.7176387310028076
1451266835559,1,-1.0549529790878296,1.3720178604125977,-0.41934478282928467
1451266835579,1,-0.645412266254425,1.2081950902938843,-0.5249988436698914
1451266835603,1,-1.2513774633407593,1.8220582008361816,-0.8212836384773254
1451266835623,1,-1.3353025913238525,1.3122458457946777,-1.0742255449295044
1451266835646,1,-0.8057337999343872,0.5256956219673157,-1.215440273284912
1451266835665,1,-0.34025144577026367,0.22728724777698517,-1.4885318279266357
1451266835684,1,-0.33147871494293213,0.26327332854270935,-1.5287836790084839
1451266835703,1,0.3181138336658478,0.01025660615414381,0.5828869938850403
1451266835724,1,0.34196737408638,-0.2930079698562622,2.1991162300109863
1451266835746,1,-0.03458579629659653,-0.16071663796901703,2.7289440631866455
1451266835765,1,0.04219232499599457,-0.19672025740146637,1.1586300134658813
1451266835784,1,-0.5151702761650085,0.11946634203195572,-0.4027893543243408
1451266835802,1,-0.39536646008491516,0.14317746460437775,-0.12342764437198639
1451266835824,1,-0.01827230118215084,0.1269260048866272,-0.04371872916817665
1451266835846,1,0.34107524156570435,0.052724458277225494,0.058178048580884933
1451266835865,1,0.607715904712677,0.01838204450905323,0.49028295278549194
1451266835885,1,-0.19568046927452087,-0.06657528877258301,0.6067267060279846
1451266835903,1,-0.27689510583877563,-0.011223404668271542,0.24152210354804993
1451266835925,1,-0.34837526082992554,0.20760054886341095,-0.1320323944091797
1451266835946,1,-0.2586081326007843,0.29317688941955566,-0.35276421904563904
1451266835965,1,-0.1283843219280243,0.318261057138443,0.001910802093334496
1451266835986,1,-0.033627692610025406,0.1152314767241478,0.535708487033844
1451266836002,1,-0.3594014644622803,-0.23883914947509766,0.5662275552749634
1451266836025,1,-0.2926481366157532,-0.16997896134853363,0.49776366353034973
1451266836046,1,-0.15634170174598694,0.10591653734445572,-0.018702946603298187
1451266836065,1,-0.15001988410949707,0.31598201394081116,-0.18731647729873657
1451266836080,1,-0.2894141674041748,0.27269992232322693,0.0017477205256000161
1451266836106,1,0.04807042330503464,0.12747955322265625,-0.08253683149814606
1451266836126,1,0.1470058709383011,0.2229425013065338,-0.11758008599281311
1451266836147,1,0.7718175649642944,0.40644729137420654,0.3202589750289917
1451266836167,1,0.07172982394695282,0.04590601101517677,0.514755129814148
1451266836185,1,-0.3818889856338501,-0.949753999710083,-0.42202889919281006
1451266836210,1,-2.4176881313323975,-2.255298137664795,3.411179780960083
1451266836229,1,0.19024065136909485,1.4452695846557617,2.6622838973999023
1451266836243,1,6.613650798797607,1.5392098426818848,-1.4181973934173584
1451266836267,1,4.125749111175537,1.4433704614639282,0.06211363524198532
1451266836286,1,-1.6863676309585571,-1.722261667251587,-0.33524611592292786
1451266836307,1,-5.14132022857666,-1.0594383478164673,-2.8058669567108154
1451266836329,1,0.7798699736595154,1.3692268133163452,0.3520025908946991
1451266836349,1,2.5746195316314697,1.0255483388900757,1.9833009243011475
1451266836368,1,2.003969192504883,0.29415422677993774,1.9819834232330322
1451266836387,1,0.438662052154541,-0.06434709578752518,0.8545131683349609
1451266836407,1,-0.5811061263084412,0.20274201035499573,-0.4324672818183899
1451266836430,1,-0.35341984033584595,0.7790426015853882,-0.5216197371482849
1451266836444,1,0.006679089739918709,0.6265057921409607,-0.032004911452531815
1451266836463,1,0.346008837223053,0.3876619338989258,0.5094990730285645
1451266836487,1,0.6470887064933777,0.15020108222961426,0.5893611311912537
1451266836507,1,0.04040664806962013,0.25785189867019653,0.3293342590332031
1451266836530,1,-0.8251540660858154,0.27419573068618774,-0.004497311543673277
1451266836551,1,-0.7322966456413269,0.227162167429924,0.08326981961727142
1451266836566,1,-0.3972301185131073,0.1656762957572937,0.06535597890615463
1451266836588,1,-0.05390670895576477,0.08576280623674393,-0.15414543449878693
1451266836608,1,-0.08918815851211548,-0.019763855263590813,-0.36113107204437256
1451266836632,1,-0.7181674242019653,0.04906652122735977,-0.27985623478889465
1451266836650,1,-0.6055048704147339,0.05565992742776871,0.022717444226145744
1451266836667,1,-0.5174074172973633,0.008750292472541332,0.2735503911972046
1451266836688,1,-0.804046094417572,0.10633856058120728,0.09553776681423187
1451266836710,1,-1.007445216178894,0.1581786423921585,0.18317396938800812
1451266836732,1,-0.8012828826904297,-0.01625906117260456,0.19208967685699463
1451266836751,1,-0.4373680353164673,-0.15902970731258392,0.5579928159713745
1451266836768,1,-0.18727636337280273,-0.05083645507693291,0.5725204944610596
1451266836789,1,-0.22698789834976196,0.05371171608567238,0.27351298928260803
1451266836809,1,-0.5010671615600586,0.1559375822544098,-0.05498480424284935
1451266836830,1,-0.6859525442123413,0.1851467341184616,-0.014331892132759094
1451266836850,1,-0.3437846601009369,0.18387363851070404,-0.045646484941244125
1451266836869,1,0.0486413910984993,0.18607845902442932,-0.1327957808971405
1451266836891,1,0.11298874020576477,0.29551205039024353,-0.25208091735839844
1451266836912,1,-0.19061237573623657,0.3099444806575775,-0.16612404584884644
1451266836931,1,-0.3741214871406555,0.09282324463129044,0.21101240813732147
1451266836951,1,-0.4426007866859436,0.019772622734308243,-0.29967033863067627
1451266836967,1,-0.41613349318504333,0.01450198795646429,-0.35160160064697266
1451266836991,1,-0.24501751363277435,0.09079261869192123,-0.3231114447116852
1451266837014,1,-0.33062392473220825,0.16932430863380432,-0.40060558915138245
1451266837033,1,-0.4062258303165436,0.019597265869379044,-0.24021220207214355
1451266837051,1,-0.3266223967075348,-0.07569500058889389,-0.12013854086399078
1451266837067,1,-0.07980919629335403,-0.007011924870312214,-0.26731473207473755
1451266837092,1,-0.20095102488994598,0.3157435357570648,-0.16712532937526703
1451266837114,1,-0.09179649502038956,0.10897650569677353,0.2862105667591095
1451266837132,1,-0.18101708590984344,0.22243396937847137,0.5805711150169373
1451266837151,1,-0.037624578922986984,0.20028525590896606,0.643048882484436
1451266837171,1,-0.05411693826317787,0.38552552461624146,0.13989537954330444
1451266837193,1,-0.0091539416462183,0.34672844409942627,0.0847054049372673
1451266837214,1,0.049560241401195526,0.2843932807445526,-0.07658113539218903
1451266837233,1,0.22267113626003265,0.2811965346336365,-0.16485154628753662
1451266837251,1,0.23091265559196472,0.2990618646144867,-0.13395605981349945
1451266837271,1,-0.08783121407032013,0.19826047122478485,0.0779559314250946
1451266837293,1,-0.24178868532180786,0.12616613507270813,0.09302666038274765
1451266837315,1,-0.2759547233581543,0.06464578211307526,0.08824527263641357
1451266837334,1,-0.20705807209014893,0.08621463924646378,0.09827975928783417
1451266837353,1,-0.2915114164352417,0.10969430208206177,0.07118891924619675
1451266837372,1,-0.4397047460079193,0.06856675446033478,0.13837562501430511
1451266837394,1,-0.4066953659057617,0.19559797644615173,0.5752122402191162
1451266837415,1,-0.2769831418991089,0.07530921697616577,0.7135393023490906
1451266837438,2,-0.30523794889450073,0.10852467268705368,0.5101327300071716
1451266837455,2,-0.14336729049682617,0.1912994086742401,0.1603606641292572
1451266837474,2,0.013368198648095131,0.27794718742370605,-0.08713994175195694
1451266837498,2,-0.06481204181909561,0.277823269367218,-0.09139876812696457
1451266837517,2,0.04737619310617447,0.20876258611679077,0.0204003993421793
1451266837529,2,0.09549487382173538,0.17350129783153534,0.14121347665786743
1451266837553,2,0.04274478927254677,0.11768121272325516,0.11712942272424698
1451266837574,2,-0.1166476309299469,0.18241876363754272,-0.03803717717528343
1451266837597,2,-0.0483696423470974,0.23595687747001648,-0.1399228572845459
1451266837616,2,-0.05420452356338501,0.1652817577123642,-0.10072188824415207
1451266837635,2,-0.09519854187965393,0.12410160154104233,-0.034687284380197525
1451266837654,2,-0.15989169478416443,0.13182897865772247,0.07794716209173203
1451266837670,2,-0.13552658259868622,0.051564183086156845,0.23624271154403687
1451266837698,2,-0.179804265499115,0.037641458213329315,0.07058101892471313
1451266837716,2,-0.254689484834671,0.03588029369711876,-0.11340075731277466
1451266837735,2,-0.2976375222206116,0.04515373334288597,-0.12015432119369507
1451266837756,2,-0.2781786024570465,-0.03881692886352539,-0.06687690317630768
1451266837776,2,-0.3188687264919281,5.319149204296991E-5,0.0012748423032462597
1451266837797,2,-0.5365356206893921,-0.026341479271650314,0.21822774410247803
1451266837818,2,-0.7848694324493408,-0.08438976109027863,0.6302712559700012
1451266837834,2,10.062256813049316,-3.3387351036071777,4.146618843078613
1451266837856,2,-7.688650131225586,3.298732280731201,2.4694736003875732
1451266837875,2,-4.28110408782959,-2.3373191356658936,0.5108925700187683
1451266837897,2,-5.527141094207764,1.6165473461151123,0.27539047598838806
1451266837918,2,0.36616063117980957,0.8338859677314758,-1.1780401468276978
1451266837934,2,2.2285428047180176,-0.07062193751335144,-0.2941238284111023
1451266837956,2,1.6409215927124023,-0.2908008098602295,0.7357435822486877
1451266837976,2,-0.01187379565089941,-0.23024843633174896,1.3570090532302856
1451266837998,2,-1.2198097705841064,0.04949497804045677,0.8447516560554504
1451266838016,2,-1.5305205583572388,0.285994291305542,0.08604864031076431
1451266838035,2,0.13285590708255768,0.5768933296203613,-0.5023801922798157
1451266838056,2,0.5500994324684143,0.7138888835906982,-0.5703197717666626
1451266838079,2,0.587782084941864,0.7085211873054504,-0.5076917409896851
1451266838099,2,0.21412140130996704,0.5021183490753174,-0.5284270644187927
1451266838117,2,-0.12408124655485153,0.26568272709846497,-0.4293704926967621
1451266838136,2,-0.09154000133275986,0.05556757375597954,-0.15644845366477966
1451266838156,2,-0.09615721553564072,0.17696575820446014,-0.023124270141124725
1451266838180,2,-0.12391173839569092,0.27898645401000977,0.02458440698683262
1451266838199,2,-0.30753761529922485,0.3474544286727905,0.004101005848497152
1451266838213,2,-0.4071936011314392,0.31591013073921204,0.07227437943220139
1451266838236,2,-0.31598788499832153,0.10109540075063705,0.02595452591776848
1451266838257,2,-0.14618560671806335,0.06923545151948929,0.00648293225094676
1451266838280,2,-0.13704003393650055,0.1310521513223648,0.05526946857571602
1451266838299,2,-0.21986159682273865,0.1658008098602295,0.06597030907869339
1451266838313,2,-0.2826298177242279,0.2500041127204895,0.05793313309550285
1451266838338,2,-0.2681489586830139,0.2635229229927063,0.001775193028151989
1451266838358,2,-0.054579950869083405,0.2972217798233032,0.08442366868257523
1451266838381,2,-0.03763864189386368,0.2443377524614334,-0.005054945591837168
1451266838400,2,-0.04307279735803604,0.16924363374710083,0.020357144996523857
1451266838418,2,-0.06946845352649689,0.19679799675941467,-0.08173252642154694
1451266838438,2,-0.1021864116191864,0.2473585605621338,-0.23053193092346191
1451266838458,2,-0.004927665926516056,0.26696810126304626,-0.09993980079889297
1451266838481,2,0.08873207122087479,0.23730945587158203,0.016642507165670395
1451266838499,2,0.0696888193488121,0.2543283998966217,-0.07900222390890121
1451266838519,2,0.016359379515051842,0.3097013235092163,-0.16741232573986053
1451266838539,2,-0.06746471673250198,0.25221943855285645,-0.1239279955625534
1451266838561,2,-0.19190862774848938,0.07204349339008331,0.20118074119091034
1451266838582,2,-0.23288623988628387,0.049752749502658844,0.29347267746925354
1451266838602,2,-0.22228483855724335,0.08368191123008728,0.26146891713142395
1451266838620,2,-0.11256992816925049,0.1500321626663208,0.16746962070465088
1451266838640,2,-0.147974893450737,0.2093915194272995,-0.05996200814843178
1451266838661,2,-0.23208211362361908,0.173262819647789,-0.15312661230564117
1451266838681,2,-0.2533760666847229,0.08632394671440125,0.01938800700008869
1451266838700,2,-0.17521920800209045,0.04101064056158066,-0.050517305731773376
1451266838720,2,-0.13463322818279266,0.06314180791378021,-0.1610392928123474
1451266838740,2,-0.031818777322769165,0.14228373765945435,0.006712065078318119
1451266838761,2,-0.003839176381006837,0.11751169711351395,0.148417130112648
1451266838783,2,-0.1501082181930542,0.162111297249794,0.01088496670126915
1451266838800,2,-0.18644940853118896,0.1914128065109253,-0.07136135548353195
1451266838820,2,-0.10026980191469193,0.16415245831012726,-0.06546878814697266
1451266838841,2,-0.0326775498688221,0.09850304573774338,-0.13567513227462769
1451266838864,2,-0.026246896013617516,0.129007488489151,-4.892448196187615E-4
1451266838884,2,-0.08891604840755463,0.1567816287279129,0.1820598691701889
1451266838903,2,-0.11394019424915314,0.18694178760051727,0.04783201217651367
1451266838921,2,-0.08871504664421082,0.17911562323570251,0.014958499930799007
1451266838942,2,-0.08529876917600632,0.1541641503572464,0.02274608612060547
1451266838964,2,-0.08469115942716599,0.07601064443588257,0.048351652920246124
1451266838986,2,-0.143379345536232,0.06280921399593353,0.16619126498699188
1451266839003,2,-0.07874108850955963,0.0672767162322998,0.18881753087043762
1451266839023,2,-0.1435478776693344,0.11889760196208954,0.1442272663116455
1451266839043,2,-0.04966690018773079,0.15639819204807281,0.08917524665594101
1451266839065,2,-0.155764639377594,0.19249007105827332,0.015409165993332863
1451266839083,2,0.027896929532289505,0.09585341066122055,0.08497487008571625
1451266839102,2,-0.1676529347896576,0.10103928297758102,-0.2526783049106598
1451266839123,2,-0.20247305929660797,0.11536475270986557,-0.2730325162410736
1451266839143,2,-0.06658566743135452,0.1216980442404747,-0.1039116308093071
1451266839164,2,0.12575699388980865,0.05320318415760994,0.2303682565689087
1451266839184,2,0.13459128141403198,0.06463877111673355,0.4835159182548523
1451266839202,2,-0.1585690677165985,0.15071195363998413,-0.025834698230028152
1451266839223,2,-0.36123088002204895,0.17635434865951538,-0.2121165692806244
1451266839244,2,-0.33505818247795105,0.1430167257785797,-0.10963292419910431
1451266839264,2,-0.11864683777093887,0.18896307051181793,-0.00940320361405611
1451266839283,2,0.17988936603069305,0.14698797464370728,0.0835007056593895
1451266839304,2,0.2788073718547821,0.12321019917726517,0.034756843000650406
1451266839320,2,-0.12310104072093964,0.14852175116539001,0.05053484067320824
1451266839346,2,-0.1558733880519867,0.0940653532743454,0.06506839394569397
1451266839366,2,-0.09937752783298492,0.12318331748247147,0.04319383203983307
1451266839379,2,0.14500826597213745,0.05665653944015503,-0.03946341201663017
1451266839404,2,0.030939292162656784,0.12525427341461182,-0.11107318848371506
1451266839425,2,-0.10946480184793472,0.06519816070795059,0.335897833108902
1451266839445,2,-0.07146050781011581,0.0708446353673935,0.2386205494403839
1451266839472,1,-0.0676647275686264,0.12218670547008514,0.2250555455684662
1451266839485,1,-0.07201295346021652,0.12568390369415283,0.21428631246089935
1451266839502,1,-0.17681977152824402,0.1111404076218605,0.16529344022274017
1451266839528,1,-0.28935590386390686,0.12141337990760803,0.06949906796216965
1451266839545,1,-0.2148497849702835,0.0733475610613823,0.1286795735359192
1451266839565,1,-0.13820135593414307,0.014669746160507202,0.33031976222991943
1451266839584,1,-0.052142128348350525,-0.029456397518515587,0.34138593077659607
1451266839604,1,-0.27574488520622253,0.05273907259106636,0.23056933283805847
1451266839624,1,-0.18133768439292908,0.06356149911880493,0.1730903834104538
1451266839648,1,-0.15280209481716156,0.20841771364212036,-0.1860603392124176
1451266839668,1,0.04428878426551819,0.09065993130207062,-0.1467103213071823
1451266839681,1,0.027864158153533936,0.09867782145738602,-0.10343348979949951
1451266839705,1,0.0382956825196743,0.07317805290222168,-0.06738251447677612
1451266839726,1,0.02374097891151905,0.05415419861674309,0.06406243145465851
1451266839749,1,0.034309644252061844,0.06387830525636673,-0.0893634632229805
1451266839769,1,0.13253362476825714,0.053703535348176956,-0.23513562977313995
1451266839786,1,0.17599362134933472,0.2926630973815918,-0.31791970133781433
1451266839807,1,0.13202041387557983,0.4992366433143616,0.040814824402332306
1451266839829,1,0.6738567352294922,-0.09559914469718933,0.2936573624610901
1451266839849,1,-0.9323765635490417,0.4213286340236664,-1.2841635942459106
1451266839867,1,-4.159374237060547,-2.071629285812378,2.743258237838745
1451266839886,1,0.700056254863739,0.051639001816511154,5.311598300933838
1451266839907,1,0.6223638653755188,0.5798720121383667,-1.296852469444275
1451266839929,1,4.513182640075684,0.8434300422668457,-0.3369084894657135
1451266839948,1,3.717879056930542,0.8995710015296936,-1.4894003868103027
1451266839967,1,-2.21769380569458,-0.9077560901641846,-1.880201816558838
1451266839987,1,-3.6480231285095215,0.09824468940496445,-1.468806505203247
1451266840007,1,-1.571914792060852,0.22764205932617188,0.2677794098854065
1451266840029,1,0.795054018497467,0.34648528695106506,1.7409785985946655
1451266840051,1,1.9174230098724365,0.3952846825122833,1.9279017448425293
1451266840069,1,0.42507806420326233,0.22004619240760803,-0.05328560248017311
1451266840088,1,-0.5197774171829224,0.4000251591205597,-0.8510773181915283
1451266840108,1,-0.622211217880249,0.30047640204429626,-0.6927332878112793
1451266840130,1,-0.5084986686706543,0.18572482466697693,-0.2249041497707367
1451266840149,1,-0.3325071930885315,0.05798574164509773,0.09313070774078369
1451266840168,1,-0.12207138538360596,-0.16456161439418793,0.5332938432693481
1451266840188,1,-0.3952106237411499,-0.14431962370872498,0.4106079339981079
1451266840208,1,-0.7057150602340698,-0.06828559935092926,0.21676526963710785
1451266840232,1,-0.6841683983802795,0.03218143805861473,0.15471826493740082
1451266840249,1,-0.47112566232681274,0.04461304843425751,0.09234511107206345
1451266840268,1,-0.40425142645835876,0.09173603355884552,-0.006486439611762762
1451266840289,1,-0.2813446521759033,0.007817980833351612,0.22550855576992035
1451266840310,1,-0.12096238881349564,-0.017698153853416443,0.34905192255973816
1451266840332,1,-0.10872012376785278,0.04289163276553154,0.19180092215538025
1451266840350,1,-0.2836010754108429,0.14529870450496674,-0.09955518692731857
1451266840368,1,-0.28179988265037537,0.1737269163131714,-0.19842706620693207
1451266840387,1,-0.13018259406089783,0.14329612255096436,-0.03991232439875603
1451266840412,1,-0.05301975458860397,0.06976210325956345,0.13928864896297455
1451266840433,1,-0.06853435188531876,0.020227380096912384,0.0742015466094017
1451266840451,1,-0.22085915505886078,0.08530746400356293,-0.1351023018360138
1451266840470,1,-0.038473449647426605,0.09854571521282196,0.11194763332605362
1451266840490,1,-0.24278274178504944,0.10268939286470413,0.16842062771320343
1451266840510,1,-0.3943697512149811,0.08226794749498367,-0.10020283609628677
1451266840532,1,-0.37681517004966736,0.10433832556009293,-0.1757517009973526
1451266840551,1,-0.26388412714004517,0.09166297316551208,-0.10639408975839615
1451266840569,1,-0.2315170019865036,0.05409983918070793,0.007503507658839226
1451266840589,1,-0.11479941010475159,0.030459435656666756,0.14699965715408325
1451266840613,1,-0.1860523670911789,0.09654781967401505,0.1929612010717392
1451266840632,1,-0.29900020360946655,0.06669160723686218,0.2392161786556244
1451266840651,1,-0.21494966745376587,-0.010292845778167248,0.1396639049053192
1451266840670,1,-0.11599782109260559,0.08595453202724457,-0.0703524723649025
1451266840690,1,-0.09549703449010849,0.16457507014274597,-0.07379413396120071
1451266840714,1,-0.017168942838907242,0.0686059221625328,0.15413959324359894
1451266840727,1,-0.11530308425426483,0.06774666905403137,0.14344225823879242
1451266840751,1,-0.206753209233284,0.08279752731323242,0.1333078145980835
1451266840772,1,-0.20961883664131165,0.08252514153718948,0.10211831331253052
1451266840792,1,-0.14135617017745972,0.11423136293888092,0.023203181102871895
1451266840814,1,-0.05542820319533348,0.18033786118030548,0.08214811980724335
1451266840832,1,-0.12560684978961945,0.09015841037034988,0.07483633607625961
1451266840851,1,-0.20842531323432922,0.05310206115245819,0.10620120167732239
1451266840873,1,-0.13589440286159515,0.04827098920941353,0.18632863461971283
1451266840893,1,-0.1222819834947586,0.09539864957332611,0.17334289848804474
1451266840915,1,-0.12010917067527771,0.023230070248246193,0.024521278217434883
1451266840933,1,-0.17606496810913086,0.06770282983779907,-0.0034539399202913046
1451266840952,1,-0.34145450592041016,0.09578794240951538,0.055783264338970184
1451266840974,1,-0.28860044479370117,0.08976151794195175,0.11491876095533371
1451266840994,1,-0.12418884038925171,0.05141746997833252,0.19355741143226624
1451266841016,1,0.029922552406787872,-0.004535889718681574,0.03197977691888809
1451266841035,1,-0.08850798010826111,0.15790800750255585,-0.12244214117527008
1451266841053,1,-0.12872041761875153,0.18152853846549988,0.04048573970794678
1451266841075,1,-0.22371318936347961,0.0951315239071846,0.23838497698307037
1451266841096,1,-0.20769710838794708,0.028175124898552895,0.23286475241184235
1451266841116,1,-0.0812506228685379,-0.020083587616682053,0.14228256046772003
1451266841137,1,0.10958262532949448,0.1170698031783104,-0.029027942568063736
1451266841155,1,-0.10781915485858917,0.2127741575241089,-0.0684802457690239
1451266841175,1,-0.280489981174469,0.2588081657886505,0.03932137414813042
1451266841197,1,-0.21141517162322998,0.1848556399345398,0.25116029381752014
1451266841216,1,-0.05490746721625328,0.06088321655988693,0.34664836525917053
1451266841233,1,-0.06425868719816208,0.011012392118573189,-0.05141746997833252
1451266841254,1,-0.05138864368200302,0.040131520479917526,-0.06525953114032745
1451266841275,1,-0.04764094576239586,0.14560090005397797,-0.03816051036119461
1451266841295,1,-0.08696619421243668,0.1866360902786255,0.08723054081201553
1451266841315,1,-0.1538076251745224,0.1497919261455536,0.11269348114728928
1451266841334,1,-0.19295023381710052,0.13021336495876312,0.14129239320755005
1451266841355,1,-0.14740067720413208,-0.03500818461179733,-0.05300678312778473
1451266841376,1,-0.22525103390216827,0.005753449164330959,-0.11341595649719238
1451266841396,1,-0.17045532166957855,-0.012975216843187809,-6.511574028991163E-4
1451266841418,1,-0.11798128485679626,0.05210895836353302,0.08286883682012558
1451266841436,1,-0.17922380566596985,0.15169453620910645,0.1360059678554535
1451266841456,1,-0.060432661324739456,0.11808043718338013,0.15897300839424133
1451266841476,1,-0.10191526263952255,0.0962614044547081,0.09966390579938889
1451266841500,2,-0.11708788573741913,0.015203414484858513,0.08426234126091003
1451266841523,2,-0.07016133517026901,0.057805124670267105,0.10737141221761703
1451266841535,2,-0.08805446326732635,0.1055406928062439,0.010278233326971531
1451266841556,2,-0.09732282161712646,0.11390987783670425,-0.050076574087142944
1451266841580,2,-0.11275767534971237,0.06775251775979996,0.04392389953136444
1451266841597,2,-0.10274305939674377,0.041423313319683075,0.17174246907234192
1451266841618,2,-0.07648345082998276,0.02579553611576557,0.2180769443511963
1451266841632,2,-0.2127973884344101,0.05455518141388893,0.06822656840085983
1451266841653,2,-0.2510472536087036,0.08009762316942215,-0.07207739353179932
1451266841680,2,-0.09263243526220322,0.05845511332154274,0.1433802992105484
1451266841699,2,-0.10075915604829788,0.04611702263355255,0.15534371137619019
1451266841719,2,-0.1723693311214447,0.01894201710820198,0.13768881559371948
1451266841738,2,-0.17517675459384918,0.050789691507816315,0.10556114464998245
1451266841758,2,-0.2215093970298767,0.07609189301729202,0.06915946304798126
1451266841781,2,-0.19832129776477814,0.05154138803482056,0.14634090662002563
1451266841800,2,-0.2095767855644226,0.00181961664929986,0.14530278742313385
1451266841813,2,-0.3137909770011902,-0.03617839887738228,0.09737024456262589
1451266841838,2,-0.46364882588386536,-0.04019230976700783,0.09611527621746063
1451266841858,2,-0.5729612112045288,-0.03562485799193382,0.23944471776485443
1451266841880,2,-9.037342071533203,5.458178997039795,-2.964871644973755
1451266841900,2,-3.339653253555298,-1.5050480365753174,-0.23023031651973724
1451266841917,2,-5.242039680480957,1.3213485479354858,-0.44876551628112793
1451266841957,2,0.6451928019523621,0.35370999574661255,-1.1198177337646484
1451266841971,2,3.4348835945129395,-0.5755149722099304,0.21057283878326416
1451266841992,2,3.2673850059509277,-0.6929144859313965,1.5265344381332397
1451266842013,2,-0.9470087885856628,-0.6147556900978088,1.3615437746047974
1451266842028,2,-1.3006712198257446,-0.4824030101299286,0.27484452724456787
1451266842053,2,-0.2788311243057251,-0.0703793615102768,-0.39038288593292236
1451266842071,2,0.9603411555290222,0.21081309020519257,-0.27338674664497375
1451266842092,2,1.2879910469055176,0.42130935192108154,0.07522854954004288
1451266842113,2,0.8684296011924744,0.36748364567756653,0.2773328423500061
1451266842133,2,0.18974553048610687,0.030923547223210335,0.36774787306785583
1451266842152,2,0.4580163061618805,-0.15755319595336914,0.4225316047668457
1451266842172,2,0.538864254951477,-0.1175222173333168,0.3256312906742096
1451266842192,2,0.44495877623558044,0.04381400719285011,0.16850480437278748
1451266842214,2,0.2383607178926468,0.09785773605108261,0.008954291231930256
1451266842234,2,0.2561887204647064,-0.04822714999318123,0.012415245175361633
1451266842253,2,0.344583123922348,-0.052146367728710175,0.018362170085310936
1451266842269,2,0.3171020448207855,-0.027324644848704338,0.08615268021821976
1451266842294,2,0.24164551496505737,-5.921206902712584E-4,0.19633856415748596
1451266842315,2,0.08893683552742004,-0.030679801478981972,0.3029676377773285
1451266842334,2,0.011078224517405033,-0.030713118612766266,0.18293489515781403
1451266842353,2,0.15681348741054535,-0.022025369107723236,0.10438099503517151
1451266842369,2,0.3585353195667267,0.021723756566643715,0.13686580955982208
1451266842398,2,0.40876010060310364,-0.007269698660820723,0.10382511466741562
1451266842417,2,0.15151187777519226,0.0019897124730050564,0.11834756284952164
1451266842431,2,0.02076747827231884,0.008745616301894188,0.19113165140151978
1451266842457,2,0.20891396701335907,0.10468553751707077,0.09646657109260559
1451266842476,2,0.37826985120773315,0.10818681865930557,0.05392974242568016
1451266842499,2,0.49908438324928284,0.1241641417145729,0.15287819504737854
1451266842520,2,0.4588225483894348,0.05812719464302063,0.2088186889886856
1451266842536,2,0.20044878125190735,0.09162848442792892,0.16710954904556274
1451266842557,2,0.1608337163925171,0.13040508329868317,0.14344225823879242
1451266842577,2,0.2826380729675293,0.11823533475399017,0.10792437195777893
1451266842599,2,0.2690522074699402,0.11536241322755814,0.1667594164609909
1451266842619,2,0.2436322420835495,0.03380173072218895,0.17117547988891602
1451266842634,2,0.1769908219575882,0.06676116585731506,0.23569150269031525
1451266842656,2,0.0461619608104229,0.028196752071380615,0.17487141489982605
1451266842678,2,0.05974847823381424,0.004965513478964567,0.007014262955635786
1451266842693,2,0.11869082599878311,0.037554364651441574,-0.06846154481172562
1451266842717,2,0.15335918962955475,0.07428104430437088,-0.05718611553311348
1451266842733,2,0.2038087546825409,0.060627780854701996,0.26581600308418274
1451266842758,2,0.0916348397731781,0.02442249469459057,0.2204723060131073
1451266842779,2,0.12609036266803741,0.03257657587528229,-0.026280105113983154
1451266842803,2,0.12649667263031006,0.11545301228761673,-0.2707745134830475
1451266842819,2,0.05661565810441971,0.14702129364013672,-0.2373340129852295
1451266842839,2,0.10034012794494629,0.10967852175235748,0.014810031279921532
1451266842860,2,0.19590361416339874,0.0860644206404686,0.22274024784564972
1451266842881,2,0.10224771499633789,0.04630056396126747,0.19718202948570251
1451266842900,2,0.0183098204433918,0.09832476824522018,0.15062427520751953
1451266842918,2,0.040753744542598724,0.14365093410015106,0.09250935912132263
1451266842939,2,0.10552355647087097,0.14389993250370026,0.0419207401573658
1451266842959,2,0.1860184669494629,0.1427285522222519,0.027462592348456383
1451266842982,2,0.15908442437648773,0.09537994861602783,0.16881167888641357
1451266843002,2,0.08206245303153992,0.06224106252193451,0.08804477751255035
1451266843018,2,0.048925288021564484,0.06375321745872498,0.034275781363248825
1451266843040,2,0.025921281427145004,0.04950374364852905,-0.0045452420599758625
1451266843061,2,-0.050126660615205765,0.07078209519386292,0.08786299079656601
1451266843082,2,0.329777330160141,-0.05284019559621811,0.24314475059509277
1451266843102,2,-0.010343004949390888,0.15931028127670288,-0.2339174747467041
1451266843119,2,-0.21194712817668915,0.27935880422592163,-0.12207330763339996
1451266843141,2,0.06204243376851082,0.17624329030513763,0.18339432775974274
1451266843159,2,0.2878069281578064,0.14032909274101257,0.19783027470111847
1451266843181,2,0.37952861189842224,0.06514262408018112,-0.026285365223884583
1451266843202,2,0.08281780034303665,0.11523673683404922,0.10168343037366867
1451266843219,2,0.05747925490140915,0.03338204696774483,0.20945407450199127
1451266843240,2,-0.09221965819597244,0.08000000566244125,0.14700433611869812
1451266843261,2,-0.05361446738243103,0.08779986202716827,0.09933365136384964
1451266843282,2,0.1635492593050003,0.10592822730541229,0.19827625155448914
1451266843296,2,0.14287085831165314,0.133048877120018,-0.015077157877385616
1451266843320,2,0.026839345693588257,0.1480254977941513,-0.07686521112918854
1451266843342,2,-0.17319779098033905,0.17850305140018463,-0.15227088332176208
1451266843363,2,-0.18232589960098267,0.10929214954376221,-0.018113749101758003
1451266843385,2,0.051476944237947464,0.008036007173359394,0.1135246753692627
1451266843402,2,0.20490765571594238,0.0726630836725235,0.16128186881542206
1451266843422,2,0.0941823348402977,0.06635434180498123,0.055450670421123505
1451266843442,2,-0.034706391394138336,0.012943068519234657,0.009955576620995998
1451266843464,2,-0.07093428820371628,0.03208031505346298,-0.045475803315639496
1451266843483,2,-0.029804479330778122,0.027644379064440727,-0.025823593139648438
1451266843508,1,0.14002035558223724,0.06777005642652512,-0.13266250491142273
1451266843526,1,-0.007457951549440622,0.10887889564037323,-0.1470809131860733
1451266843541,1,-0.04849062114953995,0.09531155973672867,7.002572529017925E-4
1451266843564,1,0.05201444774866104,0.05772095173597336,0.10406126827001572
1451266843585,1,0.039681293070316315,0.11845570057630539,0.1271761804819107
1451266843601,1,0.0818510428071022,0.11568740755319595,0.19265900552272797
1451266843622,1,0.011344583705067635,0.06419102847576141,0.3211906850337982
1451266843643,1,-0.13528825342655182,0.08857201784849167,0.3315379023551941
1451266843664,1,-0.05955686420202255,0.12523965537548065,0.35395196080207825
1451266843682,1,0.04089384526014328,0.14596973359584808,0.33360302448272705
1451266843703,1,-0.031995706260204315,0.09622633457183838,0.2289256602525711
1451266843724,1,-0.18473917245864868,0.14114099740982056,-0.03296878933906555
1451266843747,1,0.06207377836108208,0.10689093172550201,0.11733809858560562
1451266843765,1,0.17467962205410004,0.06130465865135193,0.2519388794898987
1451266843783,1,0.05298888310790062,0.0189162977039814,0.20451310276985168
1451266843803,1,0.07328195124864578,0.28632453083992004,0.22406010329723358
1451266843823,1,0.4386596381664276,0.16967442631721497,0.7932465076446533
1451266843840,1,-0.9443666338920593,-0.14282675087451935,-1.9605375528335571
1451266843866,1,-19.33810043334961,-2.0735535621643066,-4.3224310874938965
1451266843883,1,0.5564727783203125,-0.6877490282058716,5.317055702209473
1451266843899,1,-0.18291787803173065,0.508865475654602,-0.253557413816452
1451266843924,1,2.9976978302001953,0.5814695358276367,-0.01207329984754324
1451266843946,1,3.0539450645446777,0.7170072793960571,-1.5695961713790894
1451266843966,1,0.7334631085395813,-0.3007259964942932,-0.8274392485618591
1451266843984,1,-1.7685203552246094,-0.8627186417579651,-0.9322832226753235
1451266844001,1,-2.600665330886841,-0.25042906403541565,-1.0709726810455322
1451266844026,1,-1.0299354791641235,0.05213000252842903,0.9700292944908142
1451266844046,1,2.9505298137664795,0.36929625272750854,2.459874391555786
1451266844068,1,1.9961309432983398,0.40714579820632935,1.041778802871704
1451266844086,1,0.4876813292503357,0.2510445713996887,-0.10102759301662445
1451266844105,1,-0.2775689661502838,0.19215339422225952,-0.5773866176605225
1451266844126,1,-0.26988741755485535,0.09301146119832993,-0.31479310989379883
1451266844149,1,0.12794500589370728,0.00254442379809916,0.35504502058029175
1451266844169,1,-0.11789507418870926,-0.28721243143081665,0.7445096373558044
1451266844187,1,-0.27928194403648376,-0.36548635363578796,0.8423667550086975
1451266844206,1,-0.24291002750396729,-0.40196692943573,0.4919692873954773
1451266844226,1,-0.255826860666275,-0.13795125484466553,-0.20289748907089233
1451266844248,1,-0.09448178857564926,-0.06317044794559479,-0.47804540395736694
1451266844268,1,0.005433898419141769,-0.110853411257267,-0.1884276419878006
1451266844286,1,0.08146645873785019,-0.16390520334243774,0.08721359074115753
1451266844307,1,0.23640185594558716,-0.2514268457889557,0.19899755716323853
1451266844327,1,0.1258365362882614,-0.14974574744701385,0.25235679745674133
1451266844348,1,0.1506873369216919,-0.05292787402868271,0.34156477451324463
1451266844367,1,0.13659462332725525,0.12528467178344727,0.31798577308654785
1451266844387,1,0.22523343563079834,0.06586392968893051,0.3526046574115753
1451266844408,1,0.21796922385692596,0.07653788477182388,0.3518669903278351
1451266844423,1,0.2006414532661438,0.07842238247394562,0.3943330943584442
1451266844444,1,0.06628350168466568,0.08489245176315308,0.3896598219871521
1451266844469,1,-0.013524375855922699,0.08249591290950775,0.29006898403167725
1451266844487,1,0.17245514690876007,0.0350397489964962,0.12997545301914215
1451266844510,1,0.08144603669643402,0.06728080660104752,-0.029862055554986
1451266844528,1,0.033564746379852295,0.04607026278972626,-0.09487549960613251
1451266844552,1,0.0846664234995842,0.017486557364463806,-0.06986556202173233
1451266844569,1,0.10495828837156296,-0.017175007611513138,-0.06114157661795616
1451266844588,1,0.10515881329774857,0.007905658334493637,8.610007353127003E-4
1451266844609,1,0.09800572693347931,0.06332184374332428,0.04870704188942909
1451266844630,1,0.19557474553585052,0.09603869915008545,0.21670740842819214
1451266844652,1,0.25992855429649353,0.0526607483625412,0.22619184851646423
1451266844668,1,0.09503619372844696,0.056745968759059906,-0.0018628713442012668
1451266844688,1,-0.05057418718934059,0.05740180239081383,-0.004656301345676184
1451266844708,1,0.04310629889369011,0.011093640699982643,0.1545107662677765
1451266844732,1,0.13578742742538452,-0.01951952464878559,0.2447252869606018
1451266844749,1,0.17352527379989624,0.013064064085483551,0.20511457324028015
1451266844768,1,0.1118772029876709,0.11816577613353729,0.12971535325050354
1451266844790,1,-0.04041917622089386,0.17040041089057922,0.11315642297267914
1451266844811,1,0.14792659878730774,0.06576397269964218,0.1544441282749176
1451266844832,1,0.1855764389038086,0.06407646089792252,0.09876316040754318
1451266844851,1,0.1109348013997078,0.06494388729333878,0.06246493384242058
1451266844865,1,0.11659590154886246,0.04454933479428291,0.049515433609485626
1451266844887,1,0.04248042032122612,0.08655425161123276,-0.04693710803985596
1451266844909,1,0.08555784076452255,0.05788344889879227,0.10026245564222336
1451266844925,1,0.08635447174310684,0.0863882452249527,0.156138077378273
1451266844951,1,0.03632829338312149,0.08992226421833038,0.09159925580024719
1451266844970,1,-0.08342519402503967,0.10217676311731339,0.020389292389154434
1451266844989,1,-0.051600679755210876,0.0692863017320633,0.11371172219514847
1451266845010,1,0.07480879127979279,0.06056056171655655,0.16533786058425903
1451266845032,1,0.030831228941679,0.09361059963703156,0.1382020264863968
1451266845051,1,0.016956176608800888,0.10904606431722641,0.06643208116292953
1451266845070,1,-0.017096681520342827,0.13115794956684113,0.06986790150403976
1451266845092,1,0.015959421172738075,0.08204583078622818,0.1367763727903366
1451266845113,1,0.06725677102804184,0.009966098703444004,-0.0046755908988416195
1451266845133,1,-0.027033954858779907,0.03869535028934479,-0.02552899345755577
1451266845154,1,-0.009319032542407513,0.014720015227794647,0.005437222775071859
1451266845171,1,0.06757783889770508,0.023714637383818626,0.11368951201438904
1451266845192,1,0.05332750454545021,0.07092998176813126,0.07246025651693344
1451266845214,1,-0.06774473935365677,0.12991759181022644,0.05771160125732422
1451266845235,1,0.03953852131962776,0.1456359624862671,0.19869770109653473
1451266845253,1,0.14948132634162903,0.10790332406759262,0.2235831320285797
1451266845271,1,0.06225110590457916,0.092820905148983,0.11382745951414108
1451266845292,1,0.0016132439486682415,0.09359832108020782,0.017657821998000145
1451266845316,1,0.009976144880056381,0.11026362329721451,0.05088847503066063
1451266845334,1,0.08521264046430588,0.11588146537542343,0.0688379779458046
1451266845352,1,-0.014964564703404903,0.10177052021026611,-0.014240122400224209
1451266845373,1,-0.06517371535301208,0.08348726481199265,0.01461363211274147
1451266845393,1,-0.014334632083773613,0.036946460604667664,0.015507950447499752
1451266845416,1,-0.04796984791755676,0.015069559216499329,-0.03880231827497482
1451266845435,1,-0.053301673382520676,0.018471475690603256,-0.01766425184905529
1451266845452,1,-0.029593760147690773,0.10622049123048782,0.2569616734981537
1451266845473,1,0.001271042856387794,0.08579261600971222,0.1915244460105896
1451266845498,1,-0.09639288485050201,0.1138186901807785,0.060899581760168076
1451266845513,1,-0.031251683831214905,0.12072189152240753,0.03381809964776039
1451266845538,2,-0.01166566926985979,0.05244096741080284,-0.02869768626987934
1451266845553,2,-0.03763287141919136,0.004588496871292591,0.08747954666614532
1451266845577,2,-0.007499160245060921,0.032848961651325226,0.09471242129802704
1451266845596,2,-0.056777387857437134,0.10341595113277435,0.09346213191747665
1451266845615,2,0.012718063779175282,0.1307779997587204,0.06554419547319412
1451266845633,2,0.036016009747982025,0.1490197628736496,0.07165011018514633
1451266845654,2,-0.06368862837553024,0.06451777368783951,0.08538403362035751
1451266845674,2,-0.040534693747758865,0.0034463410265743732,0.11814064532518387
1451266845696,2,-0.08174264430999756,0.016498714685440063,0.02374795638024807
1451266845716,2,-0.13629600405693054,0.044236619025468826,-0.04308335483074188
1451266845736,2,-0.14953820407390594,0.06761866062879562,0.011399930343031883
1451266845755,2,-0.0814518854022026,0.09728723764419556,0.11896365135908127
1451266845774,2,-0.09128204733133316,0.014893033541738987,0.13549333810806274
1451266845797,2,-0.1685653030872345,0.0037403556052595377,-0.004482698626816273
1451266845811,2,-0.16604970395565033,0.015423194505274296,-0.017757775261998177
1451266845835,2,-0.1331486850976944,-3.15641809720546E-5,0.020423194393515587
1451266845854,2,-0.16907116770744324,-0.010911270044744015,0.07345569878816605
1451266845875,2,-0.20018267631530762,0.010185878723859787,0.16602642834186554
1451266845897,2,-0.16781704127788544,-0.015505612827837467,0.1593324840068817
1451266845917,2,-0.21132396161556244,-0.03427928686141968,0.11151275038719177
1451266845935,2,-0.32654455304145813,-0.07825871556997299,0.1335030496120453
1451266845950,2,-0.5089960098266602,-0.10419979691505432,0.3492419123649597
1451266845975,2,-0.8463747501373291,-0.13424421846866608,0.5867875218391418
1451266845998,2,-0.8547462224960327,-0.15029460191726685,0.6898229122161865
1451266846017,2,-0.7298341989517212,-0.06474398076534271,0.7079489827156067
1451266846036,2,-14.450746536254883,8.062607765197754,-2.358823299407959
1451266846057,2,0.6899652481079102,-2.3673031330108643,-2.3709909915924072
1451266846077,2,-6.634665489196777,3.332023859024048,-0.10606500506401062
1451266846100,2,-1.4442662000656128,0.21300971508026123,-1.8026891946792603
1451266846119,2,1.4381626844406128,-0.7008604407310486,-0.3295581340789795
1451266846132,2,3.7756216526031494,-0.3734060227870941,1.461270809173584
1451266846157,2,2.931885004043579,-0.40772154927253723,1.8182436227798462
1451266846177,2,0.2986248731613159,-0.6301993727684021,0.9463625550270081
1451266846199,2,-1.2712643146514893,-0.1655558943748474,-0.8458534479141235
1451266846218,2,0.010177476331591606,0.29535189270973206,-0.6989554762840271
1451266846236,2,0.8680939078330994,0.6410738229751587,-0.22560733556747437
1451266846256,2,0.9367844462394714,0.6110562682151794,0.2637006342411041
1451266846280,2,0.6106159090995789,0.30394086241722107,0.42236676812171936
1451266846298,2,0.276241272687912,-0.025177111849188805,0.10814180970191956
1451266846316,2,0.3831082582473755,-0.04944295436143875,0.04050035402178764
1451266846333,2,0.48467782139778137,0.0978296771645546,0.059801265597343445
1451266846358,2,0.4999552369117737,0.22490590810775757,0.11863631755113602
1451266846379,2,0.2692281901836395,0.22839432954788208,0.02419394627213478
1451266846400,2,0.0780576542019844,0.13902093470096588,-0.10445757210254669
1451266846418,2,0.22187623381614685,0.05436228960752487,-0.044486209750175476
1451266846439,2,0.31328171491622925,0.04145604744553566,0.07403086870908737
1451266846459,2,0.2651868760585785,-0.00872691161930561,0.12112404406070709
1451266846481,2,0.0902087539434433,-0.04903086647391319,0.04421732947230339
1451266846500,2,-0.07794544845819473,-0.024199791252613068,-0.030517304316163063
1451266846521,2,0.09241627156734467,-0.01607142947614193,0.08174421638250351
1451266846539,2,0.058553166687488556,-0.018293781206011772,0.05186521261930466
1451266846560,2,-0.04515446349978447,-0.00804243702441454,0.09528759121894836
1451266846582,2,-0.1862935572862625,0.03524550050497055,0.2752613127231598
1451266846600,2,0.058087851852178574,-0.07393325120210648,0.3989052176475525
1451266846619,2,-0.03937339410185814,0.023839140310883522,0.02139817737042904
1451266846640,2,0.06174542382359505,0.019057752564549446,0.011039280332624912
1451266846663,2,0.14707820117473602,0.018269231542944908,0.007460252847522497
1451266846682,2,0.10435640811920166,0.06146072596311569,0.041760582476854324
1451266846700,2,0.06487524509429932,0.14549334347248077,0.05985094979405403
1451266846719,2,0.06560155004262924,0.11021745204925537,0.0865197628736496
1451266846741,2,0.11663053184747696,0.07086159288883209,0.11259996145963669
1451266846762,2,0.18684464693069458,0.0332622192800045,0.13944530487060547
1451266846782,2,0.12026311457157135,0.07219137996435165,0.06153086572885513
1451266846802,2,0.17528127133846283,0.10303075611591339,-0.010448329150676727
1451266846815,2,0.16196376085281372,0.14222528040409088,-0.06566226482391357
1451266846841,2,0.17784155905246735,0.12888123095035553,-0.05358955264091492
1451266846863,2,0.03224043920636177,0.08565174788236618,0.08249123394489288
1451266846883,2,-0.030491292476654053,0.051601592451334,0.20506489276885986
1451266846902,2,-0.0048366631381213665,0.026350246742367744,0.2406938374042511
1451266846923,2,0.0641121119260788,-0.006221066694706678,0.22030864655971527
1451266846942,2,0.17922747135162354,0.11777473241090775,0.1078781932592392
1451266846964,2,0.14437836408615112,0.1721668392419815,-0.09276771545410156
1451266846983,2,0.08085840940475464,0.2108691930770874,-0.19044074416160583
1451266847002,2,0.062171027064323425,0.14195582270622253,-0.12163608521223068
1451266847023,2,0.04132178798317909,0.09746552258729935,0.002239887835457921
1451266847042,2,0.13351678848266602,0.03672492504119873,0.15549451112747192
1451266847065,2,0.18534086644649506,0.10705401748418808,0.1272328794002533
1451266847085,2,0.09832187741994858,0.19364392757415771,0.01302957721054554
1451266847098,2,0.04129486531019211,0.16553425788879395,0.005007014609873295
1451266847122,2,0.13449501991271973,0.12182021141052246,0.055047933012247086
1451266847143,2,0.06683248281478882,0.10928747802972794,0.05682371184229851
1451266847164,2,0.10349270701408386,0.11728081107139587,0.16556991636753082
1451266847183,2,0.09745262563228607,0.07981061935424805,0.16649697721004486
1451266847197,2,0.05735829472541809,0.0654752179980278,0.1607680767774582
1451266847225,2,0.010684512555599213,0.08824293315410614,0.0064414311200380325
1451266847243,2,0.010929682292044163,0.08966507762670517,-0.025852235034108162
1451266847266,2,-0.06201919913291931,0.0526876337826252,-0.02490297146141529
1451266847283,2,0.050570350140333176,0.054815880954265594,-0.06271510571241379
1451266847302,2,0.11259900778532028,0.12023089081048965,-0.0545259565114975
1451266847324,2,0.2804807424545288,0.17715339362621307,-0.0297708697617054
1451266847346,2,0.34041744470596313,0.21306933462619781,0.04238543659448624
1451266847365,2,0.26847007870674133,0.19637364149093628,0.4250701665878296
1451266847385,2,0.17381425201892853,0.18813012540340424,0.38431379199028015
1451266847403,2,0.005202829372137785,0.2232493758201599,0.21177871525287628
1451266847424,2,-0.07632606476545334,0.16432195901870728,0.0630500391125679
1451266847444,2,-0.10658234357833862,0.1046171486377716,-0.018423546105623245
1451266847466,2,-0.14155875146389008,0.01097030658274889,-0.10533727705478668
1451266847484,2,-0.19701065123081207,-0.23476853966712952,-0.35902270674705505
1451266847504,2,-0.10717541724443436,-0.17580899596214294,-0.3526613414287567
1451266847524,2,0.013824490830302238,-0.14357201755046844,-0.3701379597187042
1451266847548,2,-0.14273235201835632,-0.08488894999027252,-0.3686731457710266
