1451311359834,0,0.18771056830883026,0.2587728202342987,0.04005962237715721
1451311359841,0,0.18771056830883026,0.2587728202342987,0.04005962237715721
1451311359866,1,0.18771056830883026,0.2587728202342987,0.04005962237715721
1451311359881,1,0.18771056830883026,0.2587728202342987,0.04005962237715721
1451311359902,1,0.18771056830883026,0.2587728202342987,0.04005962237715721
1451311359922,1,0.18771056830883026,0.2587728202342987,0.04005962237715721
1451311359942,1,0.8118427395820618,-0.2246878743171692,-0.4443114697933197
1451311359962,1,-0.5776810050010681,0.09856909513473511,-0.7215794324874878
1451311359984,1,-0.00783193577080965,-1.5620687007904053,0.1315402239561081
1451311360022,1,-0.04546360298991203,0.06197013333439827,1.5116385221481323
1451311360033,1,0.11219239979982376,1.2696826457977295,0.20706219971179962
1451311360048,1,0.24144290387630463,0.6143900752067566,0.8524404168128967
1451311360068,1,-0.28222620487213135,0.4630380868911743,0.5924596786499023
1451311360087,1,-0.375723659992218,0.5646218657493591,0.31168052554130554
1451311360108,1,-0.4638073742389679,0.6708371043205261,0.25304070115089417
1451311360127,1,-0.24971996247768402,0.7542232275009155,0.08502689003944397
1451311360149,1,-0.4835864007472992,0.739348292350769,-0.10209084302186966
1451311360166,1,-0.23616112768650055,0.4365355670452118,-0.10889175534248352
1451311360187,1,0.1436343789100647,-0.5963804125785828,0.9355798959732056
1451311360206,1,-0.12768420577049255,-0.22080402076244354,1.0246078968048096
1451311360229,1,-0.7830014824867249,0.5260807871818542,0.5962666869163513
1451311360249,1,-0.8779513835906982,0.633603036403656,-0.48433953523635864
1451311360267,1,-0.814834713935852,0.569646418094635,-0.6358049511909485
1451311360287,1,-0.38879576325416565,0.5524927377700806,-0.9905155897140503
1451311360308,1,-0.189229354262352,0.22724750638008118,-0.8684200644493103
1451311360328,1,0.7532141208648682,-0.005472878459841013,-0.7655600309371948
1451311360348,1,2.1048543453216553,-2.0882010459899902,-1.7427339553833008
1451311360364,1,1.6347525119781494,-0.5847001671791077,1.3958388566970825
1451311360384,1,-2.836728811264038,1.3390201330184937,1.418962001800537
1451311360408,1,-5.823915958404541,2.273770332336426,1.0121066570281982
1451311360431,1,-0.8610402345657349,0.869352400302887,1.0402765274047852
1451311360444,1,1.4367060661315918,0.05132453143596649,0.6787170171737671
1451311360468,1,1.330971121788025,1.2448948621749878,-0.546484112739563
1451311360488,1,-0.8268762230873108,1.0268968343734741,-0.18116146326065063
1451311360512,1,-2.026402473449707,-0.7277788519859314,1.2447738647460938
1451311360531,1,-2.002718925476074,-1.2257044315338135,1.6711790561676025
1451311360551,1,-1.1193645000457764,-0.6295520067214966,1.34735107421875
1451311360569,1,0.23611491918563843,0.2721612751483917,0.9906430244445801
1451311360591,1,-1.5040172338485718,-0.18571896851062775,-3.1231255531311035
1451311360612,1,0.707963764667511,-1.0796595811843872,-0.9035744071006775
1451311360632,1,2.8614232540130615,-1.6452845335006714,2.003978967666626
1451311360653,1,0.40749701857566833,2.0329384803771973,0.46208152174949646
1451311360666,1,-0.670650839805603,0.4132792055606842,-1.744576334953308
1451311360691,1,-0.2069888561964035,0.20089316368103027,-1.903713583946228
1451311360714,1,0.3749067187309265,-0.21559184789657593,-0.4994295537471771
1451311360733,1,0.8791587352752686,0.32702362537384033,0.6881850957870483
1451311360752,1,0.5461251735687256,0.44218379259109497,0.13838790357112885
1451311360772,1,1.541081190109253,-0.09659808874130249,-1.081231713294983
1451311360792,1,-27.7530574798584,-1.3996890783309937,-2.5190773010253906
1451311360814,1,-2.263556480407715,0.3612210750579834,6.167571067810059
1451311360832,1,0.1920280158519745,0.20397301018238068,1.2027560472488403
1451311360851,1,7.555477619171143,1.1990092992782593,2.2517731189727783
1451311360871,1,7.13380241394043,1.2675772905349731,-1.81195068359375
1451311360892,1,-2.200258731842041,-1.3568670749664307,-3.166752338409424
1451311360914,1,-4.222248554229736,-1.2760043144226074,-0.5014297962188721
1451311360932,1,-1.0799280405044556,0.03978782147169113,3.1335341930389404
1451311360952,1,3.121187925338745,0.6796902418136597,4.135792255401611
1451311360971,1,4.228653907775879,0.7070376873016357,2.8456921577453613
1451311360992,1,1.2026970386505127,-0.7899979948997498,0.6398509740829468
1451311361014,1,0.3801167905330658,0.07450082153081894,0.7050321698188782
1451311361036,1,0.7255580425262451,0.3669198751449585,0.4912240207195282
1451311361053,1,1.0976645946502686,0.6187871694564819,-0.2911135256290436
1451311361074,1,1.3445364236831665,0.8013561367988586,-0.577085018157959
1451311361094,1,1.2994816303253174,0.5600272417068481,-0.6886655688285828
1451311361114,1,0.34376975893974304,-0.20828385651111603,-0.11795476824045181
1451311361135,1,0.33704549074172974,-0.4587096869945526,0.47620123624801636
1451311361152,1,0.5773136019706726,-0.23513825237751007,0.886986255645752
1451311361174,1,0.15422289073467255,-0.14259003102779388,-0.08126724511384964
1451311361194,1,0.15262553095817566,0.07559680193662643,-0.056907884776592255
1451311361216,1,0.9757822751998901,0.3952145576477051,0.23857319355010986
1451311361235,1,0.7687650322914124,0.21624387800693512,0.12650398910045624
1451311361252,1,0.625403642654419,-0.0593140684068203,0.46280163526535034
1451311361271,1,0.26902225613594055,-0.05940203741192818,0.42308804392814636
1451311361296,1,0.04320325702428818,-0.04697422683238983,0.7739642858505249
1451311361316,1,0.31709298491477966,0.34134265780448914,0.4388011693954468
1451311361335,1,0.33307695388793945,0.30234014987945557,0.37150925397872925
1451311361355,1,0.1482628881931305,0.17368833720684052,0.40850773453712463
1451311361374,1,0.21469080448150635,0.050203416496515274,0.4969973564147949
1451311361397,1,0.13859525322914124,0.055358901619911194,0.4074602723121643
1451311361411,1,0.1511222869157791,0.06948854774236679,0.1875876933336258
1451311361434,1,-0.12585121393203735,0.03021627478301525,-0.4787473976612091
1451311361455,1,5.005699349567294E-4,-0.013818097300827503,-0.5017278790473938
1451311361475,1,0.37390661239624023,0.04996873065829277,-0.32339608669281006
1451311361496,1,0.5865417122840881,0.09442951530218124,0.32244038581848145
1451311361510,1,0.810667872428894,0.031282149255275726,0.8284907937049866
1451311361534,1,0.38328665494918823,-0.013672259636223316,-0.3690326511859894
1451311361555,1,0.20558950304985046,0.07072831690311432,-0.3328332006931305
1451311361574,1,-0.004893836565315723,-0.03120557777583599,0.16140928864479065
1451311361597,1,0.170199915766716,-0.09457564353942871,0.6020020246505737
1451311361616,1,0.3460196554660797,-0.07927314937114716,0.42692017555236816
1451311361635,1,0.2089446634054184,0.01056990958750248,0.17852643132209778
1451311361655,1,0.35751375555992126,0.0635690912604332,0.1510404646396637
1451311361675,1,0.5802080631256104,0.07367606461048126,0.08120762556791306
1451311361698,1,0.6297512054443359,0.1262684166431427,0.2748112082481384
1451311361717,1,0.4285721778869629,0.10663169622421265,0.5236667394638062
1451311361737,1,0.16817988455295563,-0.008513853885233402,0.7224082946777344
1451311361756,1,0.10796689242124557,-0.017054302617907524,0.7248685359954834
1451311361777,1,0.3067146837711334,0.048119597136974335,0.6170721650123596
1451311361798,1,0.31642115116119385,0.04738076031208038,0.4781067669391632
1451311361818,1,0.2546561658382416,-0.054115038365125656,0.4208598732948303
1451311361836,1,0.26999741792678833,-0.026021162047982216,0.4487292766571045
1451311361857,1,0.23428039252758026,0.06117284670472145,0.14563363790512085
1451311361880,1,0.1469162255525589,0.022772973403334618,-0.12344284355640411
1451311361900,2,0.24885880947113037,-0.005616670940071344,-0.07074760645627975
1451311361913,2,0.19306455552577972,0.0348828062415123,0.14426584541797638
1451311361939,2,0.04516271874308586,0.0879649892449379,0.30145958065986633
1451311361958,2,0.27797064185142517,0.019254736602306366,0.49512219429016113
1451311361981,2,0.20938220620155334,0.03659253194928169,0.3616016209125519
1451311361999,2,0.15812665224075317,0.07060965895652771,0.27210545539855957
1451311362018,2,0.08388824760913849,0.035011399537324905,0.14510346949100494
1451311362038,2,0.11054423451423645,0.019229602068662643,0.10412438958883286
1451311362058,2,0.06291472166776657,0.014158873818814754,0.22064006328582764
1451311362080,2,0.08823003619909286,0.0017874679761007428,0.3858236074447632
1451311362099,2,0.15612509846687317,0.06255553662776947,0.3439578115940094
1451311362118,2,0.08267273008823395,0.0696425661444664,0.09833937883377075
1451311362138,2,-0.006094444543123245,-0.03469429910182953,-0.07487784326076508
1451311362158,2,0.00841660425066948,-0.0389525406062603,-0.18569090962409973
1451311362179,2,0.13258326053619385,0.026188334450125694,0.27432605624198914
1451311362195,2,0.04942695423960686,-0.04539893940091133,0.39272740483283997
1451311362219,2,-0.18107140064239502,0.01989244855940342,0.3554220497608185
1451311362239,2,-0.07352978736162186,0.08646949380636215,0.03663315623998642
1451311362260,2,-0.016133353114128113,0.11890636384487152,-0.03019873984158039
1451311362281,2,-0.2970646321773529,0.045323826372623444,0.16583587229251862
1451311362300,2,-0.40176740288734436,-0.021636370569467545,0.27541035413742065
1451311362314,2,-0.28057625889778137,-0.04175707697868347,0.14010287821292877
1451311362341,2,-0.2447342425584793,-0.006980944890528917,-0.020091772079467773
1451311362361,2,-0.38138067722320557,-0.07704904675483704,0.16642916202545166
1451311362382,2,-0.6164847016334534,-0.19641338288784027,0.30587679147720337
1451311362400,2,-1.0470372438430786,-0.6367784738540649,0.3307259976863861
1451311362420,2,-1.687704086303711,-0.8881833553314209,0.6787643432617188
1451311362441,2,-1.6663649082183838,-0.8240194916725159,1.1228373050689697
1451311362462,2,38.70976638793945,4.837371349334717,-4.062755584716797
1451311362483,2,-9.603357315063477,-1.027895450592041,2.4065661430358887
1451311362501,2,-3.4801273345947266,0.8793442249298096,0.8875392079353333
1451311362522,2,-1.8100030422210693,-1.7381407022476196,-0.38932138681411743
1451311362542,2,0.48992425203323364,0.21989305317401886,0.6221902370452881
1451311362564,2,1.1162697076797485,0.9138005971908569,0.42597851157188416
1451311362583,2,-0.316145122051239,0.5685393214225769,0.009682021103799343
1451311362601,2,-1.505903959274292,-0.21456366777420044,0.2673906981945038
1451311362620,2,-1.1266130208969116,0.1776747852563858,0.39979952573776245
1451311362641,2,-1.1157068014144897,0.23805764317512512,0.33594226837158203
1451311362664,2,-1.326257348060608,0.043055299669504166,0.4310884177684784
1451311362683,2,-1.2988182306289673,-0.08815613389015198,0.30068567395210266
1451311362702,2,-0.6637283563613892,0.17110563814640045,0.36045360565185547
1451311362721,2,-0.5914170145988464,0.12393004447221756,0.5604425072669983
1451311362743,2,-0.7840494513511658,0.02439122274518013,0.6893278360366821
1451311362762,2,-0.8520755171775818,-0.01412351056933403,0.38972121477127075
1451311362785,2,-0.7191202044487,0.04656213894486427,0.040360067039728165
1451311362797,2,-0.6294066905975342,0.009478607214987278,-0.13206511735916138
1451311362823,2,-0.8760470747947693,-0.14365707337856293,-0.1605219841003418
1451311362843,2,-0.9000566005706787,-0.12900836765766144,-0.12321019917726517
1451311362865,2,-0.98320472240448,-0.20597879588603973,-0.26033905148506165
1451311362885,2,-1.0344055891036987,-0.25724896788597107,-0.5294301509857178
1451311362903,2,-0.8695352673530579,-0.16402240097522736,-0.6210445761680603
1451311362924,2,-1.0477852821350098,-0.12101678550243378,-0.6896142363548279
1451311362943,2,-1.1168626546859741,-0.10210779309272766,-0.3502747416496277
1451311362965,2,-0.9818275570869446,0.03751432150602341,0.197401225566864
1451311362986,2,-0.7697281241416931,0.11466945707798004,0.554204523563385
1451311363003,2,-0.567550778388977,0.2207283228635788,0.773874819278717
1451311363020,2,-0.26547929644584656,0.3398565351963043,1.2749662399291992
1451311363044,2,-0.34250718355178833,0.3363526165485382,1.9544308185577393
1451311363065,2,-0.38755670189857483,0.22246932983398438,1.834675669670105
1451311363084,2,-0.37606948614120483,0.16186287999153137,1.3941724300384521
1451311363103,2,-0.37787872552871704,0.08484014123678207,0.699898898601532
1451311363125,2,-0.36549144983291626,0.02551204338669777,0.10525251924991608
1451311363145,2,-0.33080464601516724,-0.05982464551925659,-0.5488461852073669
1451311363166,2,-0.3249766528606415,-0.07674772292375565,-0.6656453609466553
1451311363186,2,-0.4939994812011719,-0.11572744697332382,-0.45339375734329224
1451311363205,2,-0.6418470740318298,-0.28427228331565857,-0.08506897836923599
1451311363225,2,-0.7989343404769897,-0.41076868772506714,0.12914368510246277
1451311363248,2,-1.0068919658660889,-0.4265037178993225,0.05718670040369034
1451311363266,2,-0.9729173183441162,-0.33877721428871155,-0.04481295496225357
1451311363286,2,-0.7972312569618225,-0.20884938538074493,-0.09605331718921661
1451311363306,2,-0.6869481205940247,-0.11297960579395294,-0.017101356759667397
1451311363325,2,-0.6993743181228638,-0.14113982021808624,0.1040162593126297
1451311363348,2,-0.6535038948059082,-0.10474807769060135,0.5554331541061401
1451311363367,2,-0.39046710729599,0.01207096129655838,0.765464186668396
1451311363386,2,-0.22115345299243927,0.129918172955513,0.8249632120132446
1451311363405,2,-0.2142861783504486,0.21629443764686584,0.843238890171051
1451311363426,2,-0.22569060325622559,0.18289777636528015,0.7835691571235657
1451311363448,2,-0.20856928825378418,0.15212036669254303,0.5151946544647217
1451311363466,2,-0.05328495800495148,0.2119382917881012,-0.05799626186490059
1451311363486,2,0.0316319465637207,0.15690438449382782,-0.21245968341827393
1451311363506,2,0.015272767283022404,0.2607879638671875,-0.11857844889163971
1451311363528,2,-0.07906074821949005,0.23232202231884003,0.21084991097450256
1451311363550,2,-0.07883329689502716,0.05726064369082451,0.43949851393699646
1451311363563,2,-0.17456994950771332,-0.025401275604963303,0.24776187539100647
1451311363587,2,-0.08013059198856354,-0.022587386891245842,0.3434826135635376
1451311363606,2,-0.019240455701947212,-0.0174725279211998,0.27969488501548767
1451311363627,2,0.013227872550487518,0.015462357550859451,0.28017595410346985
1451311363650,2,0.026360029354691505,-0.041843291372060776,0.12813538312911987
1451311363668,2,-0.07719964534044266,-0.07920417934656143,-0.05387655273079872
1451311363687,2,-0.2277967482805252,-0.2553580403327942,-0.3206207752227783
1451311363707,2,-0.25553083419799805,-0.24293431639671326,-0.30737200379371643
1451311363730,2,0.10833782702684402,-0.14753156900405884,-0.36555299162864685
1451311363751,2,0.18586666882038116,0.12584522366523743,-0.37855976819992065
1451311363768,2,0.2190084606409073,0.1668316125869751,-0.31365153193473816
1451311363788,2,-0.10277290642261505,-0.029771162196993828,-0.028740357607603073
1451311363809,2,-0.16964001953601837,0.04494798183441162,0.04804828390479088
1451311363832,2,0.0029437618795782328,0.12494564801454544,0.25228139758110046
1451311363851,2,-0.021320674568414688,0.20136867463588715,0.5684410929679871
1451311363870,2,0.06296342611312866,0.12072744220495224,0.7307686805725098
1451311363889,2,-0.08440165966749191,0.2762754559516907,0.10480068624019623
1451311363910,2,0.11170279234647751,0.3334004878997803,0.029852118343114853
1451311363932,1,0.15113045275211334,0.3093038499355316,-0.0839361771941185
1451311363954,1,0.05996335297822952,0.25387510657310486,-0.04524959251284599
1451311363971,1,-0.08963099122047424,0.18432167172431946,0.02458791434764862
1451311363990,1,0.19401171803474426,0.2564437985420227,0.5942395925521851
1451311364011,1,0.16457387804985046,0.22276334464550018,0.32624387741088867
1451311364032,1,0.24702014029026031,0.16935499012470245,0.03561900928616524
1451311364053,1,0.2392524629831314,0.20034049451351166,-0.1677028387784958
1451311364070,1,0.09278393536806107,0.13113661110401154,-0.24666297435760498
1451311364089,1,-0.17370273172855377,0.011873978190124035,-0.19577157497406006
1451311364107,1,0.0015074820257723331,0.12547405064105988,0.17661622166633606
1451311364132,1,0.13242678344249725,0.11417349427938461,0.3933107554912567
1451311364147,1,0.04358949512243271,0.027509938925504684,0.5637573599815369
1451311364165,1,-0.16746602952480316,0.014474515803158283,0.549544095993042
1451311364191,1,-0.31382158398628235,0.025644144043326378,0.29353052377700806
1451311364215,1,-0.2778351306915283,0.08330605924129486,-0.12879005074501038
1451311364233,1,-0.034088220447301865,0.16669073700904846,0.014377485029399395
1451311364246,1,-0.05145849660038948,0.1292635053396225,-0.15199381113052368
1451311364271,1,0.11532441526651382,0.25304508209228516,-0.2481786459684372
1451311364292,1,0.9361388683319092,0.8355854749679565,1.2422680854797363
1451311364314,1,0.6680784225463867,-1.0047019720077515,-1.5851672887802124
1451311364332,1,-24.75992774963379,-1.9537945985794067,-7.784316539764404
1451311364347,1,-0.8890545964241028,1.3142530918121338,4.713149547576904
1451311364370,1,1.4818788766860962,0.6267310976982117,1.627395510673523
1451311364391,1,5.881943702697754,1.8760703802108765,1.5003262758255005
1451311364415,1,5.24229621887207,1.6728023290634155,-0.7473703026771545
1451311364433,1,-1.948262095451355,-1.003523826599121,-1.6244144439697266
1451311364447,1,-2.7522993087768555,-1.2427765130996704,-1.2258622646331787
1451311364472,1,-2.6843671798706055,-0.5328218340873718,-0.15595336258411407
1451311364492,1,-1.3617053031921387,-0.30301645398139954,-0.4719172716140747
1451311364509,1,-0.042920053005218506,0.40431642532348633,1.1766057014465332
1451311364533,1,1.3536193370819092,-0.11451806873083115,0.8232634663581848
1451311364552,1,-0.11552132666110992,-0.06828735768795013,0.189250648021698
1451311364573,1,-0.7268063426017761,-0.27706074714660645,0.24120938777923584
1451311364594,1,-0.8006548881530762,-0.33622604608535767,0.5285913348197937
1451311364619,1,-0.6515691876411438,-0.2178548127412796,0.60198974609375
1451311364636,1,-0.37596115469932556,-0.10498714447021484,0.4493640661239624
1451311364652,1,-0.41034212708473206,-0.1784527748823166,0.20557402074337006
1451311364673,1,-0.8238333463668823,-0.17295096814632416,-0.059984222054481506
1451311364693,1,-0.7993585467338562,-0.11254384368658066,-0.1089782640337944
1451311364716,1,-0.5249167084693909,0.047700200229883194,-0.16480828821659088
1451311364734,1,-0.29801639914512634,0.15712036192417145,-0.03738075867295265
1451311364753,1,-0.2554706335067749,0.04007277637720108,-0.12557166814804077
1451311364774,1,-0.28110477328300476,0.044010408222675323,-0.025948096066713333
1451311364794,1,-0.26566022634506226,0.017815934494137764,0.17253801226615906
1451311364810,1,-0.23878838121891022,-0.002896013669669628,0.2655389606952667
1451311364834,1,-0.28123992681503296,0.016625264659523964,0.11719079315662384
1451311364854,1,-0.17912673950195313,0.1094943955540657,0.048067573457956314
1451311364873,1,-0.18664130568504333,0.08037146925926208,0.16208909451961517
1451311364894,1,-0.1571452021598816,-0.005720715969800949,0.3153337836265564
1451311364915,1,-0.3227402865886688,-0.04111380875110626,0.323448121547699
1451311364936,1,-0.4143029451370239,-0.017185527831315994,0.526508092880249
1451311364955,1,-0.174862802028656,0.0038128362502902746,0.6102280020713806
1451311364975,1,-0.12270966917276382,0.06443418562412262,0.2237035483121872
1451311364996,1,-0.10464005172252655,0.12792320549488068,0.0903618261218071
1451311365017,1,-0.02280011773109436,0.03223053738474846,0.10894611477851868
1451311365036,1,-0.15522059798240662,-0.0889236107468605,0.07617197185754776
1451311365055,1,-0.36408722400665283,-0.06192921847105026,0.5783931612968445
1451311365076,1,-0.24149353802204132,-0.009566285647451878,0.6128355264663696
1451311365097,1,-0.1170649379491806,0.04472527652978897,0.42487961053848267
1451311365118,1,-0.021025070920586586,0.0681350901722908,0.23365619778633118
1451311365136,1,0.06448902189731598,0.10243862867355347,0.11092881113290787
1451311365156,1,-0.05324596166610718,0.20614391565322876,0.1524275243282318
1451311365177,1,-0.07915566116571426,0.14146043360233307,0.20282909274101257
1451311365197,1,-0.1287444531917572,0.19417525827884674,0.1331336349248886
1451311365219,1,-0.017479432746767998,0.23171383142471313,0.13454993069171906
1451311365235,1,0.11562825739383698,0.18896161019802094,-0.11672668159008026
1451311365256,1,-0.07497658580541611,0.1427864283323288,-0.33472880721092224
1451311365276,1,-0.170535609126091,0.12927140295505524,0.06653144955635071
1451311365298,1,-0.02246387116611004,0.10185176879167557,0.4603542387485504
1451311365319,1,-0.011972470209002495,-0.022787293419241905,0.20885902643203735
1451311365338,1,-0.18894092738628387,-0.0186363123357296,-0.1584247201681137
1451311365358,1,-0.31254714727401733,0.09150631725788116,-0.021880408748984337
1451311365381,1,-0.13068978488445282,0.035877663642168045,0.3800385892391205
1451311365397,1,-0.1707000881433487,0.04334376007318497,0.4109562933444977
1451311365419,1,-0.12337883561849594,0.061517421156167984,0.3969622552394867
1451311365437,1,-0.08438077569007874,0.12648966908454895,0.28459611535072327
1451311365458,1,-0.1670779138803482,0.17791444063186646,0.28222471475601196
1451311365480,1,-0.2133687287569046,0.11473960429430008,0.2860831320285797
1451311365500,1,-0.19521187245845795,0.10836363583803177,0.23106618225574493
1451311365519,1,-0.08541709929704666,0.11923223733901978,0.1978565752506256
1451311365535,1,-0.0600845031440258,0.08461509644985199,0.1914326697587967
1451311365559,1,-0.2564147114753723,0.057459671050310135,0.07188625633716583
1451311365582,1,-0.30730417370796204,0.05044131726026535,0.004743395373225212
1451311365602,1,-0.09810666739940643,0.07803075015544891,-0.08046235889196396
1451311365620,1,-0.1562318205833435,0.1382584273815155,0.14300796389579773
1451311365638,1,0.0053002252243459225,0.06336071342229843,0.3581751585006714
1451311365660,1,-0.07896324247121811,0.03976356238126755,0.22958676517009735
1451311365682,1,-0.22142036259174347,0.13272008299827576,0.31932491064071655
1451311365702,1,-0.014303031377494335,0.059091947972774506,0.15675650537014008
1451311365722,1,-0.16671375930309296,0.09669307619333267,-0.01633329503238201
1451311365739,1,-0.06755710393190384,0.11654110252857208,0.016506314277648926
1451311365758,1,0.04745696857571602,0.10402999073266983,0.14633096754550934
1451311365777,1,0.11934530735015869,0.14504209160804749,0.24528467655181885
1451311365798,1,0.13812611997127533,0.09504647552967072,0.2281622737646103
1451311365820,1,-0.1067451685667038,8.712299168109894E-4,0.26373979449272156
1451311365840,1,-0.056131746619939804,-0.03276946768164635,0.26826339960098267
1451311365860,1,0.06156748905777931,0.025858664885163307,0.1675204634666443
1451311365883,1,0.3277023136615753,0.05093056336045265,0.017868250608444214
1451311365902,1,0.3628610670566559,0.04499562084674835,-0.21328093111515045
1451311365921,1,-0.0400693416595459,0.021968670189380646,-0.10237199813127518
1451311365942,1,-0.25020989775657654,-0.040670741349458694,0.03299450874328613
1451311365965,2,-0.07622212916612625,-0.011263152584433556,0.369835764169693
1451311365984,2,0.23368868231773376,-0.009713876992464066,0.46308398246765137
1451311366005,2,0.30766281485557556,0.016433540731668472,0.34487083554267883
1451311366022,2,0.008791227824985981,0.09742226451635361,0.11404372751712799
1451311366042,2,-0.02218739129602909,0.10438187420368195,0.09016367048025131
1451311366063,2,0.07516226172447205,0.094570092856884,0.0748152956366539
1451311366083,2,0.22046388685703278,0.13249386847019196,0.0662175640463829
1451311366096,2,0.2586253881454468,0.19489070773124695,0.09732698649168015
1451311366121,2,0.15196402370929718,0.1349862664937973,0.240350142121315
1451311366143,2,-0.2880208194255829,0.058811962604522705,0.17463351786136627
1451311366163,2,-0.19231098890304565,0.08949439227581024,0.08749942481517792
1451311366183,2,-0.04121463745832443,0.10118073970079422,-0.07692307978868484
1451311366203,2,0.024576405063271523,0.15272855758666992,-0.03554010018706322
1451311366222,2,0.0503724180161953,0.16692951321601868,0.2214537262916565
1451311366243,2,-0.23951958119869232,0.0062009007669985294,0.2842787206172943
1451311366265,2,-0.18385076522827148,0.015264204703271389,0.17709025740623474
1451311366284,2,-0.14639164507389069,0.07550415396690369,0.04062427207827568
1451311366303,2,-0.0874921903014183,0.10729454457759857,0.05638181418180466
1451311366323,2,-0.054183464497327805,0.07894903421401978,0.18579496443271637
1451311366339,2,-0.24851199984550476,-0.25982874631881714,0.23534604907035828
1451311366366,2,-0.781658947467804,-0.7060051560401917,0.3620966970920563
1451311366384,2,-1.3240429162979126,-0.9251929521560669,0.5538175702095032
1451311366398,2,-1.5360348224639893,-0.7552534341812134,0.49401628971099854
1451311366420,2,-1.5050156116485596,-0.6130585670471191,0.2042202651500702
1451311366441,2,-0.12486439943313599,-0.713402271270752,0.050251930952072144
1451311366466,2,-10.427699089050293,4.77623987197876,-0.8994663953781128
1451311366485,2,-6.495302200317383,0.878642201423645,0.4974392354488373
1451311366503,2,-3.956817150115967,1.720848560333252,-0.23307986557483673
1451311366523,2,-0.028362901881337166,0.16767390072345734,-2.220574140548706
1451311366544,2,2.3067896366119385,-2.178980827331543,-3.6510226726531982
1451311366566,2,4.256104946136475,0.582553505897522,2.9073424339294434
1451311366584,2,2.5074095726013184,0.3263777494430542,4.521280288696289
1451311366604,2,0.38660746812820435,0.24867285788059235,3.2228188514709473
1451311366625,2,-1.0569827556610107,0.21244770288467407,1.0560212135314941
1451311366647,2,-1.0487996339797974,0.04555851221084595,-0.22575053572654724
1451311366666,2,0.6672931909561157,0.389655739068985,0.7975479960441589
1451311366684,2,0.9757651090621948,0.35187196731567383,0.9156821966171265
1451311366704,2,0.971241295337677,0.12990239262580872,0.6023761034011841
1451311366726,2,0.8340402841567993,0.02524491585791111,0.33781448006629944
1451311366746,2,0.7938068509101868,0.04504530504345894,0.40222764015197754
1451311366767,2,0.7605516314506531,0.04970686510205269,0.4154968559741974
1451311366787,2,0.4534676969051361,-0.1436374932527542,-0.06850187480449677
1451311366805,2,0.44542643427848816,-0.15139701962471008,-0.300630122423172
1451311366826,2,0.5317439436912537,-0.0480310395359993,-0.3417489230632782
1451311366848,2,0.470043420791626,0.010969137772917747,-0.17147651314735413
1451311366867,2,0.2882043719291687,-0.03634908050298691,0.048368602991104126
1451311366886,2,0.03126578405499458,-0.0053428225219249725,0.3263327181339264
1451311366906,2,0.442939817905426,0.038153499364852905,0.19498656690120697
1451311366927,2,0.8232284188270569,0.02493833377957344,-0.07720599323511124
1451311366950,2,0.8181485533714294,-0.050937578082084656,-0.3010556697845459
1451311366968,2,0.39626896381378174,-0.08515840768814087,-0.08898995071649551
1451311366987,2,-0.8509624600410461,0.7345935106277466,0.008334698155522346
1451311367007,2,0.4831879734992981,0.6119385957717896,0.6602186560630798
1451311367027,2,0.9566377997398376,-0.0589817650616169,0.5651654601097107
1451311367050,2,0.5399596691131592,-0.07096563279628754,0.31475919485092163
1451311367068,2,0.04951280355453491,0.07168050855398178,0.17455051839351654
1451311367087,2,0.043221522122621536,0.1589154303073883,0.3967541754245758
1451311367108,2,0.26766178011894226,0.09237462282180786,0.43588966131210327
1451311367130,2,0.08049290627241135,0.06858254224061966,0.37049978971481323
1451311367149,2,-0.315218061208725,-0.10322364419698715,0.2813081741333008
1451311367169,2,0.22275201976299286,0.07705868780612946,0.31120765209198
1451311367186,2,-0.03978131711483002,0.2825920879840851,-0.027514614164829254
1451311367209,2,0.23145318031311035,0.030551791191101074,-0.4983300566673279
1451311367231,2,0.226030632853508,-0.015576631762087345,-0.4114309251308441
1451311367250,2,0.08331665396690369,0.06485971808433533,-0.18480068445205688
1451311367268,2,0.11114983260631561,0.045288171619176865,-0.06837444752454758
1451311367288,2,0.19443660974502563,0.02423778548836708,0.009468086063861847
1451311367308,2,0.2494765818119049,-0.014791326597332954,0.15805354714393616
1451311367332,2,0.10996033251285553,0.010030395351350307,0.27006256580352783
1451311367349,2,0.07079188525676727,0.022074760869145393,0.34169337153434753
1451311367370,2,0.09072050452232361,-0.015788521617650986,0.34922319650650024
1451311367388,2,0.1358986794948578,-0.07496113330125809,0.2526566684246063
1451311367410,2,0.1350097954273224,-0.04496200755238533,0.14774024486541748
1451311367432,2,0.1935013383626938,0.04060206189751625,0.17255553603172302
1451311367452,2,0.3681209981441498,0.0895443707704544,0.3425596356391907
1451311367470,2,0.25736480951309204,0.0940229743719101,0.34790217876434326
1451311367491,2,-0.03766279295086861,0.06349720060825348,0.39454585313796997
1451311367512,2,-0.07836955785751343,0.04162263497710228,0.4640893340110779
1451311367532,2,0.10277937352657318,0.2020578235387802,0.6667600274085999
1451311367551,2,0.016445815563201904,0.16388240456581116,0.2503139078617096
1451311367570,2,-0.02291848324239254,0.12048808485269547,-0.20572248101234436
1451311367587,2,0.15128175914287567,0.24747809767723083,-0.11580255627632141
1451311367612,2,0.21289795637130737,0.2510127127170563,0.20061258971691132
1451311367633,2,0.11882764101028442,0.17164719104766846,-0.0299666840583086
1451311367652,2,0.0030460532288998365,0.21159575879573822,-0.1567407101392746
1451311367671,2,0.10771189630031586,0.2542874813079834,-0.13199147582054138
1451311367692,2,0.1428074687719345,0.2481163889169693,0.02181318774819374
1451311367715,2,0.12733301520347595,0.20616993308067322,0.2051122486591339
1451311367733,2,0.08584760129451752,0.12793314456939697,0.11942542344331741
1451311367747,2,0.19751876592636108,0.21867695450782776,0.34068214893341064
1451311367772,2,0.21927469968795776,0.24353228509426117,0.4226701259613037
1451311367792,2,0.1687980443239212,0.14675737917423248,0.21325872838497162
1451311367815,2,-0.012881510891020298,0.12621785700321198,0.017347440123558044
1451311367833,2,-0.06699834018945694,0.09623393416404724,-0.15958558022975922
1451311367851,2,0.09894794225692749,0.09491875767707825,0.043450433760881424
1451311367870,2,0.22010603547096252,0.02191781811416149,0.12237492203712463
1451311367892,2,0.23084756731987,0.041948214173316956,0.09102876484394073
1451311367913,2,0.25000089406967163,0.1334293931722641,0.06713642925024033
1451311367932,2,0.28649628162384033,0.23400048911571503,0.39109423756599426
1451311367953,2,0.1833512783050537,0.056943830102682114,0.39363282918930054
1451311367973,1,-0.1527031660079956,-0.03166062757372856,0.016078444197773933
1451311368000,1,-0.3348037302494049,-0.016195347532629967,-0.11032325029373169
1451311368021,1,-0.15895584225654602,0.015671031549572945,0.06611819565296173
1451311368043,1,0.06565218418836594,0.07944938540458679,0.5692986249923706
1451311368059,1,-0.2073645442724228,-0.016494331881403923,0.1866401731967926
1451311368074,1,-0.4672117829322815,0.09195435792207718,-0.08393792808055878
1451311368094,1,-0.40297731757164,0.16858868300914764,-0.13557693362236023
1451311368115,1,-0.18192744255065918,0.12635435163974762,-0.05098726227879524
1451311368132,1,-0.02795684151351452,-0.004970774054527283,0.3844067454338074
1451311368155,1,-0.0676473006606102,-0.012655191123485565,0.3673299252986908
1451311368173,1,-0.01590549759566784,0.15121056139469147,0.1203349381685257
1451311368194,1,0.06439477205276489,0.1655149757862091,0.10259119421243668
1451311368215,1,0.10233119130134583,0.1910577118396759,0.24157238006591797
1451311368235,1,-0.06579619646072388,0.11252105236053467,0.13850948214530945
1451311368254,1,-0.17299538850784302,0.07004384696483612,-0.16868484020233154
1451311368274,1,-0.13105671107769012,0.005194353871047497,-0.6564011573791504
1451311368296,1,0.002421564655378461,0.07256021350622177,-0.02854863367974758
1451311368316,1,0.37172889709472656,-0.05951397493481636,0.8298971652984619
1451311368337,1,-0.7791538238525391,-0.7999386787414551,-0.41299161314964294
1451311368355,1,-1.6437673568725586,-0.9565180540084839,-1.97517728805542
1451311368372,1,2.7690258026123047,-2.113462209701538,4.767675876617432
1451311368396,1,1.1518293619155884,3.848843812942505,0.4586685001850128
1451311368416,1,10.460932731628418,1.315267562866211,-0.5855389833450317
1451311368438,1,9.873010635375977,0.34576019644737244,-2.8612329959869385
1451311368455,1,3.114699125289917,-0.8591185808181763,-2.4944331645965576
1451311368477,1,-1.8082053661346436,-1.5584425926208496,-1.3493822813034058
1451311368499,1,-1.1106295585632324,-0.49870532751083374,3.4116907119750977
1451311368517,1,2.178095579147339,0.20671266317367554,3.79717755317688
1451311368536,1,4.396958827972412,0.5625187158584595,2.2016947269439697
1451311368555,1,3.6748483180999756,0.16819734871387482,-0.08625438809394836
1451311368576,1,2.0121209621429443,-0.06751111149787903,-1.294582724571228
1451311368599,1,0.8196951746940613,0.1991732120513916,-0.07231412827968597
1451311368617,1,1.0427054166793823,-0.09065613150596619,0.6792676448822021
1451311368637,1,1.0753748416900635,-0.2692527174949646,0.8664876818656921
1451311368656,1,0.981522798538208,-0.3427870273590088,0.7988234162330627
1451311368678,1,0.7636722922325134,-0.31396278738975525,0.5246458053588867
1451311368699,1,0.6461485028266907,-0.1372659057378769,-0.12511341273784637
1451311368720,1,1.043472170829773,-0.08854688704013824,-0.2665180265903473
1451311368737,1,1.153278112411499,0.0019207389559596777,-0.12148410826921463
1451311368758,1,1.2015442848205566,-0.07587503641843796,-0.05701368302106857
1451311368780,1,0.9489736557006836,-0.15925884246826172,-0.10080898553133011
1451311368800,1,0.6931835412979126,-0.1523129642009735,-0.007574234623461962
1451311368820,1,0.6765761971473694,-0.02187865413725376,0.6317057013511658
1451311368838,1,0.7638719081878662,-0.10789806395769119,0.5698819756507874
1451311368858,1,0.6933523416519165,-0.1662573218345642,0.4629676342010498
1451311368878,1,0.44699230790138245,-0.13307079672813416,0.2640998661518097
1451311368908,1,0.41132521629333496,0.018106734380126,0.2125292420387268
1451311368919,1,0.4448942244052887,0.02567337080836296,0.03748129680752754
1451311368938,1,0.40385663509368896,-0.01793605461716652,-0.002995090326294303
1451311368958,1,0.3455970287322998,-0.018043315038084984,-0.024940380826592445
1451311368978,1,0.30566906929016113,0.06955781579017639,0.06177110597491264
1451311368997,1,0.41320231556892395,0.1733165830373764,0.32759588956832886
1451311369013,1,0.4687528908252716,0.08206892013549805,0.06232932209968567
1451311369038,1,0.2800614535808563,0.14774492383003235,-0.28763386607170105
1451311369057,1,0.2586997151374817,0.19463497400283813,-0.2654261291027069
1451311369078,1,0.28892290592193604,0.235358327627182,-0.02122632786631584
1451311369101,1,0.48487183451652527,0.23723377287387848,0.3094920814037323
1451311369117,1,0.5482603311538696,0.20008359849452972,0.46941083669662476
1451311369138,1,0.23592732846736908,0.1051461398601532,0.3746972382068634
1451311369159,1,0.1415102630853653,0.12714023888111115,0.27759939432144165
1451311369179,1,0.1937752217054367,0.15285101532936096,0.18464112281799316
1451311369200,1,0.36836737394332886,0.15529987215995789,0.16989479959011078
1451311369218,1,0.5321153998374939,0.07908552139997482,0.12557518482208252
1451311369239,1,0.13180585205554962,-0.01235357765108347,0.009532967582345009
1451311369259,1,0.058855801820755005,-0.023534897714853287,0.09156535565853119
1451311369279,1,0.17156316339969635,0.012495032511651516,0.23376843333244324
1451311369301,1,0.3113156259059906,-0.008168693631887436,0.2685398757457733
1451311369319,1,0.28011295199394226,-0.04622370004653931,0.1123170554637909
1451311369339,1,0.13132746517658234,0.07376841455698013,0.07423369586467743
1451311369359,1,0.02328464947640896,0.15523527562618256,0.10370645672082901
1451311369380,1,0.055015601217746735,0.25374913215637207,0.3008814752101898
1451311369399,1,0.15077859163284302,0.2941828668117523,0.5333335399627686
1451311369419,1,0.11069554835557938,0.27321168780326843,0.6325006484985352
1451311369440,1,0.07853858917951584,0.30451253056526184,0.8520879745483398
1451311369460,1,0.15023308992385864,0.2493281066417694,0.719392716884613
1451311369480,1,0.18273711204528809,0.2283613085746765,0.6564934849739075
1451311369501,1,0.077315554022789,0.12266367673873901,0.5430687665939331
1451311369516,1,0.02006937749683857,0.07940992712974548,0.6470388770103455
1451311369538,1,0.10865122079849243,9.811200434342027E-4,0.45779696106910706
1451311369558,1,0.14276450872421265,0.042828794568777084,0.027988078072667122
1451311369583,1,0.20087559521198273,0.027561668306589127,-0.07613164186477661
1451311369602,1,0.011892974376678467,-0.020131811499595642,-0.0810924768447876
1451311369620,1,0.017474209889769554,-0.0748477354645729,-0.13680091500282288
1451311369639,1,0.0620969757437706,-0.09167320281267166,-0.23066052794456482
1451311369662,1,0.12681224942207336,-0.046709731221199036,-0.27635493874549866
1451311369681,1,0.04250077158212662,-0.07603460550308228,-0.34839725494384766
1451311369700,1,-0.025728315114974976,-0.08163958787918091,-0.3141542077064514
1451311369720,1,-0.02382292039692402,-0.07082213461399078,-0.281622052192688
1451311369742,1,0.08032616972923279,-0.0557774193584919,-0.20478783547878265
1451311369762,1,0.2280825674533844,-0.018256371840834618,0.03799509257078171
1451311369783,1,-0.019551381468772888,-0.1366477757692337,0.14056406915187836
1451311369801,1,-0.2476094663143158,-0.10855799168348312,0.030910102650523186
1451311369822,1,-0.15125367045402527,-0.012803659774363041,-0.04828033968806267
1451311369843,1,0.007122545503079891,0.06889700889587402,-0.12182839214801788
1451311369863,1,0.08873700350522995,0.11452975869178772,0.08514438569545746
1451311369884,1,0.17049583792686462,0.05413432791829109,0.5534019470214844
1451311369903,1,0.15394289791584015,0.0856838971376419,0.6785936951637268
1451311369924,1,0.04922901839017868,0.08889730274677277,0.5102034211158752
1451311369944,1,-0.0177475456148386,0.11925503611564636,0.24831892549991608
1451311369967,1,0.08885902166366577,0.18157325685024261,0.13819676637649536
1451311369988,2,0.3122197687625885,0.19210633635520935,0.37789222598075867
1451311370006,2,0.10492358356714249,0.1666182577610016,0.48570555448532104
1451311370028,2,-0.0061085461638867855,0.10947276651859283,0.5443734526634216
1451311370041,2,-0.07463270425796509,0.1084282249212265,0.4893728494644165
1451311370068,2,-0.013803777284920216,0.130349263548851,0.41172903776168823
1451311370080,2,0.24419903755187988,0.15483488142490387,0.06424538791179657
1451311370105,2,0.20611082017421722,0.21094606816768646,0.08857552707195282
1451311370125,2,0.12432722002267838,0.22470512986183167,0.3525386154651642
1451311370144,2,0.010910832323133945,0.15587152540683746,0.5590204000473022
1451311370165,2,-0.006216901820152998,0.10949410498142242,0.5837216973304749
1451311370185,2,0.1431291699409485,0.11668021231889725,0.4881511926651001
1451311370204,2,0.1843680739402771,0.20073972642421722,0.20063772797584534
1451311370224,2,0.09728080779314041,0.1728103905916214,0.16218611598014832
1451311370242,2,2.3285891802515835E-4,0.14147913455963135,0.20973113179206848
1451311370267,2,-0.03590747341513634,0.11528408527374268,0.3515501618385315
1451311370284,2,-0.034866221249103546,0.08646891266107559,0.42917701601982117
1451311370306,2,-0.03588094934821129,0.08188421279191971,0.11274491995573044
1451311370326,2,-0.09266454726457596,0.09627426415681839,0.10190145671367645
1451311370347,2,-0.07655702531337738,0.07699672877788544,0.30486032366752625
1451311370369,2,-0.06676175445318222,0.07791589200496674,0.49172788858413696
1451311370387,2,-0.07097206264734268,0.06809826195240021,0.49226272106170654
1451311370407,2,-0.010660656727850437,0.008354571647942066,0.22583997249603271
1451311370427,2,-0.1002657413482666,-0.02075081877410412,0.20922143757343292
1451311370450,2,-0.19409918785095215,-0.0659320279955864,0.15629999339580536
1451311370467,2,-0.14168627560138702,-0.07892828434705734,0.16489362716674805
1451311370486,2,-0.08598046749830246,-0.06965572386980057,0.17284312844276428
1451311370507,2,-0.13523279130458832,-0.06547288596630096,0.1777554452419281
1451311370526,2,-0.28715017437934875,-0.16366086900234222,0.21481648087501526
1451311370546,2,-0.23819662630558014,-0.15941782295703888,0.16415362060070038
1451311370565,2,-0.1973259001970291,-0.1238715872168541,0.06545183807611465
1451311370587,2,-0.21864882111549377,-0.09893003851175308,0.09310498833656311
1451311370607,2,-0.3155548870563507,-0.13580869138240814,0.21108722686767578
1451311370626,2,35.55575180053711,2.69675350189209,-2.5300111770629883
1451311370647,2,-15.850677490234375,5.267102241516113,-4.125380039215088
1451311370666,2,-3.9975826740264893,-1.4103889465332031,-0.3937719464302063
1451311370688,2,-8.440567970275879,-0.31051409244537354,0.2332698255777359
1451311370707,2,-3.811936378479004,-0.07735183089971542,-0.42220601439476013
1451311370730,2,1.9988821744918823,-0.8833169341087341,-0.4045037627220154
1451311370749,2,2.52925968170166,-0.6513643264770508,1.5800678730010986
1451311370768,2,0.6253541111946106,-0.3659796714782715,2.016472578048706
1451311370788,2,-1.5848263502120972,-0.307265043258667,1.4070014953613281
1451311370804,2,-2.5936007499694824,-0.4900248646736145,0.8992723226547241
1451311370829,2,-2.2556889057159424,-0.744998574256897,0.814296305179596
1451311370849,2,-1.0509153604507446,-0.22917817533016205,0.5768915414810181
1451311370865,2,-0.8042625188827515,-0.25845688581466675,0.11881518363952637
1451311370887,2,-0.7706693410873413,-0.26709669828414917,-0.03506897762417793
1451311370909,2,-0.7632421255111694,-0.21165801584720612,0.23265023529529572
1451311370930,2,-0.7177768349647522,-0.24851766228675842,0.44895607233047485
1451311370950,2,-0.8378093838691711,-0.27590397000312805,0.3325572907924652
1451311370968,2,-0.8066256046295166,-0.2782192826271057,0.0938391461968422
1451311370990,2,-0.8386008739471436,-0.3558221459388733,-0.18257424235343933
1451311371013,2,-0.8557437062263489,-0.3507566750049591,-0.35089316964149475
1451311371033,2,-0.8667581081390381,-0.2741103768348694,-0.20925065875053406
1451311371053,2,-0.5752127766609192,-0.2618246078491211,0.6022971868515015
1451311371071,2,-0.4616377055644989,-0.199529767036438,0.6293383836746216
1451311371088,2,-0.6814467310905457,-0.1684311479330063,0.3664759397506714
1451311371113,2,-0.8708012700080872,-0.13187924027442932,0.24574410915374756
1451311371135,2,-0.8122829794883728,-0.08696487545967102,0.31015899777412415
1451311371146,2,-0.5972921848297119,-0.0430406853556633,0.3416600525379181
1451311371171,2,-0.35120251774787903,0.07814882695674896,0.2148047834634781
1451311371191,2,-0.33964163064956665,0.04444850608706474,0.19776304066181183
1451311371215,2,-0.4451500177383423,0.01634732447564602,0.27081426978111267
1451311371233,2,-0.5477451086044312,-0.018057342618703842,0.30040332674980164
1451311371253,2,-0.47951677441596985,-0.062352705746889114,0.1768517792224884
1451311371272,2,-0.3098709285259247,-0.010960662737488747,0.33204877376556396
1451311371293,2,-0.2979956269264221,-0.08481617271900177,0.31946107745170593
1451311371314,2,-0.42763271927833557,-0.08625555783510208,0.3207791745662689
1451311371337,2,-0.4740060567855835,-0.08590806275606155,0.16784605383872986
1451311371352,2,-0.4484901428222656,-0.10713526606559753,-0.009181085042655468
1451311371367,2,-0.20422054827213287,-0.057029757648706436,0.1479945182800293
1451311371389,2,-0.1776241511106491,-0.06311111897230148,0.4266197383403778
1451311371415,2,-0.2903199791908264,-0.084592305123806,0.44329380989074707
1451311371433,2,-0.31753259897232056,-0.09267214685678482,0.3702554702758789
1451311371454,2,-0.21555297076702118,-0.0654667466878891,0.2272895872592926
1451311371473,2,-0.09658574312925339,-0.02033464051783085,0.14983868598937988
1451311371491,2,-0.0066259209997951984,-0.02784925326704979,0.09242343157529831
1451311371513,2,-0.12185689061880112,-0.060072485357522964,0.10816928744316101
1451311371531,2,-0.203018918633461,-0.04919569939374924,0.07573065906763077
1451311371548,2,-0.2535064220428467,-0.10937602818012238,-0.05357552319765091
1451311371573,2,-0.28021329641342163,-0.09994535148143768,-0.18365386128425598
1451311371594,2,-0.23221564292907715,-0.015627192333340645,-0.09316109865903854
1451311371616,2,-0.1398673951625824,-0.02275046892464161,0.1338707059621811
1451311371637,2,-0.2587534487247467,-0.029609249904751778,0.29430094361305237
1451311371653,2,-0.4351511299610138,-0.08107347786426544,0.4084416925907135
1451311371674,2,-0.4182853400707245,-0.06536123901605606,0.454983651638031
1451311371698,2,-0.19814042747020721,0.029902387410402298,0.4672697186470032
1451311371717,2,-0.11364340782165527,0.04065905138850212,0.34918344020843506
1451311371734,2,-0.10456738620996475,0.11852964013814926,0.3352566361427307
1451311371754,2,-0.08997304737567902,0.09837386757135391,0.4178904891014099
1451311371775,2,-0.11842552572488785,0.028568508103489876,0.45662033557891846
1451311371795,2,-0.22391915321350098,0.027439212426543236,0.46893444657325745
1451311371817,2,-0.18990853428840637,0.08587562292814255,0.24465864896774292
1451311371837,2,-0.09587620198726654,0.08682721853256226,0.01665828935801983
1451311371854,2,-0.010603738948702812,0.08304975181818008,-0.1198626458644867
1451311371877,2,0.027504531666636467,0.09295330196619034,-0.14540274441242218
1451311371899,2,0.008600362576544285,0.07948591560125351,-0.0777905136346817
1451311371916,2,-0.06863076239824295,0.061048343777656555,0.25261399149894714
1451311371936,2,-0.039843060076236725,0.03888210281729698,0.2897270619869232
1451311371957,2,-0.026082681491971016,-0.001991758355870843,0.1750672310590744
1451311371976,2,0.01050838828086853,0.02101326920092106,0.055787354707717896
1451311371998,2,0.12622706592082977,0.06553571671247482,0.1439022719860077
