1451312184289,1,0.3105398118495941,-0.1024026870727539,0.38240182399749756
1451312184308,1,0.3105398118495941,-0.1024026870727539,0.38240182399749756
1451312184329,1,0.3105398118495941,-0.1024026870727539,0.38240182399749756
1451312184348,1,0.3105398118495941,-0.1024026870727539,0.38240182399749756
1451312184370,1,0.3105398118495941,-0.1024026870727539,0.38240182399749756
1451312184390,1,-1.2204506397247314,1.1002321243286133,-0.48607906699180603
1451312184412,1,-0.3815547823905945,1.4597455263137817,-2.204389810562134
1451312184429,1,0.8068694472312927,-1.0161772966384888,0.280153751373291
1451312184456,1,1.7396095991134644,-1.6784616708755493,3.2959675788879395
1451312184476,1,1.8380694389343262,-1.2652099132537842,3.778764009475708
1451312184497,1,1.032252550125122,-0.33512160181999207,2.2261288166046143
1451312184517,1,-0.2961812913417816,0.4748334288597107,0.6570522785186768
1451312184535,1,-1.8848097324371338,0.8789058327674866,0.3959557116031647
1451312184556,1,-0.2854476273059845,1.2605459690093994,-2.4975662231445313
1451312184577,1,-2.9467291831970215,1.3020377159118652,-1.3091893196105957
1451312184600,1,-3.435903310775757,1.7368098497390747,-0.9413947463035583
1451312184618,1,-1.758347511291504,1.192073941230774,-0.15950550138950348
1451312184635,1,-1.0293270349502563,0.44389528036117554,-0.013227730989456177
1451312184656,1,-0.9323020577430725,-0.1417980045080185,1.4968167543411255
1451312184675,1,0.35224440693855286,-0.2816174030303955,0.720578134059906
1451312184697,1,0.14888522028923035,-0.12670622766017914,1.3660978078842163
1451312184717,1,0.039565008133649826,0.041633740067481995,1.8193477392196655
1451312184735,1,0.6269453167915344,-0.21048925817012787,0.9437831044197083
1451312184756,1,0.3769211173057556,-0.2935398817062378,-0.4360235333442688
1451312184779,1,0.25068047642707825,0.3862532377243042,-1.5283055305480957
1451312184798,1,0.22647130489349365,0.14186930656433105,-1.3577414751052856
1451312184811,1,0.2829848527908325,0.05661971494555473,-0.9582687020301819
1451312184836,1,0.3904101550579071,0.09788695722818375,-0.01093932706862688
1451312184857,1,-0.16671477258205414,-0.2154156118631363,0.40044718980789185
1451312184880,1,-1.0956288576126099,0.006117021664977074,0.637710452079773
1451312184898,1,-0.41092342138290405,-0.271067351102829,0.272647887468338
1451312184918,1,0.15471643209457397,-0.5436597466468811,-0.24342472851276398
1451312184938,1,0.27374014258384705,-0.37239423394203186,-0.3568728268146515
1451312184958,1,-0.10166078060865402,-0.3317880630493164,-0.1707429438829422
1451312184979,1,-0.3071225881576538,-0.06076981872320175,-0.07428513467311859
1451312184999,1,-0.12170920521020889,-0.05811024457216263,-0.16538403928279877
1451312185018,1,0.6499382257461548,0.03875555470585823,0.2109329104423523
1451312185039,1,0.6179347038269043,0.5704214572906494,0.2749187648296356
1451312185064,1,0.5285173058509827,0.655892014503479,-0.2750760018825531
1451312185080,1,0.721064031124115,0.471084326505661,-0.6112585067749023
1451312185100,1,0.72712641954422,0.3601210117340088,0.767913281917572
1451312185118,1,0.5207284688949585,-0.03448796272277832,0.4989473223686218
1451312185149,1,0.31279256939888,-0.28299158811569214,-0.3076087534427643
1451312185158,1,-0.019843094050884247,0.05416238307952881,-0.8962100148200989
1451312185179,1,-0.4026137888431549,0.27705228328704834,-0.8504372835159302
1451312185200,1,0.2830868065357208,-0.06697335094213486,0.45308512449264526
1451312185214,1,0.26678887009620667,-0.018879473209381104,0.19943244755268097
1451312185238,1,0.092844657599926,-0.02861117757856846,0.2645803391933441
1451312185262,1,-0.09175524860620499,0.0616840124130249,0.3890244662761688
1451312185277,1,-0.30711373686790466,-0.30536651611328125,0.16777239739894867
1451312185299,1,-0.4992682933807373,-0.49803194403648376,-0.03897416591644287
1451312185320,1,-0.13480068743228912,-0.25510522723197937,-0.6984645128250122
1451312185340,1,0.3315391540527344,-0.3708265423774719,0.18796060979366302
1451312185361,1,1.5410351753234863,-1.016223430633545,0.3814069628715515
1451312185381,1,2.1722469329833984,-0.21367724239826202,-1.4014976024627686
1451312185395,1,-4.015808582305908,-6.91694974899292,2.595069646835327
1451312185419,1,5.734830856323242,3.2201077938079834,1.6547095775604248
1451312185440,1,4.635866641998291,3.695528030395508,-0.22177228331565857
1451312185462,1,2.0653324127197266,1.8008500337600708,-0.6965741515159607
1451312185481,1,-1.0192430019378662,0.1722632795572281,0.051279522478580475
1451312185499,1,-3.1300134658813477,-1.4591467380523682,3.072686195373535
1451312185520,1,0.5388514399528503,0.42336395382881165,-0.2956067621707916
1451312185540,1,3.6408164501190186,0.44545361399650574,1.5594488382339478
1451312185563,1,3.7544608116149902,0.19416064023971558,2.316937208175659
1451312185584,1,0.8593114018440247,0.03529752418398857,1.1149176359176636
1451312185600,1,-0.7420242428779602,0.4851777255535126,0.34085986018180847
1451312185621,1,-0.44110584259033203,0.39324647188186646,-0.13274608552455902
1451312185641,1,-0.32119032740592957,0.2547585964202881,0.03639233484864235
1451312185662,1,-0.6194210648536682,-0.01899929903447628,-0.03392915800213814
1451312185684,1,-0.8051364421844482,-0.015731822699308395,0.061770521104335785
1451312185701,1,-0.7408574819564819,-0.09327975660562515,0.35225802659988403
1451312185722,1,-0.5859473943710327,-0.2667571008205414,0.4118371903896332
1451312185745,1,-0.5432618856430054,0.027145780622959137,0.28718963265419006
1451312185764,1,-0.4837020933628082,0.07791268080472946,-0.0908142477273941
1451312185783,1,-0.20960551500320435,0.06365443766117096,0.056177813559770584
1451312185798,1,-0.04819914698600769,-0.11739946901798248,-0.11337854713201523
1451312185822,1,-0.1626158207654953,-0.49849313497543335,1.1662358045578003
1451312185844,1,-0.08630175143480301,-0.08294190466403961,-1.193619966506958
1451312185863,1,-0.26482170820236206,-0.3953653573989868,-0.6221826672554016
1451312185882,1,0.10796398669481277,-0.27393853664398193,0.2525947093963623
1451312185898,1,0.44256308674812317,-0.16872341930866241,0.09768179059028625
1451312185922,1,0.3340056538581848,0.18554478883743286,0.14541150629520416
1451312185944,1,0.540438711643219,0.4277905225753784,-0.10258710384368896
1451312185963,1,-0.3978326618671417,0.5952478647232056,0.5397206544876099
1451312185983,1,-0.5928144454956055,0.3530810475349426,-0.17100889980793
1451312186003,1,-0.022182678803801537,-0.04661912843585014,0.29256725311279297
1451312186023,1,0.45938408374786377,0.13468202948570251,-0.057035893201828
1451312186044,1,0.4829525351524353,0.3072200417518616,0.45976096391677856
1451312186064,1,-0.3556114435195923,0.17264731228351593,0.40316930413246155
1451312186082,1,-0.24599473178386688,0.29561668634414673,-0.014023849740624428
1451312186103,1,-0.18163645267486572,0.22778525948524475,-0.3247556984424591
1451312186124,1,-0.11022394895553589,-0.1047983467578888,-0.18448738753795624
1451312186146,1,0.006270129699259996,-0.27794894576072693,-0.280956894159317
1451312186166,1,0.003286109073087573,-0.45575815439224243,0.5027431845664978
1451312186184,1,0.08937665075063705,-0.2833084166049957,-0.10319032520055771
1451312186205,1,0.03555482253432274,-0.10717910528182983,-0.6287316083908081
1451312186225,1,0.05898655205965042,0.05637655407190323,-0.6517565250396729
1451312186247,1,0.39518675208091736,0.21757249534130096,-0.285623699426651
1451312186267,1,0.6389271020889282,0.8365355730056763,0.03871230036020279
1451312186285,1,0.6147934198379517,0.9049889445304871,-0.2993137836456299
1451312186304,1,0.49889275431632996,0.9019862413406372,-0.37686875462532043
1451312186328,2,0.2522406578063965,0.6421078443527222,-0.0766436830163002
1451312186343,2,0.12805168330669403,0.43496379256248474,0.2983902394771576
1451312186371,2,-0.06143522262573242,0.3505640923976898,0.43990358710289
1451312186385,2,0.37775641679763794,0.4753676950931549,0.3632417917251587
1451312186405,2,0.37128746509552,0.3888894319534302,-0.00949322059750557
1451312186426,2,0.2235293984413147,0.5083832740783691,-0.21497312188148499
1451312186448,2,-0.1470598578453064,0.45429274439811707,0.1315402239561081
1451312186467,2,-0.12360624969005585,0.16844986379146576,0.8511363863945007
1451312186485,2,-0.34498894214630127,-1.178558349609375,0.9755366444587708
1451312186502,2,-0.30003029108047485,-0.6238204836845398,0.28027358651161194
1451312186527,2,-0.11360548436641693,0.04638298228383064,-0.06897592544555664
1451312186542,2,-0.5210615992546082,0.2524304687976837,-0.6154419183731079
1451312186568,2,-1.0096914768218994,-0.34339725971221924,-0.5097293853759766
1451312186587,2,-0.9907752275466919,-0.776080846786499,0.375720739364624
1451312186607,2,-0.4821578562259674,-0.5200380086898804,0.5243617296218872
1451312186630,2,0.30890312790870667,-0.2150578796863556,0.35041502118110657
1451312186649,2,0.651544988155365,0.30974283814430237,-0.07413023710250854
1451312186668,2,0.581535279750824,0.6706757545471191,0.22325637936592102
1451312186687,2,0.6691535115242004,0.39728784561157227,0.5575584769248962
1451312186707,2,-0.21975061297416687,-0.14380759000778198,0.6016483902931213
1451312186729,2,-0.1595606654882431,0.3125099539756775,-0.15846914052963257
1451312186751,2,0.4745739996433258,1.348046064376831,-0.32972121238708496
1451312186766,2,0.9116176962852478,1.768858551979065,-0.4860188663005829
1451312186788,2,1.151993751525879,0.9121131300926208,-1.0839017629623413
1451312186809,2,-0.47375303506851196,-0.12327274680137634,-0.8089116811752319
1451312186830,2,-0.22847069799900055,-0.20714637637138367,-0.7271376252174377
1451312186848,2,7.611796855926514,-5.989283561706543,10.401039123535156
1451312186863,2,-4.913857936859131,4.148954391479492,0.716808557510376
1451312186888,2,-3.363647699356079,4.776946067810059,4.882246494293213
1451312186909,2,-2.5422921180725098,0.22023265063762665,-0.39127078652381897
1451312186928,2,-0.8000995516777039,-0.8681278228759766,0.6358668804168701
1451312186949,2,-0.5576015710830688,-1.0341542959213257,-0.6225619912147522
1451312186968,2,0.4573493003845215,-0.6608692407608032,-0.8200356960296631
1451312186988,2,1.2732517719268799,0.024384500458836555,-0.028841478750109673
1451312187009,2,0.9735221862792969,0.11610943078994751,-0.27177929878234863
1451312187031,2,-0.7553596496582031,-0.9110323190689087,-0.48218145966529846
1451312187050,2,-1.0585789680480957,-2.3265719413757324,0.006859364453703165
1451312187070,2,-0.12011950463056564,-2.121692419052124,0.49257951974868774
1451312187090,2,0.8909253478050232,0.11193769425153732,0.4182330071926117
1451312187113,2,1.4027172327041626,0.5924287438392639,0.4800625741481781
1451312187134,2,-0.7138204574584961,-0.4471791386604309,-0.49283671379089355
1451312187151,2,-0.7801576256752014,-0.41201019287109375,-0.23269757628440857
1451312187169,2,-0.2646183967590332,-0.18648295104503632,0.5452169179916382
1451312187190,2,0.510968029499054,0.12864859402179718,0.6892892718315125
1451312187212,2,1.1960334777832031,0.2801204323768616,0.49079206585884094
1451312187231,2,0.809953510761261,-0.14135727286338806,-0.0028337622061371803
1451312187249,2,0.6039352416992188,-0.17861703038215637,0.053954292088747025
1451312187270,2,0.45813116431236267,0.05126899853348732,0.3750070333480835
1451312187290,2,0.6275673508644104,0.12015315145254135,0.9956038594245911
1451312187313,2,0.5847082138061523,0.4169347882270813,0.950783908367157
1451312187331,2,0.36276349425315857,0.4592612087726593,0.1666407585144043
1451312187351,2,0.3833247721195221,0.5461439490318298,-0.47273558378219604
1451312187371,2,0.6482554078102112,0.5161322355270386,-0.03658931702375412
1451312187390,2,0.5661487579345703,0.3305377960205078,0.294659823179245
1451312187413,2,0.5023249387741089,0.12963175773620605,0.34009063243865967
1451312187431,2,0.21532098948955536,0.0390033945441246,0.16433657705783844
1451312187451,2,-0.14268384873867035,0.0063666123896837234,-0.6132219433784485
1451312187471,2,-0.4095360040664673,-0.007435118779540062,-0.8761311173439026
1451312187491,2,-0.6563708186149597,-0.19757600128650665,-0.9237205386161804
1451312187514,2,-0.5703169703483582,-0.3242833912372589,-0.7237561941146851
1451312187531,2,-0.17068710923194885,-0.34522390365600586,-0.15666472911834717
1451312187547,2,-0.1467738151550293,-0.48787179589271545,0.020162498578429222
1451312187571,2,-0.6403481364250183,-0.5294973254203796,-0.03292728587985039
1451312187592,2,-0.7234963178634644,-0.19911329448223114,0.06305646896362305
1451312187613,2,-0.32840800285339355,0.12981821596622467,0.3158090114593506
1451312187635,2,0.050652988255023956,0.18121932446956635,0.4790700674057007
1451312187652,2,-0.046835437417030334,0.3132143020629883,0.6045078635215759
1451312187673,2,0.2973724603652954,0.5776268839836121,0.12420272082090378
1451312187696,2,0.7440320253372192,0.8502373695373535,0.3077431917190552
1451312187714,2,0.37690213322639465,0.3583417236804962,0.14715923368930817
1451312187729,2,-0.42144089937210083,-0.16399990022182465,0.23639117181301117
1451312187752,2,-0.5382682681083679,-0.2708721160888672,0.45808395743370056
1451312187773,2,-0.27840369939804077,-0.41214054822921753,0.16462883353233337
1451312187794,2,-0.5506712794303894,-0.7693214416503906,0.0040267715230584145
1451312187817,2,-1.199285626411438,-0.9309247732162476,0.27666181325912476
1451312187829,2,-1.2282357215881348,-0.6837620139122009,0.3938947021961212
1451312187854,2,-0.8723688125610352,-0.3761836886405945,0.4048573970794678
1451312187874,2,0.016586393117904663,-0.11091595143079758,0.24299977719783783
1451312187896,2,-0.41983136534690857,-0.10504794120788574,0.21677637100219727
1451312187917,2,-0.46620985865592957,0.03492460027337074,0.25555649399757385
1451312187935,2,0.02575978823006153,0.17121991515159607,0.5079436898231506
1451312187954,2,0.3690715432167053,0.2994078993797302,0.7053320407867432
1451312187975,2,0.009675883688032627,0.433880090713501,0.738038957118988
1451312187996,2,0.5060555934906006,0.5337976813316345,0.7178501486778259
1451312188012,2,0.880022406578064,0.4930301904678345,0.6981015205383301
1451312188029,2,0.9593217372894287,0.4179202914237976,0.3345499336719513
1451312188053,2,0.7396827936172485,0.48928049206733704,0.032770052552223206
1451312188075,2,0.6869630813598633,0.5423358082771301,-0.149774968624115
1451312188096,2,0.5516232252120972,0.18033728003501892,-0.012301263399422169
1451312188118,2,0.23926249146461487,-0.17406360805034637,0.3468471169471741
1451312188135,2,-0.2502835690975189,-0.5833896994590759,0.31873396039009094
1451312188157,2,-0.7103124260902405,-0.7396084070205688,0.2186819165945053
1451312188176,2,-0.592187225818634,-0.7155512571334839,0.21405893564224243
1451312188197,2,0.156927689909935,-0.41722938418388367,0.5552765130996704
1451312188217,2,-0.18036150932312012,-0.21735797822475433,0.47045186161994934
1451312188236,2,-0.6258168816566467,-0.16461597383022308,0.3442629277706146
1451312188256,2,-0.5729586482048035,-0.12516777217388153,0.27682021260261536
1451312188276,2,-0.48898059129714966,-0.14051438868045807,0.24156594276428223
1451312188297,2,-0.3938785493373871,-0.025566987693309784,0.13774551451206207
1451312188316,2,0.44057124853134155,0.4617915749549866,0.07251637428998947
1451312188335,2,0.44977980852127075,0.4853682816028595,0.3756640553474426
1451312188357,1,0.1433659791946411,0.1440419852733612,0.5824094414710999
1451312188380,1,0.014619038440287113,-0.060071900486946106,0.5099807381629944
1451312188406,1,0.05030884966254234,-0.051143329590559006,0.1250917762517929
1451312188418,1,0.36329948902130127,0.2628425359725952,-0.45221009850502014
1451312188436,1,0.30997970700263977,0.17866671085357666,-0.44498950242996216
1451312188458,1,0.22461839020252228,0.09419862926006317,-0.1644318550825119
1451312188479,1,0.052903030067682266,-0.036985039710998535,0.09043313562870026
1451312188500,1,0.09627798944711685,-0.13658873736858368,0.06297054141759872
1451312188517,1,0.012325301766395569,0.036880407482385635,-0.25139760971069336
1451312188538,1,-0.10440916568040848,0.2952794134616852,-0.37857553362846375
1451312188557,1,-0.09474073350429535,0.5878016352653503,-0.09733633697032928
1451312188581,1,-0.2868916094303131,0.6730518341064453,0.02994096465408802
1451312188601,1,-0.49009260535240173,0.5638549327850342,0.2857441008090973
1451312188618,1,-0.47806766629219055,0.07980477809906006,0.06351707130670547
1451312188637,1,-0.7261860370635986,-0.3651870787143707,-0.11386486887931824
1451312188657,1,-0.20336854457855225,-0.3029419183731079,0.6536346077919006
1451312188679,1,-0.1603357046842575,-0.06817629933357239,0.41487377882003784
1451312188700,1,-0.21067580580711365,-0.08691197633743286,0.6060848832130432
1451312188713,1,-0.8796661496162415,-0.22777006030082703,0.5194751620292664
1451312188734,1,-0.6925166845321655,-0.16337795555591583,0.3073819577693939
1451312188759,1,-0.7324763536453247,0.11581424623727798,0.38618192076683044
1451312188780,1,-0.6223315596580505,0.07958441227674484,0.22024376690387726
1451312188801,1,-0.8569337129592896,-0.029222004115581512,0.17591127753257751
1451312188819,1,-0.7365046739578247,-0.0033802902325987816,0.2701397240161896
1451312188835,1,-0.23167651891708374,0.7338099479675293,0.3176227807998657
1451312188859,1,-0.44054678082466125,0.5242816805839539,0.39406245946884155
1451312188882,1,-0.29827412962913513,0.22910453379154205,0.17181086540222168
1451312188901,1,-0.2942090928554535,0.003929156344383955,0.2638157904148102
1451312188918,1,0.089396633207798,0.0766606330871582,0.23533844947814941
1451312188940,1,0.5268353819847107,0.25479835271835327,0.4654723107814789
1451312188962,1,-0.28990307450294495,0.015700258314609528,0.18360884487628937
1451312188982,1,-0.4578629732131958,0.16016308963298798,0.2438303828239441
1451312188999,1,-0.31212833523750305,0.303560346364975,0.004044306930154562
1451312189019,1,0.15116740763187408,0.4888087809085846,-0.13931962847709656
1451312189039,1,0.6972110867500305,0.47421795129776,0.04634498804807663
1451312189059,1,0.29787081480026245,0.27195993065834045,-0.2995540201663971
1451312189081,1,0.06900401413440704,0.3056318759918213,-0.3316974639892578
1451312189100,1,0.13991953432559967,0.27145782113075256,0.00791968684643507
1451312189119,1,0.567658007144928,0.26884791254997253,0.3389303386211395
1451312189140,1,0.7598036527633667,0.2771691679954529,0.5418167114257813
1451312189163,1,-0.6215656995773315,0.033501289784908295,-0.22220249474048615
1451312189181,1,-0.3345332145690918,-0.292823851108551,-0.4981418251991272
1451312189200,1,-0.08893084526062012,-0.9920593500137329,0.26800736784935
1451312189221,1,2.478651285171509,-1.3140467405319214,2.4043619632720947
1451312189241,1,2.454263687133789,-1.0796324014663696,1.4042741060256958
1451312189263,1,-27.842891693115234,0.30261459946632385,-0.48651570081710815
1451312189282,1,2.0793676376342773,1.6070044040679932,4.192751407623291
1451312189301,1,3.8525893688201904,1.7762422561645508,1.2197551727294922
1451312189321,1,1.6800695657730103,1.5597622394561768,-2.265198230743408
1451312189341,1,-0.9258182644844055,0.1906237006187439,-2.2540011405944824
1451312189364,1,-3.1741113662719727,0.09432078897953033,-0.8233844637870789
1451312189382,1,-0.6170584559440613,-0.3143172860145569,1.0232348442077637
1451312189401,1,1.4222490787506104,-0.36450961232185364,1.4871248006820679
1451312189421,1,1.8737719058990479,-0.33084815740585327,0.9462866187095642
1451312189443,1,1.0478860139846802,-0.22592414915561676,0.48171210289001465
1451312189464,1,-0.003587028244510293,-0.017173252999782562,0.07829086482524872
1451312189484,1,-0.9369921088218689,-0.03582008555531502,-0.3954278826713562
1451312189502,1,-1.1141568422317505,-0.09596388041973114,-0.34116438031196594
1451312189523,1,-0.9087387919425964,0.20928514003753662,-0.4367956817150116
1451312189544,1,-0.6075418591499329,0.2586416006088257,-0.2817325294017792
1451312189565,1,-0.03551226109266281,0.052923783659935,0.004556932952255011
1451312189583,1,0.02366108074784279,-0.43100422620773315,-0.5429179668426514
1451312189599,1,-0.5364468693733215,-0.5874509215354919,-0.933294415473938
1451312189623,1,-0.5658236742019653,-0.25176000595092773,-0.3721335232257843
1451312189646,1,-0.1858149617910385,0.14629881083965302,0.3879249691963196
1451312189665,1,0.3364349603652954,0.341638445854187,0.07701251655817032
1451312189684,1,0.11922887712717056,0.09601005911827087,-0.18009762465953827
1451312189699,1,-0.5685794949531555,0.08686638623476028,0.15310557186603546
1451312189723,1,-0.6606752872467041,0.23358722031116486,0.4201104938983917
1451312189745,1,-0.014379494823515415,0.0945645347237587,0.004244213458150625
1451312189760,1,0.06405437737703323,-0.16431377828121185,-0.27684125304222107
1451312189785,1,-0.48757433891296387,0.15057343244552612,-0.08683715760707855
1451312189804,1,-1.0121400356292725,0.18261808156967163,1.2647885084152222
1451312189825,1,-0.42322835326194763,0.41781100630760193,0.7117834091186523
1451312189847,1,-0.18045824766159058,0.5614794492721558,-0.27404725551605225
1451312189868,1,0.15538227558135986,0.41752925515174866,0.2589356005191803
1451312189886,1,0.09327470511198044,0.12970833480358124,0.6615338325500488
1451312189901,1,-0.6681140661239624,0.04419862478971481,0.40140461921691895
1451312189925,1,-0.05097776651382446,0.18765725195407867,-0.4945142865180969
1451312189947,1,0.008401555009186268,0.15141162276268005,-0.23506781458854675
1451312189968,1,-0.20265960693359375,0.03052782453596592,0.10915245115756989
1451312189981,1,-0.41470086574554443,0.17618893086910248,0.40065762400627136
1451312190005,1,-0.057907816022634506,0.4136725664138794,0.5755786895751953
1451312190025,1,0.2988276481628418,0.5850327610969543,-0.03954758122563362
1451312190047,1,-0.05539035424590111,0.44410455226898193,0.1838672012090683
1451312190067,1,-0.4917656183242798,0.27931028604507446,0.37234044075012207
1451312190085,1,-0.6697196364402771,0.20557284355163574,0.329109787940979
1451312190102,1,-0.3830605447292328,0.19804653525352478,-0.08165478706359863
1451312190128,1,0.17869628965854645,0.40050387382507324,0.22683483362197876
1451312190146,1,-0.0918647050857544,0.2895365059375763,0.6026911735534668
1451312190166,1,-0.3546299934387207,0.07806465029716492,0.5211731791496277
1451312190185,1,-0.5530411601066589,0.18462182581424713,-0.04616963118314743
1451312190206,1,-0.3394867479801178,0.28151509165763855,-0.33981063961982727
1451312190229,1,0.021526426076889038,0.34831249713897705,-0.30529168248176575
1451312190248,1,-0.7381862998008728,-0.21379472315311432,0.43084466457366943
1451312190267,1,-0.9564952850341797,-0.4117524325847626,-0.08314590156078339
1451312190285,1,-0.6806505918502808,-0.5968278646469116,0.018585458397865295
1451312190306,1,-0.43666955828666687,-0.2418517768383026,0.12556114792823792
1451312190330,1,0.14241278171539307,0.36183249950408936,0.39366087317466736
1451312190348,1,-0.5451847314834595,0.36558571457862854,0.7418681979179382
1451312190372,2,-0.7065731883049011,-0.06397475302219391,1.0409622192382813
1451312190388,2,-0.20537421107292175,-0.21924656629562378,0.8568424582481384
1451312190413,2,0.19032427668571472,0.18936112523078918,0.5965250730514526
1451312190430,2,0.29667019844055176,0.2006073296070099,0.2878454625606537
1451312190448,2,-0.2254108190536499,0.2641156315803528,0.046863459050655365
1451312190468,2,-0.38948535919189453,-0.2620663046836853,-0.28378480672836304
1451312190487,2,-0.16154319047927856,-0.13553017377853394,9.732289472594857E-4
1451312190508,2,0.5066304206848145,0.15327158570289612,-0.055534254759550095
1451312190529,2,0.6263311505317688,0.4062158465385437,-0.4278992712497711
1451312190550,2,0.4955017566680908,0.48776715993881226,-0.4030798673629761
1451312190567,2,-0.5897806882858276,0.06407120078802109,-0.42139410972595215
1451312190588,2,-0.534602165222168,-0.11133739352226257,-0.2828039824962616
1451312190604,2,0.02382880263030529,-0.04059504717588425,0.07291208952665329
1451312190630,2,0.19753636419773102,0.37934184074401855,0.3333914279937744
1451312190651,2,-0.09162300080060959,0.5823690891265869,0.07576572895050049
1451312190669,2,-0.2584965229034424,0.08376432955265045,0.31361645460128784
1451312190689,2,-0.6628881692886353,-0.20908406376838684,0.20194178819656372
1451312190708,2,-0.5945174694061279,0.041874565184116364,0.3928723633289337
1451312190732,2,0.07141830772161484,0.24877135455608368,0.5950251817703247
1451312190750,2,0.07990341633558273,-0.006612111814320087,0.1922287940979004
1451312190768,2,-0.4590870141983032,-0.2958095967769623,-0.978281557559967
1451312190790,2,-0.4630599915981293,-0.23214872181415558,-1.1458353996276855
1451312190811,2,-0.3655831217765808,-0.9203279614448547,-1.1865625381469727
1451312190836,2,-0.6657978296279907,-1.2783169746398926,-0.40143561363220215
1451312190852,2,13.115434646606445,-5.140084743499756,9.83510684967041
1451312190870,2,-8.164191246032715,-1.1287617683410645,-2.7906646728515625
1451312190890,2,0.682386577129364,1.971727967262268,4.035045146942139
1451312190909,2,-1.0830861330032349,1.6067378520965576,-1.3478028774261475
1451312190931,2,-2.1069939136505127,0.24008126556873322,-1.337427020072937
1451312190949,2,-1.5017585754394531,-0.754296600818634,0.9860422611236572
1451312190970,2,0.355195552110672,-0.8096837997436523,-0.5002958178520203
1451312190990,2,2.293795108795166,0.9090975522994995,-3.273975372314453
1451312191013,2,2.0899646282196045,1.4275386333465576,-2.648322105407715
1451312191032,2,0.8922237157821655,0.17333412170410156,-0.6829624176025391
1451312191052,2,-0.13816840946674347,-0.5266729593276978,0.32373103499412537
1451312191072,2,0.4009660482406616,-0.12085165828466415,-0.6540788412094116
1451312191086,2,1.0264928340911865,0.7224152684211731,-1.091990351676941
1451312191113,2,0.9643199443817139,1.477819800376892,-0.12415946274995804
1451312191134,2,0.5330033898353577,1.0008569955825806,0.19152678549289703
1451312191150,2,-0.02561749331653118,0.152467280626297,0.4333055019378662
1451312191171,2,-0.4232294261455536,-0.3361094295978546,0.5981839299201965
1451312191192,2,-0.155075803399086,0.040582772344350815,0.7433791756629944
1451312191213,2,-0.35038864612579346,-0.09363573044538498,0.3213561177253723
1451312191233,2,-0.5085399150848389,-0.4811404347419739,-0.21726971864700317
1451312191251,2,-0.6590954661369324,-0.516182541847229,-0.4379407465457916
1451312191272,2,-0.32105979323387146,-0.5465145111083984,-0.311111181974411
1451312191292,2,-0.30690279603004456,-0.358907550573349,-0.28927987813949585
1451312191313,2,-0.13181841373443604,0.5391881465911865,0.06124211475253105
1451312191335,2,0.21388332545757294,0.4688689708709717,0.545621395111084
1451312191351,2,-0.1949910968542099,0.13578268885612488,0.2328174114227295
1451312191372,2,-0.48657020926475525,-0.24809856712818146,-0.17359833419322968
1451312191393,2,-0.07425203919410706,0.04594225063920021,-0.016882160678505898
1451312191414,2,0.20839644968509674,0.01332709938287735,0.23445700109004974
1451312191433,2,-0.32703396677970886,-0.2164081335067749,-0.5366916656494141
1451312191452,2,-0.5066654682159424,-0.20353929698467255,-0.7678805589675903
1451312191474,2,-0.2532690763473511,0.13903671503067017,-0.5828191637992859
1451312191494,2,-0.08991806209087372,0.16068331897258759,-0.17141865193843842
1451312191516,2,-0.533097505569458,-0.39100363850593567,0.26696985960006714
1451312191535,2,-0.6554218530654907,-0.08327215909957886,0.16079437732696533
1451312191553,2,-0.13563527166843414,0.4826403260231018,0.24024902284145355
1451312191574,2,0.38689184188842773,0.5789256691932678,0.016772272065281868
1451312191597,2,0.6104679107666016,0.6562409996986389,0.1577431708574295
1451312191615,2,-0.13981570303440094,0.7031167149543762,0.41954293847084045
1451312191636,2,0.43068602681159973,0.6198393106460571,1.0207464694976807
1451312191654,2,0.32901790738105774,0.3524070978164673,0.9743056297302246
1451312191675,2,0.05989846959710121,0.40884968638420105,0.9435656666755676
1451312191696,2,0.1785506159067154,0.7587164640426636,1.134444236755371
1451312191715,2,0.2647673189640045,0.9709621667861938,1.2082266807556152
1451312191730,2,0.06802164763212204,0.7788345217704773,0.9389087557792664
1451312191754,2,0.029962660744786263,0.7948808073997498,1.2480120658874512
1451312191775,2,-0.02452157996594906,0.5903589129447937,1.069464087486267
1451312191796,2,0.2964363396167755,0.6377110481262207,0.5959119200706482
1451312191815,2,0.29459086060523987,0.9000900983810425,0.5415992736816406
1451312191835,2,0.35902395844459534,0.4655342698097229,0.3308195173740387
1451312191857,2,-0.13627637922763824,0.1268243044614792,0.49391457438468933
1451312191876,2,-0.4382420778274536,0.04477846994996071,0.9245792031288147
1451312191898,2,-0.2560908794403076,0.10181319713592529,0.8166729807853699
1451312191912,2,-0.23134227097034454,-0.09840192645788193,0.5680992007255554
1451312191932,2,-0.16190466284751892,-0.1339396834373474,0.0289209745824337
1451312191955,2,-0.20803529024124146,0.37006667256355286,-0.42805883288383484
1451312191976,2,0.21265248954296112,0.23059915006160736,-0.22385668754577637
1451312191991,2,0.17737624049186707,-0.3130015432834625,-0.35875850915908813
1451312192011,2,-0.2524413466453552,-0.7736603021621704,-0.7184802889823914
1451312192035,2,-0.10435469448566437,-0.4939899742603302,-0.18012218177318573
1451312192053,2,0.4846314787864685,-0.13981413841247559,0.22408582270145416
1451312192080,2,0.4862883985042572,-0.6187538504600525,0.15821722149848938
1451312192094,2,-0.15939529240131378,-0.6888923645019531,0.11318974196910858
1451312192118,2,0.014464952982962132,-0.25574061274528503,0.5097101330757141
1451312192132,2,0.387016236782074,-0.22967736423015594,0.550720751285553
1451312192157,2,0.06195526570081711,-0.04335866495966911,0.29930442571640015
1451312192179,2,-0.22350628674030304,0.10754267871379852,0.13099487125873566
1451312192198,2,-0.31511473655700684,0.0024941549636423588,0.1554822474718094
1451312192217,2,-0.22706131637096405,0.08948095142841339,0.35853347182273865
1451312192236,2,0.04644869640469551,-0.047533322125673294,0.5215186476707458
1451312192258,2,6.875621620565653E-4,-0.4401724636554718,0.11507716774940491
1451312192278,2,0.0218187402933836,0.46743807196617126,-0.3680740296840668
1451312192301,2,1.021304726600647,0.6365122199058533,-0.45507484674453735
1451312192320,2,1.3063907623291016,0.3058195114135742,-0.23854047060012817
1451312192339,2,0.4196583330631256,-0.3954547941684723,0.47813189029693604
1451312192358,2,-0.4357578158378601,-0.2024158388376236,0.706604540348053
1451312192378,2,0.18566067516803741,-0.14166823029518127,-0.041418638080358505
1451312192399,2,-0.27190348505973816,-0.54184889793396,-0.5192424654960632
1451312192425,1,-0.6888749003410339,-0.09116437286138535,-0.49161624908447266
1451312192438,1,-0.5413528084754944,0.033479660749435425,0.20528700947761536
1451312192459,1,0.23689353466033936,0.3952782452106476,0.20143559575080872
1451312192483,1,0.7268058061599731,0.31004151701927185,-0.17369593679904938
1451312192506,1,0.6222817301750183,0.33531099557876587,-0.2842068076133728
1451312192517,1,0.8765010833740234,0.2944178283214569,0.21926702558994293
1451312192539,1,1.176561713218689,0.04333879053592682,0.31674015522003174
1451312192559,1,0.6811255216598511,-0.20830373466014862,0.17626024782657623
1451312192580,1,0.11532673984766006,-0.5292863249778748,-0.5091489553451538
1451312192600,1,0.4989911615848541,1.7184943135362118E-4,-0.24710020422935486
1451312192618,1,0.29320716857910156,-0.11620061844587326,-0.12647417187690735
1451312192639,1,0.01893637329339981,-0.09750351309776306,0.038066405802965164
1451312192660,1,-0.13446728885173798,0.0494563989341259,0.23493805527687073
1451312192681,1,-0.11787007749080658,0.16617490351200104,0.10919979959726334
1451312192700,1,1.0905749797821045,0.12941139936447144,-0.015793781727552414
1451312192718,1,0.4847850501537323,0.03101356327533722,0.4190250337123871
1451312192739,1,-0.45967555046081543,0.1508341282606125,0.6378647685050964
1451312192761,1,-0.8419750332832336,-0.1962403655052185,-0.2814151346683502
1451312192782,1,-0.49835777282714844,-1.188003659248352,-0.7447153925895691
1451312192801,1,0.3124854862689972,-1.667035460472107,0.06957856565713882
1451312192821,1,-5.938552379608154,-2.268784999847412,-1.1666501760482788
1451312192841,1,-0.9261391758918762,-4.273489475250244,-1.65178644657135
1451312192863,1,-1.4926259517669678,-0.7895984649658203,0.26294833421707153
1451312192880,1,5.169466495513916,1.1261831521987915,3.5738821029663086
1451312192897,1,5.964927673339844,3.092747926712036,2.469804286956787
1451312192920,1,-0.21978859603405,0.674419641494751,-0.6578887701034546
1451312192941,1,-2.2306973934173584,0.19125264883041382,-0.25405076146125793
1451312192962,1,-0.9027109146118164,0.40427812933921814,0.9921926259994507
1451312192984,1,2.181103229522705,0.9725515246391296,1.7461165189743042
1451312193002,1,3.8953418731689453,0.5955588221549988,1.7894337177276611
1451312193022,1,0.4928576946258545,-0.40597325563430786,-0.6834621429443359
1451312193046,1,-0.6020233631134033,-0.2855360209941864,-1.5819132328033447
1451312193064,1,-0.5439648032188416,0.2560737729072571,-1.0174392461776733
1451312193084,1,0.5567973852157593,0.38346272706985474,0.6243652701377869
1451312193098,1,1.042484998703003,-0.10999065637588501,1.0794225931167603
1451312193122,1,-0.4510326385498047,-0.24711072444915771,-0.39994508028030396
1451312193142,1,-0.45760318636894226,-0.49356913566589355,-0.1516910344362259
1451312193163,1,-0.2354528307914734,-0.6679869294166565,0.3997539281845093
1451312193183,1,-0.4213671386241913,-0.7157593369483948,0.6219225525856018
1451312193202,1,-0.4751593768596649,-0.48681381344795227,0.556837797164917
1451312193221,1,-0.4841001629829407,-0.3087269365787506,0.14897534251213074
1451312193243,1,0.8398585915565491,0.329983651638031,0.25385960936546326
1451312193264,1,0.7994400858879089,-0.0214057769626379,0.2063485085964203
1451312193283,1,-0.09828772395849228,-0.039558690041303635,0.4002133905887604
1451312193302,1,-0.2780095636844635,0.1574333757162094,0.4765115976333618
1451312193322,1,0.37221044301986694,0.20773616433143616,0.18394611775875092
1451312193345,1,0.13750813901424408,-0.2955108880996704,-0.04263035207986832
1451312193364,1,-0.43847453594207764,0.23818857967853546,0.0766506940126419
1451312193382,1,0.15148106217384338,0.6493862867355347,0.28772738575935364
1451312193402,1,0.8606892228126526,0.5124328136444092,0.024617139250040054
1451312193424,1,1.109540581703186,0.2302379161119461,-0.26732581853866577
1451312193446,1,-0.11402105540037155,0.00824818853288889,0.18747253715991974
1451312193467,1,-0.22739408910274506,0.18194355070590973,0.06570844352245331
1451312193483,1,0.303613543510437,0.2645195424556732,0.12967033684253693
1451312193503,1,0.8383928537368774,-0.09764029085636139,0.24921908974647522
1451312193525,1,0.29143425822257996,-0.342011958360672,0.32310792803764343
1451312193547,1,-0.34928813576698303,-0.46490123867988586,0.2844488024711609
1451312193567,1,-0.2682326138019562,-0.4898153245449066,-0.009772037155926228
1451312193585,1,0.4291275441646576,-0.6615855693817139,-0.06726736575365067
1451312193605,1,-0.026346411556005478,-0.3582090437412262,0.1363566815853119
1451312193625,1,-0.3302302360534668,0.08711188286542892,0.41933950781822205
1451312193647,1,-0.006905888672918081,0.2658276855945587,0.7383575439453125
1451312193666,1,-0.04823310300707817,-0.2604740560054779,0.6122457981109619
1451312193685,1,-0.12867145240306854,-0.3248082995414734,-0.11132687330245972
1451312193702,1,-0.08331333100795746,-0.4456383287906647,-0.34805941581726074
1451312193727,1,-0.07559315115213394,-0.4459194839000702,-0.022469021379947662
1451312193748,1,-0.12043677270412445,-0.294659823179245,0.362470805644989
1451312193768,1,0.5331597924232483,-0.22029812633991241,0.3943658173084259
1451312193785,1,0.2593298554420471,-0.35462242364883423,0.1925187110900879
1451312193806,1,0.12653417885303497,-0.334576815366745,0.24107787013053894
1451312193829,1,0.16360388696193695,-0.3441740870475769,0.3148188292980194
1451312193848,1,0.040506985038518906,-0.3066244125366211,0.4301975965499878
1451312193861,1,0.27708497643470764,-0.40095630288124084,0.3983382284641266
1451312193886,1,-0.004211754072457552,-0.7113956212997437,0.24501346051692963
1451312193907,1,-0.4907008111476898,-0.6088669300079346,0.6618483066558838
1451312193931,1,-0.9860992431640625,-0.11356909573078156,0.704821765422821
1451312193946,1,-0.5301806926727295,0.4814175069332123,0.28232699632644653
1451312193966,1,0.2847011983394623,0.8223621249198914,0.28838029503822327
1451312193986,1,0.9909231662750244,0.9175882935523987,0.9831869006156921
1451312194008,1,0.1747788041830063,0.40635085105895996,0.3871423006057739
1451312194028,1,0.24367500841617584,0.11020751297473907,-0.02456219494342804
1451312194048,1,0.6951704621315002,0.22850772738456726,-0.009147767908871174
1451312194069,1,0.6439076662063599,0.14400866627693176,-0.19788755476474762
1451312194087,1,0.30253955721855164,0.027338674291968346,0.300918310880661
1451312194104,1,0.036813005805015564,0.18279051780700684,0.12321019917726517
1451312194131,1,0.09041569381952286,0.07559914141893387,0.15366554260253906
1451312194152,1,0.4838477075099945,0.3005208373069763,-0.024451719596982002
1451312194169,1,0.26732054352760315,0.5447364449501038,0.01731412298977375
1451312194189,1,-0.14076943695545197,0.014204466715455055,0.3437216877937317
1451312194208,1,0.9464691281318665,0.10805004090070724,0.33073359727859497
1451312194231,1,0.5420810580253601,-0.5175129175186157,0.29010289907455444
1451312194249,1,0.151670902967453,-0.8505977392196655,0.7720447182655334
1451312194267,1,-0.011287829838693142,-0.9019193649291992,1.167528748512268
1451312194287,1,-0.03571333736181259,-1.1833364963531494,1.2032341957092285
1451312194309,1,-0.5779939293861389,-1.1840938329696655,0.612479567527771
1451312194329,1,-0.7747941613197327,-0.9086126685142517,0.3963906168937683
1451312194350,1,-1.1438183784484863,-0.18088702857494354,0.38876083493232727
1451312194368,1,-3.285794496536255,-0.5147513151168823,0.5351946949958801
1451312194388,1,-1.0728110074996948,0.09956219792366028,1.0223363637924194
1451312194408,1,0.5763027667999268,0.8928183317184448,-0.7326999306678772
1451312194430,1,0.6728653907775879,0.17390140891075134,-0.01300795003771782
1451312194453,2,0.7929210662841797,-0.3418392241001129,-0.04421382024884224
1451312194472,2,1.219963788986206,-0.456093966960907,0.30648061633110046
1451312194490,2,0.8871346116065979,-0.3655167520046234,0.5319494009017944
1451312194512,2,1.1510401964187622,-1.4142606258392334,1.548499584197998
1451312194525,2,0.11080018430948257,-0.9825897812843323,0.1238771378993988
1451312194550,2,-0.22944340109825134,-0.8213900327682495,-0.981062114238739
1451312194568,2,0.09855013340711594,-0.24022126197814941,-0.9493968486785889
1451312194590,2,0.24156244099140167,0.15797112882137299,-0.009200374595820904
1451312194612,2,-0.26163968443870544,0.18941928446292877,-0.12296879291534424
1451312194632,2,0.1078258603811264,0.600521445274353,-0.8875216841697693
1451312194650,2,0.6306226849555969,0.7883771061897278,-0.8691267967224121
1451312194669,2,0.9383782148361206,0.5292267203330994,-0.8771218657493591
1451312194690,2,0.6481890678405762,0.38984569907188416,-0.41622400283813477
1451312194714,2,0.7689854502677917,0.1310410350561142,0.09348960220813751
1451312194733,2,0.5553820729255676,-0.9312152862548828,0.060413260012865067
1451312194746,2,0.340577095746994,-0.7602701187133789,-0.383247047662735
1451312194770,2,0.21229378879070282,-0.5076032280921936,-0.8059908151626587
1451312194791,2,-0.01651858352124691,-0.29153263568878174,-0.766470730304718
1451312194814,2,-0.253428190946579,-0.044027358293533325,-0.5011006593704224
1451312194832,2,0.06258504837751389,0.2583560347557068,0.15162789821624756
1451312194850,2,0.32067155838012695,0.778330385684967,0.5563438534736633
1451312194872,2,0.0786856859922409,0.6916565895080566,0.2062140703201294
1451312194891,2,0.07561887055635452,0.513073742389679,-0.32276538014411926
1451312194916,2,0.5886142253875732,0.6054296493530273,-0.012426351197063923
1451312194932,2,-0.09908279776573181,-0.24295857548713684,0.9576151967048645
1451312194947,2,-1.6489872932434082,-1.27657949924469,0.616295337677002
1451312194973,2,-1.6086716651916504,-1.3556599617004395,0.59847092628479
1451312194993,2,22.748287200927734,11.139826774597168,-8.744303703308105
1451312195014,2,-3.017331600189209,-3.690673828125,-2.2876596450805664
1451312195034,2,-4.396579265594482,1.4397739171981812,3.4108431339263916
1451312195052,2,0.060712169855833054,1.9250386953353882,0.016313422471284866
1451312195072,2,1.4594199657440186,0.6234516501426697,0.3525935411453247
1451312195093,2,-1.9686135053634644,-0.8063234090805054,2.0781564712524414
1451312195114,2,-2.255870819091797,-1.9854037761688232,3.1635031700134277
1451312195134,2,0.3459627032279968,-1.1674758195877075,2.1432125568389893
1451312195152,2,0.8557255864143372,0.7418602705001831,1.3133634328842163
1451312195173,2,0.4787098467350006,0.14635170996189117,-0.43226680159568787
1451312195192,2,0.18972967565059662,-0.44901043176651,-0.3616945445537567
1451312195215,2,0.15258798003196716,-0.6687778234481812,0.2593640685081482
1451312195235,2,0.736748218536377,-0.41667118668556213,0.055669866502285004
1451312195254,2,1.1238723993301392,0.09102175384759903,0.2970739006996155
1451312195273,2,1.5076417922973633,0.18161095678806305,0.6092740893363953
1451312195296,2,0.6758870482444763,-0.15090309083461761,1.1439017057418823
1451312195316,2,0.05065130814909935,-0.03869973495602608,1.1936380863189697
1451312195333,2,-0.022459451109170914,0.21414251625537872,0.6656301617622375
1451312195353,2,0.30635902285575867,0.2769905924797058,0.3076923191547394
1451312195373,2,-0.05913272127509117,0.1551215946674347,0.5154665112495422
1451312195395,2,0.07821165025234222,-0.22777123749256134,0.44480010867118835
1451312195416,2,0.030616115778684616,-0.46753597259521484,-0.14194120466709137
1451312195434,2,0.44852370023727417,-0.20238369703292847,0.015624270774424076
1451312195455,2,0.3000485301017761,0.007560790982097387,0.470148503780365
1451312195476,2,0.11171535402536392,-0.33479660749435425,0.5958072543144226
1451312195491,2,0.13055413961410522,-0.24458734691143036,0.02562953159213066
1451312195516,2,0.8591706156730652,-0.003493979573249817,0.3832540512084961
1451312195535,2,1.011672854423523,0.16666121780872345,0.5614502429962158
1451312195551,2,0.6316304206848145,-0.08617138862609863,0.22315935790538788
1451312195576,2,0.0911673903465271,-0.23905162513256073,-0.1135077252984047
1451312195598,2,0.28617608547210693,-0.05583031848073006,-0.04303250089287758
1451312195618,2,0.6564189791679382,-0.02688157744705677,-0.14484979212284088
1451312195636,2,0.5395694971084595,-0.08685995638370514,0.06989362090826035
1451312195656,2,0.2637728750705719,0.16863924264907837,0.28218379616737366
1451312195680,2,0.30963462591171265,0.3439008295536041,0.2765524983406067
1451312195698,2,0.42756667733192444,-0.16378478705883026,0.2167377918958664
1451312195718,2,0.15262839198112488,-0.03501899912953377,0.6060317158699036
1451312195736,2,0.35841119289398193,-0.09521978348493576,0.4727379381656647
1451312195756,2,0.3760852515697479,-0.6748112440109253,0.2975882887840271
1451312195779,2,-0.09850411117076874,-1.0645889043807983,-0.18681378662586212
1451312195798,2,-0.011823750101029873,-0.9253922700881958,-0.4836065173149109
1451312195816,2,0.21619807183742523,0.3810282051563263,0.1342383772134781
1451312195836,2,0.21420550346374512,-0.12349428236484528,-0.5915759205818176
1451312195857,2,0.16746659576892853,-0.3467988967895508,-0.8819184303283691
1451312195880,2,-0.0052200909703969955,0.33123278617858887,-0.376526802778244
1451312195898,2,0.13308316469192505,0.8424012660980225,-0.06309153884649277
1451312195917,2,-0.37342801690101624,-0.142599955201149,-0.4093921184539795
1451312195938,2,-0.17076066136360168,-0.5926125645637512,0.12816168367862701
1451312195957,2,-0.5410259962081909,-0.5585258603096008,0.3039981424808502
1451312195980,2,-0.5820566415786743,-0.4182508587837219,-0.009052490815520287
1451312196000,2,-0.6513485312461853,-0.7325450778007507,-0.6369213461875916
1451312196019,2,0.15780407190322876,-0.5198734998703003,-1.2306874990463257
1451312196038,2,0.5956118702888489,-0.11920330673456192,-1.360145092010498
1451312196058,2,0.5759634971618652,-0.1683914065361023,-0.7864309549331665
1451312196081,2,0.11209771037101746,-0.21497488021850586,-0.09919219464063644
1451312196100,2,0.5140109658241272,0.12249533087015152,0.655023992061615
1451312196118,2,0.2630733847618103,0.3162915110588074,0.45230773091316223
1451312196139,2,-1.2007017135620117,0.13446779549121857,0.3060726225376129
1451312196159,2,-1.4811701774597168,0.28941285610198975,0.40816813707351685
1451312196179,2,-0.7679246068000793,0.4351210296154022,0.42610302567481995
1451312196194,2,-0.16206665337085724,0.2526160478591919,0.15247954428195953
1451312196219,2,-0.08077369630336761,0.22726882994174957,0.01355681661516428
1451312196238,2,0.5059379935264587,1.0183011293411255,0.09344050288200378
1451312196255,2,0.960174560546875,1.0537745952606201,0.33821022510528564
1451312196280,2,0.8108565211296082,1.0870519876480103,1.0979074239730835
1451312196299,2,0.5039625763893127,0.9934023022651672,1.446376085281372
1451312196319,2,-0.13695354759693146,0.7284595370292664,0.9426695704460144
1451312196335,2,0.14903292059898376,0.35561639070510864,0.7726765871047974
1451312196361,2,-0.05122039094567299,0.9383525848388672,1.5425790548324585
1451312196382,2,-0.16801831126213074,0.9885685443878174,1.791159749031067
1451312196401,2,-0.302768737077713,0.832841694355011,0.8797224164009094
1451312196420,2,-0.1158917248249054,0.8912380933761597,0.02651858888566494
1451312196440,2,0.3819900155067444,0.8488932847976685,0.5594289302825928
1451312196462,2,-0.23834346234798431,0.2152966558933258,0.4053647816181183
