1451578460827,1,0.662100076675415,0.41849225759506226,-0.22084581851959229
1451578460848,1,0.662100076675415,0.41849225759506226,-0.22084581851959229
1451578460868,1,0.662100076675415,0.41849225759506226,-0.22084581851959229
1451578460887,1,0.662100076675415,0.41849225759506226,-0.22084581851959229
1451578460908,1,0.662100076675415,0.41849225759506226,-0.22084581851959229
1451578460928,1,0.662100076675415,0.41849225759506226,-0.22084581851959229
1451578460949,1,0.662100076675415,0.41849225759506226,-0.22084581851959229
1451578460968,1,0.20478962361812592,0.15519055724143982,0.061507485806941986
1451578461006,1,-0.150940403342247,0.11812807619571686,0.3396592438220978
1451578461016,1,-0.12219703942537308,0.06425356864929199,0.5807961821556091
1451578461034,1,-0.09216821938753128,0.39882513880729675,0.43323826789855957
1451578461056,1,-0.19952793419361115,0.3715563118457794,0.46626025438308716
1451578461075,1,-0.3096325397491455,0.18861089646816254,0.5676286220550537
1451578461095,1,-0.5284289717674255,0.29860273003578186,0.4336988925933838
1451578461115,1,-0.22986078262329102,0.16155658662319183,0.3351221978664398
1451578461135,1,0.0036894292570650578,0.1324251890182495,0.13311609625816345
1451578461156,1,0.03763992339372635,0.2459329068660736,0.011851766146719456
1451578461171,1,0.25204160809516907,0.06044716387987137,-0.13909049332141876
1451578461195,1,0.29377761483192444,0.05797405168414116,0.14064180850982666
1451578461215,1,0.02401440590620041,0.12730155885219574,0.5901765823364258
1451578461236,1,0.0022393581457436085,-0.1390729546546936,0.7726491093635559
1451578461258,1,-0.62041175365448,0.16438771784305573,0.4182751178741455
1451578461277,1,-0.23678632080554962,0.3690595328807831,-0.44483986496925354
1451578461295,1,0.0255283173173666,0.3900274932384491,-0.6227665543556213
1451578461315,1,0.04526783153414726,0.13110826909542084,-0.43968379497528076
1451578461331,1,0.050658952444791794,-0.07062368839979172,-0.05940963700413704
1451578461357,1,0.465716153383255,-0.24806934595108032,-0.07297054678201675
1451578461376,1,0.06262560188770294,0.06414631009101868,0.13789047300815582
1451578461395,1,-0.01746288314461708,-0.20043373107910156,0.1400415152311325
1451578461412,1,-0.3038625717163086,-0.22450025379657745,0.11440028995275497
1451578461437,1,-0.43422210216522217,-0.15414749085903168,0.6133937835693359
1451578461458,1,-0.3332689702510834,-0.21353374421596527,0.744756281375885
1451578461476,1,-0.7219844460487366,-0.24174509942531586,1.3558598756790161
1451578461492,1,0.4498650133609772,0.2723047733306885,0.7907260060310364
1451578461517,1,0.7543315291404724,0.7517261505126953,0.07514321058988571
1451578461532,1,0.9795756936073303,0.8906906843185425,-0.06594108790159225
1451578461558,1,0.8585247993469238,0.5823132991790771,0.5612748861312866
1451578461577,1,0.4332875609397888,0.004994739778339863,0.7250584959983826
1451578461597,1,-0.20835673809051514,0.20769086480140686,0.7782283425331116
1451578461618,1,0.23114030063152313,0.11758768558502197,1.6260738372802734
1451578461640,1,0.4690997302532196,0.31028643250465393,1.6703946590423584
1451578461660,1,0.1425125151872635,0.5418640971183777,0.7948334813117981
1451578461677,1,-0.11357723921537399,0.3465212285518646,-0.062011342495679855
1451578461697,1,-0.11580050736665726,-0.3270227611064911,0.4979214668273926
1451578461717,1,-0.06443407386541367,-1.1007769107818604,0.6479103565216064
1451578461739,1,0.10049949586391449,-0.7012655138969421,0.40525370836257935
1451578461759,1,1.6212522983551025,-1.1230223178863525,1.043997049331665
1451578461774,1,0.10891951620578766,-1.3554636240005493,0.45180678367614746
1451578461799,1,-0.5807696580886841,0.30652329325675964,-0.28977906703948975
1451578461819,1,0.8563271164894104,0.7979454398155212,-3.3662798404693604
1451578461842,1,-0.023850757628679276,1.8782857656478882,-3.290550947189331
1451578461861,1,0.033786606043577194,0.5811094641685486,-3.645411491394043
1451578461879,1,0.2478177696466446,0.40192368626594543,-2.681807041168213
1451578461899,1,0.13734152913093567,0.1441056877374649,-0.48287996649742126
1451578461920,1,1.1217906475067139,-0.09717267751693726,2.1672208309173584
1451578461941,1,0.9148232340812683,-0.11609072238206863,0.36375147104263306
1451578461960,1,0.7930104732513428,-0.014452303759753704,-0.37213703989982605
1451578461979,1,0.519000232219696,0.20578035712242126,-0.049510758370161057
1451578461999,1,0.6153865456581116,-0.4749962389469147,0.10668693482875824
1451578462022,1,-1.124650001525879,0.21457156538963318,-0.0689595565199852
1451578462035,1,-3.8529374599456787,-5.201082706451416,7.68709659576416
1451578462059,1,-5.850476264953613,-0.5060960054397583,4.633519172668457
1451578462080,1,-5.007575035095215,-1.3896777629852295,1.083051323890686
1451578462100,1,1.2652485370635986,-2.082289695739746,0.3932447135448456
1451578462116,1,10.168051719665527,0.10406272858381271,1.6346715688705444
1451578462144,1,3.804309844970703,1.9065245389938354,-1.5255845785140991
1451578462156,1,-2.785468101501465,0.21897505223751068,-4.1687822341918945
1451578462181,1,-3.1887083053588867,0.6675167083740234,-2.6501965522766113
1451578462201,1,2.162421941757202,1.0353540182113647,0.12703531980514526
1451578462222,1,2.642718553543091,1.4409104585647583,1.0873223543167114
1451578462242,1,0.560776948928833,-0.5128478407859802,0.5219231247901917
1451578462262,1,0.10590652376413345,-0.6605191230773926,0.3003513216972351
1451578462281,1,0.07338643074035645,-0.3886147141456604,-0.2266758382320404
1451578462302,1,0.6178896427154541,-0.48587653040885925,-0.6100584864616394
1451578462323,1,0.6002033352851868,-0.06598228961229324,-0.7737783789634705
1451578462342,1,0.5196278691291809,-0.946209728717804,0.5375351309776306
1451578462361,1,0.28911957144737244,-1.5615915060043335,1.1611323356628418
1451578462382,1,0.01875803805887699,-0.7411401867866516,1.7432606220245361
1451578462402,1,-0.33980289101600647,0.5890545845031738,1.9883997440338135
1451578462424,1,-0.8511442542076111,0.5293237566947937,0.7512328028678894
1451578462443,1,-2.264538288116455,-0.11732611060142517,-0.43190205097198486
1451578462463,1,-2.483130931854248,-0.9247416853904724,-1.7166852951049805
1451578462483,1,-2.252533435821533,-0.26557374000549316,-1.9314485788345337
1451578462504,1,-0.885440468788147,-0.19609832763671875,-0.8249234557151794
1451578462519,1,0.5646310448646545,-0.27083325386047363,1.1007078886032104
1451578462545,1,1.0053540468215942,-0.16579963266849518,1.8869664669036865
1451578462559,1,0.0922909677028656,-0.4051964282989502,1.2228467464447021
1451578462583,1,-0.15777955949306488,0.0462435744702816,-0.41607028245925903
1451578462606,1,-0.25259923934936523,0.4329334497451782,-1.1826841831207275
1451578462619,1,-0.09125000238418579,0.5187556147575378,-0.21375848352909088
1451578462643,1,0.2550196647644043,0.38873395323753357,0.6592185497283936
1451578462664,1,0.6068511009216309,0.24149522185325623,0.8368921279907227
1451578462684,1,0.9016458988189697,0.2066355049610138,0.6545143127441406
1451578462704,1,0.07577069848775864,0.5528224110603333,0.2750988006591797
1451578462726,1,-1.124842643737793,0.18337766826152802,0.25147709250450134
1451578462740,1,-1.2342077493667603,-0.08300357311964035,0.4714069664478302
1451578462764,1,0.8062421083450317,-0.2396542727947235,0.6564105153083801
1451578462784,1,0.8315268158912659,0.49455901980400085,0.23543548583984375
1451578462808,1,0.2592901289463043,0.30800795555114746,0.4496352970600128
1451578462827,1,0.09321209788322449,0.03833645209670067,0.04524608701467514
1451578462846,2,-0.2575201690196991,-0.19540011882781982,0.016375381499528885
1451578462866,2,-0.6232300996780396,-0.14695289731025696,0.31439095735549927
1451578462882,2,-0.40725305676460266,0.014592588879168034,0.15327976644039154
1451578462901,2,0.10486549139022827,0.12157207727432251,0.17018355429172516
1451578462926,2,0.6508257389068604,0.2214633673429489,0.1818745732307434
1451578462945,2,0.4670984745025635,0.22768092155456543,0.20902970433235168
1451578462965,2,0.1757316142320633,0.06478548794984818,0.38538113236427307
1451578462987,2,-0.43582141399383545,0.03778934106230736,0.19928807020187378
1451578463009,2,-0.18937888741493225,0.3733382225036621,-0.01824585162103176
1451578463025,2,-0.2379978746175766,0.07136690616607666,-0.21155542135238647
1451578463046,2,-0.3364885151386261,0.11134148389101028,-0.1353624165058136
1451578463066,2,-0.06101107969880104,-0.04367635399103165,0.40602177381515503
1451578463087,2,-0.10631489008665085,-0.013967443257570267,0.4345417618751526
1451578463107,2,0.23796580731868744,0.07577653974294662,0.24322015047073364
1451578463132,2,0.14808818697929382,0.14873306453227997,0.04530629143118858
1451578463147,2,0.00463058240711689,0.14149025082588196,0.13846972584724426
1451578463166,2,-0.09251637011766434,0.0504179373383522,0.3298702538013458
1451578463188,2,-0.09852072596549988,0.03828238323330879,0.2761690616607666
1451578463209,2,-0.23760004341602325,0.2459682822227478,-0.07487725466489792
1451578463227,2,-0.16875454783439636,0.3513409197330475,-0.30089375376701355
1451578463249,2,-0.11671696603298187,0.2713213264942169,-0.42825815081596375
1451578463262,2,-1.1250578165054321,-0.014684651046991348,0.932832658290863
1451578463287,2,-1.2481096982955933,-0.6839473247528076,1.8251129388809204
1451578463311,2,0.12346132844686508,0.15840280055999756,0.3460661768913269
1451578463323,2,0.642363965511322,0.2799900770187378,-0.7710732221603394
1451578463344,2,0.9613807797431946,0.32140493392944336,-1.2258576154708862
1451578463363,2,0.8701468706130981,0.28177812695503235,-0.7342717051506042
1451578463384,2,0.18362769484519958,0.09350830316543579,0.00685293460264802
1451578463403,2,-0.3432086706161499,-0.1558355838060379,0.472467303276062
1451578463429,2,-0.3249622583389282,0.01929185353219509,0.25403496623039246
1451578463444,2,0.015565160661935806,0.20853491127490997,0.03683773800730705
1451578463470,2,0.08720727264881134,-0.07821312546730042,0.5283955335617065
1451578463490,2,-0.15893471240997314,0.1056453213095665,0.5995599031448364
1451578463510,2,-0.3349900245666504,-0.15113018453121185,0.26622575521469116
1451578463530,2,0.10207192599773407,0.1351207196712494,0.06243336945772171
1451578463549,2,-0.023939495906233788,0.25802081823349,-0.2782008647918701
1451578463565,2,-0.1805723011493683,0.14149083197116852,-0.37255263328552246
1451578463592,2,-0.3634932041168213,0.09230711311101913,-0.19543547928333282
1451578463610,2,-0.4122791588306427,0.007971417158842087,-0.05501812323927879
1451578463630,2,0.05457938462495804,0.05762713775038719,0.3836439251899719
1451578463651,2,0.44128817319869995,0.14172258973121643,0.3949544429779053
1451578463672,2,0.40763452649116516,0.18610212206840515,0.23739013075828552
1451578463691,2,0.10536693781614304,0.16197657585144043,0.20212474465370178
1451578463710,2,-0.014084000140428543,0.23820056021213531,0.0047644381411373615
1451578463731,2,-0.5221590995788574,0.48296093940734863,0.6954717636108398
1451578463750,2,-0.43138447403907776,-0.23506753146648407,0.8372229933738708
1451578463772,2,-0.14575637876987457,-0.33258944749832153,0.3823801875114441
1451578463791,2,0.04148777574300766,0.4865817427635193,-0.5054466128349304
1451578463810,2,0.4964785873889923,0.40551382303237915,-0.5048036575317383
1451578463830,2,0.38736778497695923,0.24789661169052124,-0.3044207692146301
1451578463851,2,-0.4476707875728607,-0.02847469225525856,0.013809914700686932
1451578463873,2,-0.38674870133399963,-0.12111615389585495,0.34269699454307556
1451578463892,2,-0.18139369785785675,-0.11416472494602203,0.5069885849952698
1451578463912,2,-0.3398837745189667,-0.08594254404306412,0.2848188281059265
1451578463927,2,-0.46720513701438904,-0.15171177685260773,0.11391746997833252
1451578463952,2,-0.4739573895931244,-0.1894245445728302,-0.09727145731449127
1451578463972,2,-0.6098401546478271,-0.296407550573349,0.14962942898273468
1451578463994,2,-0.7963399291038513,-0.41246554255485535,0.4406698942184448
1451578464012,2,-6.782863616943359,3.174318552017212,-8.169424057006836
1451578464033,2,-6.742215633392334,-0.9511498212814331,0.93123459815979
1451578464052,2,-8.448136329650879,2.964998245239258,0.41173255443573
1451578464074,2,-0.06458079069852829,0.26685091853141785,-2.724177837371826
1451578464088,2,4.436575412750244,-1.459421992301941,-1.0057436227798462
1451578464112,2,5.810391426086426,-0.9603528380393982,-0.08735504746437073
1451578464133,2,5.428206920623779,-2.40629506111145,1.5477344989776611
1451578464153,2,3.1754422187805176,-1.2391992807388306,1.6900678873062134
1451578464169,2,-1.421754240989685,0.3712663948535919,0.6961094737052917
1451578464188,2,-1.486310601234436,-0.3546200692653656,-1.0113613605499268
1451578464213,2,-1.4751670360565186,-0.23538580536842346,-2.036226987838745
1451578464233,2,-0.6761366724967957,0.1401817947626114,-1.1658926010131836
1451578464257,2,0.10314670950174332,0.11305325478315353,1.0251187086105347
1451578464277,2,0.7882305383682251,-0.4055076837539673,2.32322096824646
1451578464294,2,0.9507104158401489,-0.03766600787639618,1.1363369226455688
1451578464314,2,0.937021791934967,0.008522037416696548,-0.16687515377998352
1451578464334,2,0.8671259880065918,-0.13647505640983582,-0.6919073462486267
1451578464353,2,0.24200090765953064,-0.13258008658885956,-0.4805816411972046
1451578464376,2,1.4145795106887817,-0.9682783484458923,-0.31619420647621155
1451578464390,2,1.0020705461502075,0.12061141431331635,0.23107202351093292
1451578464414,2,0.804736316204071,0.4207417964935303,0.2960328757762909
1451578464434,2,0.44152501225471497,0.35445845127105713,-0.37429800629615784
1451578464456,2,0.012071509845554829,0.02345978654921055,-0.8672428727149963
1451578464471,2,-0.3251401484012604,-0.3236629366874695,-0.17659050226211548
1451578464495,2,-0.316443532705307,0.06930910050868988,0.9948182702064514
1451578464515,2,0.049894239753484726,0.01876344531774521,1.314832329750061
1451578464535,2,0.0935925841331482,0.0675949901342392,0.9446791410446167
1451578464551,2,0.23919250071048737,-0.35255905985832214,0.953567385673523
1451578464577,2,0.27724090218544006,-0.15961481630802155,-0.1414244920015335
1451578464591,2,0.49190300703048706,0.2421235889196396,-0.5674614310264587
1451578464616,2,0.5758182406425476,0.10175970941781998,-0.4465431571006775
1451578464637,2,0.13495616614818573,0.045857205986976624,-0.06618716567754745
1451578464659,2,-0.33583399653434753,-0.08187339454889297,0.39345747232437134
1451578464676,2,0.3882347047328949,-0.642356276512146,0.47619831562042236
1451578464696,2,-0.200281023979187,-0.0655120462179184,0.7252800464630127
1451578464716,2,0.2704794704914093,0.06651800870895386,0.38554829359054565
1451578464732,2,0.16101083159446716,0.22913551330566406,0.010366495698690414
1451578464758,2,0.20568060874938965,0.2230643630027771,0.07289455831050873
1451578464778,2,0.17802348732948303,0.11430852115154266,0.10285364091396332
1451578464797,2,-0.15004663169384003,-0.0753074660897255,0.035527825355529785
1451578464817,2,-0.11939740180969238,-0.01658697798848152,0.14085516333580017
1451578464840,2,0.016631511971354485,0.0523892380297184,0.20264673233032227
1451578464863,1,0.22562161087989807,0.051817573606967926,0.2528758645057678
1451578464874,1,0.24649325013160706,0.1013748049736023,-0.02954758144915104
1451578464893,1,0.08474146574735641,-0.004237491637468338,0.02755085565149784
1451578464922,1,-0.13119228184223175,0.031707681715488434,0.35664254426956177
1451578464942,1,0.09147285670042038,0.15306991338729858,0.17523206770420074
1451578464953,1,0.1686144322156906,0.1869257241487503,0.3784264922142029
1451578464980,1,0.12463051825761795,0.19628332555294037,0.16517478227615356
1451578465005,1,-0.16173239052295685,0.08452858775854111,-0.29049041867256165
1451578465020,1,-0.20987580716609955,-0.018439913168549538,-0.03157294914126396
1451578465040,1,0.18517091870307922,0.1792813390493393,0.46496087312698364
1451578465059,1,-0.5861712098121643,0.07563275098800659,1.4549387693405151
1451578465078,1,-0.3075478672981262,-0.2534118592739105,1.5064362287521362
1451578465094,1,0.6853493452072144,-0.2468848079442978,-0.1912374496459961
1451578465121,1,0.41241374611854553,0.4091966152191162,-1.0603185892105103
1451578465135,1,-0.14414353668689728,0.1895335614681244,-0.37885552644729614
1451578465159,1,0.3211890161037445,-0.21917730569839478,0.3297603726387024
1451578465179,1,0.2775900959968567,-0.3223620653152466,0.5982277393341064
1451578465200,1,0.9697703719139099,-0.39640170335769653,0.6810147762298584
1451578465219,1,1.3020597696304321,-0.3030906915664673,0.04258066788315773
1451578465244,1,0.48983633518218994,1.0307269096374512,-0.3364350199699402
1451578465261,1,0.26302799582481384,0.4078916609287262,-0.6623188257217407
1451578465274,1,-0.8289967775344849,-0.34285658597946167,-0.7572668194770813
1451578465300,1,-1.6266930103302002,-0.6123910546302795,0.1174853965640068
1451578465321,1,-0.8741315603256226,-0.12595774233341217,1.140302300453186
1451578465341,1,-0.5774021148681641,0.4858689308166504,-0.10161445289850235
1451578465360,1,-0.4572600722312927,0.23007921874523163,0.04862871393561363
1451578465376,1,-0.37816697359085083,0.18598785996437073,0.4810889959335327
1451578465400,1,-0.04929448664188385,0.22008506953716278,0.40545886754989624
1451578465421,1,0.10104374587535858,0.3158385157585144,0.41706573963165283
1451578465443,1,0.06913447380065918,0.10984101891517639,0.480335533618927
1451578465460,1,0.3269149959087372,0.14745762944221497,0.28643620014190674
1451578465481,1,0.47424834966659546,0.2187710553407669,0.20313304662704468
1451578465501,1,0.1656687706708908,0.09336802363395691,-0.13056524097919464
1451578465523,1,0.03861454129219055,-0.06188216432929039,-0.2926689386367798
1451578465543,1,0.1417810469865799,0.05295359343290329,-0.06616495549678802
1451578465561,1,-0.177565336227417,0.07107552140951157,-0.5480793118476868
1451578465582,1,-0.47517991065979004,0.16592735052108765,-0.5510702729225159
1451578465602,1,-0.45348435640335083,-0.3715682923793793,-1.7692179679870605
1451578465618,1,-2.0814950466156006,-0.7384908199310303,-3.3585364818573
1451578465644,1,-3.788844108581543,-4.006938457489014,3.4492404460906982
1451578465661,1,0.2817544639110565,0.41725921630859375,0.9299094676971436
1451578465681,1,3.671844482421875,0.1272837370634079,-0.601412832736969
1451578465702,1,5.392073631286621,1.177542805671692,-2.4841344356536865
1451578465724,1,5.501742839813232,1.064990758895874,-3.3013527393341064
1451578465743,1,3.0023114681243896,-0.2402142435312271,-3.0452404022216797
1451578465762,1,-3.0640783309936523,0.4864087402820587,0.5616776347160339
1451578465782,1,-0.78754061460495,0.6373173594474792,4.672672271728516
1451578465805,1,1.0337951183319092,1.4954779148101807,5.128450870513916
1451578465824,1,0.9503265023231506,0.7281512022018433,2.8320746421813965
1451578465838,1,-0.2049383521080017,0.20573534071445465,0.31061026453971863
1451578465863,1,-1.2906421422958374,-0.19180355966091156,-0.42940205335617065
1451578465883,1,-0.8391111493110657,-0.5591925382614136,1.4073469638824463
1451578465904,1,0.038840677589178085,0.20455782115459442,0.9549094438552856
1451578465924,1,0.7934108972549438,-0.09776683896780014,-0.27100422978401184
1451578465938,1,0.9211403131484985,-0.40092357993125916,-1.3538035154342651
1451578465964,1,0.25447505712509155,-0.0513470321893692,-1.5880355834960938
1451578465984,1,-0.49344250559806824,-0.6156132221221924,-0.823159396648407
1451578466006,1,-0.5355464816093445,-0.6842401623725891,-0.2731991112232208
1451578466025,1,-0.51967453956604,-0.5060235261917114,0.7140402793884277
1451578466045,1,-0.42670440673828125,-0.1988803595304489,0.22740356624126434
1451578466065,1,-0.5803720951080322,-0.2707005739212036,-0.1180044487118721
1451578466085,1,-0.9652040600776672,-0.2585550844669342,-0.8408136963844299
1451578466107,1,-0.8517811894416809,-0.20165567100048065,-0.8276929259300232
1451578466127,1,0.3532172739505768,-0.11332505941390991,0.368314266204834
1451578466144,1,0.6802337765693665,-0.04398264363408089,0.8870166540145874
1451578466165,1,0.20207221806049347,-0.03861673176288605,1.0645196437835693
1451578466185,1,-0.13186872005462646,-0.25910744071006775,0.553737461566925
1451578466206,1,-0.4656970798969269,0.012993337586522102,0.09563888609409332
1451578466220,1,-0.24122795462608337,0.07401274889707565,-0.0378933846950531
1451578466245,1,-0.16636063158512115,-0.027221769094467163,-0.14782676100730896
1451578466267,1,-0.07565438002347946,-0.09189707040786743,0.2561976909637451
1451578466285,1,-0.003446852555498481,-0.2022770196199417,0.7673544883728027
1451578466307,1,-0.1026892438530922,-0.05155161768198013,0.5203384757041931
1451578466326,1,-0.20183409750461578,0.02100333385169506,0.4269914925098419
1451578466345,1,0.017075126990675926,-0.027033552527427673,0.310890257358551
1451578466367,1,-0.015304171480238438,0.009240414015948772,0.05052782595157623
1451578466389,1,-0.12165844440460205,0.17068858444690704,0.04188625514507294
1451578466408,1,0.16862668097019196,0.13217151165008545,0.2637748718261719
1451578466427,1,0.42738664150238037,0.1274576336145401,0.17253215610980988
1451578466447,1,0.40768715739250183,0.13122078776359558,-0.02239946462213993
1451578466467,1,0.26932284235954285,0.18216682970523834,-0.2387339472770691
1451578466483,1,0.026502296328544617,0.21367986500263214,-0.2661930322647095
1451578466508,1,0.09924297779798508,0.053945526480674744,0.386001318693161
1451578466527,1,0.1466841697692871,0.026714988052845,0.6288689970970154
1451578466548,1,0.17753289639949799,-0.04701865091919899,0.6609557271003723
1451578466567,1,-0.015021701343357563,-0.11024930328130722,0.3115723729133606
1451578466590,1,-0.21361111104488373,-0.09111176431179047,0.06314589828252792
1451578466609,1,-0.2172706574201584,-0.00549158314242959,-0.029692543670535088
1451578466627,1,0.056474972516298294,0.047511693090200424,0.1703384518623352
1451578466649,1,0.050408948212862015,0.03990238904953003,0.11616028100252151
1451578466668,1,-0.10289536416530609,0.005310966167598963,0.09887304902076721
1451578466689,1,-0.0745968297123909,0.024423955008387566,0.13013210892677307
1451578466710,1,-0.061337608844041824,-0.018869243562221527,0.06210019066929817
1451578466728,1,0.04807458817958832,0.031176645308732986,-0.044241879135370255
1451578466744,1,0.031104164198040962,0.0763482078909874,0.07059329748153687
1451578466764,1,-0.11153466999530792,0.056720834225416183,0.2367980033159256
1451578466791,1,-0.1955169439315796,-0.007220598869025707,0.45529812574386597
1451578466804,1,-0.18908114731311798,-0.04001256823539734,0.47296997904777527
1451578466824,1,0.00671264948323369,-0.005414718762040138,0.24594460427761078
1451578466849,1,0.09096972644329071,0.042996846139431,0.2031821459531784
1451578466870,1,0.05064684897661209,0.11917261779308319,0.29296237230300903
1451578466890,1,0.010227306745946407,0.09824994951486588,0.3470563590526581
1451578466906,2,0.020169293507933617,0.08860591799020767,0.39314359426498413
1451578466930,2,0.06787241995334625,0.05363748222589493,0.18296471238136292
1451578466955,2,0.0936824232339859,0.029255906119942665,-0.03306231275200844
1451578466975,2,0.07446231693029404,-0.037172671407461166,-0.1427805870771408
1451578466986,2,-9.129501413553953E-4,-0.002520750742405653,-0.09928572177886963
1451578467010,2,-0.10135471075773239,0.0031420974992215633,0.10449498146772385
1451578467030,2,-0.13548092544078827,-0.04751227796077728,0.2186976969242096
1451578467051,2,-0.13274864852428436,-0.014563070610165596,0.015497429296374321
1451578467073,2,-0.11873327940702438,0.010879705660045147,0.07273498177528381
1451578467092,2,-0.04793825000524521,0.006822831928730011,0.26288288831710815
1451578467111,2,0.19720560312271118,0.08995616436004639,0.5124859809875488
1451578467131,2,0.2909393012523651,0.09887070953845978,0.5147124528884888
1451578467151,2,-0.09107837826013565,0.11494652181863785,0.1280091255903244
1451578467167,2,-0.06899368017911911,0.13404986262321472,0.1709142029285431
1451578467195,2,0.0161107387393713,0.17209288477897644,0.24132688343524933
1451578467212,2,0.05251176655292511,0.13663755357265472,0.2221662551164627
1451578467232,2,0.026832550764083862,0.10751374065876007,0.254742830991745
1451578467252,2,0.12657533586025238,0.09015285968780518,0.4199070930480957
1451578467274,2,0.020372889935970306,0.08585340529680252,0.23504093289375305
1451578467291,2,0.05010857805609703,0.04448883980512619,0.10914894193410873
1451578467307,2,-0.025504808872938156,0.02107347548007965,-0.07553835213184357
1451578467328,2,-0.0854233056306839,0.044158291071653366,-0.13775837421417236
1451578467353,2,-0.006676628254354,0.050369128584861755,0.005779752507805824
1451578467373,2,-0.14895576238632202,-0.03423486277461052,0.19963176548480988
1451578467394,2,-0.1516694724559784,-0.11035364121198654,0.11667115241289139
1451578467412,2,-0.039677128195762634,-0.0403539314866066,0.11628303676843643
1451578467432,2,-0.014713110402226448,0.012682955712080002,0.020549451932311058
1451578467453,2,-0.07063157856464386,0.023028993979096413,-0.0698801800608635
1451578467473,2,-0.343077689409256,-0.18479864299297333,0.12614041566848755
1451578467493,2,-0.5087485909461975,-0.19996494054794312,0.27472764253616333
1451578467513,2,-0.6789911389350891,-0.32555121183395386,0.5604647397994995
1451578467534,2,-0.7916380167007446,-0.40904900431632996,0.9497130513191223
1451578467554,2,-0.71565181016922,-0.3838701546192169,1.2282832860946655
1451578467575,2,-25.386653900146484,1.1930086612701416,-6.106542587280273
1451578467595,2,-4.416853904724121,1.1579515933990479,-0.9319815635681152
1451578467613,2,-2.143092632293701,1.2533619403839111,0.5925801396369934
1451578467634,2,0.5900035500526428,0.3827317953109741,-0.38426995277404785
1451578467656,2,3.544261932373047,-0.24112462997436523,0.3870820999145508
1451578467678,2,4.995831489562988,-0.33822980523109436,1.8100632429122925
1451578467695,2,1.1012139320373535,-0.008038344793021679,0.6109148263931274
1451578467710,2,-0.23559315502643585,-0.08892156183719635,-0.4659615755081177
1451578467735,2,-0.23463673889636993,-0.2092544585466385,-0.8406020998954773
1451578467755,2,0.14301928877830505,-0.08638941496610641,-0.5767787098884583
1451578467775,2,0.681230902671814,-0.061092767864465714,-0.28116849064826965
1451578467790,2,1.0806857347488403,-0.2889186441898346,0.03330839425325394
1451578467811,2,1.0394923686981201,-0.26912176609039307,0.1675187200307846
1451578467834,2,0.7899928092956543,-0.2129749357700348,0.21490415930747986
1451578467857,2,0.6253658533096313,-0.13435965776443481,0.2563081681728363
1451578467872,2,0.46129825711250305,-0.09504384547472,0.3119213581085205
1451578467895,2,0.32645919919013977,-0.11314035207033157,0.5235492587089539
1451578467915,2,0.5188194513320923,-0.08994593471288681,0.5675479769706726
1451578467936,2,0.5999534130096436,-0.033777765929698944,0.4395090341567993
1451578467957,2,0.6613590717315674,0.050788816064596176,0.3449515104293823
1451578467971,2,0.6321492791175842,0.06368395686149597,0.23816461861133575
1451578467995,2,0.4554092586040497,0.07578705996274948,0.20665712654590607
1451578468016,2,0.44051170349121094,0.05165303125977516,0.3875684142112732
1451578468040,2,0.47462543845176697,0.033655308187007904,0.27912089228630066
1451578468059,2,0.5064364671707153,-0.030909517779946327,0.12108604609966278
1451578468077,2,0.6146592497825623,-0.045752283185720444,0.08199790120124817
1451578468096,2,0.6228987574577332,-0.0440828874707222,0.1271364390850067
1451578468117,2,0.40623241662979126,-0.05332242697477341,0.23975451290607452
1451578468137,2,0.2419099360704422,-0.07580897957086563,0.1336018294095993
1451578468158,2,0.19371069967746735,-0.052736733108758926,0.1421656608581543
1451578468179,2,0.3142189383506775,-0.035519350320100784,0.17256197333335876
1451578468198,2,0.47516441345214844,0.004659808706492186,0.21610476076602936
1451578468218,2,0.3704972267150879,0.010944003239274025,0.14389000833034515
1451578468239,2,0.3577846884727478,-0.00368891772814095,0.14006255567073822
1451578468258,2,0.2529498040676117,-0.017945991829037666,0.14214052259922028
1451578468273,2,0.13942497968673706,-0.008984101936221123,0.2567945122718811
1451578468298,2,0.14541743695735931,-0.023190028965473175,0.4470265805721283
1451578468317,2,0.35797661542892456,-0.041484687477350235,0.42271512746810913
1451578468340,2,0.08536679297685623,0.02770370803773403,0.18848493695259094
1451578468359,2,0.24336057901382446,0.11064181476831436,0.2476467341184616
1451578468379,2,0.4092921018600464,0.013547171838581562,0.3487865626811981
1451578468399,2,0.2980169653892517,-0.08652181178331375,0.2547141909599304
1451578468420,2,0.1681138277053833,-0.061985332518815994,0.19450141489505768
1451578468440,2,0.31477439403533936,0.018529344350099564,0.2908744513988495
1451578468461,2,0.27503612637519836,-0.00790887326002121,0.16909925639629364
1451578468479,2,0.22865794599056244,0.018656477332115173,0.051449619233608246
1451578468500,2,0.20157521963119507,0.11258535087108612,-0.03259586542844772
1451578468523,2,0.26665574312210083,0.2857365310192108,0.044859133660793304
1451578468541,2,0.3210020363330841,0.08774492144584656,0.3560130000114441
1451578468555,2,0.2509559988975525,-0.024243922904133797,0.28395020961761475
1451578468581,2,0.13760142028331757,-0.04423895478248596,0.09002631157636642
1451578468600,2,0.15915143489837646,-0.031426820904016495,-0.06957856565713882
1451578468622,2,0.09431523829698563,-0.01563771441578865,0.003479074453935027
1451578468636,2,0.04472432658076286,0.039979543536901474,0.3085942566394806
1451578468655,2,-0.17182810604572296,-0.07616963237524033,0.6086515188217163
1451578468675,2,-0.01604571007192135,-0.07086509466171265,0.4926561117172241
1451578468701,2,0.18863902986049652,0.0068403673358261585,0.35396015644073486
1451578468723,2,0.2742651402950287,0.08203501999378204,0.20185236632823944
1451578468741,2,0.29655754566192627,0.15610913932323456,0.17965339124202728
1451578468761,2,0.06782178580760956,0.10049451142549515,0.10535773634910583
1451578468782,2,0.09176760166883469,0.13942864537239075,0.17753566801548004
1451578468801,2,0.13831168413162231,0.1495189517736435,0.2786731421947479
1451578468822,2,0.21319164335727692,0.09753420203924179,0.30163201689720154
1451578468842,2,0.25554975867271423,0.017888415604829788,0.08298048377037048
1451578468862,2,0.06602262705564499,-0.035527825355529785,-0.052492406219244
1451578468881,2,0.007549831178039312,-0.03012450598180294,-0.04987725242972374
1451578468902,2,0.01329889614135027,0.04352028667926788,0.15524785220623016
1451578468918,2,0.10213475674390793,-0.023079263046383858,0.24826866388320923
1451578468947,1,-0.047708313912153244,-0.042473699897527695,0.2573913037776947
1451578468957,1,-0.01902918331325054,0.06148030608892441,0.3169955909252167
1451578468986,1,0.037786416709423065,0.0608893558382988,0.2352864295244217
1451578469008,1,0.00965484045445919,0.06542611867189407,0.2094762772321701
1451578469023,1,-0.05352357402443886,0.054028529673814774,0.20189736783504486
1451578469042,1,0.03778554126620293,0.06488338857889175,0.1841641515493393
1451578469062,1,0.06169804185628891,0.02980564907193184,0.12805646657943726
1451578469083,1,0.07912314683198929,0.06534282863140106,0.2495885193347931
1451578469103,1,0.09844327718019485,-0.0038470309227705,0.21126432716846466
1451578469125,1,0.05808832496404648,-0.027054596692323685,0.16540157794952393
1451578469144,1,0.10967011749744415,0.009444412775337696,0.21645429730415344
1451578469163,1,0.11722345650196075,-0.026008302345871925,0.30109599232673645
1451578469184,1,0.04622647538781166,0.0576326884329319,0.4313865005970001
1451578469205,1,-0.010350202210247517,0.0972483679652214,0.41002750396728516
1451578469219,1,0.2621076703071594,0.13450199365615845,0.4891606569290161
1451578469247,1,0.65516597032547,0.12128712236881256,0.3793973922729492
1451578469260,1,0.575593888759613,-0.10525865852832794,-0.2910428047180176
1451578469285,1,-0.15267455577850342,0.027657823637127876,-0.5332786440849304
1451578469305,1,-0.2533385157585144,0.2735372483730316,0.408790647983551
1451578469325,1,0.23836715519428253,0.05702449381351471,0.3392261266708374
1451578469344,1,0.11292290687561035,-0.04176672175526619,-0.11209551990032196
1451578469360,1,0.2968715727329254,0.04674304649233818,-0.08859481662511826
1451578469386,1,0.07268566638231277,0.017264731228351593,-0.1944955736398697
1451578469406,1,0.009220979176461697,-0.02253185771405697,0.08242226392030716
1451578469430,1,-0.08744864165782928,-0.07140811532735825,-0.24070027470588684
1451578469446,1,-0.21861419081687927,-0.03438771516084671,0.3969745337963104
1451578469465,1,0.07032836228609085,-0.32825610041618347,0.8742945194244385
1451578469485,1,-0.4075976312160492,-1.0151493549346924,-0.6013087630271912
1451578469507,1,-1.2370682954788208,-2.134653329849243,1.3382015228271484
1451578469528,1,-0.09373049437999725,0.9769652485847473,2.3582961559295654
1451578469546,1,2.8113059997558594,0.36470308899879456,1.5603280067443848
1451578469566,1,3.9498515129089355,1.302661418914795,1.5242396593093872
1451578469587,1,3.3406167030334473,1.0364961624145508,0.46605801582336426
1451578469610,1,1.6988500356674194,0.6861690878868103,-0.35236966609954834
1451578469628,1,-2.641071319580078,0.055691491812467575,0.046394672244787216
1451578469649,1,-1.9965143203735352,0.6491338014602661,-0.33615270256996155
1451578469666,1,-0.360101580619812,1.0564073324203491,-0.2762497365474701
1451578469682,1,0.7961599826812744,0.9747031331062317,-0.004001636989414692
1451578469708,1,1.316003680229187,0.5376707315444946,0.3720668852329254
1451578469728,1,0.1515345275402069,-0.4089098870754242,0.6836649775505066
1451578469747,1,-0.14692315459251404,-0.3709948658943176,0.5019289255142212
1451578469769,1,-0.3903631567955017,-0.25202712416648865,0.164707750082016
1451578469789,1,-0.5080389380455017,-0.08650252223014832,-0.014297405257821083
1451578469803,1,-0.39547649025917053,0.05164192616939545,-0.043103814125061035
1451578469828,1,-0.04728694632649422,0.10842384397983551,-0.18383973836898804
1451578469847,1,0.030997343361377716,-0.03206394985318184,-0.24034956097602844
1451578469868,1,-0.048272375017404556,-0.15727613866329193,-0.10098375380039215
1451578469883,1,-0.1949426531791687,-0.19739800691604614,0.07020341604948044
1451578469910,1,-0.3218498229980469,-0.17835691571235657,0.18647651374340057
1451578469929,1,-0.21662592887878418,-0.05387304723262787,0.4465221166610718
1451578469948,1,-0.15784049034118652,-0.08715630322694778,0.24375148117542267
1451578469964,1,-0.10738953202962875,0.009127017110586166,0.06757014989852905
1451578469990,1,0.07816825807094574,0.12588000297546387,0.20510230958461761
1451578470010,1,0.12001272290945053,0.05806552991271019,0.1605120450258255
1451578470028,1,-0.0030188364908099174,0.06423719972372055,0.12354045361280441
1451578470044,1,-0.2345220297574997,0.214630588889122,0.2108820527791977
1451578470069,1,0.053817734122276306,0.2954743504524231,0.5400000214576721
1451578470091,1,0.26683440804481506,0.16725888848304749,0.43260231614112854
1451578470110,1,0.16647812724113464,0.14579349756240845,0.37296003103256226
1451578470129,1,0.1368737667798996,0.14331687986850739,0.29792848229408264
1451578470150,1,-0.14438648521900177,0.1500988006591797,-0.10213526338338852
1451578470170,1,-0.18800796568393707,0.13871727883815765,-0.12908756732940674
1451578470190,1,-0.1445998251438141,0.12262041866779327,0.0536930114030838
1451578470211,1,0.051756490021944046,0.1257128268480301,0.3081049919128418
1451578470229,1,0.12025821954011917,-0.027239596471190453,0.2952724099159241
1451578470250,1,-0.26442447304725647,-0.11977116763591766,0.18656009435653687
1451578470272,1,-0.4062572717666626,-0.10907471179962158,0.1034293994307518
1451578470293,1,-0.33769145607948303,-0.04625380411744118,0.09805355221033096
1451578470311,1,-0.07050291448831558,5.63186826184392E-4,0.11915420740842819
1451578470331,1,-0.09023140370845795,-0.01635053940117359,0.1202104389667511
1451578470351,1,-0.14479243755340576,-0.0026446692645549774,0.19724690914154053
1451578470373,1,-0.13216902315616608,0.05452829599380493,0.3847001791000366
1451578470391,1,-0.0843183770775795,0.0808434709906578,0.3065723776817322
1451578470410,1,-0.01481492631137371,0.10069704800844193,0.10528057813644409
1451578470431,1,0.09366656839847565,0.18699878454208374,0.023615268990397453
1451578470451,1,0.29063814878463745,0.21112960577011108,0.07597381621599197
1451578470472,1,0.11310235410928726,0.11340250819921494,0.23266953229904175
1451578470491,1,-0.01500979159027338,0.05086246505379677,0.11764730513095856
1451578470511,1,-0.12133695185184479,0.04262830689549446,0.009886018931865692
1451578470531,1,-0.08494571596384048,0.0640937015414238,0.01973462849855423
1451578470552,1,0.019986849278211594,-0.006532616913318634,0.031506314873695374
1451578470574,1,-0.01195069681853056,-0.015076573006808758,0.13215455412864685
1451578470593,1,-0.09287337213754654,-0.02922697179019451,0.20055940747261047
1451578470612,1,-0.12088987231254578,0.023409517481923103,0.23986323177814484
1451578470629,1,-0.10772059112787247,0.0599263533949852,0.29013678431510925
1451578470654,1,-0.10179602354764938,0.027654608711600304,0.19253624975681305
1451578470676,1,-0.07121047377586365,0.03908814862370491,0.13546763360500336
1451578470693,1,-0.0727977454662323,0.056216977536678314,0.14140169322490692
1451578470713,1,-0.026938421651721,0.07903057336807251,0.21971885859966278
1451578470733,1,0.0901418998837471,0.08881956338882446,0.15813888609409332
1451578470754,1,-0.006469561252743006,0.07321633398532867,0.09759119153022766
1451578470774,1,-0.10701127350330353,0.08459493517875671,0.13928747177124023
1451578470793,1,-0.028787339106202126,0.06892214715480804,0.27259179949760437
1451578470813,1,-0.029229894280433655,0.08583557605743408,0.14973989129066467
1451578470834,1,-0.04471125081181526,0.06527969986200333,0.09140811860561371
1451578470859,1,-0.05396562069654465,0.09043342620134354,0.1603407859802246
1451578470873,1,-0.014273659326136112,0.07568711042404175,0.26042845845222473
1451578470889,1,-0.08039127290248871,9.609539993107319E-4,0.14048048853874207
1451578470913,1,-0.13703429698944092,-0.014431553892791271,0.017903320491313934
1451578470933,1,-0.15230609476566315,-0.005851356312632561,0.025852235034108162
1451578470955,1,-0.14661768078804016,0.008283260278403759,0.24885085225105286
1451578470976,2,0.022542232647538185,-0.04769231006503105,0.32689914107322693
1451578470999,2,-0.19878186285495758,-0.07872749865055084,0.2194511443376541
1451578471014,2,-0.1295221596956253,-0.04316314309835434,0.09559972584247589
1451578471031,2,-0.11268047988414764,-0.018089784309267998,0.09217676520347595
1451578471056,2,-0.08396992832422256,0.015479893423616886,0.16865034401416779
1451578471075,2,9.697218192741275E-4,0.03684679791331291,0.27549979090690613
1451578471095,2,-0.023950420320034027,0.023550095036625862,0.20441900193691254
1451578471115,2,0.03763436898589134,0.13089433312416077,0.1940753012895584
1451578471136,2,-0.025605054572224617,0.12195611000061035,0.16175884008407593
1451578471157,2,-0.03976341709494591,0.10373597592115402,0.18251346051692963
1451578471178,2,0.014931831508874893,0.11458879709243774,0.21020108461380005
1451578471190,2,0.15090082585811615,0.12101327627897263,0.18921440839767456
1451578471216,2,-0.031062955036759377,0.06011077016592026,0.04825286567211151
1451578471238,2,-0.10774623602628708,0.05722089484333992,0.22959962487220764
1451578471258,2,-0.10800773650407791,0.03358721360564232,0.3248550593852997
1451578471273,2,-0.06500869989395142,0.029352059587836266,0.258583128452301
1451578471296,2,0.04215952008962631,0.03420271351933479,0.11229542642831802
1451578471315,2,0.007621946278959513,0.012187281623482704,0.02902151271700859
1451578471339,2,-0.08280731737613678,0.0015244331443682313,0.18449614942073822
1451578471359,2,-0.06581278145313263,0.03982406109571457,0.22009295225143433
1451578471372,2,-0.09603088349103928,0.04240121692419052,0.18833880126476288
1451578471396,2,-0.07056114822626114,0.04834463819861412,0.15766309201717377
1451578471417,2,-0.0426999107003212,0.07027005404233932,0.10554185509681702
1451578471436,2,0.041768912225961685,0.030004093423485756,0.13798925280570984
1451578471459,2,-0.03904313966631889,-0.014931904152035713,0.12954817712306976
1451578471477,2,0.04121595248579979,0.039655718952417374,0.14836803078651428
1451578471498,2,0.13759072124958038,0.16523820161819458,0.17932137846946716
1451578471518,2,0.2738761007785797,0.2262967824935913,0.2629302144050598
1451578471541,2,-0.15252302587032318,0.09282383322715759,0.08401157706975937
1451578471557,2,-0.06715535372495651,0.0951782837510109,0.10827449709177017
1451578471579,2,0.10775299370288849,0.0741083174943924,0.14462357759475708
1451578471599,2,0.025867177173495293,-0.00929799024015665,0.10117021948099136
1451578471621,2,-0.20276589691638947,-0.0885220393538475,0.10723229497671127
1451578471641,2,-0.2922016978263855,-0.16206103563308716,0.22511166334152222
1451578471661,2,-0.4655603766441345,-0.259895384311676,0.3758090138435364
1451578471678,2,-0.6866292357444763,-0.3358180522918701,0.48510876297950745
1451578471699,2,14.728154182434082,6.9353556632995605,1.620880365371704
1451578471720,2,2.1673507690429688,-6.260880470275879,-4.443662166595459
1451578471740,2,-6.294375419616699,1.631413221359253,0.7780839800834656
1451578471762,2,-2.90033221244812,1.0578662157058716,-0.5674801468849182
1451578471778,2,-0.7920848727226257,0.571907639503479,-0.5935258865356445
1451578471799,2,0.5413941144943237,-1.0483002662658691,-0.39494624733924866
1451578471815,2,2.445655345916748,-1.4189859628677368,1.2425479888916016
1451578471842,2,3.1160008907318115,-0.6098883748054504,2.9713218212127686
1451578471860,2,0.9357278347015381,0.5683203935623169,0.47297582030296326
1451578471879,2,-0.05344057083129883,0.29858461022377014,-1.4862065315246582
1451578471900,2,-0.34459495544433594,0.021010346710681915,-2.037405490875244
1451578471920,2,-0.16835904121398926,0.2143281102180481,-1.4789011478424072
1451578471941,2,0.06959376484155655,0.3616194427013397,-0.25592413544654846
1451578471961,2,0.6865403056144714,0.06031623110175133,0.9199609160423279
1451578471980,2,0.806664764881134,-0.030464405193924904,0.5890928506851196
1451578472001,2,0.7845144867897034,0.08732639998197556,-0.02442132495343685
1451578472022,2,0.4745967388153076,0.21930882334709167,-0.4422212243080139
1451578472038,2,0.2249876707792282,0.33142948150634766,-0.3656769096851349
1451578472061,2,-0.051328547298908234,0.37465691566467285,-6.043956382200122E-4
1451578472081,2,0.23896344006061554,0.31213879585266113,0.3870791792869568
1451578472101,2,0.5777225494384766,0.17155951261520386,0.3671796917915344
1451578472123,2,1.695774793624878,-0.5140910744667053,1.011076807975769
1451578472144,2,0.07126104086637497,0.32532501220703125,-0.05514087155461311
1451578472156,2,-0.09931691735982895,0.3696671426296234,-0.3856196105480194
1451578472182,2,0.2816973924636841,0.01097644492983818,0.1101987436413765
1451578472201,2,0.18816694617271423,0.07908990234136581,0.3389081358909607
1451578472223,2,0.37412476539611816,-0.021153556182980537,0.5252770781517029
1451578472239,2,0.450679212808609,-0.07920680940151215,0.37432432174682617
1451578472262,2,0.3497624099254608,0.02317453920841217,0.11842004209756851
1451578472278,2,0.4483405351638794,0.15497253835201263,0.28169336915016174
1451578472302,2,0.33037588000297546,0.13438831269741058,0.16855332255363464
1451578472323,2,0.23876696825027466,0.09168343245983124,0.14610826969146729
1451578472343,2,0.16055230796337128,0.0727607011795044,0.17536066472530365
1451578472363,2,-1.0579846275504678E-4,0.05577683448791504,0.420759916305542
1451578472382,2,0.4580617845058441,0.1553533524274826,0.14103461802005768
1451578472405,2,0.20368896424770355,0.11580460518598557,0.1279880851507187
1451578472424,2,0.08863157033920288,0.034504327923059464,0.07089490443468094
1451578472443,2,0.060785602778196335,0.06583207100629807,0.026309914886951447
1451578472463,2,0.0783705785870552,0.12112725526094437,0.05671732872724533
1451578472483,2,0.04444850608706474,0.09437485784292221,0.2218313217163086
1451578472505,2,0.13243848085403442,-0.01045183651149273,0.18823710083961487
1451578472519,2,0.22024664282798767,-0.0477142296731472,-0.08237433433532715
1451578472543,2,0.3111611306667328,-0.016510989516973495,-0.17627719044685364
1451578472564,2,0.25377047061920166,-0.02112608216702938,-0.06859481334686279
1451578472584,2,0.1390158236026764,-0.03266922011971474,0.4182102084159851
1451578472606,2,-0.10389964282512665,0.0035568156745284796,0.48276832699775696
1451578472628,2,-0.023522330448031425,0.1328410804271698,0.2854571044445038
1451578472645,2,0.04479432478547096,0.16491292417049408,0.034070611000061035
1451578472665,2,0.22225458920001984,0.20278935134410858,0.008021978661417961
1451578472685,2,0.462454229593277,0.12910772860050201,0.023263387382030487
1451578472706,2,0.47491565346717834,0.03941284865140915,-0.0587964728474617
1451578472726,2,0.20634473860263824,0.12547346949577332,0.2687362730503082
1451578472745,2,-0.001326060970313847,0.02991524711251259,0.255828857421875
1451578472765,2,-0.20351718366146088,0.1105804368853569,0.34885960817337036
1451578472785,2,0.17097382247447968,0.09708528965711594,0.29631751775741577
1451578472807,2,0.27462995052337646,0.015841420739889145,-0.13129940629005432
1451578472822,2,0.143901988863945,0.06437134742736816,-0.1670394092798233
1451578472845,2,-0.11019106954336166,0.018658524379134178,0.028994040563702583
1451578472866,2,-0.1285410374403,-0.013953122310340405,0.2576812207698822
1451578472888,2,-0.11042455583810806,0.020120704546570778,0.3167459964752197
1451578472902,2,0.01841108873486519,0.058947280049324036,0.3409311771392822
1451578472923,2,0.3552696406841278,0.13302023708820343,0.11280804872512817
1451578472946,2,0.17646744847297668,0.09835194796323776,0.032038815319538116
1451578472967,2,-0.0591890886425972,0.03754851594567299,0.23429566621780396
1451578472989,2,0.15771928429603577,0.02666325867176056,0.5453981161117554
