1449239077150,0,0.044719796627759933,0.08507072925567627,0.2875666618347168
1449239077172,1,0.044719796627759933,0.08507072925567627,0.2875666618347168
1449239077189,1,0.044719796627759933,0.08507072925567627,0.2875666618347168
1449239077209,1,0.044719796627759933,0.08507072925567627,0.2875666618347168
1449239077229,1,0.044719796627759933,0.08507072925567627,0.2875666618347168
1449239077249,1,0.044719796627759933,0.08507072925567627,0.2875666618347168
1449239077269,1,0.6228224039077759,-0.9859247803688049,0.4493342638015747
1449239077289,1,-1.295837163925171,-0.3512146472930908,-0.7180629372596741
1449239077309,1,-1.9787708520889282,-0.148052379488945,-0.7374070882797241
1449239077338,1,-1.8479212522506714,-0.14788813889026642,0.3682505488395691
1449239077358,1,-1.3238567113876343,-0.27881401777267456,1.1379063129425049
1449239077375,1,-1.1246927976608276,-0.34519994258880615,1.011262059211731
1449239077394,1,-0.5515692234039307,-0.22702187299728394,0.5578057169914246
1449239077414,1,0.23024412989616394,0.40461045503616333,1.1973702907562256
1449239077436,1,0.15431489050388336,0.5115966796875,0.8880342841148376
1449239077458,1,0.5120146870613098,0.1569260060787201,0.20029811561107635
1449239077474,1,0.11347272247076035,0.4396536946296692,-0.7702917456626892
1449239077496,1,-0.3645046353340149,0.42581310868263245,-0.8349754810333252
1449239077515,1,-0.12481294572353363,-0.29012978076934814,-1.443495512008667
1449239077538,1,0.9004765748977661,-0.4944605231285095,-1.9151585102081299
1449239077558,1,0.7201734781265259,-0.16328881680965424,-2.0527029037475586
1449239077575,1,-0.34903639554977417,0.4990648031234741,-0.7849743366241455
1449239077595,1,-0.44950419664382935,0.3930450975894928,0.7299690842628479
1449239077621,1,0.13510248064994812,0.3906640410423279,0.7120260000228882
1449239077637,1,0.3793944716453552,0.17461217939853668,2.304356575012207
1449239077657,1,1.4638614654541016,0.07627718895673752,3.100952386856079
1449239077675,1,1.6789436340332031,-0.07659691572189331,2.231018304824829
1449239077696,1,1.1409085988998413,0.2938879728317261,0.6878572106361389
1449239077715,1,-1.458953857421875,-0.02586275525391102,-0.3382832705974579
1449239077738,1,-3.9741780757904053,-0.18968963623046875,-0.5750941634178162
1449239077757,1,-2.2529966831207275,-0.04730886593461037,-0.014104513451457024
1449239077776,1,-0.044495414942502975,0.0445297546684742,1.1990163326263428
1449239077797,1,0.11042532324790955,-0.040263913571834564,1.0369067192077637
1449239077818,1,-0.6624155044555664,-0.1225663498044014,-0.10747838020324707
1449239077838,1,-1.4149422645568848,-1.4220298528671265,-0.821550190448761
1449239077858,1,0.006348711438477039,-1.1216317415237427,-2.5536305904388428
1449239077877,1,-6.744192123413086,0.42405983805656433,-0.45671793818473816
1449239077897,1,3.0310494899749756,1.239472508430481,5.160171985626221
1449239077918,1,4.002997875213623,1.292387843132019,1.5943986177444458
1449239077941,1,-4.091524124145508,1.110916256904602,-1.2345149517059326
1449239077957,1,-4.128480434417725,0.09677695482969284,0.8650205135345459
1449239077978,1,2.5473780632019043,0.33548223972320557,5.008238792419434
1449239077999,1,2.4860615730285645,0.6459048986434937,2.580939531326294
1449239078020,1,0.28256380558013916,-0.10918284207582474,-1.373012661933899
1449239078042,1,-1.1153466701507568,-0.6341942548751831,-2.7825849056243896
1449239078057,1,0.24556466937065125,0.2556365728378296,0.3198930621147156
1449239078078,1,0.06943491846323013,-0.26481354236602783,0.5982815623283386
1449239078098,1,-0.19695495069026947,-0.6291951537132263,0.16739188134670258
1449239078120,1,0.08652979135513306,-0.46993690729141235,0.1975345015525818
1449239078140,1,0.882307767868042,-0.31532034277915955,-0.225858673453331
1449239078158,1,0.149114191532135,0.08285363763570786,-0.6962912678718567
1449239078175,1,0.09139831364154816,0.19690731167793274,0.020805472508072853
1449239078199,1,0.2571827173233032,0.2724117636680603,0.9176298379898071
1449239078221,1,0.08164161443710327,0.2135615050792694,1.141309380531311
1449239078241,1,0.09290648251771927,-0.03645896911621094,1.1845663785934448
1449239078259,1,0.16860266029834747,0.2706651985645294,0.8787100315093994
1449239078279,1,0.44453558325767517,0.2926701009273529,0.5321195125579834
1449239078300,1,0.1092892661690712,0.16877835988998413,0.11171966791152954
1449239078322,1,-0.4061123728752136,-0.05155249312520027,-0.2781260311603546
1449239078342,1,-0.461692214012146,-0.048950787633657455,-0.26584699749946594
1449239078360,1,-0.14061768352985382,0.05355798825621605,0.012535071931779385
1449239078380,1,0.20988497138023376,-0.00736497575417161,-0.2194172441959381
1449239078402,1,0.11455489695072174,0.042447980493307114,-0.16381576657295227
1449239078422,1,-0.12111616879701614,0.1191173791885376,0.06542670726776123
1449239078440,1,-0.0854443684220314,-0.0605301670730114,0.35606443881988525
1449239078455,1,-0.16387520730495453,-0.032381344586610794,0.3531447649002075
1449239078480,1,0.49020853638648987,0.05370938032865524,-0.058296121656894684
1449239078502,1,0.27910205721855164,-0.0313999317586422,-0.10511749237775803
1449239078522,1,-0.22066085040569305,-0.33541327714920044,-0.11021862179040909
1449239078541,1,-0.2581537961959839,-0.42150750756263733,0.08321370929479599
1449239078560,1,-0.05555948242545128,-0.2418786734342575,0.533657968044281
1449239078581,1,0.49438488483428955,-0.1585632562637329,0.14393267035484314
1449239078604,1,0.6793193221092224,0.2964063882827759,-0.3671130836009979
1449239078624,1,0.24121107161045074,0.6063783168792725,-1.0862983465194702
1449239078641,1,-0.6218534111976624,0.4048573970794678,-1.1530746221542358
1449239078661,1,-1.512969732284546,-0.3641314208507538,-1.5141454935073853
1449239078682,1,-1.8154436349868774,-0.40580257773399353,-1.4491711854934692
1449239078703,1,2.416356086730957,-0.6738894581794739,3.0917303562164307
1449239078718,1,0.3071908950805664,-0.023643910884857178,-0.2684329152107239
1449239078742,1,0.7252458333969116,0.3585568368434906,-0.03596621751785278
1449239078761,1,0.08506247401237488,0.8313122987747192,1.1130512952804565
1449239078778,1,-0.32615774869918823,0.5003653764724731,2.377570867538452
1449239078803,1,0.3859853148460388,0.4862403869628906,0.4409814476966858
1449239078818,1,0.8639763593673706,0.11343290656805038,0.335377037525177
1449239078843,1,0.15717391669750214,-0.2550467848777771,-0.10170155018568039
1449239078863,1,-0.11680018901824951,-0.4592401385307312,-0.7382394671440125
1449239078883,1,0.053682491183280945,-0.3658142685890198,-1.2269161939620972
1449239078904,1,0.41504889726638794,-0.17585515975952148,-0.7954717874526978
1449239078925,1,0.33546003699302673,-0.023941433057188988,-0.07510638982057571
1449239078944,1,0.11523643136024475,0.3145902752876282,0.4877186417579651
1449239078963,1,0.28039413690567017,0.3448445498943329,0.7882038354873657
1449239078987,1,0.22245515882968903,0.30122750997543335,0.5205617547035217
1449239079006,1,0.004755852743983269,0.3734627366065979,0.3519417941570282
1449239079025,1,-0.22921690344810486,0.2438485026359558,0.7343670129776001
1449239079043,1,-0.3598114550113678,0.0105459438636899,0.6429571509361267
1449239079063,1,-0.1819729208946228,0.10614917427301407,0.4375321865081787
1449239079087,1,0.10700221359729767,0.12310323119163513,-0.06283610314130783
1449239079105,1,0.08746734261512756,0.021189503371715546,-0.34375497698783875
1449239079126,1,-0.19640178978443146,-0.22315526008605957,-0.34654200077056885
1449239079140,1,0.0315404012799263,0.018871288746595383,-0.021058570593595505
1449239079164,1,0.13157664239406586,0.16762451827526093,0.14607669413089752
1449239079185,1,0.05573945865035057,0.14047697186470032,0.3003402054309845
1449239079207,2,0.17711466550827026,0.25603345036506653,0.5938666462898254
1449239079229,2,0.10893340408802032,0.3168973922729492,0.6941168308258057
1449239079244,2,0.04355586692690849,0.35553136467933655,0.4555149972438812
1449239079267,2,0.04463328793644905,0.24545477330684662,0.0618763193488121
1449239079289,2,0.13350871205329895,0.18976445496082306,-0.06980419158935547
1449239079306,2,0.2423611581325531,0.24887247383594513,0.05576689541339874
1449239079329,2,0.33164387941360474,0.1102297231554985,0.0490180067718029
1449239079340,2,-0.05026250705122948,0.13508360087871552,0.061135731637477875
1449239079366,2,-0.238986074924469,0.03010696917772293,0.08826573193073273
1449239079386,2,-0.3117437958717346,-0.1387222409248352,0.05113572999835014
1449239079407,2,0.03691898658871651,-0.02393149584531784,0.06645137071609497
1449239079426,2,0.2111692726612091,0.18722879886627197,-0.25517362356185913
1449239079442,2,0.3457147777080536,0.001975099556148052,0.19412381947040558
1449239079467,2,-0.0015001206193119287,-0.24293547868728638,0.27312135696411133
1449239079487,2,0.20743656158447266,-0.07072305679321289,0.033391982316970825
1449239079508,2,0.46352291107177734,0.14709259569644928,-0.27329203486442566
1449239079525,2,0.41871193051338196,0.1669248342514038,-0.629545271396637
1449239079545,2,0.4795413911342621,0.20378771424293518,-0.7208236455917358
1449239079570,2,0.903234601020813,0.48295772075653076,-0.7112842202186584
1449239079588,2,0.36031225323677063,0.5447697043418884,-0.3662590980529785
1449239079607,2,0.06173248961567879,0.17357377707958221,0.33093759417533875
1449239079629,2,-0.167312890291214,-0.2579769790172577,0.7196779847145081
1449239079646,2,-0.06973031908273697,-0.13762567937374115,0.7764894366264343
1449239079668,2,-0.028712885454297066,0.18589432537555695,-0.3282119631767273
1449239079690,2,-1.1232904195785522,-0.10706687718629837,-0.09784604609012604
1449239079708,2,-1.2292029857635498,-0.7517863512039185,0.9901473522186279
1449239079728,2,-0.19344069063663483,0.006653612945228815,1.347588300704956
1449239079749,2,-0.07092639803886414,-0.21978139877319336,0.8601725101470947
1449239079769,2,-0.0127802062779665,0.005035071633756161,0.5309042930603027
1449239079789,2,-0.28559574484825134,0.024209143593907356,0.7251946926116943
1449239079809,2,-0.5561785697937012,-0.19027766585350037,0.06046002358198166
1449239079828,2,-0.5957651734352112,-0.10904022306203842,-0.31950199604034424
1449239079849,2,0.10030677169561386,0.1084834635257721,0.12173428386449814
1449239079870,2,0.8650507926940918,0.40429890155792236,0.3734440207481384
1449239079891,2,0.6248437762260437,0.18713146448135376,0.14240063726902008
1449239079909,2,0.24612171947956085,0.03385433927178383,0.07474865764379501
1449239079929,2,0.14968341588974,0.15950608253479004,0.2001619189977646
1449239079949,2,-0.0034732292406260967,0.14824791252613068,0.2205769419670105
1449239079971,2,0.010935674421489239,0.05839987471699715,-0.19309154152870178
1449239079991,2,0.2413230836391449,0.08404840528964996,-0.24878771603107452
1449239080008,2,0.08855214715003967,-0.07138561457395554,-0.05460019037127495
1449239080029,2,-0.07851319760084152,-0.21587738394737244,-0.020764555782079697
1449239080049,2,-0.018755408003926277,-0.12795212864875793,0.39995500445365906
1449239080071,2,0.17887239158153534,-0.10520751029253006,0.5398720502853394
1449239080090,2,0.13281024992465973,0.03287497162818909,-0.5553811192512512
1449239080109,2,0.2543083727359772,0.22092735767364502,-0.3351508378982544
1449239080130,2,0.3431846499443054,0.055751699954271317,0.3134784996509552
1449239080150,2,0.14628536999225616,-0.12181758135557175,0.5611445307731628
1449239080172,2,-0.08472290635108948,-0.21387217938899994,0.4248831272125244
1449239080191,2,0.34218984842300415,0.25152650475502014,-0.1554056704044342
1449239080210,2,0.23194588720798492,0.2804734706878662,-0.10631401091814041
1449239080231,2,-0.14806994795799255,0.11855506896972656,0.18739596009254456
1449239080251,2,-0.3206493556499481,0.0351373665034771,0.6128156781196594
1449239080272,2,-0.3086369037628174,-0.18862199783325195,0.9069827795028687
1449239080292,2,-0.48062506318092346,-0.3406617045402527,1.0183488130569458
1449239080307,2,14.233316421508789,1.1270277500152588,0.5230196714401245
1449239080331,2,-6.49138069152832,2.5145390033721924,3.1205835342407227
1449239080354,2,-10.13763427734375,1.2842007875442505,0.07166063040494919
1449239080369,2,-7.2050042152404785,1.5435343980789185,-2.7027428150177
1449239080391,2,-1.4285998344421387,0.9778758883476257,-4.315352916717529
1449239080410,2,2.6565699577331543,-1.1789815425872803,5.53985071182251
1449239080428,2,2.086221933364868,-1.4101535081863403,4.632552146911621
1449239080454,2,0.39142975211143494,-1.2188044786453247,1.7256425619125366
1449239080473,2,0.1026579737663269,-0.3754284679889679,-1.4170401096343994
1449239080492,2,0.7688947916030884,0.2984822988510132,-1.9433979988098145
1449239080511,2,0.6515743136405945,0.5983519554138184,-0.23035423457622528
1449239080532,2,0.11200608313083649,0.2953112721443176,-0.026392333209514618
1449239080555,2,0.011058848351240158,0.125405952334404,-0.26684826612472534
1449239080575,2,0.14199303090572357,0.12993629276752472,-0.39317983388900757
1449239080593,2,0.16506774723529816,-0.023107612505555153,-0.47600308060646057
1449239080613,2,-0.25294986367225647,-0.0984858050942421,-0.21484336256980896
1449239080636,2,-0.28585129976272583,-0.015530162490904331,-0.015899579972028732
1449239080655,2,-0.3004879355430603,-0.058505672961473465,0.023815175518393517
1449239080675,2,-0.4465824365615845,-0.17434066534042358,-0.08319792151451111
1449239080693,2,-0.31218278408050537,-0.1458946168422699,0.24481822550296783
1449239080712,2,0.03675690293312073,-0.06749386340379715,0.4708668887615204
1449239080730,2,0.0652044415473938,0.03288169577717781,0.16295593976974487
1449239080756,2,-0.22375710308551788,-0.19438977539539337,-0.1878746896982193
1449239080770,2,-0.3816562294960022,-0.1899985522031784,-0.008458616212010384
1449239080789,2,-0.27627766132354736,-0.03475947305560112,0.2781669497489929
1449239080813,2,-0.05844312906265259,0.0628293827176094,0.1754676252603531
1449239080833,2,-0.10498426109552383,0.0658966600894928,-0.21243512630462646
1449239080856,2,-0.15581440925598145,0.16780687868595123,-0.053918637335300446
1449239080874,2,-0.16192451119422913,0.13701018691062927,0.41432255506515503
1449239080894,2,-0.05483498424291611,0.15843963623046875,0.5964005589485168
1449239080914,2,0.14319750666618347,0.3400944173336029,0.44135788083076477
1449239080935,2,0.3246621787548065,0.3632461726665497,0.2590162754058838
1449239080956,2,0.04366525635123253,0.11402210593223572,0.1700035184621811
1449239080975,2,-0.06024700030684471,0.11068068444728851,0.20064006745815277
1449239080991,2,0.12282700836658478,0.18638941645622253,0.21644145250320435
1449239081014,2,0.12920507788658142,0.10112608969211578,-0.060890816152095795
1449239081038,2,-0.014528072439134121,-0.0564335435628891,-0.24844694137573242
1449239081059,2,-0.01931953616440296,0.005675999913364649,0.032854221761226654
1449239081075,2,-0.011342620477080345,0.06040653958916664,0.031016485765576363
1449239081094,2,0.08465107530355453,0.07045827060937881,-0.05479951202869415
1449239081115,2,-0.019944261759519577,0.05061667412519455,-0.3113005757331848
1449239081137,2,-0.11478974670171738,0.21895138919353485,-0.24402853846549988
1449239081156,2,0.3704089820384979,0.18504969775676727,0.8914788961410522
1449239081176,2,0.2871509790420532,0.06621288508176804,0.7136456966400146
1449239081196,2,0.13064046204090118,-0.001963116694241762,0.2898901402950287
1449239081215,2,-0.15055938065052032,0.026543138548731804,0.06387246400117874
1449239081238,1,-0.17584817111492157,0.01246902160346508,-0.12560848891735077
1449239081258,1,-0.3089473247528076,-0.13384996354579926,-0.18911854922771454
1449239081276,1,-0.2675935924053192,-0.12213526666164398,0.10737316310405731
1449239081296,1,0.08330768346786499,0.06856325268745422,0.6655343174934387
1449239081317,1,0.07697620242834091,0.24124622344970703,0.9909972548484802
1449239081338,1,-0.08321065455675125,0.2828884422779083,0.9328116178512573
1449239081354,1,-0.3184046745300293,0.29019758105278015,0.5311650037765503
1449239081377,1,-0.16608653962612152,0.507483959197998,0.26904138922691345
1449239081397,1,-0.12127862870693207,0.10895079374313354,-0.03444996848702431
1449239081419,1,-0.04070017859339714,-0.1225847601890564,-0.188747376203537
1449239081439,1,0.4369131028652191,-0.31346243619918823,-0.2006225287914276
1449239081456,1,0.2206428349018097,-0.2860381305217743,-0.3811708092689514
1449239081476,1,0.15420424938201904,0.12005553394556046,0.291534960269928
1449239081497,1,0.1465526521205902,0.14326514303684235,0.30134326219558716
1449239081517,1,-0.04732269048690796,0.21507219970226288,-0.15614859759807587
1449239081540,1,-0.29496678709983826,0.3221379220485687,-0.3968915343284607
1449239081559,1,0.23100678622722626,0.28480684757232666,0.044662732630968094
1449239081579,1,0.30040621757507324,0.01688976027071476,0.5831435918807983
1449239081599,1,0.15230435132980347,-0.012578034773468971,0.400566428899765
1449239081619,1,-0.006010802928358316,-0.017367899417877197,0.1827881783246994
1449239081641,1,0.06335870176553726,-0.026459552347660065,0.16769056022167206
1449239081659,1,-0.03495330363512039,-0.11778993159532547,0.12090776860713959
1449239081678,1,-0.09579954296350479,0.15846914052963257,0.06195932254195213
1449239081699,1,0.3853893280029297,-0.17642712593078613,-0.7691869735717773
1449239081721,1,0.6653357148170471,0.11634966731071472,0.21250994503498077
1449239081742,1,0.6451659202575684,-0.2764423191547394,-0.5128624439239502
1449239081758,1,-0.3307764530181885,-0.21738924086093903,-2.0879812240600586
1449239081779,1,-17.02444839477539,-1.1597577333450317,7.742282390594482
1449239081801,1,-1.7739105224609375,1.387995719909668,-1.0153741836547852
1449239081821,1,7.577967643737793,0.5363841652870178,-2.6629490852355957
1449239081843,1,5.894379138946533,2.15159010887146,-2.584669351577759
1449239081860,1,2.175013780593872,0.2756979465484619,-2.5985867977142334
1449239081880,1,-0.8381979465484619,-0.5264867544174194,0.9204530715942383
1449239081900,1,1.8340950012207031,-0.10903730243444443,3.0247693061828613
1449239081921,1,2.541912794113159,0.2544616758823395,1.4618010520935059
1449239081941,1,1.679941177368164,0.725683331489563,-0.5710989236831665
1449239081960,1,0.5645020008087158,0.7324486374855042,-1.5105892419815063
1449239081980,1,0.07989665120840073,0.44257572293281555,-1.0172884464263916
1449239082004,1,0.08930272608995438,-0.2062365710735321,0.1387988179922104
1449239082022,1,-0.2669232487678528,-0.6150795221328735,1.072556734085083
1449239082041,1,-0.2807275354862213,-0.33328473567962646,0.49709612131118774
1449239082060,1,0.41168609261512756,-0.04158639535307884,-0.13993337750434875
1449239082082,1,0.5943456888198853,-0.09966595470905304,-0.7378881573677063
1449239082103,1,0.32254526019096375,-0.14468729496002197,-0.7491559982299805
1449239082124,1,0.6477593779563904,0.06249503418803215,0.45402854681015015
1449239082141,1,0.7047642469406128,0.14355449378490448,0.4341980516910553
1449239082160,1,0.46679210662841797,0.14801906049251556,-5.032733315601945E-4
1449239082182,1,0.519032895565033,0.08126841485500336,-0.17543722689151764
1449239082203,1,0.42386701703071594,-0.11067629605531693,-0.33337798714637756
1449239082217,1,0.37631556391716003,0.2716524600982666,-0.1905927211046219
1449239082241,1,0.25646650791168213,0.2235889732837677,-0.04491641744971275
1449239082261,1,0.044759489595890045,0.10558862239122391,0.1696539670228958
1449239082282,1,0.22046317160129547,-0.1606748402118683,0.4337994158267975
1449239082302,1,0.3658834993839264,-0.25561025738716125,0.24930618703365326
1449239082324,1,0.4386085271835327,-0.1304837018251419,-0.23719139397144318
1449239082344,1,0.1539739966392517,0.23853637278079987,-0.3474234640598297
1449239082362,1,0.26783937215805054,-0.028044192120432854,-0.25180676579475403
1449239082383,1,0.3209836184978485,-0.22836627066135406,-0.4442185163497925
1449239082405,1,0.5286459922790527,-0.16890665888786316,-0.36848026514053345
1449239082425,1,0.6664206981658936,0.06514964252710342,-0.0626893863081932
1449239082442,1,0.24323473870754242,0.2935790419578552,0.4646218419075012
1449239082462,1,0.09366117417812347,0.3957236707210541,0.34082654118537903
1449239082486,1,0.18958702683448792,0.4961340129375458,0.2490565925836563
1449239082505,1,0.3190705478191376,0.4303191900253296,0.12234218418598175
1449239082525,1,0.26013967394828796,0.3054886758327484,0.27019408345222473
1449239082542,1,0.45745691657066345,0.029224341735243797,0.4419967532157898
1449239082563,1,0.057554692029953,0.09643033146858215,0.056563600897789
1449239082583,1,-0.04911540076136589,0.1219680905342102,0.1225011795759201
1449239082605,1,0.0711262971162796,0.08161971718072891,0.3615987002849579
1449239082624,1,0.12248632311820984,0.06383008509874344,0.4351847469806671
1449239082643,1,0.21060678362846375,0.19234599173069,0.4573363661766052
1449239082663,1,0.47067713737487793,0.05642565339803696,0.4794336259365082
1449239082686,1,0.26457297801971436,0.0755477026104927,0.4070984721183777
1449239082705,1,0.11198967695236206,0.19369769096374512,0.40975335240364075
1449239082723,1,0.09823018312454224,0.06898585706949234,0.2918558716773987
1449239082739,1,0.11195886880159378,-0.07906857132911682,-0.10847089439630508
1449239082764,1,0.44166040420532227,0.2885042130947113,0.16613924503326416
1449239082784,1,0.30037325620651245,0.04107610881328583,0.2134995460510254
1449239082805,1,-0.09022698551416397,-0.12392536550760269,-0.009522446431219578
1449239082826,1,-0.2180466502904892,0.06798691302537918,0.11412088572978973
1449239082844,1,0.04158630967140198,0.14851298928260803,0.2942453920841217
1449239082861,1,0.30103394389152527,-0.032171498984098434,0.39972996711730957
1449239082887,1,0.14772413671016693,0.026223991066217422,0.2253764420747757
1449239082907,1,0.2710646092891693,0.022595863789319992,0.15191899240016937
1449239082925,1,0.2846292555332184,-0.2857414782047272,-0.17711655795574188
1449239082945,1,0.09055127948522568,-0.4196963608264923,-0.7693833708763123
1449239082965,1,0.08256707340478897,-0.061205580830574036,-0.765323281288147
1449239082988,1,0.2933095693588257,-0.0012596447486430407,-0.12690964341163635
1449239083009,1,0.11011320352554321,0.07525952905416489,0.24233108758926392
1449239083025,1,0.2510894238948822,0.02378302626311779,0.3650999665260315
1449239083045,1,0.30243155360221863,0.22749242186546326,0.4846721291542053
1449239083065,1,0.22442403435707092,0.48264235258102417,0.7232365608215332
1449239083089,1,0.02050718292593956,0.17233195900917053,0.14953765273094177
1449239083108,1,0.09544336050748825,0.12891454994678497,0.057436875998973846
1449239083122,1,0.26676511764526367,-0.058142393827438354,-0.1227770745754242
1449239083148,1,0.16015571355819702,-0.13219021260738373,-0.2997282147407532
1449239083167,1,0.04763009399175644,-0.09504969418048859,-0.4235357940196991
1449239083188,1,0.009974279440939426,-0.05579056963324547,-0.4448194205760956
1449239083208,1,0.2908061146736145,0.10331717133522034,-0.20285598933696747
1449239083226,1,0.6949793696403503,0.16880671679973602,0.29607728123664856
1449239083247,1,0.6558239459991455,0.011926292441785336,0.4911801815032959
1449239083268,2,0.27895259857177734,0.1080222800374031,0.2197866588830948
1449239083287,2,-3.4594108001329005E-5,0.2885410487651825,0.25598669052124023
1449239083307,2,0.3316541910171509,-0.005970599129796028,0.2952238917350769
1449239083330,2,0.3643735349178314,-0.0129021517932415,0.10193652659654617
1449239083348,2,0.37646248936653137,0.07877922803163528,0.016860533505678177
1449239083369,2,0.23108313977718353,0.07839461416006088,0.24178865551948547
1449239083391,2,0.093468576669693,0.05143821984529495,0.5360293984413147
1449239083410,2,-0.106304831802845,0.08614829927682877,0.7310597896575928
1449239083428,2,-0.06692946702241898,0.08477204293012619,0.6598696708679199
1449239083448,2,-0.03508436679840088,0.14545856416225433,0.46336686611175537
1449239083470,2,0.035958994179964066,0.294521301984787,0.31838497519493103
1449239083491,2,0.14938323199748993,0.4679013192653656,0.4879617989063263
1449239083505,2,0.18773557245731354,0.09345657378435135,0.23424598574638367
1449239083530,2,0.19184564054012299,0.10707885771989822,-0.10633213073015213
1449239083555,2,0.326262503862381,0.12970833480358124,-0.4147399067878723
1449239083570,2,0.4713403880596161,0.18027356266975403,-0.46644556522369385
1449239083584,2,0.4168354570865631,0.2907622456550598,-0.08263269066810608
1449239083610,2,0.23475097119808197,0.1379275918006897,0.26072657108306885
1449239083629,2,-0.42669183015823364,-0.0991927832365036,0.5549532771110535
1449239083650,2,-0.13867785036563873,0.09122458100318909,0.4251070022583008
1449239083671,2,0.03501928970217705,0.32924482226371765,0.2961795926094055
1449239083690,2,-0.08441809564828873,0.3258218467235565,0.24245208501815796
1449239083710,2,-0.41792330145835876,0.04745148867368698,0.24763387441635132
1449239083730,2,-0.5825363397598267,-0.18913988769054413,0.06049976870417595
1449239083750,2,-0.2927446663379669,-0.0067915599793195724,-0.004274024162441492
1449239083770,2,-0.06847523152828217,0.07843787223100662,-0.08052081614732742
1449239083792,2,-0.2217504382133484,0.06788812577724457,-0.0906178429722786
1449239083806,2,-0.48686811327934265,-0.06372019648551941,-0.07781272381544113
1449239083830,2,-0.47216302156448364,-0.27584201097488403,-0.2205371856689453
1449239083853,2,-0.4908805787563324,-0.10691577941179276,-0.033601824194192886
1449239083873,2,-0.3941058814525604,-0.10297872871160507,0.032892800867557526
1449239083893,2,-0.5943010449409485,-0.201925128698349,-0.05985211953520775
1449239083906,2,-0.9323832988739014,-0.4434832036495209,-0.2288280427455902
1449239083931,2,-0.7802959084510803,-0.44828298687934875,-0.02600596472620964
1449239083952,2,1.181347131729126,1.0474117994308472,0.578425943851471
1449239083974,2,-3.3591198921203613,2.3518848419189453,-2.1910464763641357
1449239083991,2,-5.0529608726501465,0.7543909549713135,-2.3212573528289795
1449239084010,2,-0.8323884010314941,0.4437304437160492,-0.13067103922367096
1449239084031,2,2.028615951538086,-0.911037027835846,1.9739385843276978
1449239084052,2,1.13983154296875,-0.4579465985298157,2.337536334991455
1449239084075,2,-0.3431059420108795,-0.44089433550834656,0.5190542936325073
1449239084094,2,-0.4651350677013397,-0.44852644205093384,-0.911281943321228
1449239084112,2,0.02090783603489399,-0.0635731890797615,-1.165648341178894
1449239084128,2,0.6296766400337219,0.1657937914133072,-0.7174831032752991
1449239084155,2,0.8252191543579102,-0.2164803147315979,0.04666296765208244
1449239084169,2,0.5626084804534912,-0.08888766169548035,0.20567280054092407
1449239084192,2,0.3975037932395935,0.06583996117115021,0.27262160181999207
1449239084212,2,0.2124369889497757,0.1547469049692154,0.3507809340953827
1449239084232,2,0.07052388042211533,0.17217794060707092,0.5297936797142029
1449239084255,2,0.09309077262878418,0.0838993489742279,0.4656447470188141
1449239084275,2,0.012058431282639503,-0.0581912025809288,0.2721107304096222
1449239084292,2,-0.07303258031606674,-0.13440437614917755,-0.02114858664572239
1449239084312,2,0.09757018834352493,-0.2500818371772766,-0.16778291761875153
1449239084334,2,0.2855415940284729,-0.3649962246417999,-0.25284722447395325
1449239084355,2,0.2829838991165161,-0.1773269921541214,-0.04981120303273201
1449239084374,2,0.08126454800367355,-0.001165244379080832,0.22727204859256744
1449239084393,2,-0.013035240583121777,-0.02760346233844757,0.39714640378952026
1449239084413,2,0.12222857028245926,-0.009318447671830654,0.32916006445884705
1449239084436,2,0.3288496136665344,0.23542438447475433,0.19067513942718506
1449239084455,2,0.19866354763507843,0.3629349172115326,0.29122108221054077
1449239084473,2,0.13898657262325287,0.15441840887069702,0.5843652486801147
1449239084493,2,0.2154802680015564,0.06799831241369247,0.23696459829807281
1449239084513,2,0.31499746441841125,0.07881108671426773,-0.11751052737236023
1449239084535,2,0.5655844807624817,0.08379822969436646,-0.36809271574020386
1449239084556,2,0.551874041557312,0.060308340936899185,-0.4009077847003937
1449239084577,2,0.07151518017053604,-0.016978316009044647,0.25274786353111267
1449239084595,2,0.170286625623703,-0.014588790014386177,0.3148953914642334
1449239084615,2,0.35321128368377686,0.12252689898014069,0.31801557540893555
1449239084637,2,0.47175323963165283,0.1881757229566574,0.4061720073223114
1449239084660,2,0.30202236771583557,0.16714228689670563,0.266603946685791
1449239084675,2,0.04772612079977989,0.11870353668928146,0.3002548813819885
1449239084695,2,0.029605485498905182,0.01112549751996994,0.05451718717813492
1449239084716,2,0.2644050121307373,-0.028852585703134537,-0.1478022038936615
1449239084737,2,0.5577012300491333,-0.037392448633909225,0.10111995041370392
1449239084758,2,0.5642910599708557,-0.004963175393640995,0.1171206533908844
1449239084775,2,0.09321056306362152,-8.706453954800963E-4,0.17297406494617462
1449239084795,2,-0.11929971724748611,0.028478199616074562,0.23887306451797485
1449239084815,2,0.4462873637676239,0.09576719254255295,0.45275428891181946
1449239084838,2,0.7445604801177979,0.06445552408695221,0.13909399509429932
1449239084858,2,0.2845143675804138,0.06930939108133316,-0.17740239202976227
1449239084876,2,0.044780533760786057,0.0014756255550310016,-0.002799275331199169
1449239084895,2,-0.1041986420750618,0.2491343468427658,0.6643710732460022
1449239084917,2,0.43595418334007263,0.18890666961669922,0.604040265083313
1449239084939,2,0.7058791518211365,0.20622371137142181,0.26982349157333374
1449239084957,2,0.5935181379318237,0.36206161975860596,0.5724819302558899
1449239084977,2,0.1338042914867401,-0.07013385742902756,0.28278234601020813
1449239084996,2,-0.28728294372558594,-0.12734685838222504,-0.5161901116371155
1449239085018,2,0.032966360449790955,0.3262929916381836,-0.19725216925144196
1449239085040,2,0.3448497951030731,0.3743056058883667,0.44443070888519287
1449239085053,2,0.730539858341217,0.38840779662132263,1.5007301568984985
1449239085077,2,0.541553795337677,-0.2258259505033493,1.2519296407699585
1449239085097,2,0.08626218885183334,-0.3355243504047394,0.07614099234342575
1449239085119,2,0.3302302956581116,-0.3464776873588562,-1.1433703899383545
1449239085139,2,0.2745400369167328,-0.32178983092308044,-1.2705215215682983
1449239085159,2,0.39329996705055237,-0.014730536378920078,-0.7226420640945435
1449239085177,2,0.3992750346660614,-0.186818465590477,-0.435630738735199
1449239085198,2,0.038088396191596985,-0.20126959681510925,-0.31348609924316406
1449239085218,2,0.04326916113495827,0.24639761447906494,0.7733967304229736
1449239085241,2,-0.09739413112401962,0.25747430324554443,0.7746464014053345
1449239085258,2,-0.17408470809459686,0.2998240888118744,1.0609335899353027
1449239085279,1,0.02013922668993473,0.22655075788497925,1.0090333223342896
1449239085298,1,0.05383090674877167,0.17492343485355377,0.541684627532959
1449239085323,1,0.477042555809021,0.21513094007968903,0.2129068374633789
1449239085343,1,0.1489022821187973,-0.12489859014749527,-0.7679764628410339
1449239085358,1,0.34633445739746094,-0.05043693259358406,-0.5303484201431274
1449239085379,1,0.4965463876724243,-0.1761842519044876,-0.4794219434261322
1449239085399,1,0.3848388195037842,-0.1138809397816658,-0.3794219195842743
1449239085420,1,-0.014339614659547806,-0.09163228422403336,-0.02683364599943161
1449239085440,1,-0.6359823346138,-0.08152063935995102,0.28561845421791077
1449239085460,1,-0.6243560314178467,0.020633623003959656,0.8285627365112305
1449239085479,1,-0.14892764389514923,-0.019242169335484505,1.0719079971313477
1449239085500,1,0.06722360104322433,0.047953590750694275,0.6731705069541931
1449239085521,1,0.23043276369571686,0.1282780021429062,0.3407394289970398
1449239085541,1,0.44406858086586,0.20305150747299194,1.1437865495681763
1449239085555,1,-0.05071673169732094,0.15604601800441742,0.901389479637146
1449239085580,1,0.13310711085796356,0.12362784147262573,0.43341773748397827
1449239085601,1,0.3573744595050812,0.052527185529470444,-0.6801619529724121
1449239085623,1,-0.10763432085514069,0.028828036040067673,-1.7182939052581787
1449239085642,1,0.4380210340023041,0.05486322566866875,-1.2029963731765747
1449239085659,1,0.27728283405303955,-0.20038025081157684,-0.008126608096063137
1449239085679,1,-0.06490758061408997,-0.4749749004840851,-0.18305063247680664
1449239085700,1,-0.09711533784866333,-0.16032004356384277,-0.10199673473834991
1449239085719,1,0.3576313257217407,0.37403029203414917,0.5490115880966187
1449239085740,1,0.6143609285354614,0.4407932162284851,0.8680337071418762
1449239085761,1,0.04598250985145569,0.05116261914372444,0.5960784554481506
1449239085781,1,0.12076118588447571,0.023233575746417046,0.23835691809654236
1449239085802,1,0.773659884929657,0.10348492860794067,0.23284955322742462
1449239085825,1,0.6795541048049927,0.03421615809202194,0.47159460186958313
1449239085856,1,0.3098590075969696,-0.10586684942245483,0.8318348526954651
1449239085865,1,-0.4777226746082306,0.21660161018371582,-2.7135372161865234
1449239085877,1,-15.36351490020752,-0.7575166821479797,8.278504371643066
1449239085903,1,0.9171605706214905,-0.5093716979026794,5.8206634521484375
1449239085923,1,0.7198150753974915,2.156860589981079,-2.3400657176971436
1449239085941,1,6.46292781829834,0.4801870882511139,-3.4860358238220215
1449239085962,1,4.067129611968994,-1.746206521987915,-6.057534217834473
1449239085981,1,-2.8050458431243896,0.19698241353034973,2.2785096168518066
1449239086003,1,-0.36324793100357056,-0.8578697443008423,5.029120445251465
1449239086025,1,0.9781458377838135,-0.7403116226196289,3.4962494373321533
1449239086042,1,0.6096154451370239,0.10433832556009293,0.408966600894928
1449239086061,1,0.09961018711328506,0.7140229940414429,-1.3203980922698975
1449239086082,1,-0.2886423170566559,0.7532257437705994,-1.3642840385437012
1449239086104,1,-0.2830457389354706,0.33686143159866333,0.05570318177342415
1449239086125,1,-0.35371851921081543,-0.10065262764692307,1.5261837244033813
1449239086144,1,-0.5972609519958496,-0.3738152086734772,2.0747196674346924
1449239086160,1,-0.927645742893219,-0.3569336235523224,1.4205372333526611
1449239086186,1,-0.39095285534858704,-0.0020449499133974314,-0.6894482374191284
1449239086206,1,-0.5444549322128296,-0.05669949948787689,-1.1816437244415283
1449239086226,1,-0.48670920729637146,-0.1467825025320053,-1.0241209268569946
1449239086243,1,-0.3923462927341461,-0.06734481453895569,-0.3575006127357483
1449239086263,1,0.017443165183067322,0.05563567206263542,0.526643693447113
1449239086286,1,0.15526284277439117,-0.0504094623029232,0.7101099491119385
1449239086306,1,-0.4299183487892151,0.16858692467212677,0.1890583485364914
1449239086324,1,-0.2337932288646698,0.26296353340148926,0.10910393297672272
1449239086339,1,-0.2155454307794571,0.2987672686576843,0.01797989383339882
1449239086364,1,-0.20056670904159546,0.3264198303222656,0.35753917694091797
1449239086385,1,-0.19879648089408875,0.1229340136051178,0.5629869699478149
1449239086407,1,-0.09385880082845688,-0.13236235082149506,0.6448375582695007
1449239086425,1,0.012242646887898445,-0.06891951709985733,-0.09447101503610611
1449239086444,1,-0.003932371269911528,0.11154869943857193,-0.5219184160232544
1449239086465,1,-0.10748696327209473,0.11976385861635208,-0.4842641055583954
1449239086487,1,-0.17469440400600433,-0.017654607072472572,-0.08606734126806259
1449239086508,1,-0.053972065448760986,0.02534516155719757,0.05557166785001755
1449239086526,1,0.0734713152050972,0.046250589191913605,0.028062311932444572
1449239086545,1,-0.03757935017347336,0.07018968462944031,0.17717325687408447
1449239086565,1,-0.26606446504592896,0.11306056380271912,0.3295253813266754
1449239086588,1,-0.3108660578727722,0.04269961640238762,0.22389818727970123
1449239086608,1,-0.28507500886917114,-0.12954232096672058,-0.2464420348405838
1449239086625,1,-0.014574295841157436,-0.07893559336662292,-0.41801440715789795
1449239086645,1,-0.09558666497468948,-0.05271802842617035,-0.2601110637187958
1449239086666,1,-0.15081796050071716,-0.12238310277462006,-0.21910043060779572
1449239086688,1,0.027828795835375786,0.007948913611471653,0.18611761927604675
1449239086709,1,0.2884635031223297,-0.04424012452363968,0.5083908438682556
1449239086726,1,-0.09975961595773697,0.2638964354991913,0.23439562320709229
1449239086746,1,0.015100392512977123,0.30227264761924744,0.3676180839538574
1449239086767,1,-0.10453207790851593,0.21955052018165588,0.3576402962207794
1449239086788,1,-0.1689053326845169,0.1507902890443802,0.4768132269382477
1449239086808,1,-0.015873057767748833,0.09153379499912262,0.34239423274993896
1449239086827,1,0.11824750155210495,0.4046206772327423,0.30172085762023926
1449239086847,1,0.06021464988589287,0.31547990441322327,0.41070377826690674
1449239086869,1,-0.2639886736869812,0.14812925457954407,0.35483109951019287
1449239086888,1,-0.3743165135383606,-0.0271095409989357,0.3642085790634155
1449239086907,1,-0.1678634136915207,-0.059468671679496765,0.18823358416557312
1449239086927,1,-0.03429388999938965,0.10778466612100601,-0.0462888740003109
1449239086947,1,-0.09066018462181091,-0.008445465005934238,-0.36276423931121826
1449239086971,1,-0.22069677710533142,-0.036491408944129944,-0.07046996057033539
1449239086990,1,-0.1819746196269989,-0.09570581465959549,0.18140754103660583
1449239087008,1,-0.1454959362745285,-0.0727083832025528,0.08215630799531937
1449239087027,1,-0.012033972889184952,0.09838380664587021,-0.09991466999053955
1449239087048,1,-0.02932237647473812,0.2259574681520462,0.4873930513858795
1449239087070,1,-0.23453214764595032,-0.01896042935550213,0.495126873254776
1449239087090,1,-0.40708237886428833,-0.07395517081022263,0.3719698488712311
1449239087108,1,-0.18864476680755615,0.11591127514839172,0.37140753865242004
1449239087128,1,0.07188721001148224,0.0455704964697361,-0.10718845576047897
1449239087149,1,-0.16521379351615906,0.25899991393089294,0.05789923295378685
1449239087170,1,0.07304348796606064,-0.001473579672165215,0.3602209687232971
1449239087204,1,-0.005023275967687368,-0.14579379558563232,0.21142098307609558
1449239087215,1,-0.25628894567489624,-0.02963905967772007,0.12902678549289703
1449239087230,1,-0.06600438058376312,-0.002208323683589697,-0.21127836406230927
1449239087253,1,-0.14117072522640228,0.01976560801267624,-0.40505439043045044
1449239087271,1,-0.016257578507065773,-0.07177577912807465,0.23128771781921387
1449239087294,2,-0.11079402267932892,0.06466858088970184,0.4222685694694519
1449239087311,2,-0.045937053859233856,0.14632920920848846,0.8339380025863647
1449239087331,2,0.12541581690311432,0.03350801020860672,0.5901835560798645
1449239087349,2,-0.16441920399665833,0.24807168543338776,0.17727087438106537
1449239087373,2,0.13320870697498322,0.20861966907978058,0.4116372764110565
1449239087391,2,-0.02985522337257862,0.18133214116096497,0.5415823459625244
1449239087410,2,0.11307644098997116,0.15059447288513184,0.6686094403266907
1449239087431,2,0.018381446599960327,-0.04829845950007439,0.006265490315854549
1449239087452,2,-0.1931913048028946,0.11406301707029343,-0.26748424768447876
1449239087473,2,-0.1113271489739418,0.005217150319367647,0.08231237530708313
1449239087492,2,-0.2714948356151581,0.0572466142475605,0.5653483867645264
1449239087512,2,0.04763421043753624,-0.13042612373828888,0.5214583873748779
1449239087530,2,0.015598924830555916,-0.08942337334156036,0.060291681438684464
1449239087553,2,-0.17495284974575043,0.08272796869277954,-0.044075287878513336
1449239087572,2,0.006316389422863722,0.056882165372371674,0.10131927579641342
1449239087591,2,0.16831296682357788,0.19385288655757904,0.4369938373565674
1449239087611,2,0.36231377720832825,-0.01454845815896988,0.2582838535308838
1449239087631,2,0.36620238423347473,-0.08308306336402893,-0.20435352623462677
1449239087647,2,0.3999719023704529,0.1373646855354309,-0.2815016508102417
1449239087672,2,0.5638901591300964,0.4673530161380768,-0.053047116845846176
1449239087687,2,0.52584308385849,0.13940438628196716,-0.3947744071483612
1449239087711,2,0.3378754258155823,0.06927110254764557,-0.7089081406593323
1449239087732,2,0.23492524027824402,0.1670551896095276,-0.7957090735435486
1449239087755,2,0.35710933804512024,0.3594564199447632,-0.0792541578412056
1449239087771,2,0.50684654712677,0.0751461386680603,0.3296545743942261
1449239087793,2,-0.1925152987241745,0.10321487486362457,0.4420259892940521
1449239087813,2,-0.040828775614500046,0.16075024008750916,0.37896016240119934
1449239087832,2,0.1287383884191513,0.1557987630367279,-0.03121054731309414
1449239087854,2,0.13535699248313904,0.2647983431816101,-0.17286182940006256
1449239087872,2,-0.17171894013881683,0.14939795434474945,0.06174071133136749
1449239087888,2,-0.27006205916404724,-0.09376666694879532,0.4728057384490967
1449239087913,2,-0.2661517560482025,-0.2609238624572754,0.36123454570770264
1449239087933,2,-0.3599434792995453,-9.483867906965315E-4,0.1499275267124176
1449239087955,2,-0.45467495918273926,0.19824469089508057,0.2513970136642456
1449239087974,2,-0.45883843302726746,0.1930459588766098,0.49799978733062744
1449239087992,2,-0.37063032388687134,0.1586509346961975,0.7495067119598389
1449239088010,2,-0.47186851501464844,0.059997666627168655,0.0465688593685627
1449239088033,2,-0.3543340563774109,0.015104338526725769,-0.3827747404575348
1449239088056,2,-0.5782566070556641,-0.08757190406322479,-0.5156307220458984
1449239088069,2,-0.9493377804756165,-0.251237154006958,-0.08870470523834229
1449239088095,2,-1.1306395530700684,-0.5766112804412842,0.2963040769100189
1449239088115,2,14.489616394042969,4.564969539642334,-1.7051994800567627
1449239088133,2,-3.450984477996826,-1.9072736501693726,-1.6511200666427612
1449239088156,2,-4.590310573577881,1.5124720335006714,0.4105179011821747
1449239088173,2,-4.3199005126953125,0.8769248723983765,0.5900929570198059
1449239088194,2,-2.9126110076904297,0.2470174878835678,1.190900206565857
1449239088213,2,0.4315703809261322,0.9846051931381226,2.3015549182891846
1449239088236,2,0.6220381855964661,-0.32797524333000183,2.276934862136841
1449239088256,2,-0.27546924352645874,-0.20673954486846924,1.4563106298446655
1449239088275,2,0.3312252461910248,0.1888476312160492,0.4831903576850891
1449239088294,2,1.1211580038070679,0.1401376575231552,-0.5702922940254211
1449239088311,2,1.5082684755325317,0.05432955548167229,-1.3323217630386353
1449239088335,2,1.2128446102142334,0.672784686088562,-1.1173323392868042
1449239088358,2,0.7386800050735474,0.5272060036659241,-0.4145616292953491
1449239088375,2,0.42986080050468445,0.27185237407684326,0.011753566563129425
1449239088395,2,0.2995295524597168,0.15877895057201385,0.5745686888694763
1449239088415,2,0.402483195066452,0.02688596211373806,0.5330798625946045
1449239088438,2,-0.011008958332240582,0.556892454624176,0.4351637065410614
1449239088458,2,0.20451055467128754,0.27936550974845886,0.6099141240119934
1449239088477,2,0.1992117166519165,-0.08063947409391403,0.35321956872940063
1449239088492,2,0.08490333706140518,-0.16212503612041473,0.06181786581873894
1449239088517,2,0.3535640239715576,-0.14493921399116516,-0.2903214991092682
1449239088539,2,0.38196417689323425,-0.01861877553164959,-0.49653732776641846
1449239088558,2,0.31409016251564026,0.014997955411672592,-0.31498074531555176
1449239088576,2,0.258158802986145,0.06218757852911949,-0.16638240218162537
1449239088598,2,0.2888891398906708,-0.05971972644329071,-0.13220073282718658
1449239088616,2,0.25236207246780396,0.03705897927284241,0.02714402787387371
1449239088638,2,0.25722968578338623,0.23298487067222595,0.23019173741340637
1449239088658,2,0.22820845246315002,0.2212827503681183,0.11944179236888885
1449239088672,2,0.13260313868522644,0.10968319326639175,-0.025882629677653313
1449239088696,2,0.09669603407382965,0.13612960278987885,0.13790859282016754
1449239088719,2,0.2329077571630478,0.1952309012413025,0.3418348431587219
1449239088739,2,0.4453740417957306,0.22258388996124268,0.1519242525100708
1449239088757,2,0.2296401709318161,0.17790742218494415,0.100420281291008
1449239088777,2,0.37651097774505615,-0.002910626819357276,0.06677519530057907
1449239088797,2,0.31126710772514343,0.13404782116413116,0.10756605863571167
1449239088819,2,0.4918253421783447,0.29345160722732544,0.18983109295368195
1449239088839,2,0.651030421257019,0.2273179292678833,0.03136778250336647
1449239088857,2,0.45483121275901794,0.20626257359981537,-0.01902618817985058
1449239088877,2,0.3810727000236511,0.20493659377098083,0.2053980678319931
1449239088897,2,0.3716031610965729,0.09778203815221786,0.24396950006484985
1449239088919,2,0.6251673102378845,0.2899439036846161,0.5687205195426941
1449239088934,2,0.5821672677993774,0.5817170739173889,0.867716908454895
1449239088958,2,0.17932729423046112,0.3951870799064636,0.7215525507926941
1449239088978,2,0.027620943263173103,0.2174108773469925,0.2865723967552185
1449239088998,2,0.1644405573606491,0.3423457145690918,0.4843231439590454
1449239089021,2,0.21100391447544098,0.11749006807804108,0.4596785306930542
1449239089040,2,0.18753603100776672,0.010209844447672367,0.4731336534023285
1449239089060,2,0.14843326807022095,0.03177139535546303,0.5034855604171753
1449239089079,2,-0.06483768671751022,-0.3948045074939728,-0.6220704317092896
1449239089095,2,0.059159424155950546,-0.06740443408489227,-0.8236673474311829
1449239089120,2,0.3856862187385559,0.22712533175945282,-0.5852595567703247
1449239089136,2,0.40124669671058655,0.12562602758407593,-0.3071732819080353
1449239089155,2,0.21722672879695892,-0.12422434985637665,-0.07740531116724014
1449239089179,2,-0.1167711466550827,0.046898528933525085,0.5913707613945007
1449239089203,2,-0.22887668013572693,0.008905483409762383,0.7731435894966125
1449239089222,2,-0.5762655735015869,0.06263356655836105,0.5189017057418823
1449239089240,2,-0.02721460908651352,0.5094199180603027,-0.23896366357803345
1449239089260,2,0.3312379717826843,0.38344869017601013,-1.035425066947937
1449239089281,2,0.1894138604402542,0.23431992530822754,-1.0374053716659546
1449239089301,2,0.08780799061059952,-1.5224337577819824,1.2204086780548096
