1451266867433,1,0.3294116258621216,0.06176935136318207,-0.13364392518997192
1451266867447,1,0.3294116258621216,0.06176935136318207,-0.13364392518997192
1451266867469,1,0.3294116258621216,0.06176935136318207,-0.13364392518997192
1451266867489,1,0.3294116258621216,0.06176935136318207,-0.13364392518997192
1451266867507,1,0.3294116258621216,0.06176935136318207,-0.13364392518997192
1451266867527,1,-0.9948418140411377,-0.22934243083000183,0.510209321975708
1451266867548,1,-0.0018878596602007747,0.14323942363262177,0.29215866327285767
1451266867569,1,0.23121275007724762,0.20003975927829742,0.5184195041656494
1451266867590,1,0.40493863821029663,0.14515900611877441,0.6402712464332581
1451266867615,1,0.40181899070739746,0.07788403332233429,0.5809791088104248
1451266867633,1,0.38079833984375,0.1769382804632187,0.25494858622550964
1451266867653,1,0.30133572220802307,0.3281155228614807,-0.04037059098482132
1451266867675,1,0.28387904167175293,0.4770107865333557,-0.1069067195057869
1451266867696,1,0.375210165977478,0.38837388157844543,-0.04976619407534599
1451266867709,1,0.37111997604370117,0.18742577731609344,-0.31790509819984436
1451266867733,1,0.40842321515083313,0.44832128286361694,-0.21873101592063904
1451266867755,1,0.5219675898551941,0.38326576352119446,-0.021567104384303093
1451266867774,1,0.4126528203487396,0.27245616912841797,-0.13966800272464752
1451266867797,1,0.3680114150047302,0.20873920619487762,-0.050146717578172684
1451266867814,1,0.35687750577926636,0.2006991058588028,0.14464403688907623
1451266867833,1,0.12889708578586578,0.3018786609172821,0.16276772320270538
1451266867854,1,0.24590499699115753,0.29135027527809143,0.25794777274131775
1451266867876,1,0.3335667848587036,0.23642683029174805,0.1839917153120041
1451266867895,1,0.2387477457523346,0.16548575460910797,0.03776537626981735
1451266867915,1,0.299970418214798,0.21181027591228485,0.16724048554897308
1451266867935,1,0.4314952492713928,0.3383171856403351,0.24289573729038239
1451266867955,1,0.2921706438064575,0.18716742098331451,0.1790069043636322
1451266867978,1,0.10847119241952896,0.11115151643753052,0.17533552646636963
1451266867998,1,0.1366986334323883,0.15533845126628876,0.30212125182151794
1451266868014,1,0.18381518125534058,0.25133681297302246,0.40951135754585266
1451266868035,1,0.2796957790851593,0.31040158867836,0.35406243801116943
1451266868056,1,0.15576939284801483,0.3188870847225189,0.13272914290428162
1451266868077,1,0.2071552872657776,0.32014206051826477,0.19851942360401154
1451266868098,1,0.3064168393611908,0.28661856055259705,0.1530243307352066
1451266868115,1,0.2423347383737564,0.28212592005729675,0.06393968313932419
1451266868135,1,0.4516773819923401,0.23613691329956055,0.2265881597995758
1451266868156,1,0.03613477945327759,0.09669862687587738,-0.14041735231876373
1451266868178,1,0.058379270136356354,0.08537468314170837,-0.22209085524082184
1451266868198,1,0.20593605935573578,0.2944277822971344,0.5875935554504395
1451266868216,1,0.28831031918525696,-0.12765315175056458,0.0760907232761383
1451266868236,1,-0.2786966860294342,-0.27674129605293274,-1.4040467739105225
1451266868256,1,-1.2371538877487183,-2.3123230934143066,3.081547498703003
1451266868278,1,2.67779803276062,0.9466688632965088,3.213782548904419
1451266868296,1,2.738877058029175,1.1326555013656616,-3.1981029510498047
1451266868316,1,3.96193790435791,0.3678092360496521,-2.6876962184906006
1451266868336,1,0.9581514596939087,0.8095499873161316,-0.7046002149581909
1451266868359,1,-1.5296549797058105,0.48651570081710815,-0.8762018084526062
1451266868377,1,0.20623773336410522,0.5558709502220154,0.34372517466545105
1451266868395,1,1.359956979751587,0.9336878061294556,0.6767892837524414
1451266868413,1,1.5298194885253906,0.833784818649292,0.5864806175231934
1451266868436,1,1.0184533596038818,0.7083867788314819,-0.08631400763988495
1451266868459,1,0.5532153248786926,0.5586164593696594,-0.6087322235107422
1451266868479,1,0.3462507426738739,0.5746475458145142,0.013414192944765091
1451266868496,1,0.1625044345855713,0.3146422803401947,0.6405594348907471
1451266868517,1,-0.19605931639671326,0.0018844986334443092,0.7765507698059082
1451266868538,1,-0.5127272605895996,-0.10940788686275482,0.5038029551506042
1451266868560,1,-0.587616503238678,-0.06732464581727982,0.10364683717489243
1451266868578,1,0.20054826140403748,0.24680092930793762,-0.17826281487941742
1451266868597,1,0.19264212250709534,0.2143435925245285,-0.4583616256713867
1451266868615,1,0.06385163962841034,0.1296580582857132,-0.5665308833122253
1451266868639,1,-0.16056662797927856,0.05652443692088127,-0.4603489935398102
1451266868661,1,-0.1794556826353073,0.14627192914485931,-0.05837620049715042
1451266868680,1,0.26519620418548584,0.14026889204978943,0.48303544521331787
1451266868694,1,-0.029099106788635254,0.1644797921180725,-0.1590752899646759
1451266868716,1,-0.05464870482683182,0.30437400937080383,-0.06090893596410751
1451266868742,1,0.018773747608065605,0.43016427755355835,0.22524026036262512
1451266868763,1,0.2650962471961975,0.36351534724235535,0.5018172860145569
1451266868780,1,0.2934677302837372,0.249318465590477,0.2231704592704773
1451266868800,1,-0.017977116629481316,0.1835264265537262,-0.1308995932340622
1451266868821,1,0.04823431000113487,0.253569096326828,-0.03931201994419098
1451266868842,1,0.33120274543762207,0.2828747034072876,-0.018699439242482185
1451266868863,1,0.4091838002204895,0.30093759298324585,-0.1843167096376419
1451266868882,1,0.31077247858047485,0.31085342168807983,-0.26596739888191223
1451266868900,1,0.20353363454341888,0.27459320425987244,-0.0243470910936594
1451266868921,1,0.04008139669895172,0.19029636681079865,0.005497428588569164
1451266868943,1,-0.05357026308774948,0.16557343304157257,0.08281155675649643
1451266868961,1,0.0030211745761334896,0.18336978554725647,0.25032326579093933
1451266868979,1,0.09507519006729126,0.21580958366394043,0.2755734324455261
1451266868999,1,0.18407675623893738,0.22393560409545898,0.16390344500541687
1451266869020,1,-0.1398150771856308,0.09806465357542038,-0.20784546434879303
1451266869040,1,-0.13093078136444092,0.1206856518983841,-0.13841478526592255
1451266869062,1,0.05399484559893608,0.18335750699043274,-0.021641338244080544
1451266869080,1,0.26647308468818665,0.24076925218105316,-0.008329437114298344
1451266869100,1,0.34113138914108276,0.20772038400173187,-0.17441198229789734
1451266869121,1,-0.004135419148951769,0.14272329211235046,-0.24384500086307526
1451266869142,1,-0.014739157631993294,0.17890052497386932,0.015954526141285896
1451266869162,1,0.050758641213178635,0.24096623063087463,0.2892243564128876
1451266869181,1,0.07328450679779053,0.20924831926822662,0.42288580536842346
1451266869202,1,-0.023289617151021957,0.1530231535434723,0.4206675589084625
1451266869223,1,-0.269888311624527,0.07922901958227158,0.26294776797294617
1451266869244,1,-0.1869153380393982,0.15798984467983246,0.2422282099723816
1451266869264,1,0.0465073399245739,0.1929144412279129,0.2713017463684082
1451266869281,1,0.04020560905337334,0.09529110044240952,0.14660978317260742
1451266869303,1,-0.10279037058353424,0.05282149091362953,-0.08378595113754272
1451266869323,1,-0.17832666635513306,0.06564239412546158,-0.20162323117256165
1451266869345,1,-0.1484754979610443,0.0417184978723526,0.030489247292280197
1451266869365,1,0.043107833713293076,0.08865560591220856,0.2182534635066986
1451266869382,1,0.0690319612622261,0.13002163171768188,0.16020458936691284
1451266869402,1,-0.10351604968309402,0.17570845782756805,0.052903324365615845
1451266869425,1,-0.05021890625357628,0.15218202769756317,-0.04221417009830475
1451266869452,2,0.0799373909831047,0.1614776849746704,-0.05755260959267616
1451266869464,2,0.033138226717710495,0.15116730332374573,-0.02021569013595581
1451266869485,2,0.025780556723475456,0.1196165606379509,0.08429332077503204
1451266869504,2,-0.05275595188140869,0.11311901360750198,0.09881284087896347
1451266869527,2,-0.028707915917038918,0.1480792760848999,0.2083861529827118
1451266869545,2,-0.020712679252028465,0.14872048795223236,0.13438275456428528
1451266869564,2,-0.02991948463022709,0.1613619476556778,0.04948912933468819
1451266869585,2,-0.014295140281319618,0.16149872541427612,0.06999590992927551
1451266869604,2,0.005280132405459881,0.1637982279062271,0.20594751834869385
1451266869628,2,-0.004974646493792534,0.13830840587615967,0.05565876141190529
1451266869648,2,-0.017177052795886993,0.09999942034482956,-0.06757541000843048
1451266869665,2,-0.017128171399235725,0.09390285611152649,0.001641337526962161
1451266869685,2,-0.007116042543202639,0.12374912947416306,0.17886778712272644
1451266869704,2,-0.05709851160645485,0.11246669292449951,0.18004444241523743
1451266869727,2,-0.1652480661869049,0.11357085406780243,0.1577799916267395
1451266869747,2,-0.08253449201583862,0.11005144566297531,0.11430910229682922
1451266869764,2,-0.020939035341143608,0.06487725675106049,-0.005734744481742382
1451266869785,2,-0.0809963196516037,0.04203939810395241,-0.07832827419042587
1451266869806,2,-0.11504128575325012,0.0413169302046299,-0.05091302469372749
1451266869828,2,-0.0504193976521492,0.06670388579368591,-0.05685936659574509
1451266869847,2,-0.014419790357351303,0.11618892848491669,-0.060851067304611206
1451266869865,2,0.07892521470785141,0.11221300810575485,0.019955577328801155
1451266869885,2,0.04410795122385025,0.11544366180896759,0.008262217044830322
1451266869907,2,0.03395524248480797,0.12240239232778549,0.06005378067493439
1451266869928,2,-0.00919562578201294,0.16592822968959808,0.07635200768709183
1451266869943,2,0.006531520746648312,0.20388475060462952,0.19020342826843262
1451266869966,2,0.02625131607055664,0.16460371017456055,0.22827625274658203
1451266869987,2,0.0015969137893989682,0.14585457742214203,0.16815409064292908
1451266870009,2,-0.05299808830022812,0.04075520485639572,0.12623217701911926
1451266870029,2,-0.238620325922966,4.845686489716172E-4,0.028880642727017403
1451266870041,2,-0.27339842915534973,-0.0035556466318666935,0.05424830690026283
1451266870066,2,-0.15723982453346252,0.021679917350411415,0.10859365016222
1451266870086,2,-0.01741992123425007,0.04213876649737358,0.05122866854071617
1451266870109,2,-0.29210421442985535,-0.02830372005701065,0.03262392058968544
1451266870129,2,-0.4160436987876892,-0.07992050796747208,0.12445873767137527
1451266870146,2,-0.4615383446216583,-0.1337064653635025,0.24229134619235992
1451266870166,2,-0.5349560976028442,-0.15813012421131134,0.2780664265155792
1451266870188,2,-0.4216873347759247,-0.07972469180822372,0.1410866379737854
1451266870209,2,-6.20346212387085,7.6014723777771,-0.6578490138053894
1451266870231,2,-6.558488845825195,-4.360415935516357,-0.5519289374351501
1451266870250,2,-3.9768128395080566,0.7299579381942749,0.9815484881401062
1451266870269,2,-1.6160387992858887,1.5122346878051758,1.576847791671753
1451266870288,2,1.5227619409561157,0.3262444734573364,2.054572820663452
1451266870311,2,2.5608606338500977,0.010424363426864147,-0.15478315949440002
1451266870329,2,0.9985741972923279,-0.27641046047210693,-0.13971944153308868
1451266870348,2,0.46387118101119995,-0.13632453978061676,0.8661901354789734
1451266870369,2,0.6688342094421387,-0.015467618592083454,1.5734622478485107
1451266870390,2,0.9497681260108948,-0.1963689625263214,1.1177619695663452
1451266870411,2,0.77994304895401,0.18593642115592957,-0.7628946304321289
1451266870432,2,0.6645954847335815,0.5425888895988464,-0.7746867537498474
1451266870449,2,0.7870283126831055,0.48739540576934814,-0.17248131334781647
1451266870469,2,0.9423150420188904,0.09861527383327484,0.2356003224849701
1451266870490,2,0.8559384942054749,-0.18571312725543976,0.22052258253097534
1451266870512,2,0.651823103427887,-0.19595804810523987,0.1748310774564743
1451266870532,2,0.5896397829055786,-0.05545417591929436,0.2524690330028534
1451266870549,2,0.5072377324104309,0.1271113008260727,0.37083882093429565
1451266870569,2,0.5026659369468689,0.223058819770813,0.27224868535995483
1451266870590,2,0.3600616157054901,0.24606910347938538,0.18666531145572662
1451266870622,2,0.356231689453125,0.1787070482969284,0.39247313141822815
1451266870633,2,0.45881813764572144,-0.10107903182506561,0.4364338517189026
1451266870650,2,0.46177199482917786,-0.09025543928146362,0.12818565964698792
1451266870670,2,0.5376724004745483,0.025160744786262512,-0.05890753120183945
1451266870692,2,0.6067443490028381,0.1421925574541092,-0.15828034281730652
1451266870712,2,0.5684193968772888,0.16033436357975006,-0.13988719880580902
1451266870732,2,0.4846281409263611,0.09443827718496323,0.07884206622838974
1451266870750,2,0.5333455204963684,0.07457096874713898,0.18665479123592377
1451266870770,2,0.46944868564605713,0.11488953232765198,0.20619243383407593
1451266870790,2,0.4380646049976349,0.12722353637218475,0.3667980134487152
1451266870813,2,0.38541752099990845,0.059305593371391296,0.31667524576187134
1451266870829,2,0.2896312475204468,0.09224047511816025,0.3516606390476227
1451266870851,2,0.19744133949279785,0.06365150958299637,0.2155751883983612
1451266870873,2,0.23611484467983246,0.09064415097236633,0.17502163350582123
1451266870892,2,0.3197631537914276,0.04442892596125603,0.11491876095533371
1451266870912,2,0.33121246099472046,0.042141105979681015,0.08451134711503983
1451266870933,2,0.4111296236515045,0.10593465715646744,-0.11826982349157333
1451266870952,2,0.3776651620864868,0.15559738874435425,-0.1413806527853012
1451266870972,2,0.4510810375213623,0.16515608131885529,-0.18187515437602997
1451266870993,2,0.45545464754104614,0.16391630470752716,-0.1277589499950409
1451266871013,2,0.4471881091594696,0.11478198319673538,0.05710837244987488
1451266871031,2,0.37569576501846313,0.09642507135868073,0.21456220746040344
1451266871052,2,0.19818192720413208,0.11737082898616791,0.3376011550426483
1451266871072,2,0.09636610746383667,0.10750994086265564,0.27804771065711975
1451266871094,2,0.1405913233757019,0.08988134562969208,0.23952245712280273
1451266871113,2,0.1837262660264969,0.034700144082307816,0.1653214991092682
1451266871132,2,0.24281229078769684,0.041904374957084656,0.13578327000141144
1451266871153,2,0.30839887261390686,0.16357143223285675,0.19321955740451813
1451266871176,2,0.3455612361431122,0.17892508208751678,0.154690220952034
1451266871195,2,0.2561514377593994,0.17225801944732666,0.05047288164496422
1451266871213,2,0.30471646785736084,0.17432546615600586,-0.001160276005975902
1451266871233,2,0.3760325014591217,0.12681026756763458,-0.056811437010765076
1451266871254,2,0.24411015212535858,0.10905132442712784,-0.0509101040661335
1451266871274,2,0.2005653977394104,0.1178022027015686,0.042687635868787766
1451266871296,2,0.19406133890151978,0.09383388608694077,0.17117957770824432
1451266871315,2,0.17314502596855164,0.08099251985549927,0.1922019124031067
1451266871335,2,0.14088241755962372,0.07423369586467743,0.176503986120224
1451266871354,2,0.06343881785869598,0.03656885772943497,0.09101590514183044
1451266871377,2,0.30887123942375183,0.1103103905916214,0.17802958190441132
1451266871395,2,0.15567857027053833,0.11329144984483719,0.07733458280563354
1451266871414,2,0.13798348605632782,0.08650047332048416,0.12297814339399338
1451266871430,2,0.08839213103055954,0.095029816031456,0.2010597586631775
1451266871455,2,0.05330035835504532,0.1739005297422409,0.32664719223976135
1451266871476,2,0.2859509587287903,0.17891982197761536,0.034853871911764145
1451266871497,1,0.12872831523418427,0.11100012063980103,-0.20271629095077515
1451266871513,1,0.05281805619597435,0.0674281045794487,-0.22639118134975433
1451266871534,1,0.10418152809143066,0.04634089767932892,-0.13315057754516602
1451266871558,1,0.11132541298866272,0.07874795794487,-0.05253215134143829
1451266871577,1,0.22919578850269318,0.06968670338392258,0.5097305774688721
1451266871596,1,0.04241429641842842,0.0657452717423439,0.4570809304714203
1451266871610,1,-0.14983969926834106,0.06031038612127304,0.14552374184131622
1451266871636,1,-0.06938282400369644,0.07581482827663422,-0.036066170781850815
1451266871655,1,-0.021702714264392853,0.10762450844049454,-0.22673429548740387
1451266871679,1,0.04192928969860077,0.10872165858745575,-0.18165947496891022
1451266871692,1,0.35502752661705017,0.20130525529384613,0.69725102186203
1451266871715,1,0.37415385246276855,0.1650724858045578,0.6329670548439026
1451266871735,1,-0.034595511853694916,0.14281389117240906,0.11539280414581299
1451266871756,1,-0.08792757987976074,0.16901275515556335,-0.1466156244277954
1451266871778,1,0.16273440420627594,0.2852548658847809,-0.27532851696014404
1451266871797,1,0.4157685339450836,0.2813549339771271,0.4413064420223236
1451266871816,1,0.5923797488212585,0.059805359691381454,0.43291327357292175
1451266871836,1,0.019250424578785896,0.013024317100644112,-0.19583120942115784
1451266871859,1,-0.28075361251831055,0.2047603577375412,-0.18674539029598236
1451266871878,1,0.1624402403831482,0.29649755358695984,0.09586568176746368
1451266871897,1,0.16304704546928406,0.04529460147023201,-0.47928398847579956
1451266871916,1,-0.19097594916820526,0.10004384815692902,-0.4384574890136719
1451266871938,1,-0.11157415807247162,0.10066577792167664,-0.06298983097076416
1451266871959,1,-0.03512194752693176,0.008627543225884438,0.6059218049049377
1451266871981,1,0.10463088005781174,0.07425006479024887,0.830407440662384
1451266871999,1,0.01091068610548973,0.10828034579753876,0.38987261056900024
1451266872018,1,-0.07057517766952515,0.17442484200000763,-0.516055703163147
1451266872039,1,-0.01354362815618515,0.1759130358695984,-0.42169106006622314
1451266872060,1,0.21961233019828796,0.16163960099220276,-0.07647475600242615
1451266872081,1,0.22356204688549042,0.1150432601571083,0.1381494104862213
1451266872098,1,0.15800821781158447,0.07226093858480453,0.1301514059305191
1451266872118,1,-0.04251757636666298,0.14365443587303162,-0.20337913930416107
1451266872138,1,0.18830585479736328,0.19133681058883667,0.044456981122493744
1451266872161,1,0.09827413409948349,0.11728841066360474,0.017420506104826927
1451266872180,1,0.011658069677650928,0.08524258434772491,-0.2341325879096985
1451266872197,1,0.2242775410413742,0.42691725492477417,0.534113883972168
1451266872219,1,-1.1855233907699585,-0.5932131409645081,-1.4618439674377441
1451266872238,1,-1.6968412399291992,-0.5055536031723022,-1.9633164405822754
1451266872260,1,-0.44171983003616333,-2.9457614421844482,0.5900275111198425
1451266872278,1,1.9937227964401245,1.1771494150161743,3.4063305854797363
1451266872299,1,1.9490116834640503,0.8593330979347229,-1.615498661994934
1451266872320,1,2.8779358863830566,0.35791680216789246,-2.8191123008728027
1451266872341,1,-0.19694317877292633,-0.059368718415498734,-1.133117914199829
1451266872362,1,-0.5528692603111267,-0.020072482526302338,0.3871621787548065
1451266872381,1,0.06646854430437088,0.3002157211303711,1.5350912809371948
1451266872395,1,0.5721139311790466,0.5479080080986023,1.6640011072158813
1451266872420,1,0.579454779624939,0.5059346556663513,1.1564069986343384
1451266872442,1,0.5949462652206421,0.4461538791656494,-0.4265063405036926
1451266872462,1,0.3594982922077179,0.44596508145332336,-0.49275079369544983
1451266872481,1,-0.07818514108657837,0.40723347663879395,-0.18266192078590393
1451266872499,1,-0.15475617349147797,0.13563187420368195,0.613918662071228
1451266872521,1,-0.17557823657989502,-0.11167758703231812,0.8584715127944946
1451266872543,1,-0.5989629626274109,-0.24955520033836365,0.034275781363248825
1451266872559,1,-0.4958605170249939,-0.11798632889986038,-0.3448895514011383
1451266872581,1,-0.35646557807922363,0.002888122806325555,-0.40211132168769836
1451266872601,1,-0.11207929998636246,0.08389467746019363,-0.24000820517539978
1451266872621,1,0.00798336323350668,0.04550912231206894,-0.045261867344379425
1451266872643,1,0.0171068012714386,-0.029688451439142227,0.08046995848417282
1451266872659,1,-0.5384865999221802,-0.1772521734237671,-0.19209785759449005
1451266872682,1,-0.5225207209587097,-0.027418168261647224,-0.3013695478439331
1451266872700,1,-0.27236083149909973,0.11276187002658844,-0.14565818011760712
1451266872721,1,-0.05210574343800545,0.16058512032032013,0.1619260162115097
1451266872744,1,0.25836554169654846,0.14246903359889984,0.24404431879520416
1451266872763,1,0.019325975328683853,0.09950549900531769,-0.3216138780117035
1451266872780,1,-0.0499548502266407,0.011608020402491093,-0.19890812039375305
1451266872802,1,-0.09395188838243484,-0.03441255912184715,0.3095201253890991
1451266872822,1,-0.05487389117479324,-0.01005552988499403,0.8420751094818115
1451266872844,1,-0.13704796135425568,-0.02272328920662403,0.8109668493270874
1451266872866,1,-0.4082702100276947,-0.17139993607997894,0.2824094295501709
1451266872882,1,-0.3211269676685333,-0.07634206861257553,0.08917699754238129
1451266872905,1,-0.15774734318256378,0.0699719488620758,0.09237784147262573
1451266872928,1,0.0315738283097744,0.21185295283794403,0.2713736295700073
1451266872944,1,0.20838563144207,0.16551029682159424,0.33050447702407837
1451266872962,1,0.11738134920597076,0.07127776741981506,0.14993278682231903
1451266872984,1,-0.16121457517147064,0.10385609418153763,-0.04907295107841492
1451266873003,1,-0.08046667277812958,0.1574661135673523,0.00409866776317358
1451266873026,1,0.02767309360206127,0.1812257468700409,0.1052875891327858
1451266873040,1,0.060400549322366714,0.12272972613573074,0.03681844845414162
1451266873060,1,0.031785059720277786,0.1265864074230194,-0.004633504897356033
1451266873083,1,-0.0583711601793766,0.16176410019397736,-0.01796235889196396
1451266873103,1,-0.08628229796886444,0.1740659475326538,0.11505378037691116
1451266873157,1,-0.18980062007904053,0.07374971359968185,0.1415010541677475
1451266873178,1,-0.08069156855344772,0.07435118407011032,0.09622808545827866
1451266873203,1,0.02510492317378521,0.0725853443145752,-0.15325812995433807
1451266873218,1,0.10520601272583008,0.12841303646564484,-0.19315993785858154
1451266873237,1,0.054653819650411606,0.12744447588920593,-0.17333704233169556
1451266873259,1,-0.08318053185939789,0.12821604311466217,-0.055350132286548615
1451266873278,1,-0.1099371686577797,0.11632745712995529,0.11288929730653763
1451266873298,1,-0.02759060263633728,0.07787643373012543,0.19323183596134186
1451266873317,1,-0.0989067330956459,0.09158873558044434,0.1053653359413147
1451266873338,1,-0.16637998819351196,0.11857377737760544,0.1744336038827896
1451266873359,1,-0.12690167129039764,0.10466331988573074,0.248074010014534
1451266873378,1,-0.12576645612716675,0.1174006387591362,0.26012685894966125
1451266873400,1,-0.05423055216670036,0.135716050863266,0.23467735946178436
1451266873417,1,-0.0016938714543357491,0.11185235530138016,0.23073124885559082
1451266873437,1,-0.1760517805814743,0.09765899926424026,-0.07164952903985977
1451266873454,1,-0.12834186851978302,0.09917232394218445,-0.0730816051363945
1451266873479,1,-0.034796733409166336,0.09482640027999878,-0.0881318747997284
1451266873502,2,0.009296090342104435,0.09337152540683746,-0.041498132050037384
1451266873528,2,0.04302230849862099,0.04399754852056503,0.062085576355457306
1451266873554,2,-0.1667812019586563,0.054693128913640976,-0.08874211460351944
1451266873562,2,-0.20888298749923706,0.07557108253240585,-0.011193593963980675
1451266873587,2,-0.13312304019927979,0.11828034371137619,0.22630232572555542
1451266873607,2,0.0034225948620587587,0.12011165171861649,0.3334387540817261
1451266873627,2,-0.1396215260028839,0.11982464790344238,0.13827040791511536
1451266873648,2,-0.09597773104906082,0.12299217283725739,0.09155074506998062
1451266873665,2,-0.07432415336370468,0.07989829778671265,0.10240297764539719
1451266873687,2,-0.07942556589841843,0.012155717238783836,0.06474573910236359
1451266873707,2,-0.20102611184120178,0.004090484231710434,-0.05407470464706421
1451266873729,2,-0.1210256963968277,0.07905775308609009,2.9109191382303834E-4
1451266873749,2,-0.031355105340480804,0.0452028326690197,-0.06183364987373352
1451266873768,2,-0.08932217955589294,0.03452712297439575,-0.14877602458000183
1451266873787,2,-0.12465327978134155,0.018475567921996117,-0.08355974406003952
1451266873809,2,-0.16366517543792725,0.001069090561941266,-0.018391981720924377
1451266873829,2,-0.1705504059791565,0.041660044342279434,0.13810499012470245
1451266873847,2,-0.14228695631027222,0.05674480274319649,0.2446703463792801
1451266873868,2,-0.03554674983024597,0.07050503045320511,0.24985913932323456
1451266873888,2,0.021171748638153076,0.14672142267227173,0.13550561666488647
1451266873910,2,-0.050598371773958206,0.2017921507358551,0.07602525502443314
1451266873931,2,-0.026141902431845665,0.205936998128891,0.11565349996089935
1451266873948,2,0.051255445927381516,0.1566232293844223,0.22336159646511078
1451266873968,2,0.07241685688495636,0.14584405720233917,0.05379822477698326
1451266873988,2,0.024124205112457275,0.16411679983139038,-0.08928805589675903
1451266874010,2,0.06503953039646149,0.20197570323944092,-0.005590952001512051
1451266874029,2,0.12159553170204163,0.20764322578907013,0.08137305080890656
1451266874050,2,-0.001473214360885322,0.03906184434890747,0.01919686794281006
1451266874069,2,-0.1522272229194641,-0.011633154936134815,-0.008268646895885468
1451266874091,2,-0.34122809767723083,0.0398632250726223,0.13060148060321808
1451266874111,2,20.90092658996582,-5.347874641418457,11.671686172485352
1451266874132,2,-8.911673545837402,5.401002407073975,-1.6398621797561646
1451266874149,2,-4.739925861358643,0.41947394609451294,-0.48001813888549805
1451266874170,2,-0.48251742124557495,1.2488924264907837,-0.47954586148262024
1451266874192,2,1.3574732542037964,0.18143092095851898,0.1854296326637268
1451266874212,2,1.0543500185012817,-0.2999035716056824,0.17809563875198364
1451266874231,2,-0.6193143129348755,-0.3814467191696167,-0.2978653311729431
1451266874251,2,-1.6543641090393066,-0.0370604433119297,-0.5307669043540955
1451266874271,2,-1.476366400718689,0.613803505897522,-0.014811784960329533
1451266874292,2,-1.0185259580612183,0.513145923614502,-0.09951485693454742
1451266874311,2,-0.9024004936218262,0.2588321566581726,-0.2872071862220764
1451266874330,2,-1.077930212020874,0.21575872600078583,-0.3805781304836273
1451266874350,2,-1.0735018253326416,0.3369382917881012,-0.21830198168754578
1451266874370,2,-0.6866369247436523,0.2815168499946594,-0.11240823566913605
1451266874393,2,-0.7991647720336914,0.23599721491336823,-0.1250181347131729
1451266874412,2,-0.8322644233703613,0.2897486686706543,-0.0718500167131424
1451266874430,2,-0.8173637390136719,0.29239949584007263,-0.17096388339996338
1451266874450,2,-0.7592652440071106,0.24371464550495148,-0.25152328610420227
1451266874470,2,-0.7681531310081482,0.22923311591148376,-0.026620296761393547
1451266874494,2,-0.8501022458076477,0.2239847034215927,-0.0035556466318666935
1451266874512,2,-0.933327317237854,0.1973801851272583,-0.065212182700634
1451266874530,2,-0.8716660737991333,0.16203881800174713,-0.0025596213527023792
1451266874551,2,-0.7161096334457397,0.1471715122461319,0.0183294378221035
1451266874575,2,-0.6015031337738037,0.19040918350219727,-0.07299859821796417
1451266874594,2,-0.8586373925209045,0.22118191421031952,-0.27902504801750183
1451266874614,2,-0.6910279989242554,0.1855751872062683,-0.13486440479755402
1451266874633,2,-0.48185038566589355,0.11967325955629349,-0.11798574775457382
1451266874652,2,-0.4870443344116211,0.14027941226959229,-0.18034955859184265
1451266874673,2,-0.4604948163032532,0.24197745323181152,-0.15237082540988922
1451266874694,2,-0.605273962020874,0.2812953293323517,-0.15261048078536987
1451266874715,2,-0.6315973997116089,0.23285949230194092,0.020615503191947937
1451266874733,2,-0.6020668148994446,0.14574995636940002,0.17516660690307617
1451266874753,2,-0.5723714232444763,0.1097872406244278,0.22314415872097015
1451266874772,2,-0.6066959500312805,0.1343032568693161,0.16373276710510254
1451266874794,2,-0.6465640068054199,0.19593758881092072,0.1055985540151596
1451266874813,2,-0.6565377712249756,0.1700654774904251,0.09988076239824295
1451266874833,2,-0.6239141225814819,0.11700316518545151,0.002689969725906849
1451266874853,2,-0.5942693948745728,0.08382277935743332,-0.1118757352232933
1451266874876,2,-0.47024568915367126,0.1022515818476677,-0.18619653582572937
1451266874895,2,-0.37224912643432617,0.10867957025766373,-0.36753275990486145
1451266874909,2,-0.5523955821990967,0.10265081375837326,-0.27978843450546265
1451266874933,2,-0.48767903447151184,0.13916414976119995,-0.019334815442562103
1451266874954,2,-0.38438719511032104,0.15248072147369385,0.16298867762088776
1451266874976,2,-0.35820695757865906,0.1672895848751068,0.19928514957427979
1451266874995,2,-0.4399000108242035,0.18214228749275208,0.11980828642845154
1451266875014,2,-0.6148796081542969,0.12612755596637726,0.18053951859474182
1451266875034,2,-0.5692310929298401,0.0863444060087204,0.25107085704803467
1451266875055,2,-0.45512986183166504,0.0916103646159172,0.283719927072525
1451266875078,2,-0.32027488946914673,0.08666238933801651,0.14565818011760712
1451266875097,2,-0.41590216755867004,0.06484568864107132,-0.13684768974781036
1451266875116,2,-0.5377839207649231,0.14077158272266388,-0.05360650271177292
1451266875136,2,-0.4344359040260315,0.12708733975887299,-0.0010188217274844646
1451266875156,2,-0.16898778080940247,0.14042671024799347,0.021740123629570007
1451266875179,2,-0.16520719230175018,0.1693389117717743,-0.023131869733333588
1451266875199,2,-0.17956095933914185,0.16148702800273895,-0.012295418418943882
1451266875216,2,-0.3879462480545044,0.13854572176933289,-0.02990530990064144
1451266875236,2,-0.439806193113327,0.1524561643600464,-0.07858780026435852
1451266875265,2,-0.44793060421943665,0.09943418949842453,-0.06519816070795059
1451266875277,2,-0.32004496455192566,0.0013461539056152105,0.033505380153656006
1451266875296,2,-0.33110296726226807,-0.02418517880141735,0.11128127574920654
1451266875316,2,-0.40656253695487976,0.01109481044113636,0.15899814665317535
1451266875335,2,-0.45680347084999084,0.11671558022499084,0.2629120945930481
1451266875353,2,-0.448831707239151,0.11824352294206619,0.10732874274253845
1451266875378,2,-0.4389628767967224,0.140232652425766,-0.018113164231181145
1451266875396,2,-0.27600616216659546,0.12570026516914368,0.007084405515342951
1451266875416,2,-0.1643584966659546,0.0923246517777443,0.043209027498960495
1451266875436,2,-0.3224901556968689,0.08655308187007904,-0.1538023203611374
1451266875459,2,-0.2638370096683502,0.12142214924097061,-0.08157411962747574
1451266875473,2,-0.14078578352928162,0.14292728900909424,-0.015855155885219574
1451266875498,2,-0.06702011078596115,0.16984277963638306,0.03050502948462963
1451266875517,1,-0.07555657625198364,0.20705285668373108,0.06895195692777634
1451266875537,1,-0.28846675157546997,0.13969488441944122,0.20710253715515137
1451266875561,1,-0.2943152189254761,0.10489771515130997,0.19271628558635712
1451266875583,1,-0.3309481143951416,0.09737959504127502,0.0957183837890625
1451266875593,1,-0.3649488687515259,0.09914485365152359,0.15174773335456848
1451266875614,1,-0.17776863276958466,0.09712357074022293,0.2774485945701599
1451266875639,1,-0.18154698610305786,0.06726034730672836,0.3623907268047333
1451266875661,1,-0.30119749903678894,-0.04715454950928688,-0.05785246938467026
1451266875673,1,-0.3845849335193634,0.21536943316459656,0.14553076028823853
1451266875693,1,-0.04580967500805855,0.2281961739063263,0.36917585134506226
1451266875719,1,-0.1556694656610489,0.1924929916858673,-0.054614804685115814
1451266875739,1,-0.26914986968040466,0.09936287999153137,-0.5003694295883179
1451266875762,1,-0.03219429776072502,0.2169581651687622,-0.47806817293167114
1451266875775,1,0.15141160786151886,0.1985708624124527,-0.2251233458518982
1451266875799,1,0.22621333599090576,0.13274376094341278,-0.002635609358549118
1451266875818,1,-0.2604497969150543,0.01899988390505314,0.158332958817482
1451266875839,1,-0.3979276716709137,-0.004352934658527374,0.41081953048706055
1451266875861,1,-0.7287834286689758,-0.14095628261566162,-0.13642916083335876
1451266875878,1,-0.637134850025177,-0.05882686749100685,-0.00923077017068863
1451266875899,1,0.0815112516283989,-0.07939210534095764,0.6809077858924866
1451266875919,1,0.8107818961143494,-0.05492693930864334,1.0327677726745605
1451266875939,1,0.5618249177932739,0.2988637089729309,1.1381336450576782
1451266875962,1,0.005748736206442118,0.6504834294319153,0.9419482946395874
1451266875980,1,-0.4212436378002167,-3.593228816986084,1.8519647121429443
1451266875999,1,-1.1048303842544556,1.2288964986801147,1.2188316583633423
1451266876021,1,1.1304152011871338,0.12433364987373352,-1.2404420375823975
1451266876041,1,4.882456302642822,2.5630128383636475,-0.9241250157356262
1451266876066,1,3.8894879817962646,1.7005606889724731,-1.7905436754226685
1451266876081,1,-2.379868984222412,-1.0265326499938965,-1.0016472339630127
1451266876100,1,-2.3243463039398193,-0.8731892108917236,-1.2603192329406738
1451266876120,1,-1.1571608781814575,0.133518248796463,-0.32499533891677856
1451266876143,1,0.6396721005439758,0.5532698631286621,0.590773344039917
1451266876164,1,1.2810966968536377,0.6502630710601807,0.3451087474822998
1451266876181,1,0.041939444839954376,0.17108488082885742,-0.9606857299804688
1451266876200,1,-0.607150137424469,0.17739596962928772,-0.6547726392745972
1451266876221,1,-0.6727228760719299,0.10045769065618515,0.04985036700963974
1451266876242,1,-0.6029127240180969,0.09647943079471588,0.9865612983703613
1451266876262,1,-0.45129871368408203,-0.012697569094598293,1.5539345741271973
1451266876281,1,-0.6558346152305603,-0.24873393774032593,1.2287849187850952
1451266876300,1,-0.7456052303314209,-0.09255144745111465,-0.18810732662677765
1451266876326,1,-0.49309128522872925,0.22520634531974792,-0.3579290509223938
1451266876343,1,-0.26630011200904846,0.31959086656570435,-0.19161972403526306
1451266876365,1,-0.1297617405653,0.0961129367351532,-0.015483400784432888
1451266876382,1,-0.24044951796531677,-0.004801263101398945,-0.10957856476306915
1451266876403,1,-0.23346269130706787,0.14377601444721222,-0.20503859221935272
1451266876423,1,-0.1576189249753952,0.17367607355117798,-0.1842261105775833
1451266876444,1,0.02730005793273449,0.237623929977417,-0.04918926954269409
1451266876465,1,0.15816092491149902,0.23800446093082428,-0.016069091856479645
1451266876483,1,-0.02573452703654766,0.21946050226688385,-0.10750234872102737
1451266876502,1,-0.18895718455314636,0.18420857191085815,0.041927170008420944
1451266876523,1,-0.11592929065227509,0.14532208442687988,0.0651145726442337
1451266876544,1,-0.16821834444999695,0.13019348680973053,0.033387307077646255
1451266876564,1,-0.15719261765480042,0.14746727049350739,0.14419278502464294
1451266876583,1,-0.1024058610200882,0.09319383651018143,0.13127484917640686
1451266876603,1,-0.22424912452697754,0.08201251178979874,-0.01787935569882393
1451266876624,1,-0.19353465735912323,0.10500936210155487,-0.010840543545782566
1451266876644,1,-0.20209139585494995,0.1287403702735901,0.0705208107829094
1451266876663,1,-0.13487330079078674,0.14320260286331177,0.19636428356170654
1451266876682,1,-0.02233942225575447,0.13183189928531647,0.16545477509498596
1451266876703,1,-0.14996187388896942,0.11883213371038437,-0.07764379680156708
1451266876726,1,-0.12717048823833466,0.15883857011795044,0.05708908662199974
1451266876745,1,-0.08429865539073944,0.12328501790761948,0.06696400046348572
1451266876760,1,-0.12049508094787598,0.11643325537443161,0.1378793567419052
1451266876780,1,-0.04807674512267113,0.12445055693387985,0.05251111090183258
1451266876804,1,-0.1653885692358017,0.11683891713619232,-0.13508126139640808
1451266876827,1,-0.19757883250713348,0.11968319863080978,0.056908465921878815
1451266876847,1,-0.1796608865261078,0.05866904929280281,0.09981997311115265
1451266876864,1,-0.10469081252813339,0.10422902554273605,0.21797406673431396
1451266876884,1,-0.033143360167741776,0.07846096158027649,0.10393910109996796
1451266876905,1,-0.1774897426366806,0.11266133189201355,-0.05171966552734375
1451266876926,1,-0.1910892277956009,0.14166414737701416,0.10745032131671906
1451266876948,1,-0.1518029421567917,0.09630582481622696,0.022225860506296158
1451266876966,1,-0.10434870421886444,0.12070611119270325,-0.012480711564421654
1451266876986,1,-0.029082631692290306,0.10605799406766891,-0.06682254374027252
1451266877006,1,-0.17999635636806488,0.0890834778547287,-0.08382102847099304
1451266877028,1,-0.2268993854522705,0.0680459514260292,0.0985819548368454
1451266877049,1,-0.1640409529209137,0.0864899531006813,0.09467443078756332
1451266877067,1,-0.12284597009420395,0.08858838677406311,0.06253331899642944
1451266877086,1,-0.10529230535030365,0.12160802632570267,0.05384966358542442
1451266877105,1,-0.17198044061660767,0.10224983096122742,0.043681904673576355
1451266877129,1,-0.20073534548282623,0.08201836049556732,0.08514321595430374
1451266877149,1,-0.16344036161899567,0.04016074538230896,0.02020283043384552
1451266877166,1,-0.11982333660125732,0.07255436480045319,0.029041385278105736
1451266877186,1,-0.0428941547870636,0.08880056440830231,0.05626783147454262
1451266877207,1,-0.07233992218971252,0.10846446454524994,0.024907061830163002
1451266877229,1,-0.08072163164615631,0.13711130619049072,0.030324412509799004
1451266877246,1,-0.1230645477771759,0.15370003879070282,0.028863107785582542
1451266877267,1,-0.03701009973883629,0.10493629425764084,0.14134499430656433
1451266877288,1,-0.06586746871471405,0.09359364956617355,0.07537175714969635
1451266877309,1,-0.14297854900360107,0.09802256524562836,0.03144143149256706
1451266877330,1,-0.0989890769124031,0.10634732991456985,0.0875689759850502
1451266877350,1,-0.11568324267864227,0.10788111388683319,0.05432721972465515
1451266877367,1,-0.12625475227832794,0.05784370377659798,0.035142041742801666
1451266877386,1,-0.12427224218845367,0.051774028688669205,-0.004615969490259886
1451266877410,1,-0.11418525874614716,0.05143500491976738,-0.05260346457362175
1451266877429,1,-0.1068352609872818,0.046482935547828674,-0.060894906520843506
1451266877448,1,-0.0874105766415596,0.06248480826616287,0.022882279008626938
1451266877467,1,-0.12125840783119202,0.06797639280557632,0.07713409513235092
1451266877489,1,-0.11827957630157471,0.08637012541294098,0.09726502746343613
1451266877509,1,-0.08611446619033813,0.07853695005178452,0.09987784177064896
1451266877533,2,-0.08747527003288269,0.07506079226732254,0.03924597054719925
1451266877550,2,-0.07143303006887436,0.12256079912185669,0.05461714044213295
1451266877570,2,0.05435118451714516,0.15083996951580048,0.13656945526599884
1451266877589,2,-0.07785908132791519,0.10937222838401794,0.10345745086669922
1451266877611,2,-0.07222239673137665,0.10682430118322372,0.1257762461900711
1451266877625,2,-0.1391509473323822,0.09754443168640137,0.11253683269023895
1451266877649,2,-0.11753639578819275,0.07871230691671371,0.11698328703641891
1451266877669,2,-0.034722793847322464,0.0833253487944603,0.08498889952898026
1451266877688,2,-0.04892371594905853,0.1197889968752861,0.14349311590194702
1451266877711,2,-0.09019961953163147,0.11852817982435226,0.06923486292362213
1451266877732,2,-0.1340913325548172,0.12571370601654053,0.08313830196857452
1451266877749,2,-0.11280808597803116,0.09008944034576416,0.18444354832172394
1451266877771,2,-0.07742325216531754,0.08044131845235825,0.16596972942352295
1451266877790,2,-0.09943002462387085,0.043624039739370346,-0.07321896404027939
1451266877812,2,-0.1531338095664978,0.035139117389917374,-0.04713701456785202
1451266877826,2,-0.12889394164085388,0.0577373206615448,0.06584931164979935
1451266877850,2,-0.13894933462142944,0.10458558052778244,0.1617535799741745
1451266877872,2,-0.06256876140832901,0.12285539507865906,0.22773616015911102
1451266877894,2,-0.036407604813575745,0.09278583526611328,0.09109890460968018
1451266877913,2,-0.06388594210147858,0.06376081705093384,-0.03732873871922493
1451266877931,2,-0.07767525315284729,0.05565466731786728,-0.04783142730593681
1451266877952,2,-0.07065831869840622,0.06970423460006714,0.04191606491804123
1451266877971,2,-0.11817549914121628,0.0651145726442337,0.04905892163515091
1451266877994,2,-0.1530265510082245,0.024651041254401207,0.010915946215391159
1451266878009,2,-0.24846045672893524,-0.04616086184978485,0.08524492383003235
1451266878031,2,-0.31420403718948364,-0.06481938809156418,0.16006430983543396
1451266878052,2,-0.362578421831131,-0.05972294136881828,0.12876199185848236
1451266878072,2,-0.49258705973625183,-0.128970667719841,0.11026538163423538
1451266878094,2,-0.5637862682342529,-0.21953414380550385,0.20314942300319672
1451266878115,2,5.425646781921387,1.2787708044052124,-2.941124200820923
1451266878132,2,-0.27925342321395874,1.3116122484207153,-2.3203420639038086
1451266878152,2,-4.994045257568359,0.31967034935951233,-0.46346038579940796
1451266878176,2,-2.032330274581909,0.11337094753980637,0.4299059212207794
1451266878194,2,-0.7466992735862732,0.5323129892349243,0.9035925269126892
1451266878216,2,0.8176041841506958,-0.26080021262168884,0.981797456741333
1451266878231,2,0.6393932104110718,-0.8709148168563843,0.5285340547561646
1451266878253,2,-0.1397346407175064,-0.40068742632865906,0.27724456787109375
1451266878273,2,-0.23675182461738586,-0.053135380148887634,0.2056879997253418
1451266878293,2,-0.24338746070861816,0.016604512929916382,0.04679039493203163
1451266878312,2,-0.03704429417848587,0.08868833631277084,-0.12050094455480576
1451266878333,2,0.23813630640506744,0.3899228572845459,-0.1670890897512436
1451266878353,2,0.43728557229042053,0.4301128387451172,0.007799860090017319
1451266878376,2,0.5286014080047607,0.30618658661842346,0.24086043238639832
1451266878395,2,0.4296744465827942,0.12156535685062408,0.35127779841423035
1451266878409,2,0.28564634919166565,-0.020406829193234444,0.34844109416007996
1451266878433,2,0.06183938309550285,-4.857376916334033E-4,-0.06789981573820114
1451266878454,2,0.001266439794562757,0.07620353251695633,-0.1393400877714157
1451266878475,2,-0.026695042848587036,0.059253569692373276,-0.04961714148521423
1451266878495,2,-0.1921570748090744,0.0135328508913517,0.07070259749889374
1451266878515,2,-0.19937889277935028,-0.033917468041181564,0.2753887176513672
1451266878534,2,-0.11093363165855408,-0.14385493099689484,0.27150222659111023
1451266878555,2,2.058247773675248E-4,-0.11216390877962112,0.16207623481750488
1451266878574,2,-0.07942366600036621,-0.043861355632543564,0.04525836184620857
1451266878595,2,-0.14038316905498505,-0.02012391947209835,0.10167349129915237
1451266878610,2,-0.13472455739974976,-0.006384148262441158,0.27813830971717834
1451266878634,2,-0.18684592843055725,-0.0044745150953531265,0.30995267629623413
1451266878655,2,-0.16286292672157288,0.010045593604445457,0.15822190046310425
1451266878676,2,-0.06643690168857574,0.019364042207598686,0.09511632472276688
1451266878698,2,0.04022756591439247,-0.004656885750591755,0.10082301497459412
1451266878716,2,0.08814506232738495,-0.02578793652355671,0.11967676877975464
1451266878732,2,0.03349314257502556,0.026415128260850906,0.036775194108486176
1451266878756,2,-0.07737571746110916,0.09139584749937057,-0.04641103744506836
1451266878777,2,0.08536744862794876,0.10625497251749039,0.031325697898864746
1451266878798,2,0.15822522342205048,0.12825053930282593,0.05013385787606239
1451266878810,2,0.10746859014034271,0.11820084601640701,0.10614391416311264
1451266878835,2,-0.019403131678700447,0.0579664520919323,0.1282481998205185
1451266878855,2,-0.1225525438785553,0.015272973105311394,0.27982932329177856
1451266878878,2,-0.11674202978610992,0.0033048868644982576,0.26886194944381714
1451266878897,2,-0.05428937077522278,0.044403206557035446,0.20377543568611145
1451266878916,2,-0.016139673069119453,0.06696224212646484,0.14292670786380768
1451266878935,2,-0.07991670817136765,0.0930839404463768,0.11049509793519974
1451266878960,2,-0.04957439750432968,0.10379121452569962,0.14656944572925568
1451266878978,2,-0.04732537642121315,0.07253215461969376,0.09067396074533463
1451266878996,2,0.020086875185370445,0.09013210982084274,0.09427344799041748
1451266879016,2,0.16272851824760437,0.11561492085456848,0.013507132418453693
1451266879039,2,0.14698830246925354,0.1157037690281868,-0.06890753656625748
1451266879059,2,0.06226425990462303,0.06546411663293839,-0.13609656691551208
1451266879080,2,0.026439204812049866,0.0988788902759552,0.0811094269156456
1451266879098,2,-0.03371909633278847,0.08366905152797699,0.11423486471176147
1451266879118,2,-0.1241871565580368,0.03354278951883316,0.11956103146076202
1451266879137,2,-0.09366225451231003,0.002136427443474531,0.19744332134723663
1451266879160,2,-0.06604107469320297,0.021872809156775475,0.2761024236679077
1451266879181,2,-0.17786285281181335,0.021968670189380646,0.2761918604373932
1451266879193,2,-0.2004266083240509,0.008023147471249104,0.2577069401741028
1451266879218,2,-0.20598559081554413,0.032389529049396515,0.2012859582901001
1451266879238,2,-0.06443294137716293,0.0952262133359909,0.18749591708183289
1451266879261,2,0.08740231394767761,0.14207856357097626,0.11002630740404129
1451266879274,2,0.06705496460199356,0.13980711996555328,-0.012459669262170792
1451266879296,2,0.08530991524457932,0.14814181625843048,-0.011201777495443821
1451266879317,2,0.1919369399547577,0.1237017884850502,-0.07800035923719406
1451266879337,2,0.10853812098503113,0.10944061726331711,-0.22338557243347168
1451266879360,2,0.03361453860998154,0.07956219464540482,-0.19341537356376648
1451266879379,2,0.012334252707660198,0.06590893864631653,0.030665187165141106
1451266879398,2,-0.1435748040676117,0.019230185076594353,0.13055939972400665
1451266879418,2,-0.28750136494636536,0.03260697051882744,0.21414193511009216
1451266879439,2,-0.2537614107131958,0.045488663017749786,0.40638360381126404
1451266879460,2,-0.1308126449584961,0.04617313668131828,0.5006184577941895
1451266879481,2,-0.1027287021279335,0.003093874314799905,0.31120529770851135
1451266879500,2,-0.08467647433280945,0.09904197603464127,-0.034145429730415344
1451266879520,2,-0.08654613792896271,0.147549107670784,0.11320552229881287
1451266879541,2,-0.13254640996456146,0.15360768139362335,0.39627018570899963
1451266879563,2,-0.08392740786075592,0.12324468791484833,0.46409401297569275
