1451266942887,1,-0.07042447477579117,0.08419219404459,0.09193126857280731
1451266942910,1,-0.07042447477579117,0.08419219404459,0.09193126857280731
1451266942927,1,-0.07042447477579117,0.08419219404459,0.09193126857280731
1451266942948,1,-0.07042447477579117,0.08419219404459,0.09193126857280731
1451266942968,1,-0.07042447477579117,0.08419219404459,0.09193126857280731
1451266942988,1,-1.0539374351501465,-0.5746861696243286,0.1521545648574829
1451266943008,1,-0.13467669486999512,0.08816811442375183,-0.32818156480789185
1451266943027,1,0.09111352264881134,0.24629297852516174,0.2557809352874756
1451266943055,1,0.48589932918548584,0.2776408791542053,1.188704252243042
1451266943075,1,0.9475042223930359,0.2678045630455017,1.286838412284851
1451266943093,1,0.3340471088886261,0.12515197694301605,0.6476414799690247
1451266943108,1,0.041922714561223984,0.2206576019525528,0.2876683473587036
1451266943133,1,-0.020109599456191063,0.34851008653640747,0.3398649990558624
1451266943153,1,0.17804314196109772,0.26166239380836487,0.3273123800754547
1451266943178,1,0.1896500438451767,0.19159868359565735,0.04871230199933052
1451266943193,1,0.18312904238700867,0.06730944663286209,-0.16433541476726532
1451266943214,1,-0.05912373214960098,0.09507657587528229,-0.24091771245002747
1451266943233,1,0.2059789001941681,0.307327002286911,-0.3060527443885803
1451266943254,1,0.28929343819618225,0.2928706109523773,-0.42560091614723206
1451266943275,1,0.5491471886634827,0.32076749205589294,-0.33769935369491577
1451266943296,1,0.20503373444080353,0.16602526605129242,0.14784955978393555
1451266943314,1,-0.23780207335948944,-4.600187239702791E-4,0.08210720866918564
1451266943334,1,-0.11027853190898895,0.06597264856100082,0.055025722831487656
1451266943355,1,0.26536887884140015,0.27380234003067017,0.09349428117275238
1451266943376,1,0.0013392127584666014,0.23658114671707153,0.035285834223032
1451266943394,1,-0.7223469018936157,0.03749474138021469,0.32510465383529663
1451266943414,1,-0.5018278360366821,-0.10987550765275955,0.548488438129425
1451266943435,1,-0.18488778173923492,-0.11631401628255844,0.6744892001152039
1451266943457,1,-0.28417378664016724,0.0013905776431784034,0.029426585882902145
1451266943475,1,-0.11968465894460678,0.17007657885551453,-0.3529512882232666
1451266943494,1,-0.08537687361240387,0.18203823268413544,0.02971826307475567
1451266943514,1,-0.6153257489204407,-0.0506301186978817,1.0070126056671143
1451266943534,1,-0.7077091336250305,0.020392799749970436,0.31865444779396057
1451266943557,1,-0.19085070490837097,-0.07151742279529572,0.3335457444190979
1451266943576,1,0.13937655091285706,0.16115911304950714,0.8271844387054443
1451266943597,1,0.5860052108764648,0.18244798481464386,-0.2583499252796173
1451266943615,1,0.5615012049674988,0.45668402314186096,-0.6947346925735474
1451266943636,1,0.444518119096756,0.1746218204498291,-0.8254396319389343
1451266943658,1,-0.29433315992355347,0.0034182840026915073,-0.20166181027889252
1451266943679,1,-0.70139479637146,-3.594809677451849E-4,0.5640823245048523
1451266943697,1,-0.18396496772766113,0.20130525529384613,0.6759966611862183
1451266943716,1,0.04639321193099022,0.32689622044563293,-0.3573731780052185
1451266943736,1,-0.09126359969377518,0.2780033051967621,-0.44900399446487427
1451266943757,1,0.17876118421554565,0.2324099987745285,0.6236047744750977
1451266943776,1,0.21782471239566803,0.09183073043823242,0.28931671380996704
1451266943792,1,0.11780235171318054,0.09665420651435852,-0.40433892607688904
1451266943817,1,0.1585344672203064,0.14571955800056458,0.1819552332162857
1451266943836,1,0.1631060093641281,-0.033865444362163544,0.8945797681808472
1451266943859,1,0.06014876440167427,-0.3045540153980255,-1.2655857801437378
1451266943880,1,-9.657036781311035,-0.4870131313800812,0.5733043551445007
1451266943898,1,-0.9814807176589966,0.48041388392448425,3.4094817638397217
1451266943917,1,1.2965049743652344,0.48310616612434387,0.05295534431934357
1451266943937,1,4.24701452255249,1.0941087007522583,-1.6403568983078003
1451266943959,1,1.6759419441223145,0.4659726619720459,-1.6140601634979248
1451266943979,1,0.34725117683410645,-0.6159820556640625,-1.515212893486023
1451266943993,1,-1.4559307098388672,-0.5310901403427124,-0.42499300837516785
1451266944018,1,-1.440463900566101,0.046614453196525574,0.21818506717681885
1451266944039,1,0.5958811044692993,0.9066945910453796,0.9651181101799011
1451266944055,1,2.302739143371582,0.6660942435264587,1.590022325515747
1451266944080,1,2.020261526107788,0.5953846573829651,0.5535182952880859
1451266944097,1,0.5134539604187012,0.9420377016067505,-0.4333791434764862
1451266944119,1,-0.20727530121803284,0.6787655353546143,-0.5421586632728577
1451266944139,1,-0.36951538920402527,0.26719021797180176,-0.10930150002241135
1451266944162,1,0.1488708108663559,-0.04104337468743324,0.48646309971809387
1451266944178,1,0.38163912296295166,-0.11427111178636551,0.5779255628585815
1451266944198,1,0.04680613800883293,-0.07687105983495712,0.2834206521511078
1451266944219,1,-0.2666657269001007,0.11312603205442429,-0.03127484396100044
1451266944241,1,-0.43956175446510315,0.08472002297639847,-0.0339975468814373
1451266944260,1,-0.47082406282424927,0.060488078743219376,-0.05428864061832428
1451266944274,1,-0.16292279958724976,0.008514146320521832,0.21770577132701874
1451266944299,1,0.2340078055858612,0.06645721942186356,0.5907885432243347
1451266944320,1,0.3574317693710327,-0.049302082508802414,0.15789514780044556
1451266944339,1,-0.23155586421489716,-0.004323123954236507,-0.28644847869873047
1451266944363,1,-0.17360658943653107,0.04505378007888794,-0.36748600006103516
1451266944381,1,-0.13204243779182434,0.15201134979724884,-0.22637714445590973
1451266944399,1,0.32648685574531555,0.11416706442832947,0.2108382135629654
1451266944419,1,0.4858492612838745,0.11989128589630127,0.012447978369891644
1451266944442,1,0.27213695645332336,0.20800913870334625,-0.19688919186592102
1451266944462,1,-0.06394001096487045,0.20749124884605408,-0.2879711389541626
1451266944480,1,0.27909138798713684,0.24178281426429749,-0.1500619649887085
1451266944500,1,0.42214879393577576,0.07126783579587936,-0.1633177548646927
1451266944523,1,0.4134460389614105,0.06594341993331909,0.09599895775318146
1451266944542,1,0.2536602020263672,0.09972411394119263,0.5030898451805115
1451266944557,1,0.2123982012271881,0.2336234599351883,0.30947744846343994
1451266944579,1,-1.7393978834152222,-0.6541892886161804,0.2587602436542511
1451266944601,1,-0.15525951981544495,0.8026502728462219,1.27631413936615
1451266944621,1,1.1148924827575684,0.33283787965774536,0.82752925157547
1451266944643,1,0.39673325419425964,0.17749767005443573,-0.4033581018447876
1451266944661,1,0.24598030745983124,0.05093991383910179,-0.7715227007865906
1451266944682,1,0.05705472454428673,0.25694823265075684,0.18567922711372375
1451266944701,1,-0.32111918926239014,0.17137421667575836,0.6061597466468811
1451266944724,1,-0.34831273555755615,0.14170914888381958,1.2243337631225586
1451266944744,1,0.1500622034072876,0.06266776472330093,0.9208154678344727
1451266944762,1,0.292978435754776,0.21354922652244568,-0.04494388774037361
1451266944781,1,0.20719051361083984,0.13669337332248688,-0.02751169167459011
1451266944801,1,-0.14464996755123138,0.2805249094963074,0.19090485572814941
1451266944824,1,0.11660249531269073,0.12055647373199463,0.5787947773933411
1451266944843,1,0.1327124983072281,0.17494215071201324,0.20119886100292206
1451266944862,1,0.05752367526292801,0.22992460429668427,-0.24382396042346954
1451266944883,1,-0.35036322474479675,0.17955169081687927,-0.19771453738212585
1451266944904,1,-0.37404629588127136,-0.30892157554626465,-0.014255904592573643
1451266944926,2,0.16668061912059784,-0.5437964797019958,0.6991367340087891
1451266944945,2,0.33147764205932617,-0.2219020426273346,0.2256593555212021
1451266944967,2,-0.15041516721248627,0.39511340856552124,-0.5310381650924683
1451266944985,2,-0.28502193093299866,0.4526490867137909,-1.0323965549468994
1451266945003,2,-0.34317901730537415,0.3644564151763916,-0.18156945705413818
1451266945025,2,-0.045270562171936035,0.1967085748910904,0.22466567158699036
1451266945043,2,0.05718209594488144,0.09781739860773087,0.2965010702610016
1451266945063,2,0.234178364276886,-0.010832943953573704,0.4599965214729309
1451266945084,2,0.19285142421722412,0.026957565918564796,0.3826841413974762
1451266945104,2,0.012056275270879269,0.17206746339797974,0.1387362778186798
1451266945127,2,-0.030840836465358734,0.19887129962444305,0.4247188866138458
1451266945146,2,0.1841220259666443,0.2094791978597641,0.15993337333202362
1451266945172,2,0.24405455589294434,0.24547699093818665,0.034459903836250305
1451266945184,2,0.1398436427116394,0.1829863339662552,-0.20056582987308502
1451266945204,2,0.14850378036499023,0.2500759959220886,-0.22476328909397125
1451266945222,2,0.15745441615581512,0.16027356684207916,-0.0573866069316864
1451266945246,2,0.0943562313914299,0.12692952156066895,0.12233985215425491
1451266945265,2,0.12540508806705475,0.13466157019138336,0.25296705961227417
1451266945286,2,0.08504801243543625,0.19579263031482697,0.21982523798942566
1451266945309,2,0.18608422577381134,0.2258417308330536,-0.2148556411266327
1451266945322,2,-0.0828959122300148,0.08071546256542206,-0.06465981155633926
1451266945341,2,0.127128466963768,0.13309447467327118,0.26999416947364807
1451266945365,2,0.032231561839580536,0.10942892730236053,0.3196949064731598
1451266945385,2,-0.11689137667417526,0.07929214835166931,0.28990238904953003
1451266945407,2,-0.3178842067718506,0.035904258489608765,0.28230711817741394
1451266945424,2,-0.39935532212257385,0.04992810636758804,0.24347324669361115
1451266945446,2,0.034467101097106934,0.16940847039222717,-0.013413024134933949
1451266945467,2,-0.06661492586135864,0.08127017319202423,0.0506201796233654
1451266945487,2,-0.22764858603477478,-0.04372399300336838,0.41114744544029236
1451266945506,2,-0.41582638025283813,-0.10953180491924286,0.48887598514556885
1451266945526,2,-0.3337887227535248,-0.05592530220746994,0.3180149793624878
1451266945546,2,0.17403408885002136,0.19250468909740448,-0.012523965910077095
1451266945564,2,-0.02960786037147045,0.20317980647087097,0.054587915539741516
1451266945587,2,-0.26221585273742676,0.15988193452358246,0.15244098007678986
1451266945611,2,-0.19989027082920074,0.0837976410984993,0.1238800659775734
1451266945630,2,-0.05879446491599083,0.04800385981798172,-0.07022504508495331
1451266945647,2,-0.4830922484397888,-0.20074234902858734,0.07334873080253601
1451266945667,2,-0.8863533735275269,-0.427312970161438,0.35182783007621765
1451266945687,2,-1.3949394226074219,-0.7476373910903931,0.7563737034797668
1451266945709,2,18.249462127685547,6.9700117111206055,-9.747881889343262
1451266945727,2,-4.584227085113525,-4.080733299255371,4.1015095710754395
1451266945747,2,-2.748795747756958,1.4084008932113647,0.7545920610427856
1451266945768,2,-2.100903272628784,0.8062994480133057,1.3053566217422485
1451266945792,2,-1.0927772521972656,-0.24798458814620972,0.5514093041419983
1451266945811,2,-0.20015619695186615,-0.7050935626029968,0.6247037053108215
1451266945830,2,-0.0707973837852478,-1.1403391361236572,0.9740145802497864
1451266945848,2,-0.1978599727153778,-1.0711381435394287,1.5711989402770996
1451266945868,2,-0.16255545616149902,-0.2766530513763428,0.5751683712005615
1451266945888,2,0.17496752738952637,-0.1973322480916977,-0.18947218358516693
1451266945910,2,0.5381538271903992,0.2792506515979767,-0.6444464921951294
1451266945928,2,0.7612614035606384,0.7161725759506226,-0.40731707215309143
1451266945949,2,0.605288565158844,0.9600555896759033,-0.259895384311676
1451266945969,2,0.35508766770362854,0.6242465972900391,-0.25610652565956116
1451266945984,2,0.18503375351428986,0.07862228900194168,-0.13198153674602509
1451266946011,2,0.04819090664386749,-0.19695523381233215,-0.10315525531768799
1451266946029,2,-0.03769910708069801,-0.2520657181739807,0.04104162007570267
1451266946050,2,-0.1307474672794342,-0.25276774168014526,0.29729193449020386
1451266946070,2,-0.7027864456176758,-0.12090542912483215,0.5651034712791443
1451266946092,2,-0.6307697296142578,-0.0994289293885231,0.4546300172805786
1451266946113,2,-0.4093312919139862,-0.069660983979702,0.36115562915802
1451266946130,2,-0.34544891119003296,-0.167433962225914,0.1118488535284996
1451266946152,2,-0.5092678070068359,-0.25273558497428894,-0.05669043958187103
1451266946170,2,-0.39652371406555176,-0.32118719816207886,0.21558570861816406
1451266946193,2,-0.21618078649044037,-0.14805881679058075,0.4502776861190796
1451266946212,2,-0.030270343646407127,-0.0793120265007019,0.4446013867855072
1451266946230,2,-0.2506455183029175,0.004769698716700077,0.22480478882789612
1451266946251,2,-0.265238881111145,0.12954933941364288,0.14517302811145782
1451266946273,2,-0.16036804020404816,0.14299802482128143,0.0921703353524208
1451266946292,2,-0.11535437405109406,0.07179097831249237,0.14028525352478027
1451266946311,2,0.005381437484174967,0.0504547618329525,0.28699323534965515
1451266946330,2,0.14645594358444214,0.04570259898900986,0.42776307463645935
1451266946351,2,0.12273213267326355,0.05370587110519409,0.22621522843837738
1451266946374,2,-0.22943931818008423,0.14046061038970947,-0.01568213850259781
1451266946392,2,-0.20131957530975342,0.08058043569326401,0.17865736782550812
1451266946411,2,-0.05595792457461357,-0.054658643901348114,0.25374796986579895
1451266946431,2,-0.12141067534685135,-0.06321487575769424,0.0657283216714859
1451266946454,2,-0.20994989573955536,-0.04817746579647064,-0.1526665985584259
1451266946474,2,-0.2751908004283905,0.032403554767370224,0.016604512929916382
1451266946494,2,-0.33191972970962524,-0.001471826108172536,0.23684418201446533
1451266946513,2,-0.37765294313430786,-0.09339549392461777,0.1957441121339798
1451266946532,2,-0.3046596050262451,-0.0753852054476738,0.0050467620603740215
1451266946553,2,-0.04121018201112747,0.0018687165575101972,0.1773480325937271
1451266946576,2,-0.17795923352241516,0.0495978519320488,0.29516133666038513
1451266946596,2,-0.2314501404762268,0.0832107812166214,0.48445117473602295
1451266946614,2,-0.2087269276380539,0.044036127626895905,0.08635551482439041
1451266946632,2,-0.23352840542793274,0.07633914798498154,-0.2262362837791443
1451266946653,2,-0.24155914783477783,0.0866653099656105,-0.25441139936447144
1451266946676,2,-0.177906334400177,0.1183522418141365,0.09120120108127594
1451266946696,2,0.325954794883728,0.07853168994188309,0.2366168051958084
1451266946713,2,0.03384615480899811,0.08380115032196045,0.06535246968269348
1451266946732,2,-0.1704426407814026,0.06837503612041473,0.1102835014462471
1451266946755,2,-0.2926529347896576,0.12470891326665878,0.20015139877796173
1451266946776,2,-0.16126996278762817,0.11522680521011353,0.24524551630020142
1451266946794,2,0.022542597725987434,0.041181907057762146,0.03450549766421318
1451266946813,2,-0.04444894567131996,0.0381564199924469,-0.0752875879406929
1451266946835,2,-0.14229191839694977,0.025773324072360992,0.3085492253303528
1451266946854,2,-0.22148199379444122,0.10994213819503784,0.29353755712509155
1451266946877,2,-0.04162066429853439,0.10783669352531433,0.31920507550239563
1451266946897,2,-0.20300211012363434,0.06284955143928528,0.3395341634750366
1451266946914,2,-0.2747344374656677,0.0319160632789135,0.2203717678785324
1451266946934,1,-0.08257248252630234,0.11312135308980942,-0.17379999160766602
1451266946956,1,0.1300780475139618,0.20468787848949432,-0.30853402614593506
1451266946979,1,0.235945925116539,0.19957038760185242,-0.37942251563072205
1451266946999,1,0.3321671485900879,0.14424890279769897,-0.04770633950829506
1451266947015,1,0.18372425436973572,0.025956278666853905,0.24804478883743286
1451266947035,1,-0.2458580881357193,0.12612813711166382,0.17701835930347443
1451266947054,1,-0.2662178575992584,0.1640092432498932,-0.0709632933139801
1451266947071,1,-0.19709084928035736,0.16100071370601654,-0.13738134503364563
1451266947091,1,-0.045786403119564056,0.10686229169368744,-0.1775631457567215
1451266947115,1,0.06668628007173538,0.05315525084733963,-0.07193710654973984
1451266947135,1,0.04509389027953148,0.030731823295354843,0.28077274560928345
1451266947158,1,-0.19849924743175507,0.011085458099842072,0.5268845558166504
1451266947178,1,-0.4195671081542969,0.0577642060816288,0.369403213262558
1451266947195,1,-0.29135093092918396,0.0874304473400116,0.3013274669647217
1451266947215,1,-0.145075261592865,0.09222469478845596,0.09543605893850327
1451266947236,1,-0.03479921817779541,0.11433131247758865,-0.08081307262182236
1451266947257,1,0.11584734171628952,0.08014029264450073,0.07828560471534729
1451266947277,1,0.03745148703455925,0.0406692810356617,0.17877018451690674
1451266947296,1,-0.07260288298130035,0.013876549899578094,0.20290450751781464
1451266947316,1,-0.0760120302438736,0.060738254338502884,0.14575521647930145
1451266947337,1,0.05438435450196266,0.07786533236503601,0.061866965144872665
1451266947359,1,0.05259053036570549,0.02051438018679619,-0.09577040374279022
1451266947378,1,0.1835821121931076,-0.04999006539583206,-0.33260640501976013
1451266947396,1,-0.9315575957298279,-0.07219196110963821,-0.8853811621665955
1451266947417,1,-14.064242362976074,-3.18536639213562,-1.0361545085906982
1451266947440,1,-0.9151328206062317,-1.7687422037124634,2.883415460586548
1451266947460,1,-0.12477616965770721,-1.0547528266906738,1.0345821380615234
1451266947479,1,4.581109046936035,2.30710506439209,0.4258154332637787
1451266947498,1,2.8817880153656006,1.1684879064559937,-0.08509878814220428
1451266947518,1,-0.4714603126049042,0.28836336731910706,-0.7121849656105042
1451266947538,1,-2.0659019947052,0.007794599514454603,-1.3088228702545166
1451266947561,1,-0.803666889667511,0.7278712391853333,-0.6584902405738831
1451266947579,1,1.533806324005127,0.9178133606910706,0.5014864802360535
1451266947598,1,1.3604589700698853,0.4731833338737488,0.17754502594470978
1451266947619,1,0.645216703414917,0.28338322043418884,-0.627367377281189
1451266947639,1,-0.03309701010584831,0.4058990180492401,-1.1731816530227661
1451266947660,1,-0.31268736720085144,0.47942662239074707,-0.8066864013671875
1451266947678,1,-0.25830399990081787,0.06699497997760773,0.655577540397644
1451266947698,1,-0.2847931683063507,-0.16109247505664825,0.9550959467887878
1451266947718,1,-0.4964196979999542,-0.3094938099384308,0.4392728805541992
1451266947738,1,-0.764336109161377,-0.18435820937156677,-0.042477790266275406
1451266947761,1,-0.8328146934509277,0.01899988390505314,-0.20729951560497284
1451266947779,1,-0.6300016045570374,0.15615501999855042,0.023438744246959686
1451266947799,1,-0.5272577404975891,-0.0792711079120636,0.290499210357666
1451266947819,1,-0.4026399552822113,-0.2189367711544037,0.43468496203422546
1451266947841,1,-0.5228540897369385,-0.203739196062088,0.157456174492836
1451266947862,1,-0.6615316867828369,-0.03850128874182701,-0.06082301214337349
1451266947881,1,-0.6261833906173706,-0.035811904817819595,-0.1410807967185974
1451266947899,1,-0.18897630274295807,-0.02380933053791523,-0.048920392990112305
1451266947922,1,-0.002497917739674449,-0.04919862374663353,-0.016881577670574188
1451266947953,1,-0.12895433604717255,-0.07195873558521271,-0.15429390966892242
1451266947962,1,-0.3353097140789032,-0.019639350473880768,-0.07700082659721375
1451266947981,1,-0.44481027126312256,-0.03958265483379364,-0.06485094875097275
1451266948001,1,9.503230103291571E-4,0.04120762646198273,0.13469605147838593
1451266948021,1,0.012367204762995243,0.04225800931453705,-0.014205051586031914
1451266948042,1,-0.2701910138130188,0.07707622647285461,-0.06815817952156067
1451266948063,1,-0.3883194029331207,0.11807400733232498,9.761515684658661E-5
1451266948080,1,-0.32421958446502686,0.23429390788078308,0.2557710111141205
1451266948102,1,0.08147300034761429,0.18236322700977325,0.44521278142929077
1451266948124,1,-0.07624277472496033,0.19485154747962952,0.11631576716899872
1451266948144,1,0.005868453532457352,0.26744332909584045,0.33583179116249084
1451266948164,1,0.12322036176919937,0.15783728659152985,0.3381044268608093
1451266948181,1,-0.28503745794296265,0.1277899295091629,0.11175590753555298
1451266948198,1,-0.3794163763523102,0.1541401743888855,0.07458031922578812
1451266948224,1,0.13216367363929749,0.16540449857711792,-0.05539747700095177
1451266948244,1,0.19199472665786743,0.08616846799850464,-0.3748059570789337
1451266948263,1,0.002567293355241418,-0.013548633083701134,-0.6233002543449402
1451266948283,1,-0.16710886359214783,-0.01712649129331112,-0.6516542434692383
1451266948302,1,-0.11017390340566635,0.03925766050815582,-0.48621466755867004
1451266948325,1,-0.19912804663181305,0.19044892489910126,-0.040163084864616394
1451266948344,1,-0.20849761366844177,0.16298750042915344,0.25473523139953613
1451266948363,1,-0.1641514003276825,0.05044540762901306,0.5244237184524536
1451266948382,1,-0.025637606158852577,-0.08081015199422836,0.518481433391571
1451266948403,1,0.11808314174413681,-0.1779974400997162,0.21522797644138336
1451266948427,1,-0.17835816740989685,-0.11977554857730865,-0.016497546806931496
1451266948444,1,-0.5775222778320313,0.025635961443185806,0.44634735584259033
1451266948464,1,-0.4837636649608612,0.04883095994591713,0.4941805303096771
1451266948484,1,-0.30191585421562195,0.09569208323955536,0.3550935387611389
1451266948504,1,-0.1553865224123001,0.09608662873506546,0.13557225465774536
1451266948525,1,0.001143324887380004,0.011170213110744953,0.12849019467830658
1451266948547,1,-0.07276442646980286,-0.003037760267034173,-0.17502281069755554
1451266948564,1,-0.15647321939468384,0.185969740152359,-0.3320598900318146
1451266948585,1,0.17240948975086212,0.214016854763031,-0.2944973409175873
1451266948605,1,0.20895634591579437,0.19508594274520874,-0.2720172107219696
1451266948626,1,0.036628954112529755,0.1503279209136963,-0.19278234243392944
1451266948648,1,-0.21966339647769928,0.017348024994134903,-0.03637830540537834
1451266948668,1,-0.13129699230194092,-8.598316926509142E-4,0.18170271813869476
1451266948685,1,-0.2147476077079773,-0.019046060740947723,0.22197453677654266
1451266948705,1,-0.2164311408996582,-0.04662380367517471,0.33031800389289856
1451266948725,1,-0.2913762331008911,-0.0387941338121891,0.15195173025131226
1451266948748,1,-0.3193889856338501,-0.03357727453112602,0.5588444471359253
1451266948767,1,-0.2592675983905792,0.04690203815698624,0.8371645212173462
1451266948789,1,-0.1527022123336792,0.020063715055584908,0.9021873474121094
1451266948810,1,-0.2297247052192688,0.12569090723991394,0.6993120908737183
1451266948829,1,0.006197502836585045,0.18359190225601196,0.1904682219028473
1451266948843,1,0.10972955822944641,0.2812105715274811,-0.010297521948814392
1451266948868,1,0.16968849301338196,0.37215456366539,-0.02933715470135212
1451266948889,1,0.2325868159532547,0.37277474999427795,0.05397767573595047
1451266948910,1,0.1878972351551056,0.28119945526123047,-0.026547230780124664
1451266948925,1,0.16131602227687836,0.1933089941740036,-0.0920785665512085
1451266948949,1,0.1532026082277298,0.10970248281955719,-0.3282645642757416
1451266948974,2,0.10599212348461151,0.031115269288420677,-0.22468963265419006
1451266948991,2,-0.14142560958862305,0.021059155464172363,-0.1180412769317627
1451266949016,2,-0.25343063473701477,0.06642097979784012,0.06427344679832458
1451266949031,2,-0.34412434697151184,0.08829963207244873,0.21229834854602814
1451266949049,2,-0.15498840808868408,-0.0025046763475984335,0.27556291222572327
1451266949065,2,-0.2044021636247635,-0.049839843064546585,-0.0446259081363678
1451266949091,2,-0.0978403091430664,-0.004632336087524891,-0.1938391476869583
1451266949112,2,-0.08063314855098724,0.026066754013299942,-0.31237319111824036
1451266949126,2,-0.13509339094161987,0.0718061774969101,-0.2554594576358795
1451266949147,2,-0.07706205546855927,0.07077449560165405,-0.04605681821703911
1451266949167,2,-0.06554243713617325,0.058286771178245544,0.10669044405221939
1451266949188,2,-0.0039757718332111835,0.08727554976940155,0.19552373886108398
1451266949209,2,-0.0656600371003151,0.11026362329721451,0.15980303287506104
1451266949229,2,-0.11851795017719269,0.14300444722175598,0.10833002626895905
1451266949243,2,-0.09388108551502228,0.1402595341205597,0.10061725974082947
1451266949268,2,-0.00658259354531765,0.09590952098369598,0.1637403666973114
1451266949288,2,-0.14994579553604126,0.040386371314525604,0.12288228422403336
1451266949313,2,-0.11457812786102295,0.05429799109697342,6.347908056341112E-4
1451266949324,2,-0.06277173012495041,0.06925298273563385,-0.14271511137485504
1451266949348,2,-0.030591318383812904,0.06254208832979202,-0.1617424637079239
1451266949368,2,-0.09367500245571136,-0.004995324183255434,-0.0835924744606018
1451266949388,2,-0.10012231767177582,-0.0018272154266014695,0.03089899756014347
1451266949409,2,-0.08437906205654144,0.010028642602264881,0.008438157849013805
1451266949428,2,-0.14564912021160126,-0.0164776723831892,-0.05802315101027489
1451266949447,2,-0.23988716304302216,-0.05480185151100159,0.012132921256124973
1451266949468,2,-0.42354854941368103,-0.10892916470766068,0.23450200259685516
1451266949491,2,-0.6708109378814697,-0.21932488679885864,0.3825725018978119
1451266949512,2,-3.945173501968384,5.13541841506958,0.2091682404279709
1451266949529,2,-4.343225479125977,-2.076920509338379,-0.45661506056785583
1451266949545,2,-3.6782169342041016,1.1013929843902588,0.5944920778274536
1451266949566,2,-2.2151284217834473,0.949059009552002,0.38412851095199585
1451266949590,2,-1.363722324371338,0.4600140452384949,0.7392670512199402
1451266949610,2,1.7824562788009644,-0.19878070056438446,1.0710258483886719
1451266949625,2,1.3660260438919067,-0.6981751918792725,1.3975813388824463
1451266949650,2,0.40957412123680115,-0.7557914853096008,1.5410072803497314
1451266949670,2,-0.03094707429409027,-0.4793371856212616,1.1232903003692627
1451266949693,2,0.18378113210201263,-0.36506256461143494,0.11175357550382614
1451266949706,2,0.8742465972900391,0.28783437609672546,-0.8405097723007202
1451266949730,2,0.9452340602874756,0.6857353448867798,-0.5293079614639282
1451266949750,2,0.8873810172080994,0.7742214798927307,-0.014745733700692654
1451266949772,2,0.5603072643280029,0.4455471336841583,0.2448597252368927
1451266949793,2,0.36409100890159607,0.07116904854774475,0.18545711040496826
1451266949813,2,0.23156149685382843,-0.16536416113376617,-0.04806114360690117
1451266949831,2,0.34847119450569153,-0.10454291105270386,-0.06364624947309494
1451266949852,2,0.3229493796825409,0.03143032640218735,0.19947978854179382
1451266949874,2,0.3917596936225891,0.11508475989103317,0.503818154335022
1451266949894,2,0.42097052931785583,0.09893558919429779,0.4363385736942291
1451266949914,2,0.2626805007457733,0.11268062144517899,0.04486673325300217
1451266949932,2,0.2132606953382492,0.06871113181114197,0.08342530578374863
1451266949953,2,0.16261625289916992,0.027663668617606163,0.25420448184013367
1451266949976,2,0.14032456278800964,0.06147650629281998,0.27167758345603943
1451266949994,2,0.1739044040441513,0.06895546615123749,0.21592764556407928
1451266950012,2,0.22970052063465118,0.07318097352981567,0.22276070713996887
1451266950031,2,0.20367731153964996,0.0012386018643155694,-0.1335720270872116
1451266950052,2,0.13163915276527405,0.11768296360969543,0.019254151731729507
1451266950075,2,0.06533055007457733,0.18239420652389526,0.3869277834892273
1451266950095,2,0.12160174548625946,0.05596563220024109,0.414639949798584
1451266950113,2,0.14358633756637573,-0.043844401836395264,0.015574001707136631
1451266950132,2,0.1728072464466095,-0.01691197231411934,-0.2792360484600067
1451266950153,2,0.5026532411575317,0.0895528495311737,-0.06154898554086685
1451266950175,2,0.5858950018882751,0.13808277249336243,0.10308744758367538
1451266950194,2,0.35237932205200195,0.17007599771022797,0.14546704292297363
1451266950213,2,0.15160547196865082,0.1731371432542801,0.11707739531993866
1451266950234,2,0.12420819699764252,0.15892799198627472,0.11899346113204956
1451266950254,2,0.3996661603450775,0.18500351905822754,0.033221885561943054
1451266950275,2,0.45412713289260864,0.19057752192020416,-0.1153261736035347
1451266950295,2,0.4153856039047241,0.17125965654850006,-0.20546294748783112
1451266950314,2,0.32075899839401245,0.12945523858070374,-0.1374029815196991
1451266950331,2,0.1929084062576294,0.027129415422677994,-0.10002338886260986
1451266950355,2,0.3723662495613098,0.05206862464547157,0.4297551214694977
1451266950377,2,0.36484211683273315,0.0032563714776188135,0.36435002088546753
1451266950396,2,-0.09012071043252945,0.06474047899246216,0.2421843707561493
1451266950413,2,-0.21914713084697723,0.047192543745040894,0.19722644984722137
1451266950435,2,-0.20968787372112274,0.07158756256103516,0.1769523173570633
1451266950455,2,0.10295845568180084,0.12234511226415634,0.4516390264034271
1451266950477,2,0.07109510898590088,0.09337971359491348,-0.0603986494243145
1451266950499,2,-0.09919702261686325,0.1650795042514801,-0.03859305754303932
1451266950514,2,0.07484693080186844,0.1653296798467636,0.3084527850151062
1451266950537,2,0.09491320699453354,0.15973053872585297,0.3803495764732361
1451266950558,2,0.23844346404075623,0.18364042043685913,0.3726555109024048
1451266950576,2,0.04619864001870155,0.05607493966817856,-0.34045886993408203
1451266950591,2,0.022840412333607674,0.11039572954177856,-0.3931090831756592
1451266950614,2,0.19208212196826935,0.08617313951253891,-0.23128361999988556
1451266950635,2,0.33234015107154846,0.02932429499924183,-0.04338087886571884
1451266950656,2,0.18534700572490692,0.013743278570473194,-0.03431494161486626
1451266950677,2,-0.02384060248732567,0.07717793434858322,0.3665875792503357
1451266950695,2,0.016551503911614418,0.031492870301008224,0.3670692443847656
1451266950716,2,-0.017622165381908417,0.0037678282242268324,0.06678513437509537
1451266950736,2,-0.15636782348155975,0.08207739889621735,-0.162512868642807
1451266950758,2,-0.07134100794792175,0.056387659162282944,-0.13524843752384186
1451266950778,2,-0.020879413932561874,0.057507604360580444,-0.05001753941178322
1451266950796,2,0.4178125858306885,0.1303337663412094,0.45692193508148193
1451266950816,2,0.29380127787590027,0.05207914859056473,0.27734220027923584
1451266950837,2,-0.02590104192495346,0.09440496563911438,0.005931143648922443
1451266950858,2,-0.18513350188732147,0.13453589379787445,-0.13355331122875214
1451266950878,2,0.11002229154109955,0.1274491548538208,-0.06380640715360641
1451266950897,2,0.18461543321609497,0.06604980677366257,-0.10099311172962189
1451266950918,2,0.21969328820705414,0.12303134053945541,0.0316261425614357
1451266950938,2,0.16704829037189484,0.07821662724018097,0.19835984706878662
1451266950960,2,-0.06929251551628113,0.04286065325140953,0.20683307945728302
1451266950985,1,-0.14709676802158356,0.030285833403468132,0.1917933225631714
1451266951004,1,0.12912793457508087,0.10198621451854706,0.2576788663864136
1451266951017,1,0.18242128193378448,0.09583704173564911,0.0319330170750618
1451266951041,1,0.05627492070198059,0.13196751475334167,-0.06734276562929153
1451266951063,1,-0.008647453971207142,0.15541911125183105,0.034231942147016525
1451266951079,1,0.08902429044246674,0.16875439882278442,0.4832382798194885
1451266951097,1,0.22644051909446716,0.04946399852633476,0.4898509681224823
1451266951118,1,-0.05547142028808594,0.13306523859500885,-0.23277181386947632
1451266951139,1,0.026161519810557365,0.16014263033866882,-0.20962125062942505
1451266951160,1,0.10164020955562592,0.08762918412685394,-0.07022913545370102
1451266951182,1,0.12219163775444031,0.030911855399608612,0.018134206533432007
1451266951198,1,0.010586641728878021,0.07353226840496063,0.17166472971439362
1451266951219,1,0.0037097048480063677,0.07295066863298416,0.40195292234420776
1451266951242,1,-0.051453597843647,0.08797405660152435,0.2802501916885376
1451266951262,1,-0.06004742160439491,0.06451952457427979,0.07296820729970932
1451266951274,1,-0.09810085594654083,0.10042495280504227,-0.1250748336315155
1451266951299,1,-0.004564019851386547,0.10976795107126236,-0.1508101522922516
1451266951319,1,-0.033177245408296585,0.09149462729692459,0.05758066847920418
1451266951343,1,0.08574574440717697,0.1113186851143837,0.2649848163127899
1451266951361,1,0.23400303721427917,0.08736088871955872,0.26581600308418274
1451266951378,1,0.2252885103225708,0.1257224828004837,0.2728443145751953
1451266951400,1,0.23679734766483307,0.1662035435438156,0.11894144117832184
1451266951421,1,0.08260280638933182,0.15642215311527252,-0.22684359550476074
1451266951441,1,0.17281371355056763,0.24656185507774353,-0.259530633687973
1451266951463,1,0.29023879766464233,0.23919571936130524,-0.0702618733048439
1451266951481,1,0.3585064113140106,0.22962182760238647,0.6503180265426636
1451266951502,1,-0.07610489428043365,-0.5426876544952393,-0.15314006805419922
1451266951521,1,-7.418719291687012,-1.6144541501998901,0.29125791788101196
1451266951543,1,-0.19303813576698303,0.4898808002471924,2.7075252532958984
1451266951563,1,1.5820205211639404,-0.7981792688369751,-0.7422001957893372
1451266951576,1,2.7684216499328613,1.0948054790496826,-1.961991548538208
1451266951601,1,2.8804643154144287,1.2126017808914185,-1.1798287630081177
1451266951621,1,1.0232667922973633,0.6606366038322449,-0.9306904077529907
1451266951644,1,-1.316986322402954,-0.03661620616912842,-0.7852765321731567
1451266951665,1,-0.31268778443336487,0.4184750020503998,0.7094312906265259
1451266951681,1,0.8280502557754517,0.6249503493309021,1.2660428285598755
1451266951701,1,1.1387819051742554,0.695702075958252,0.7518734335899353
1451266951724,1,0.7079432010650635,0.5530062317848206,0.09931319206953049
1451266951744,1,0.18991822004318237,0.42507660388946533,-0.402396559715271
1451266951763,1,-0.36750853061676025,0.19676761329174042,-0.21941198408603668
1451266951782,1,-0.34225648641586304,0.041640754789114,0.16571781039237976
1451266951804,1,-0.376923143863678,-0.0255681574344635,0.657951295375824
1451266951825,1,-0.43297886848449707,-0.09934008121490479,1.0622551441192627
1451266951844,1,-0.3782581388950348,-0.17137247323989868,0.9243407249450684
1451266951858,1,-0.6562663912773132,0.06455518305301666,-0.051112350076436996
1451266951883,1,-0.573698103427887,0.10688859969377518,-0.2627396583557129
1451266951902,1,-0.43947067856788635,-0.011665303260087967,-0.3931196331977844
1451266951925,1,-0.3282153606414795,0.010662848129868507,-0.26231062412261963
1451266951944,1,0.023475568741559982,-0.024103345349431038,-0.03431786596775055
1451266951962,1,-0.14551571011543274,-0.03365267813205719,-0.0571942999958992
1451266951983,1,-0.2389863133430481,0.017938977107405663,-0.050175946205854416
1451266952005,1,-0.36690935492515564,0.05982114002108574,-0.1376940757036209
1451266952025,1,-0.21078097820281982,0.11321546137332916,-0.03197159618139267
1451266952045,1,-0.05953077971935272,0.20780512690544128,0.17537878453731537
1451266952064,1,-0.18837617337703705,0.04991232603788376,-0.022687632590532303
1451266952084,1,-0.5697686672210693,0.04916062951087952,0.004088146146386862
1451266952105,1,-0.33804476261138916,0.007619243115186691,0.2272317260503769
1451266952127,1,-0.04538549482822418,3.279167867731303E-4,0.19937223196029663
1451266952146,1,0.029287835583090782,0.12421908974647522,0.13638824224472046
1451266952163,1,0.04337017238140106,0.14907296001911163,0.011091887950897217
1451266952185,1,-0.11392554640769958,0.16362228989601135,-0.28938567638397217
1451266952208,1,-0.10123586654663086,0.17759586870670319,-0.062488898634910583
1451266952227,1,-0.08330799639225006,0.08940145373344421,0.09405308216810226
1451266952246,1,-0.11071644723415375,0.04853811487555504,0.12074586004018784
1451266952265,1,-0.1240713819861412,0.04534604027867317,0.11332125961780548
1451266952285,1,-0.07048428058624268,0.08897943049669266,0.25589725375175476
1451266952308,1,-0.10783734917640686,0.10659633576869965,0.2843453586101532
1451266952326,1,-0.24433694779872894,0.15363164246082306,0.17866554856300354
1451266952340,1,-0.13654625415802002,0.20186054706573486,0.24420857429504395
1451266952365,1,0.07009141147136688,0.15666764974594116,0.16122107207775116
1451266952385,1,0.03444613143801689,0.10710662603378296,0.09069149196147919
1451266952405,1,-0.005245974287390709,0.08592179417610168,-0.07391571998596191
1451266952428,1,-0.04468417912721634,0.12733517587184906,-0.17791560292243958
1451266952446,1,-0.010890482924878597,0.09833820909261703,-0.20212124288082123
1451266952464,1,0.046948179602622986,0.10281331092119217,-0.02549450658261776
1451266952486,1,0.03667064011096954,0.09544657915830612,0.043200258165597916
1451266952507,1,-0.28910329937934875,0.07176175713539124,0.22935587167739868
1451266952530,1,-0.09675861150026321,0.0582902766764164,0.38997137546539307
1451266952547,1,-0.060455530881881714,0.05131225660443306,0.2503565847873688
1451266952567,1,-0.22093141078948975,0.05264262855052948,-0.02617722935974598
1451266952588,1,-0.25499680638313293,0.10618951171636581,-0.0077490066178143024
1451266952608,1,-0.006222418509423733,0.08057985454797745,0.19117197394371033
1451266952625,1,-0.11512045562267303,0.11077216267585754,0.027177345007658005
1451266952643,1,-0.045084211975336075,0.10088029503822327,-0.09905191510915756
1451266952667,1,0.02258099429309368,0.07593056559562683,-0.2625467777252197
1451266952688,1,0.02601703256368637,0.10375848412513733,-0.24233166873455048
1451266952709,1,0.06768051534891129,0.07439151406288147,-0.06439853459596634
1451266952729,1,-0.10715795308351517,0.08849485963582993,0.09096388518810272
1451266952747,1,-0.10555588454008102,0.041848260909318924,0.27924948930740356
1451266952767,1,-0.21057577431201935,0.016340309754014015,0.26732873916625977
1451266952788,1,-0.17340634763240814,0.026954643428325653,0.28896015882492065
1451266952809,1,-0.16290482878684998,0.032521046698093414,0.19685235619544983
1451266952831,1,-0.0848565399646759,0.06845394521951675,0.07350888848304749
1451266952847,1,-0.26849016547203064,0.041619714349508286,-0.06011749431490898
1451266952868,1,-0.2517715096473694,0.025865094736218452,0.003368599805980921
1451266952888,1,-0.08297843486070633,-0.031925417482852936,0.09423018991947174
1451266952910,1,-0.05728701874613762,0.0024742812383919954,0.04957973212003708
1451266952929,1,0.06215597689151764,0.11102642863988876,-0.12249942123889923
1451266952948,1,0.12115896493196487,0.1480932980775833,-0.0772743821144104
1451266952969,1,-0.009769698604941368,0.1021978110074997,-0.0244751013815403
1451266952989,1,-0.07637253403663635,0.08813713490962982,0.0812947228550911
1451266953011,1,-0.03936130180954933,0.09265899658203125,0.18250936269760132
1451266953034,2,3.563026257324964E-4,0.10518588125705719,0.242069810628891
1451266953049,2,0.08723094314336777,0.09140636771917343,0.16206921637058258
1451266953076,2,-0.04181264340877533,0.12197861075401306,0.05078151077032089
1451266953093,2,-0.06614416837692261,0.145761638879776,0.11340425908565521
1451266953105,2,-0.048569899052381516,0.13870470225811005,0.21290801465511322
1451266953125,2,-0.07697572559118271,0.13184651732444763,0.26143208146095276
1451266953149,2,-0.033392202109098434,0.12410393357276917,0.3224368989467621
1451266953170,2,-0.05781078711152077,0.07616963237524033,0.16129297018051147
1451266953191,2,-0.0409734882414341,0.06470715999603271,0.06688801199197769
1451266953212,2,7.316387491300702E-4,0.0570627823472023,-0.024328386411070824
1451266953225,2,-0.05635003000497818,0.08186404407024384,-0.1199105754494667
1451266953250,2,-0.024123840034008026,0.08102992922067642,-0.029593760147690773
1451266953271,2,0.006980141159147024,0.09173019230365753,0.09126374125480652
1451266953293,2,-0.012471761554479599,0.07667583227157593,0.15233750641345978
1451266953311,2,-0.12415245175361633,0.03901391476392746,0.1302817463874817
1451266953326,2,-0.1519622504711151,0.038183894008398056,0.14078444242477417
1451266953347,2,-0.10904047638177872,0.09437573701143265,0.14616729319095612
1451266953373,2,-0.13407394289970398,0.06740589439868927,0.09707506000995636
1451266953395,2,-0.16103212535381317,0.0623316615819931,0.14737141132354736
1451266953412,2,-0.02276080846786499,0.02432604879140854,0.18804888427257538
1451266953432,2,-0.06588022410869598,0.02288578636944294,0.009454057551920414
1451266953453,2,-0.1361185610294342,0.05787701904773712,-0.1406342089176178
1451266953473,2,0.008712043054401875,0.062453243881464005,-0.007532149087637663
1451266953494,2,0.15349745750427246,0.0498509518802166,0.02149813063442707
1451266953513,2,0.016728395596146584,0.039317864924669266,-0.07381810247898102
1451266953532,2,-0.042508114129304886,0.010081249289214611,-0.06208265572786331
1451266953553,2,-0.31034496426582336,-0.057735566049814224,0.030800797045230865
1451266953575,2,-0.7323559522628784,-0.2241659015417099,0.2330097109079361
1451266953593,2,-0.9405270218849182,-0.34264031052589417,0.5574497580528259
1451266953608,2,-1.150959849357605,-0.4660474956035614,0.9445499777793884
1451266953632,2,13.147712707519531,8.605764389038086,0.33485740423202515
1451266953653,2,-6.850708961486816,-1.4357880353927612,-1.1323293447494507
1451266953673,2,-2.803295612335205,1.5804443359375,0.19723288714885712
1451266953692,2,-1.3826603889465332,1.4687550067901611,-0.08918927609920502
1451266953712,2,0.3259895145893097,0.4884370267391205,-0.21080197393894196
1451266953732,2,0.982808530330658,-0.3226771354675293,0.6423854827880859
1451266953753,2,1.5899391174316406,-0.8749597072601318,1.8316841125488281
1451266953775,2,1.515426516532898,-0.9634610414505005,1.9587877988815308
1451266953790,2,0.1852961778640747,-0.38984277844429016,-0.6201186776161194
1451266953813,2,0.21331268548965454,-0.03016483783721924,-1.5427812337875366
1451266953833,2,0.6816609501838684,0.44939154386520386,-1.5419237613677979
1451266953854,2,1.0598691701889038,0.8764654397964478,-0.9081470966339111
1451266953875,2,1.0593700408935547,1.0063011646270752,-0.11378420144319534
1451266953897,2,0.6384556889533997,0.26184359192848206,0.24815994501113892
1451266953915,2,0.4434107840061188,-0.11295944452285767,0.017031800001859665
1451266953934,2,0.38421186804771423,-0.15456628799438477,-0.09189502894878387
1451266953955,2,0.42097172141075134,-0.114914670586586,0.05104045197367668
1451266953976,2,0.2809014618396759,-0.029015667736530304,0.08468728512525558
1451266953998,2,0.16848018765449524,0.20561492443084717,-0.005913608241826296
1451266954014,2,0.28613385558128357,0.1540554165840149,0.12521687150001526
1451266954035,2,0.2967918813228607,0.05801789090037346,0.2775228023529053
1451266954051,2,0.11714337766170502,-0.03706277906894684,0.24012276530265808
1451266954078,2,-0.11157390475273132,-0.06289689242839813,0.20625673234462738
1451266954098,2,-0.1830182671546936,-0.0792471393942833,0.23559856414794922
1451266954115,2,0.23735907673835754,-0.010689152404665947,0.12584230303764343
1451266954135,2,0.2760959565639496,0.034701310098171234,0.006707973312586546
1451266954157,2,0.20397056639194489,0.06566109508275986,0.06418342888355255
1451266954177,2,0.11983740329742432,0.06796060502529144,0.10605331510305405
1451266954198,2,-0.05754975974559784,0.12931378185749054,0.05269640311598778
1451266954215,2,0.34691447019577026,0.09044073522090912,0.07185235619544983
1451266954236,2,0.3968474864959717,0.053945526480674744,-0.0870528444647789
1451266954258,2,0.32344526052474976,0.027186697348952293,-0.17759178578853607
1451266954277,2,0.22291243076324463,0.071074940264225,-0.12806172668933868
1451266954297,2,0.2114957720041275,0.1281874030828476,0.12350071221590042
1451266954316,2,0.09217117726802826,0.1355547159910202,0.25568509101867676
1451266954336,2,0.06287888437509537,0.08900398015975952,0.23015199601650238
1451266954359,2,0.07100585848093033,0.02473345957696438,0.19430910050868988
1451266954378,2,0.04877513647079468,0.014684359543025494,0.18297815322875977
1451266954396,2,0.07313574850559235,0.04407412186264992,0.21207039058208466
1451266954416,2,0.1720934361219406,0.07178162783384323,0.11824410408735275
1451266954437,2,0.15419457852840424,0.14640052616596222,0.004573299549520016
1451266954459,2,0.21309120953083038,0.15680792927742004,0.07401099056005478
1451266954478,2,0.2391824573278427,0.1222609356045723,0.08692366629838943
1451266954498,2,0.18048439919948578,0.11719313263893127,0.03371230140328407
1451266954518,2,0.17507435381412506,0.07925999909639359,-0.15977321565151215
1451266954539,2,0.1643761843442917,0.11256781220436096,-0.13120821118354797
1451266954560,2,0.1923845261335373,0.06592705845832825,0.14329145848751068
1451266954582,2,0.13498127460479736,0.06138239800930023,0.29606911540031433
1451266954597,2,0.0399189367890358,0.09522680193185806,0.39157938957214355
1451266954619,2,-0.016341479495167732,0.13160276412963867,0.37997663021087646
1451266954642,2,0.07426577061414719,0.10643383860588074,0.15854689478874207
1451266954662,2,0.12828600406646729,0.1253138929605484,0.010108137503266335
1451266954681,2,0.17917536199092865,0.14470131695270538,-0.01920972764492035
1451266954698,2,0.1619168221950531,0.1501297801733017,0.02689969725906849
1451266954719,2,0.19266033172607422,0.09321136772632599,0.09405366331338882
1451266954740,2,0.14183953404426575,0.06166764348745346,0.008820435032248497
1451266954760,2,0.06506791710853577,0.08869009464979172,-0.09513912349939346
1451266954775,2,0.1479717493057251,0.0987374410033226,0.0814233124256134
1451266954799,2,0.16750186681747437,0.09097674489021301,0.11912672966718674
1451266954820,2,-0.02393653802573681,0.08116203546524048,0.029878420755267143
1451266954841,2,-0.07721129059791565,0.0740729495882988,0.06490180641412735
1451266954861,2,-0.0807407796382904,0.04629179462790489,0.27485212683677673
1451266954879,2,-0.05057188495993614,0.024383915588259697,0.36820611357688904
1451266954898,2,0.006727591156959534,0.032303016632795334,0.2930436134338379
1451266954921,2,0.010666100308299065,0.07647592574357986,0.12718553841114044
1451266954942,2,-0.0021336874924600124,0.13271686434745789,0.02684592269361019
1451266954963,2,0.07672332227230072,0.09292963147163391,-0.06812486052513123
1451266954976,2,0.08516137301921844,0.09423720836639404,-0.17354045808315277
1451266955000,2,0.11808363348245621,0.07258300483226776,-0.21812136471271515
1451266955021,2,0.09323988109827042,0.08779460191726685,-0.19010873138904572
1451266955042,2,0.19455446302890778,0.09515198320150375,-0.07766425609588623
