1449111357596,0,2.0952541828155518,-0.981520414352417,0.7292752265930176
1449111357612,1,2.0952541828155518,-0.981520414352417,0.7292752265930176
1449111357634,1,2.0952541828155518,-0.981520414352417,0.7292752265930176
1449111357655,1,2.0952541828155518,-0.981520414352417,0.7292752265930176
1449111357673,1,2.0952541828155518,-0.981520414352417,0.7292752265930176
1449111357694,1,2.0952541828155518,-0.981520414352417,0.7292752265930176
1449111357714,1,-0.04627973958849907,0.08509235829114914,0.08746902644634247
1449111357735,1,0.10590696334838867,0.2849772274494171,0.49538055062294006
1449111357755,1,-0.09276976436376572,0.25538989901542664,0.4631529450416565
1449111357779,1,0.1343286782503128,0.5133662819862366,0.1287076324224472
1449111357798,1,0.2516983449459076,0.5257394313812256,-0.3578910827636719
1449111357818,1,0.16657112538814545,0.5063859224319458,0.21915070712566376
1449111357835,1,-0.4813784658908844,0.38074761629104614,0.9280267357826233
1449111357858,1,-2.222848892211914,1.0189210176467896,-1.011755347251892
1449111357879,1,1.1451034545898438,-0.2677507698535919,-0.5482049584388733
1449111357900,1,0.8582254648208618,-0.7995622158050537,-0.9825772047042847
1449111357921,1,-0.029550358653068542,-0.053187984973192215,0.8862240314483643
1449111357941,1,0.48917511105537415,0.18756899237632751,0.4607318639755249
1449111357960,1,0.7386412620544434,0.1957271546125412,-1.0518839359283447
1449111357981,1,0.07629340887069702,-0.3224427402019501,-0.8464069962501526
1449111358001,1,-0.051231589168310165,-0.2765127718448639,0.27466508746147156
1449111358022,1,0.028223054483532906,0.02232522889971733,1.0564543008804321
1449111358043,1,0.24209699034690857,0.19982466101646423,1.059741735458374
1449111358061,1,-0.03385462984442711,0.23010405898094177,0.5102636814117432
1449111358082,1,-0.3068532347679138,0.10432079434394836,0.5107336044311523
1449111358101,1,-0.545281171798706,-0.009494389407336712,0.40271979570388794
1449111358122,1,-0.42624813318252563,-0.05523030459880829,0.21563363075256348
1449111358143,1,-0.37611308693885803,0.29544776678085327,0.4486825168132782
1449111358160,1,-0.043707624077796936,0.3408370614051819,0.8392670750617981
1449111358182,1,-0.1770477443933487,0.12858079373836517,0.6887894868850708
1449111358204,1,-0.5999265313148499,-0.1185036301612854,-0.03023439459502697
1449111358224,1,-0.4149985611438751,-0.28459787368774414,-0.0066407532431185246
1449111358241,1,-0.155225932598114,0.14131109416484833,0.2446206659078598
1449111358261,1,0.20524156093597412,0.4357645809650421,0.5967997908592224
1449111358281,1,0.19044995307922363,-0.12239888310432434,-0.13963936269283295
1449111358302,1,-0.33598223328590393,-0.05192132666707039,-0.14380759000778198
1449111358324,1,-0.07995083183050156,-0.035859834402799606,-0.25171616673469543
1449111358341,1,-0.35427653789520264,-0.7228875756263733,-2.0794525146484375
1449111358362,1,-0.6734368801116943,0.07975625991821289,-2.4780848026275635
1449111358383,1,-2.0462734699249268,1.683040738105774,3.7189533710479736
1449111358403,1,3.3856565952301025,0.5577560663223267,-0.41749125719070435
1449111358424,1,6.783698081970215,3.256640911102295,-3.3953194618225098
1449111358443,1,4.107892990112305,1.6226164102554321,-2.8156728744506836
1449111358463,1,-1.180528998374939,-0.4398696720600128,-2.8909430503845215
1449111358483,1,-4.41247034072876,-0.6959043145179749,-1.0461872816085815
1449111358506,1,1.8020331859588623,0.07884791493415833,4.755643844604492
1449111358524,1,2.27630877494812,0.435751736164093,4.1293792724609375
1449111358542,1,1.306875228881836,0.448510080575943,1.4002859592437744
1449111358562,1,0.6573464870452881,0.5725181698799133,-0.725388765335083
1449111358583,1,0.04668963700532913,0.7590397000312805,-1.8954923152923584
1449111358603,1,-0.0018455913523212075,0.6490466594696045,-0.3111123740673065
1449111358624,1,-0.42753520607948303,0.34877485036849976,0.7052437663078308
1449111358638,1,-0.482713907957077,0.023789456114172935,1.1866239309310913
1449111358665,1,0.012864742428064346,-0.3591887056827545,1.0094565153121948
1449111358684,1,-0.11489048600196838,-0.46382105350494385,-0.0035521395038813353
1449111358705,1,-0.24677330255508423,0.1229226142168045,-0.5008148550987244
1449111358720,1,-0.14582206308841705,0.22936171293258667,-0.33676877617836
1449111358743,1,0.12896649539470673,0.16220073401927948,-0.0921703353524208
1449111358764,1,0.2252412736415863,0.23306524753570557,0.17305414378643036
1449111358783,1,0.21265041828155518,0.16774901747703552,0.3247726559638977
1449111358806,1,0.08939886093139648,0.25479602813720703,0.3149023950099945
1449111358824,1,-0.05088767409324646,0.25241759419441223,-0.22117899358272552
1449111358840,1,-0.034622326493263245,0.2869201600551605,-0.19228725135326385
1449111358865,1,-0.045997124165296555,0.3043973743915558,0.023975919932127
1449111358884,1,0.25770196318626404,0.42976388335227966,0.347040593624115
1449111358906,1,0.4118826985359192,0.449381023645401,0.5293015241622925
1449111358926,1,-0.21514774858951569,-0.06633096188306808,0.22838614881038666
1449111358944,1,-0.22375673055648804,0.015192308463156223,0.16303133964538574
1449111358962,1,-0.20885106921195984,0.19059038162231445,-0.027235213667154312
1449111358987,1,-0.0055991350673139095,0.004863806534558535,0.10071487724781036
1449111359007,1,0.14055271446704865,-0.11218786984682083,0.5210720300674438
1449111359021,1,0.07817121595144272,-0.2238037884235382,0.7224965691566467
1449111359046,1,-0.156356543302536,0.048522915691137314,0.9019669890403748
1449111359067,1,0.02842950075864792,0.048657942563295364,0.8350450396537781
1449111359089,1,0.09087949246168137,0.010698504745960236,0.4154354929924011
1449111359110,1,-0.07885189354419708,0.1193266361951828,-0.12133914977312088
1449111359121,1,-0.12231296300888062,0.16043606400489807,-0.21765491366386414
1449111359148,1,0.13989029824733734,0.1986106038093567,-1.020837664604187
1449111359167,1,-0.21027275919914246,0.4533984363079071,0.1743219643831253
1449111359189,1,-0.31182631850242615,-6.122866761870682E-4,1.127208948135376
1449111359208,1,0.22123286128044128,-0.23394758999347687,0.45755907893180847
1449111359226,1,-0.02973892167210579,0.1633870154619217,0.062220603227615356
1449111359246,1,0.10919024050235748,0.6191024780273438,0.2215624451637268
1449111359267,1,-0.1517781764268875,0.40798312425613403,0.8967425227165222
1449111359290,1,-0.14202259480953217,-0.42220601439476013,1.4100830554962158
1449111359308,1,-0.5586687326431274,-0.02271568961441517,1.3640607595443726
1449111359323,1,-0.30565133690834045,0.12554098665714264,0.9107961654663086
1449111359346,1,0.6350302696228027,0.12609247863292694,-0.5098509788513184
1449111359369,1,0.6609882712364197,0.14187310636043549,-0.7425392270088196
1449111359389,1,0.4994184374809265,0.12865093350410461,-0.5022539496421814
1449111359409,1,0.340361624956131,0.16465426981449127,-0.35178515315055847
1449111359429,1,0.3028600513935089,0.18594256043434143,0.1462269276380539
1449111359449,1,-0.027723873034119606,-0.11143384128808975,0.18600071966648102
1449111359470,1,-0.3550350069999695,-0.020262159407138824,-0.13983166217803955
1449111359493,1,-0.3786810040473938,-0.18239420652389526,-0.30772680044174194
1449111359510,1,-0.11452281475067139,-0.20431262254714966,-0.31994742155075073
1449111359529,1,0.02604176662862301,0.05122077837586403,0.07510872930288315
1449111359550,1,0.134030282497406,0.26579877734184265,0.7728729844093323
1449111359572,1,0.0716855451464653,-0.009062719531357288,0.637087345123291
1449111359600,1,-0.36157768964767456,0.012756898067891598,0.34171268343925476
1449111359610,1,-0.5347149968147278,-0.07502981275320053,0.030740005895495415
1449111359628,1,-0.5534051656723022,-0.17268531024456024,-0.024088148027658463
1449111359650,2,-0.2532084584236145,-0.12905074656009674,0.024980127811431885
1449111359670,2,0.08864063024520874,0.04199059307575226,0.8404232263565063
1449111359694,2,-0.01926872879266739,-0.17405571043491364,0.46733811497688293
1449111359711,2,-0.18404923379421234,-0.20371435582637787,-0.17304594814777374
1449111359730,2,-0.11556306481361389,-0.06013035401701927,-0.5052250623703003
1449111359750,2,-0.04895781725645065,0.0389709509909153,-0.3959294259548187
1449111359771,2,-0.13404448330402374,0.023859892040491104,0.30898937582969666
1449111359793,2,-0.12099629640579224,0.10195990651845932,-0.04114040359854698
1449111359808,2,-0.06548423320055008,0.11668051034212112,-0.11886311322450638
1449111359829,2,0.05269142612814903,0.2309831827878952,0.08673077821731567
1449111359850,2,0.08266452699899673,0.20928455889225006,0.17376433312892914
1449111359872,2,-0.02603207342326641,0.02253536507487297,0.47980189323425293
1449111359891,2,-0.2124132513999939,0.21483488380908966,0.29848435521125793
1449111359912,2,-0.149682879447937,0.31033581495285034,0.17802783846855164
1449111359931,2,-0.08678533881902695,0.12154372781515121,0.5826964378356934
1449111359953,2,-0.19048354029655457,0.10808569937944412,0.23282793164253235
1449111359973,2,-0.28311866521835327,0.12401947379112244,-0.265970915555954
1449111359987,2,-0.5102260708808899,0.08142127096652985,0.5169745683670044
1449111360011,2,0.278256893157959,0.46759384870529175,-1.098300814628601
1449111360031,2,0.6066769361495972,0.6262398362159729,-1.134090542793274
1449111360048,2,0.17911022901535034,0.3825961649417877,0.2315828949213028
1449111360073,2,-0.15356408059597015,-0.04490092769265175,0.5768517851829529
1449111360094,2,-0.6854150295257568,-0.6142311096191406,1.9035142660140991
1449111360109,2,-0.25216251611709595,-0.725495457649231,0.18479426205158234
1449111360133,2,-0.03526265174150467,-0.3753659427165985,-0.3900842070579529
1449111360156,2,0.7549509406089783,0.15074439346790314,-0.06966682523488998
1449111360173,2,1.2182120084762573,0.877678632736206,0.39660513401031494
1449111360193,2,1.3619791269302368,1.1551096439361572,1.2726818323135376
1449111360213,2,-0.5601407885551453,-0.2949073612689972,-1.0268296003341675
1449111360233,2,-0.5832388997077942,-0.48462653160095215,-1.107656717300415
1449111360255,2,-0.21800167858600616,-0.23239684104919434,-0.5646060705184937
1449111360273,2,0.15276457369327545,0.23723961412906647,0.04955576732754707
1449111360293,2,0.6664448380470276,0.235396608710289,0.41363632678985596
1449111360313,2,1.0732007026672363,0.3363628387451172,0.39969316124916077
1449111360334,2,1.0501362085342407,0.36974459886550903,0.6858862042427063
1449111360356,2,0.7967264652252197,0.35057345032691956,0.051962826400995255
1449111360374,2,0.516858696937561,0.36426207423210144,-0.6494698524475098
1449111360393,2,0.34197625517845154,0.47661855816841125,-0.9044190645217896
1449111360413,2,-0.3921607732772827,0.1755281239748001,0.6799836754798889
1449111360433,2,-0.8085640072822571,-0.1064583882689476,0.5206915140151978
1449111360455,2,-1.4479608535766602,-0.30908700823783875,0.048780690878629684
1449111360474,2,-1.681281566619873,-0.20146891474723816,-0.024383915588259697
1449111360490,2,-1.2333775758743286,0.02938128635287285,0.07508300989866257
1449111360514,2,-0.5914532542228699,0.1369619518518448,0.5358978509902954
1449111360536,2,-0.6583132743835449,-0.4895075857639313,1.0184826850891113
1449111360557,2,-0.7318828105926514,-0.6933779716491699,0.8361088633537292
1449111360571,2,-0.5098567605018616,-0.5740072131156921,0.24096213281154633
1449111360595,2,-0.033265069127082825,-0.38658350706100464,-0.06937047094106674
1449111360616,2,0.6050773859024048,-0.13797727227210999,0.26100948452949524
1449111360638,2,0.593601405620575,-0.06908844411373138,0.3812602460384369
1449111360658,2,0.39873671531677246,0.04266279190778732,-0.13139700889587402
1449111360677,2,0.5294466614723206,0.3733633756637573,-0.577399492263794
1449111360695,2,0.6735718846321106,0.4906961917877197,-0.6269219517707825
1449111360716,2,0.5997810363769531,0.6558741927146912,-0.484628289937973
1449111360739,2,0.40491625666618347,0.3885910212993622,0.7644968032836914
1449111360757,2,-0.23423640429973602,0.215841144323349,0.7686357498168945
1449111360777,2,-1.027433156967163,-0.18790976703166962,0.10980711132287979
1449111360796,2,-0.9325467348098755,-0.24457857012748718,-0.6141635775566101
1449111360816,2,28.794265747070313,-3.505662679672241,2.7618823051452637
1449111360839,2,4.963291645050049,1.5613199472427368,2.2108986377716064
1449111360858,2,-2.1482856273651123,1.616075038909912,1.4783546924591064
1449111360876,2,-5.331246376037598,-0.44504591822624207,-3.7712490558624268
1449111360896,2,0.2937096953392029,-0.19658201932907104,-5.339944362640381
1449111360918,2,-1.7728744745254517,-0.5428475141525269,-2.399369478225708
1449111360937,2,-3.6552510261535645,0.37274259328842163,2.0948376655578613
1449111360957,2,-3.166368007659912,-1.122025489807129,0.5918038487434387
1449111360977,2,-2.7621803283691406,-0.27220219373703003,-1.3007383346557617
1449111360997,2,-2.2500202655792236,0.15621259808540344,-1.520049810409546
1449111361018,2,-1.6414740085601807,0.13787029683589935,-0.7396966814994812
1449111361040,2,-1.2434720993041992,-0.07099223136901855,0.20932255685329437
1449111361061,2,-0.1905873417854309,-0.047156594693660736,0.9282611012458801
1449111361078,2,0.2316267043352127,0.012416998855769634,0.3990192115306854
1449111361098,2,0.5327801704406738,-0.01952829211950302,-0.13748188316822052
1449111361119,2,0.2358158677816391,0.1695408672094345,-0.5548188090324402
1449111361135,2,-0.4857788383960724,0.3265446126461029,-0.4264356195926666
1449111361159,2,-0.7300723791122437,0.2553548216819763,0.31760698556900024
1449111361177,2,-0.6338534951210022,0.39231473207473755,0.07204057276248932
1449111361198,2,-0.5268850326538086,0.516168475151062,-0.17659516632556915
1449111361213,2,-0.5774262547492981,0.46087417006492615,-0.47786417603492737
1449111361241,2,-0.534355878829956,0.3620242178440094,-0.5005325078964233
1449111361254,2,-0.6240776777267456,0.32240211963653564,0.04294073209166527
1449111361280,2,-0.5919948816299438,0.14065466821193695,0.5542968511581421
1449111361300,2,-0.487801730632782,0.021035481244325638,0.10789865255355835
1449111361320,2,-0.25748446583747864,0.08818886429071426,0.03527121990919113
1449111361341,2,-0.11168455332517624,0.19931671023368835,0.2157914638519287
1449111361360,2,-0.2284146398305893,0.09919775277376175,0.21638065576553345
1449111361380,2,-0.3258228003978729,0.019784312695264816,0.5132248401641846
1449111361400,2,-0.32033100724220276,0.1201227605342865,0.2729834318161011
1449111361423,2,-0.4308115243911743,0.19950813055038452,0.1406342089176178
1449111361443,2,-0.4417094588279724,0.1239054873585701,-0.13108547031879425
1449111361460,2,-0.2580268681049347,0.19042758643627167,-0.00965279433876276
1449111361481,2,-0.1073756217956543,0.27878567576408386,0.301727294921875
1449111361501,2,-0.3402918577194214,0.16997458040714264,0.4363572895526886
1449111361523,2,-0.5491423010826111,0.07540683448314667,-0.05493628978729248
1449111361544,2,-0.6615674495697021,0.030569326132535934,-0.21838322281837463
1449111361561,2,-0.5826550126075745,0.02336684800684452,0.02019873820245266
1449111361581,2,-0.21885946393013,0.11166326701641083,0.1221294179558754
1449111361601,2,-0.024220244958996773,0.1598106324672699,-0.08824176341295242
1449111361624,2,-0.31374630331993103,0.008685995824635029,0.08056523650884628
1449111361641,2,-0.47523611783981323,-0.0349351204931736,0.13595160841941833
1449111361662,1,-0.3405613601207733,0.058751463890075684,-0.21793197095394135
1449111361683,1,-0.28306472301483154,0.1424216777086258,-0.2551403045654297
1449111361706,1,-0.17410938441753387,0.035142041742801666,-0.012900982983410358
1449111361724,1,-0.28221139311790466,0.050408583134412766,-0.06421031802892685
1449111361743,1,-0.265453964471817,0.09200023859739304,0.09397300332784653
1449111361758,1,-0.30601248145103455,0.16161680221557617,0.14961539208889008
1449111361784,1,-0.3703840672969818,0.12268354743719101,-0.07478373497724533
1449111361803,1,-0.3399752676486969,0.035720717161893845,-0.14505495131015778
1449111361829,1,-0.16129837930202484,0.21522095799446106,-0.11336158961057663
1449111361852,1,-0.0048103961162269115,0.1332131326198578,-0.07542553544044495
1449111361868,1,-0.5707036852836609,0.2467588484287262,-0.1990092545747757
1449111361883,1,-0.8416302800178528,0.05526011437177658,-0.050851065665483475
1449111361897,1,-0.37017688155174255,0.054500237107276917,0.5581821799278259
1449111361923,1,1.0155988931655884,-0.4945289194583893,0.3436591327190399
1449111361946,1,0.5664010047912598,-0.205495685338974,0.9802432060241699
1449111361964,1,0.13879051804542542,-0.24671705067157745,0.49383625388145447
1449111361984,1,-0.04714548960328102,0.025530748069286346,-0.6726964712142944
1449111362006,1,-0.12593060731887817,0.16384148597717285,-1.1517291069030762
1449111362026,1,-0.12179326266050339,0.1211649626493454,-0.6873913407325745
1449111362043,1,-0.3314459025859833,-0.11988719552755356,-0.5698971748352051
1449111362060,1,-0.3318125605583191,-0.44669514894485474,-0.3777712285518646
1449111362085,1,0.01920313388109207,-0.21416063606739044,0.021891513839364052
1449111362104,1,0.14411823451519012,-0.13681495189666748,0.417691171169281
1449111362127,1,-0.17785879969596863,0.5122025012969971,0.878379762172699
1449111362143,1,-0.4617496430873871,0.2123948037624359,0.7056494355201721
1449111362164,1,-0.7045429944992065,-0.00750730698928237,0.5562281012535095
1449111362185,1,-0.7422998547554016,-0.25386515259742737,0.5386375188827515
1449111362207,1,-0.6880160570144653,-0.19451777637004852,0.5258995890617371
1449111362227,1,0.09671463072299957,0.4122472107410431,0.037799276411533356
1449111362244,1,-0.039519231766462326,0.17622429132461548,0.43957507610321045
1449111362264,1,-0.24819618463516235,0.04353051632642746,0.11490531265735626
1449111362279,1,0.025339171290397644,0.20651012659072876,-0.01008826307952404
1449111362307,1,0.13481397926807404,0.33653876185417175,0.08875205367803574
1449111362325,1,-0.11990809440612793,0.1210942342877388,-0.015340193174779415
1449111362397,1,0.044732365757226944,0.10225509107112885,0.13726794719696045
1449111362419,1,0.04802658408880234,0.09911796450614929,-0.06175649166107178
1449111362440,1,0.14644844830036163,0.1501946598291397,-0.03110065683722496
1449111362461,1,0.3892764747142792,0.18983517587184906,0.24733518064022064
1449111362478,1,0.014124021865427494,0.29282501339912415,-0.10119301825761795
1449111362498,1,0.1626022309064865,0.21373336017131805,0.3174602687358856
1449111362518,1,0.061792220920324326,0.002585924929007888,0.37696051597595215
1449111362540,1,-0.21877536177635193,-0.017391279339790344,0.03619125857949257
1449111362561,1,0.18156901001930237,0.05323416367173195,0.25265783071517944
1449111362578,1,0.036338191479444504,0.18667232990264893,0.23083938658237457
1449111362599,1,0.011942439712584019,0.2437538206577301,-0.022992169484496117
1449111362620,1,0.005475216545164585,0.17903964221477509,0.2819032073020935
1449111362641,1,-0.28891345858573914,0.0020037409849464893,0.39596858620643616
1449111362662,1,-0.2608122229576111,-0.1486380696296692,0.28787761926651
1449111362679,1,-0.03293043002486229,0.0872451514005661,0.2681733965873718
1449111362699,1,-0.06699724495410919,0.2540396451950073,-0.15225042402744293
1449111362721,1,-0.01243431493639946,0.1402566134929657,-0.11993103474378586
1449111362740,1,0.11147336661815643,0.0735299289226532,-0.06750409305095673
1449111362759,1,0.08175422996282578,0.10643266886472702,0.11883914470672607
1449111362783,1,0.052938174456357956,0.14989128708839417,0.20906712114810944
1449111362805,1,0.24795590341091156,0.12301497161388397,0.193153515458107
1449111362818,1,0.13677439093589783,-0.011146832257509232,-0.15921616554260254
1449111362842,1,0.14065270125865936,-0.06566226482391357,0.10058043897151947
1449111362862,1,0.049174439162015915,0.01528583187609911,-3.0453590443357825E-4
1449111362882,1,-0.03590082377195358,0.036188334226608276,0.14821253716945648
1449111362904,1,-0.49739977717399597,-0.8178524971008301,-2.155165672302246
1449111362927,1,-2.9530539512634277,-1.0745786428451538,-4.4142165184021
1449111362945,1,2.3101890087127686,-2.787369728088379,3.9690423011779785
1449111362960,1,-1.261314034461975,1.870508074760437,2.8472049236297607
1449111362984,1,3.2568442821502686,1.5696803331375122,0.3950350880622864
1449111363008,1,4.002803802490234,1.7539550065994263,-2.547382116317749
1449111363025,1,-0.7362439036369324,-0.699766218662262,-1.2654519081115723
1449111363039,1,-2.5943443775177,-1.6919550895690918,-1.1149615049362183
1449111363064,1,-1.14984929561615,-1.3295973539352417,2.376086711883545
1449111363084,1,0.24410438537597656,-0.004561024252325296,3.991529941558838
1449111363106,1,1.076756477355957,0.4368623197078705,3.382061243057251
1449111363120,1,0.9451746940612793,0.40611588954925537,-0.35792672634124756
1449111363139,1,0.8421205282211304,0.0935363620519638,-0.4962508976459503
1449111363164,1,0.5215750336647034,-0.02216740883886814,-0.07839198410511017
1449111363184,1,0.4001982808113098,-0.07497662305831909,0.556849479675293
1449111363208,1,0.15809056162834167,-0.12143675982952118,1.5207220315933228
1449111363227,1,-0.5079132318496704,-0.33577772974967957,0.19233225286006927
1449111363244,1,-0.49440503120422363,-0.2716030776500702,-0.6359855532646179
1449111363265,1,2.8576728072948754E-4,-0.1681593507528305,-0.5993558764457703
1449111363285,1,0.34013742208480835,0.023777181282639503,-0.576233983039856
1449111363308,1,0.3264475464820862,0.021532032638788223,-0.4515741467475891
1449111363326,1,0.1666913628578186,-0.1049777939915657,-0.21735388040542603
1449111363345,1,-0.0775286927819252,-0.10650281608104706,0.1985509842634201
1449111363366,1,0.1869099736213684,-0.10340777039527893,0.2624468207359314
1449111363387,1,0.14479036629199982,-0.14339491724967957,0.163763165473938
1449111363407,1,-0.00835084542632103,-0.2017000913619995,0.18184885382652283
1449111363427,1,-0.144797220826149,-0.16923165321350098,0.1487169861793518
1449111363446,1,0.30003979802131653,0.10768354684114456,0.598643958568573
1449111363468,1,0.27986666560173035,0.20960311591625214,0.5966957211494446
1449111363489,1,0.11862033605575562,-0.016682839021086693,0.3904021680355072
1449111363508,1,-0.014881891198456287,-0.14454174041748047,-0.04332417994737625
1449111363528,1,-0.09018304944038391,-0.1393739879131317,-0.016357261687517166
1449111363547,1,-0.01268832664936781,0.17414018511772156,0.14733868837356567
1449111363567,1,0.11530249565839767,0.1606774777173996,-0.019133156165480614
1449111363590,1,0.12728910148143768,0.031184827908873558,-0.3943915367126465
1449111363610,1,0.33301934599876404,0.05126490816473961,-0.27127718925476074
1449111363626,1,0.3006393015384674,0.16082359850406647,0.011362520977854729
1449111363648,1,0.18510131537914276,-0.022577742114663124,0.14771278202533722
1449111363668,1,-0.1747349351644516,-0.17127835750579834,0.2559463679790497
1449111363692,2,-0.1897786557674408,-0.13963790237903595,0.3653922379016876
1449111363705,2,0.017247652634978294,0.19927579164505005,1.2460200786590576
1449111363728,2,0.41981038451194763,0.5018512010574341,1.6688135862350464
1449111363751,2,0.679397702217102,0.13842180371284485,0.22185353934764862
1449111363768,2,0.381035715341568,0.16885551810264587,0.09715045988559723
1449111363791,2,-0.034436728805303574,0.3753735423088074,0.3833487629890442
1449111363803,2,-0.04286085069179535,0.3472042679786682,0.6729378700256348
1449111363828,2,-0.1707051396369934,-0.27462270855903625,-0.03807225078344345
1449111363844,2,-0.7803279757499695,-0.545802891254425,0.13352467119693756
1449111363865,2,-0.5455256700515747,0.1241033524274826,-0.11639058589935303
1449111363891,2,0.22597254812717438,0.2949380576610565,-0.5951730608940125
1449111363904,2,0.35536056756973267,0.26203006505966187,-1.213766098022461
1449111363928,2,0.45589616894721985,0.1729121059179306,-0.10284779965877533
1449111363950,2,0.23029763996601105,0.16058920323848724,0.49398529529571533
1449111363973,2,-0.21220234036445618,-0.18919922411441803,0.08346037566661835
1449111363993,2,-0.5163871645927429,-0.23585575819015503,0.6218313574790955
1449111364010,2,0.02256002463400364,-0.03364917263388634,0.035033904016017914
1449111364030,2,-0.0774301066994667,0.32134851813316345,-0.7888099551200867
1449111364051,2,-0.21313877403736115,0.930072546005249,-0.6411749124526978
1449111364073,2,-0.09577958285808563,0.5900631546974182,0.04124912619590759
1449111364093,2,0.2575102746486664,-0.04896598309278488,1.628828763961792
1449111364111,2,0.25258326530456543,0.15298165380954742,0.6763286590576172
1449111364131,2,-0.34961944818496704,0.6135866641998291,-0.18438158929347992
1449111364151,2,-0.48265746235847473,0.2545616328716278,-0.49013271927833557
1449111364173,2,-0.25231337547302246,0.4020768404006958,-0.4055103063583374
1449111364187,2,0.8818148374557495,-0.3065039813518524,-0.19354864954948425
1449111364206,2,0.026653248816728592,-0.2333616018295288,0.3530588150024414
1449111364230,2,-0.7681888341903687,-0.2692483365535736,0.5360685586929321
1449111364250,2,-0.9839400053024292,-0.5482876896858215,0.08953823149204254
1449111364272,2,-0.08632555603981018,-0.3614221513271332,0.12797580659389496
1449111364291,2,0.4361993670463562,0.20005379617214203,-0.5006324648857117
1449111364311,2,0.1981590986251831,-0.036543138325214386,-0.36483460664749146
1449111364332,2,-0.16554011404514313,-0.4534448981285095,0.32820963859558105
1449111364354,2,-0.43064233660697937,-0.5023588538169861,0.6138473749160767
1449111364373,2,-0.07819649577140808,-0.17502689361572266,0.19012802839279175
1449111364392,2,0.06814911961555481,0.4737813174724579,0.08473054319620132
1449111364411,2,0.05200396478176117,0.5702695250511169,0.3520674705505371
1449111364433,2,0.017261333763599396,-0.009337152354419231,0.28256723284721375
1449111364454,2,0.252986878156662,-0.31369420886039734,0.6103349924087524
1449111364475,2,0.047084227204322815,-0.13622048497200012,0.36481940746307373
1449111364494,2,0.21683679521083832,0.09556406736373901,-0.0069464584812521935
1449111364512,2,0.3047511577606201,0.4031547009944916,0.2530979812145233
1449111364534,2,0.23641875386238098,0.1389993131160736,-0.04857785999774933
1449111364555,2,0.03178673982620239,-0.03716331720352173,-0.4067460000514984
1449111364576,2,-0.07008223980665207,-0.07299976795911789,-0.40205052495002747
1449111364594,2,-0.2762073874473572,-0.0918693095445633,0.24719664454460144
1449111364613,2,0.37333816289901733,-0.02964753471314907,0.42359891533851624
1449111364634,2,0.13264252245426178,0.04984627291560173,0.0890975072979927
1449111364656,2,-0.07916322350502014,0.028484921902418137,-0.16381342709064484
1449111364675,2,-0.385465532541275,-0.21291209757328033,-0.09763269126415253
1449111364693,2,-0.2807215452194214,-0.15324994921684265,-0.12397592514753342
1449111364712,2,-0.0727173388004303,-0.06305120885372162,0.2494330257177353
1449111364734,2,0.20707112550735474,-0.042088501155376434,0.07406710833311081
1449111364758,2,0.30800989270210266,0.0997995138168335,-0.04681318998336792
1449111364778,2,0.17086860537528992,0.12086860835552216,-0.09838906675577164
1449111364795,2,-0.24765124917030334,0.11750234663486481,-0.10026713460683823
1449111364815,2,-0.07559332996606827,-0.09682020545005798,-0.33309271931648254
1449111364835,2,0.1426139920949936,0.1750672310590744,0.08030804991722107
1449111364857,2,-0.07094626128673553,0.027890462428331375,0.4338432550430298
1449111364877,2,0.04106269031763077,0.15083295106887817,0.8746762275695801
1449111364893,2,-0.2767283320426941,0.14425590634346008,0.8878899216651917
1449111364914,2,-0.5076965689659119,0.046491120010614395,0.2786462604999542
1449111364934,2,-0.09209389239549637,0.15880993008613586,-0.3990279734134674
1449111364955,2,0.12157616764307022,0.21617256104946136,-0.4135252833366394
1449111364976,2,0.3323850929737091,0.47840720415115356,-0.408525288105011
1449111364995,2,0.35498225688934326,0.08145897090435028,0.16135844588279724
1449111365023,2,-0.1598457545042038,-0.27628305554389954,0.7445371150970459
1449111365036,2,-0.5280864834785461,-0.17282558977603912,-0.0966559574007988
1449111365056,2,0.20954760909080505,-0.023425884544849396,-0.6268921494483948
1449111365076,2,0.5736067295074463,0.38923606276512146,-0.2240571826696396
1449111365095,2,0.27814552187919617,0.47028353810310364,0.2639285922050476
1449111365116,2,0.07794197648763657,0.1824515014886856,0.10287117958068848
1449111365139,2,-0.0679507628083229,0.04696224257349968,0.3646136522293091
1449111365159,2,-0.07410629838705063,0.039318449795246124,0.6188520193099976
1449111365177,2,0.03465065732598305,0.027010172605514526,0.20647300779819489
1449111365196,2,0.06154800206422806,0.1859714835882187,0.19388358294963837
1449111365217,2,0.09734403342008591,0.1917208433151245,0.1774614304304123
1449111365239,2,0.020968014374375343,0.21657003462314606,-0.02360767126083374
1449111365258,2,-0.08141367137432098,0.08119593560695648,0.011299393139779568
1449111365278,2,-0.0626770481467247,0.03587678447365761,0.030506782233715057
1449111365298,2,-0.09665922820568085,-0.0657920315861702,0.24114684760570526
1449111365316,2,-0.3121028244495392,-0.20509587228298187,0.2058025598526001
1449111365339,2,-0.25907620787620544,-0.21815116703510284,0.3992617726325989
1449111365360,2,-0.21991054713726044,-0.15616554021835327,0.4135860800743103
1449111365377,2,-0.47276419401168823,-0.14421148598194122,0.10097966343164444
1449111365398,2,-0.50069260597229,-0.22444939613342285,-0.07024024426937103
1449111365418,2,-0.5861808657646179,-0.20468437671661377,-0.01836041733622551
1449111365440,2,-0.6817149519920349,-0.24547815322875977,0.10908172279596329
1449111365460,2,21.52100944519043,13.342110633850098,-8.149178504943848
1449111365477,2,-3.352587938308716,1.404881477355957,0.2734749913215637
1449111365498,2,-3.050403594970703,-1.2755579948425293,0.8530868887901306
1449111365518,2,-2.7900919914245605,-0.15644143521785736,1.1446359157562256
1449111365541,2,0.07577864080667496,1.309779167175293,0.9257873892784119
1449111365558,2,1.751294493675232,1.528475046157837,0.697455644607544
1449111365578,2,-1.54082453250885,-0.43500587344169617,-0.8214566707611084
1449111365597,2,-1.0126632452011108,0.22044308483600616,-0.3435632586479187
1449111365619,2,-0.6597397923469543,0.43589141964912415,0.002044073073193431
1449111365641,2,-0.5311253070831299,0.40770986676216125,0.3784966468811035
1449111365658,2,-0.27544939517974854,0.3373486399650574,0.3042810559272766
1449111365679,2,-0.10788988322019577,0.3382388651371002,0.0034229601733386517
1449111365699,1,0.47367367148399353,0.41165247559547424,-0.3883446455001831
1449111365723,1,0.5150254368782043,0.4156295657157898,-0.39808687567710876
1449111365744,1,0.356903076171875,0.2911369204521179,-0.2121276706457138
1449111365765,1,0.10447974503040314,0.12639233469963074,-0.20002514123916626
1449111365780,1,0.007520897313952446,0.06393091380596161,-0.13043606281280518
1449111365799,1,-0.03487113490700722,0.13334347307682037,-0.1453700065612793
1449111365820,1,0.12191351503133774,0.1035877987742424,-0.10032675415277481
1449111365842,1,0.3961445093154907,0.21635961532592773,-0.16672317683696747
1449111365860,1,0.4450022280216217,0.2644049823284149,-0.21513211727142334
1449111365880,1,0.15696318447589874,0.16214227676391602,-0.19659341871738434
1449111365900,1,-0.10821575671434402,0.10468260943889618,0.04940729960799217
1449111365923,1,-0.052296288311481476,0.15886545181274414,0.06056465208530426
1449111365941,1,0.025628002360463142,0.20657938718795776,0.002828501397743821
1449111365960,1,0.11241713911294937,0.22166414558887482,0.06565408408641815
1449111365981,1,0.06256654858589172,0.2285340279340744,0.02338964305818081
1449111366002,1,0.13465318083763123,0.23057810962200165,0.059271689504384995
1449111366024,1,-0.004373022820800543,0.15181787312030792,0.008232406340539455
1449111366044,1,0.023843197152018547,0.14786241948604584,0.11490648239850998
1449111366062,1,0.09797623008489609,0.2585837244987488,0.29493629932403564
1449111366082,1,0.2430049628019333,0.2786988615989685,0.2125830203294754
1449111366105,1,0.2814447283744812,0.30930328369140625,0.0969330221414566
1449111366124,1,0.4819171130657196,0.23694881796836853,0.1296650767326355
1449111366144,1,0.269089937210083,0.13864274322986603,0.20948095619678497
1449111366162,1,0.056738562881946564,-0.017622165381908417,0.18984101712703705
1449111366182,1,0.028840521350502968,0.05923077464103699,-0.12603344023227692
1449111366205,1,-0.2570550739765167,0.13018646836280823,-0.42888301610946655
1449111366224,1,-0.5326361060142517,0.3058353066444397,-0.3492962718009949
1449111366238,1,-0.6453171372413635,0.29078152775764465,-0.10592939704656601
1449111366262,1,-0.8649997711181641,0.22220191359519958,0.4908885061740875
1449111366282,1,-0.9242806434631348,-0.10055647045373917,0.7737848162651062
1449111366302,1,-0.8137830495834351,-0.4074403941631317,0.7751824259757996
1449111366323,1,0.37368011474609375,-0.2827005088329315,0.26366671919822693
1449111366342,1,0.20639170706272125,0.27214813232421875,-0.06597849726676941
1449111366363,1,0.34509143233299255,0.05025427043437958,0.07607143372297287
1449111366384,1,-0.42543426156044006,0.9118921756744385,-0.3933984339237213
1449111366404,1,-0.6570207476615906,0.45248132944107056,1.4430062770843506
1449111366424,1,-0.144712895154953,-1.527490496635437,0.38467562198638916
1449111366444,1,0.6621787548065186,-0.3124164342880249,-0.5137631893157959
1449111366464,1,1.3421622514724731,0.7743605971336365,-1.3022984266281128
1449111366484,1,1.0986833572387695,0.7197475433349609,-0.5761503577232361
1449111366507,1,0.6678470969200134,0.18903379142284393,1.056575894355774
1449111366528,1,0.11507285386323929,0.3101613521575928,0.6986404657363892
1449111366545,1,-0.1968756765127182,0.3587421178817749,-0.22487784922122955
1449111366564,1,0.14703194797039032,0.3374287188053131,-0.6793161630630493
1449111366585,1,0.14609161019325256,0.5248340368270874,-0.8202572464942932
1449111366608,1,0.14153291285037994,0.308144748210907,-0.7472668290138245
1449111366626,1,0.12974047660827637,0.2602577805519104,-0.24673078954219818
1449111366644,1,0.17549268901348114,0.23827041685581207,-0.08489421010017395
1449111366665,1,-0.06938881427049637,-0.10672259330749512,-0.21080957353115082
1449111366685,1,-0.15193016827106476,-0.18255554139614105,-0.10144845396280289
1449111366706,1,-0.028122736141085625,-0.1534785032272339,0.31973347067832947
1449111366727,1,0.08787862956523895,0.016712065786123276,0.524797797203064
1449111366741,1,0.011279811151325703,-0.026779286563396454,0.2517261207103729
1449111366765,1,-0.3287141025066376,-0.29254502058029175,0.5562666654586792
1449111366785,1,-0.14889883995056152,-0.3044154942035675,0.14602059125900269
1449111366806,1,0.09355660527944565,-0.23495441675186157,-0.06712473928928375
1449111366826,1,0.05247417464852333,0.10984218865633011,-0.08118658512830734
1449111366845,1,-0.1146468073129654,0.15475626289844513,-0.05290624499320984
1449111366865,1,-0.33190110325813293,-0.38469958305358887,0.18934126198291779
1449111366889,1,-0.10757438838481903,-0.43343380093574524,0.4534481167793274
1449111366908,1,-0.08636554330587387,-0.25350481271743774,0.3237818777561188
1449111366927,1,0.49250146746635437,-0.06574644148349762,0.3522557020187378
1449111366945,1,1.0035526752471924,-0.008662614971399307,0.34110885858535767
1449111366967,1,0.47693008184432983,0.14148001372814178,0.08351064473390579
1449111366990,1,0.05907585471868515,0.0039542908780276775,3.039513831026852E-4
1449111367008,1,0.31927546858787537,-0.32954761385917664,-2.3163602352142334
1449111367026,1,-0.17644761502742767,0.23763270676136017,-0.9565350413322449
1449111367046,1,0.8525946140289307,0.6314946413040161,-0.12082301825284958
1449111367066,1,0.42223355174064636,0.4880009591579437,-0.11517127603292465
1449111367088,1,-0.6200270056724548,0.11158405989408493,1.3999024629592896
1449111367108,1,-0.7776205539703369,-0.0347696989774704,2.2028398513793945
1449111367127,1,-0.31490635871887207,-0.13193419575691223,1.4620072841644287
1449111367147,1,0.10858108103275299,0.14556582272052765,-0.10326456278562546
1449111367167,1,0.461227148771286,0.5329734683036804,-0.37730830907821655
1449111367191,1,-0.5301235318183899,0.24705402553081512,1.223790168762207
1449111367208,1,-0.6442895531654358,0.06697101145982742,1.0360592603683472
1449111367223,1,0.006016483996063471,-0.18080401420593262,0.31671032309532166
1449111367248,1,-0.0877460166811943,-0.06685527414083481,0.16894961893558502
1449111367268,1,0.10672800242900848,-0.0745692104101181,0.8444915413856506
1449111367303,1,-0.21296514570713043,-0.5138757228851318,1.3439894914627075
1449111367311,1,-0.20987799763679504,-0.5521990060806274,-1.2098007202148438
1449111367327,1,-0.34134209156036377,0.19264964759349823,-3.6176421642303467
1449111367346,1,-7.991369247436523,0.025022797286510468,1.3129945993423462
1449111367371,1,3.9066240787506104,0.3406587839126587,6.68672513961792
1449111367393,1,2.028181314468384,0.19738894701004028,-3.6077065467834473
1449111367410,1,0.3976494371891022,1.1294442415237427,-2.839592695236206
1449111367428,1,-0.763309895992279,-0.6615075469017029,-0.3924485743045807
1449111367449,1,-1.490953803062439,-0.7019856572151184,1.8286983966827393
1449111367471,1,-0.6656954884529114,-0.34521806240081787,4.138113498687744
1449111367493,1,0.6249504089355469,-0.20748598873615265,3.7838633060455322
1449111367511,1,0.5233022570610046,0.8192448616027832,-1.3283166885375977
1449111367530,1,-0.1612381786108017,0.4125099778175354,-1.541528582572937
1449111367552,1,-0.8204128742218018,0.13600888848304749,-0.8088409304618835
1449111367573,1,-0.6287098526954651,0.3575964570045471,0.5049000978469849
1449111367595,1,-0.18265044689178467,0.07474222779273987,1.3651251792907715
1449111367606,1,-0.40306881070137024,-0.2842307984828949,0.2594248354434967
1449111367631,1,-0.4293139576911926,-0.1526934802532196,-0.7629027962684631
1449111367651,1,-0.044791657477617264,0.07676701247692108,-0.9448615312576294
1449111367673,1,-0.05775598809123039,0.009921089746057987,-0.7133639454841614
1449111367692,1,-0.2463798224925995,0.030639469623565674,0.02448386885225773
1449111367707,2,-0.2560492753982544,-0.061451371759176254,0.15055881440639496
1449111367732,2,-0.22886216640472412,-6.979191675782204E-4,0.28872284293174744
1449111367757,2,0.17855031788349152,0.2229653000831604,0.10590893775224686
1449111367776,2,0.2728103697299957,0.42533963918685913,0.5347299575805664
1449111367790,2,0.33618301153182983,0.24372166395187378,0.5022539496421814
1449111367811,2,-0.1887340098619461,0.16760113835334778,0.009535890072584152
1449111367831,2,-0.16723376512527466,0.15747195482254028,0.46411681175231934
1449111367853,2,-0.004310520365834236,0.23410160839557648,0.44358372688293457
1449111367874,2,0.106342613697052,0.24492578208446503,0.12423428148031235
1449111367894,2,0.2691076397895813,0.35901978611946106,-0.12287936359643936
1449111367913,2,0.23972293734550476,0.26641571521759033,-0.3513771593570709
1449111367933,2,-0.3894926607608795,-0.01804068312048912,-0.11963000893592834
1449111367956,2,-0.4183575212955475,0.05433598533272743,0.14859014749526978
1449111367973,2,-0.35767242312431335,-0.010423194617033005,0.2836152911186218
1449111367994,2,-0.167199969291687,-0.019071780145168304,0.17833471298217773
1449111368013,2,-0.07633268088102341,0.0690402165055275,-0.14110884070396423
1449111368033,2,-0.029969021677970886,0.057867083698511124,-0.043638065457344055
1449111368056,2,-0.09270115196704865,0.20567572116851807,-0.2554781436920166
1449111368076,2,-0.04875924438238144,0.2854483425617218,-0.39384734630584717
1449111368094,2,0.2249384969472885,0.5635778903961182,-0.6148849129676819
1449111368114,2,-0.3314146399497986,0.38787296414375305,-0.9207944273948669
1449111368134,2,-0.5544628500938416,-0.053494274616241455,-0.8498428463935852
1449111368155,2,0.08717183023691177,-0.4323229193687439,1.4547902345657349
1449111368174,2,0.2652047574520111,-0.4013274610042572,2.3622968196868896
1449111368194,2,0.4160066843032837,-0.29672786593437195,2.2723658084869385
1449111368209,2,0.1770627498626709,-0.19853462278842926,1.036795735359192
1449111368234,2,-0.37698572874069214,0.17695406079292297,-0.2956213653087616
1449111368255,2,0.03274177387356758,0.4454401731491089,-0.5909790992736816
1449111368276,2,0.09164988994598389,0.4413374066352844,0.3319055736064911
1449111368293,2,0.25196051597595215,0.12276596575975418,1.017473816871643
1449111368313,2,0.29738113284111023,-0.0272445660084486,1.2547662258148193
1449111368334,2,0.40287622809410095,0.23617081344127655,0.5622586011886597
1449111368357,2,0.22663329541683197,0.5667600035667419,-0.306588739156723
1449111368375,2,0.48341867327690125,0.6832178235054016,-2.256326913833618
1449111368394,2,-1.7683919668197632,-0.311279833316803,-2.693739891052246
1449111368414,2,-1.4769965410232544,-0.5584127902984619,0.36749884486198425
1449111368436,2,-1.7629072666168213,-0.4106532335281372,3.7854268550872803
1449111368458,2,-0.669451892375946,-0.5508148670196533,3.2229928970336914
1449111368472,2,0.28598669171333313,0.13696984946727753,-1.8861194849014282
1449111368495,2,-0.32059550285339355,0.6028776168823242,-1.951562523841858
1449111368511,2,-0.06402195245027542,0.606416642665863,-0.16325171291828156
1449111368539,2,0.07893098890781403,0.20643238723278046,1.500913143157959
1449111368556,2,0.16745872795581818,0.13499006628990173,2.105342149734497
1449111368576,2,0.46429556608200073,0.3027402460575104,1.1487573385238647
1449111368596,2,0.38896462321281433,0.165107861161232,0.06927578151226044
1449111368616,2,-0.11591964215040207,0.4223816692829132,-0.767348051071167
1449111368638,2,-0.3443193733692169,0.7673635482788086,-0.803748607635498
1449111368659,2,-0.14360938966274261,0.3607657551765442,-0.5714935064315796
1449111368672,2,0.4546884000301361,0.13911855220794678,0.09962240606546402
1449111368696,2,-0.06556209176778793,-0.1003425344824791,0.862462043762207
1449111368716,2,0.17349712550640106,0.2566489577293396,-0.08121756464242935
1449111368738,2,0.24733616411685944,0.738370418548584,-0.8978490233421326
1449111368760,2,-0.20927031338214874,0.6366215348243713,-0.43326690793037415
1449111368776,2,-1.2260879278182983,0.784782886505127,-0.1251852959394455
1449111368796,2,-1.3407942056655884,0.2346373200416565,-0.45506200194358826
1449111368817,2,-0.18006686866283417,-0.03381283953785896,-0.9707745313644409
1449111368838,2,0.9673484563827515,0.07270020246505737,-1.0075258016586304
1449111368859,2,0.26942047476768494,0.4837339520454407,0.18558979034423828
1449111368877,2,0.3071616590023041,0.7082827091217041,1.0216004848480225
1449111368894,2,-0.688359797000885,0.47899961471557617,0.7991495728492737
1449111368918,2,0.6609316468238831,-1.062347173690796,0.3287351131439209
1449111368939,2,1.282604455947876,-2.7869319915771484,-0.8820575475692749
1449111368960,2,0.1158549040555954,-0.760134220123291,-0.24272914230823517
1449111368976,2,0.1058254987001419,0.49698856472969055,0.14524492621421814
1449111368998,2,0.19263529777526855,0.7137731313705444,0.026783961802721024
1449111369019,2,0.49200311303138733,-0.17639176547527313,-0.17327040433883667
1449111369041,2,0.2655499279499054,-0.5528501868247986,-0.09837912768125534
1449111369061,2,-0.1129733994603157,-0.12084931880235672,0.026517421007156372
1449111369078,2,-0.1894395500421524,0.3151870667934418,0.8791495561599731
1449111369099,2,-0.2165105938911438,-0.010166589170694351,1.1045383214950562
1449111369123,2,-0.68898606300354,0.08639116585254669,0.035423196852207184
1449111369140,2,0.02745041809976101,0.12169862538576126,-0.8620470762252808
1449111369160,2,0.6677550673484802,0.1543354094028473,-1.2360954284667969
1449111369179,2,0.5149259567260742,0.4140145182609558,-0.9430646896362305
1449111369200,2,0.23039178550243378,0.2911936044692993,-0.4652425944805145
1449111369222,2,-0.22814065217971802,-0.06304945796728134,0.16381050646305084
1449111369243,2,-0.04058835282921791,0.034617725759744644,0.019228432327508926
1449111369262,2,-0.2329726368188858,0.09006313234567642,-0.33629298210144043
1449111369280,2,-0.6396819353103638,-0.1807476133108139,-0.05021510645747185
1449111369302,2,-0.7911512851715088,-0.37236616015434265,0.5104401707649231
1449111369319,2,-0.7732309103012085,-0.30713996291160583,0.39725276827812195
1449111369344,2,11.278789520263672,13.699858665466309,-10.24500846862793
1449111369361,2,-4.449065208435059,-7.196597576141357,0.2909983694553375
1449111369381,2,-5.879827499389648,-0.298735111951828,0.30502572655677795
1449111369401,2,-4.943290710449219,0.9315303564071655,2.3384220600128174
1449111369421,2,-0.08777332305908203,2.3529250621795654,1.94548761844635
1449111369441,2,1.267220139503479,-0.1615671068429947,-1.134724736213684
1449111369460,2,-1.3634012937545776,-0.20434768497943878,0.17522504925727844
1449111369481,2,-1.5870379209518433,-0.03142448142170906,0.8870230913162231
1449111369501,2,-1.1404204368591309,0.5475415587425232,0.5762959122657776
1449111369523,2,-0.41904395818710327,0.9344985485076904,0.4571300148963928
1449111369542,2,-0.318259596824646,0.9633640050888062,0.04889700934290886
1449111369562,2,-0.16339218616485596,0.6293985843658447,-0.11947101354598999
1449111369582,2,0.064748615026474,0.5635726451873779,-0.17877192795276642
1449111369604,2,0.49414488673210144,0.7096978425979614,-0.30240005254745483
1449111369624,2,0.7208169102668762,0.6409049034118652,-0.1512964814901352
1449111369644,2,-0.0721626877784729,0.20596447587013245,-0.05912965163588524
1449111369662,2,-0.41593825817108154,0.056102994829416275,-0.06787760555744171
1449111369683,2,-0.314785897731781,0.03715922683477402,-0.10787468403577805
1449111369705,2,-0.11808469146490097,0.11069734394550323,-0.3557897210121155
