1451267741276,1,-0.026726897805929184,0.07351473718881607,0.08407236635684967
1451267741292,1,-0.026726897805929184,0.07351473718881607,0.08407236635684967
1451267741314,1,-0.026726897805929184,0.07351473718881607,0.08407236635684967
1451267741334,1,-0.026726897805929184,0.07351473718881607,0.08407236635684967
1451267741373,1,-0.05292436480522156,0.32199645042419434,0.6867413520812988
1451267741393,1,-0.3497121334075928,0.356503427028656,0.4644084870815277
1451267741413,1,-0.21937450766563416,0.4547632932662964,0.0690571740269661
1451267741442,1,-0.17170900106430054,0.4582271873950958,0.5957026481628418
1451267741459,1,0.08164507150650024,0.3568710684776306,2.002828598022461
1451267741478,1,0.7051900029182434,0.21562428772449493,1.1142874956130981
1451267741498,1,0.5290588736534119,0.1346159726381302,-1.080153226852417
1451267741521,1,0.12452172487974167,1.0691437721252441,-0.6447662115097046
1451267741534,1,0.37738344073295593,0.7436819672584534,0.08985212445259094
1451267741554,1,0.12129654735326767,0.21635493636131287,-0.28329554200172424
1451267741578,1,0.11202274262905121,-0.06311667710542679,-0.11084230244159698
1451267741598,1,0.24473759531974792,-0.04523907229304314,0.2626800537109375
1451267741616,1,-0.15116071701049805,0.32390812039375305,0.1564209759235382
1451267741637,1,-0.3551170825958252,0.2629769742488861,-0.2053372859954834
1451267741654,1,-0.16229286789894104,0.16103461384773254,0.012958265841007233
1451267741672,1,0.3600655496120453,0.06781213730573654,0.42055416107177734
1451267741698,1,0.5355659127235413,0.19279344379901886,0.5049883723258972
1451267741717,1,0.26759377121925354,0.2621738612651825,0.29037702083587646
1451267741739,1,-0.07931669801473618,0.2331213653087616,0.25079554319381714
1451267741759,1,-0.22762268781661987,0.09352642297744751,0.3281085193157196
1451267741777,1,0.06266286969184875,0.1924561709165573,0.23500527441501617
1451267741798,1,0.20431549847126007,0.10349135845899582,0.36487844586372375
1451267741818,1,-0.005550035275518894,0.0449737012386322,0.2977835237979889
1451267741840,1,-0.01497493963688612,0.08303835242986679,0.22063130140304565
1451267741860,1,-0.24623650312423706,0.08966097980737686,0.08556056022644043
1451267741877,1,0.14988639950752258,0.1155015304684639,0.19471710920333862
1451267741898,1,0.025552593171596527,-0.03138415142893791,0.22283904254436493
1451267741918,1,-0.3578333556652069,-0.07363689690828323,0.03957038000226021
1451267741941,1,-0.5347058773040771,-0.10894143581390381,-0.04474456608295441
1451267741958,1,0.07675101608037949,-0.06461889296770096,0.8921101689338684
1451267741978,1,0.3197624087333679,-0.017387188971042633,0.8633254170417786
1451267741998,1,0.1754481941461563,0.001535539049655199,0.4973427951335907
1451267742022,1,-0.2706297039985657,-0.016388824209570885,0.07342763990163803
1451267742041,1,-0.3990252614021301,0.06802227348089218,0.0835246741771698
1451267742060,1,-0.008973726071417332,0.3079565465450287,0.48516368865966797
1451267742078,1,0.5252991914749146,0.2830827832221985,0.7983821034431458
1451267742100,1,0.35535767674446106,0.2431374341249466,0.7554939985275269
1451267742122,1,0.0692572221159935,0.19321663677692413,0.40140053629875183
1451267742141,1,-0.01093304343521595,0.30775895714759827,0.2665379047393799
1451267742161,1,0.27872467041015625,0.38929420709609985,0.3597632944583893
1451267742175,1,0.47593531012535095,0.30489596724510193,0.4304167926311493
1451267742204,1,0.09813450276851654,0.2022165209054947,0.6450520753860474
1451267742222,1,-0.4479963481426239,0.29552140831947327,1.0215274095535278
1451267742242,1,0.061302319169044495,0.2676064074039459,1.523539423942566
1451267742260,1,0.8492305278778076,-0.08032675087451935,0.8759265542030334
1451267742279,1,-0.3335672914981842,0.3984013497829437,-0.8754875659942627
1451267742299,1,-0.07371234148740768,0.6287661194801331,-1.0548977851867676
1451267742323,1,0.3849305510520935,0.5307020545005798,-0.9555664658546448
1451267742338,1,0.3732866942882538,0.15573474764823914,-0.3022252917289734
1451267742362,1,0.3800733685493469,-0.0725415050983429,0.33270928263664246
1451267742381,1,-5.991349462419748E-4,-0.12098141759634018,-0.0857674852013588
1451267742400,1,-0.06561185419559479,0.04492167755961418,-0.3561684787273407
1451267742424,1,0.24351514875888824,0.31174424290657043,0.6565221548080444
1451267742442,1,0.36008620262145996,-0.18495909869670868,-0.21593056619167328
1451267742461,1,-0.3852453827857971,-0.6122782230377197,-2.6310014724731445
1451267742482,1,-1.2460945844650269,-0.35583704710006714,-3.354762315750122
1451267742505,1,0.4622860848903656,0.9345423579216003,4.510737895965576
1451267742526,1,4.423677444458008,0.8828776478767395,-0.5566045641899109
1451267742542,1,5.152008533477783,1.4631985425949097,-1.0095493793487549
1451267742562,1,1.7161870002746582,0.5777695178985596,-0.7354022264480591
1451267742582,1,-1.8650699853897095,-1.4760960340499878,-1.9068793058395386
1451267742605,1,-1.370653748512268,-0.10463467985391617,1.7040607929229736
1451267742625,1,1.5772747993469238,0.22079847753047943,2.666247606277466
1451267742643,1,2.0653722286224365,0.4674515128135681,1.623674988746643
1451267742662,1,1.1054474115371704,0.3897644579410553,0.1862356960773468
1451267742683,1,0.07279257476329803,0.3359580636024475,-0.40493807196617126
1451267742705,1,-0.3704848885536194,0.23680034279823303,-0.2976081669330597
1451267742724,1,-0.2665685713291168,-0.010601766407489777,1.5053081512451172
1451267742741,1,-0.3433469235897064,-0.27876201272010803,1.7394483089447021
1451267742762,1,-0.5889692902565002,-0.41271162033081055,1.138476848602295
1451267742782,1,-0.4540042579174042,-0.3353825807571411,0.34182724356651306
1451267742803,1,-0.27443841099739075,-0.02078998275101185,-0.20337796211242676
1451267742824,1,-0.04644925147294998,0.29772067070007324,-0.07290039956569672
1451267742842,1,-0.14464160799980164,0.18190117180347443,0.18855389952659607
1451267742862,1,-0.2867496907711029,-0.018179507926106453,0.28087562322616577
1451267742883,1,-0.375632107257843,-0.10879822820425034,0.11534370481967926
1451267742906,1,-0.272462397813797,-0.1178022027015686,-0.04303133487701416
1451267742925,1,-0.14093375205993652,0.1636398285627365,-0.14495733380317688
1451267742943,1,0.003979936707764864,0.21940380334854126,-0.0015600889455527067
1451267742964,1,0.0688813179731369,0.18649639189243317,0.11035306006669998
1451267742985,1,0.10221646726131439,0.08049275726079941,0.18904080986976624
1451267743007,1,-0.14586161077022552,0.06817016005516052,0.21599078178405762
1451267743025,1,-0.28299975395202637,0.07290244847536087,0.2368728220462799
1451267743045,1,0.021490605548024178,0.20799481868743896,0.36172378063201904
1451267743064,1,0.21173830330371857,0.17625615000724792,0.09841244667768478
1451267743087,1,0.02815139666199684,0.12982699275016785,-0.09868717193603516
1451267743107,1,-0.03753072768449783,0.13977262377738953,0.25083354115486145
1451267743127,1,-0.12536928057670593,0.12931962311267853,0.4534282386302948
1451267743146,1,-0.1483294814825058,0.1149924099445343,0.4443471133708954
1451267743165,1,0.20119613409042358,0.1323731690645218,0.357156902551651
1451267743188,1,0.02321258932352066,0.08573533594608307,0.04281388968229294
1451267743207,1,-0.2576536238193512,0.01976122334599495,-0.06262684613466263
1451267743227,1,-0.38412460684776306,0.00933569110929966,-0.07663491368293762
1451267743246,1,-0.2610642910003662,0.02802461013197899,0.14274141192436218
1451267743266,1,-0.09542509913444519,0.004367255140095949,0.39720016717910767
1451267743289,2,-0.08916348218917847,-0.06042787432670593,0.19287528097629547
1451267743310,2,-0.2532675266265869,-0.03646685928106308,-0.09124737232923508
1451267743324,2,-0.2713955342769623,0.07740531116724014,-0.10182604938745499
1451267743346,2,-0.14809779822826385,0.16706308722496033,0.030202247202396393
1451267743361,2,0.11556034535169601,0.10831599682569504,0.07482640445232391
1451267743389,2,0.1912650316953659,0.10881517827510834,0.04711480438709259
1451267743407,2,0.232903853058815,0.12042349576950073,0.025062546133995056
1451267743427,2,0.04101517051458359,0.1353384405374527,0.023534605279564857
1451267743447,2,-0.1392746865749359,0.17106150090694427,0.1809469312429428
1451267743467,2,0.04931194707751274,0.1728825867176056,0.509330153465271
1451267743488,2,0.17905911803245544,0.16607904434204102,0.36034196615219116
1451267743507,2,0.20143099129199982,0.16066431999206543,0.08456102758646011
1451267743528,2,0.12102286517620087,0.13890783488750458,-0.09439794719219208
1451267743547,2,0.0374092198908329,0.1628764420747757,0.06653612852096558
1451267743568,2,0.04964470490813255,0.12029343843460083,0.48678985238075256
1451267743590,2,0.11285417526960373,0.14427462220191956,0.322183221578598
1451267743610,2,0.13609737157821655,0.1777399629354477,0.07035013288259506
1451267743628,2,0.07394826412200928,0.1978849172592163,-0.03196808695793152
1451267743648,2,-0.00749408220872283,0.18169307708740234,-0.025556465610861778
1451267743668,2,-0.07337792217731476,0.13687457144260406,0.0741606280207634
1451267743689,2,0.08931200206279755,0.062256257981061935,0.13164952397346497
1451267743708,2,0.1111006960272789,0.12827976047992706,0.41499534249305725
1451267743728,2,-0.050810206681489944,0.09500935673713684,0.4926391541957855
1451267743748,2,-0.40722715854644775,-0.0068926820531487465,0.16867782175540924
1451267743772,2,-0.6501170992851257,-0.016164075583219528,0.030585693195462227
1451267743790,2,-0.3009306490421295,0.12403905391693115,0.2579769790172577
1451267743809,2,-0.2451649308204651,0.06917144358158112,0.5168798565864563
1451267743824,2,-0.2906891703605652,-0.04076163470745087,0.6484113335609436
1451267743846,2,-0.2593756318092346,-0.024407880380749702,0.4732511341571808
1451267743871,2,-0.12128431349992752,0.01928776130080223,0.18633857369422913
1451267743891,2,-0.14407354593276978,0.13152620196342468,-0.17374153435230255
1451267743910,2,-0.31061312556266785,0.07537965476512909,0.01350187137722969
1451267743931,2,-0.252895325422287,0.0796457827091217,0.22799743711948395
1451267743950,2,-0.0021866781171411276,0.08567658811807632,0.24834348261356354
1451267743971,2,0.19476209580898285,0.11326923966407776,0.23172084987163544
1451267743987,2,-0.16027341783046722,0.16957448422908783,-0.14048165082931519
1451267744005,2,-0.3004022240638733,0.1974535435438156,0.11482173204421997
1451267744031,2,-0.0449528768658638,0.21429917216300964,0.3209843635559082
1451267744051,2,0.09508723020553589,0.16729454696178436,0.1909445971250534
1451267744073,2,0.02492886409163475,0.08418606221675873,-0.13842880725860596
1451267744093,2,-0.19271036982536316,0.0024564533960074186,-0.29911914467811584
1451267744111,2,-0.5315998792648315,-0.21343378722667694,0.009953239001333714
1451267744126,2,-0.7545111775398254,-0.28724896907806396,0.3006090819835663
1451267744151,2,-1.269729733467102,-0.33235272765159607,0.622966468334198
1451267744173,2,9.6194429397583,-6.864039897918701,0.4047621190547943
1451267744187,2,3.8820860385894775,0.4973240792751312,-1.8026585578918457
1451267744212,2,-5.4747209548950195,3.167924642562866,1.2354553937911987
1451267744231,2,-3.431192636489868,1.9257725477218628,-1.1046090126037598
1451267744254,2,-1.808910846710205,1.453439712524414,-1.2888047695159912
1451267744273,2,1.0373643636703491,0.3046799898147583,-0.41441142559051514
1451267744292,2,2.5352392196655273,-1.3019298315048218,0.9069406986236572
1451267744311,2,0.8769192099571228,-1.0708286762237549,1.4143010377883911
1451267744331,2,0.023881664499640465,-0.1992892324924469,-0.11557050049304962
1451267744352,2,0.2008570283651352,0.36648616194725037,-1.7854069471359253
1451267744373,2,0.7241404056549072,1.1474418640136719,-2.591794729232788
1451267744392,2,0.8372979760169983,1.5410484075546265,-2.134533643722534
1451267744412,2,0.6038312315940857,1.3229671716690063,-0.5838239789009094
1451267744433,2,-0.11050137877464294,0.08731646835803986,1.3427742719650269
1451267744454,2,0.009508381597697735,-0.356640487909317,1.0465823411941528
1451267744474,2,0.2953685522079468,-0.4314873516559601,0.5170499682426453
1451267744493,2,0.39939242601394653,-0.08991934359073639,0.0035866263788193464
1451267744514,2,0.13685448467731476,0.2260252684354782,-0.1757289171218872
1451267744534,2,-0.7082383632659912,0.3049500286579132,0.5825555920600891
1451267744555,2,-0.8622656464576721,0.09077654033899307,0.9967396259307861
1451267744574,2,-0.6202532649040222,-0.18319617211818695,0.938413679599762
1451267744595,2,-0.30283260345458984,-0.3277463912963867,0.4672539532184601
1451267744610,2,0.03200279176235199,-0.25330665707588196,0.006684592459350824
1451267744633,2,-0.015764299780130386,-0.08387567847967148,-0.4060574173927307
1451267744656,2,-0.35602235794067383,-0.05178571864962578,-0.3270043432712555
1451267744677,2,-0.5198832750320435,0.006262567825615406,0.1730634868144989
1451267744693,2,-0.4351479709148407,-0.01942453905940056,0.40206632018089294
1451267744714,2,-0.08488741517066956,0.03939005360007286,0.4712076485157013
1451267744738,2,0.1891147941350937,0.12640519440174103,0.3385632634162903
1451267744755,2,0.35711997747421265,0.11386048048734665,-0.3732295036315918
1451267744775,2,0.2846074104309082,0.17174071073532104,-0.25719431042671204
1451267744794,2,0.2512759566307068,0.19330987334251404,0.1331184357404709
1451267744815,2,0.3360637128353119,0.2459823042154312,0.3337059020996094
1451267744835,2,0.3155253529548645,0.22584465146064758,0.24835868179798126
1451267744857,2,0.332317054271698,0.32755526900291443,0.0491425096988678
1451267744876,2,0.32574594020843506,0.16619856655597687,-0.1324351280927658
1451267744895,2,0.05480126664042473,0.005015490110963583,-0.40532442927360535
1451267744917,2,-0.12728504836559296,-0.05652648210525513,-0.16825053095817566
1451267744938,2,0.015118074603378773,-0.08179419487714767,0.22995559871196747
1451267744957,2,-0.0012049919459968805,0.03058832325041294,0.4911684989929199
1451267744977,2,0.007802709937095642,-0.020818917080760002,0.44837915897369385
1451267744996,2,-0.06627330929040909,-0.08222001791000366,0.3416255712509155
1451267745017,2,-0.25128304958343506,-0.08845102041959763,0.3388146162033081
1451267745040,2,-0.38894373178482056,-0.16619476675987244,0.3773801922798157
1451267745058,2,-0.3570290505886078,-0.1709451824426651,0.4308335483074188
1451267745077,2,0.022534780204296112,0.028805239126086235,0.7814847230911255
1451267745097,2,0.18575389683246613,0.030697336420416832,0.4975064694881439
1451267745116,2,0.25081950426101685,0.16671645641326904,0.02880816161632538
1451267745139,2,0.1709742695093155,0.2253454625606537,-0.03561257943511009
1451267745154,2,0.11690320819616318,0.15762655436992645,0.12568682432174683
1451267745178,2,0.3537336587905884,0.3883572220802307,0.23081718385219574
1451267745197,2,0.661355197429657,0.33210137486457825,0.09551379829645157
1451267745221,2,0.7973257303237915,0.27983927726745605,-0.029780222102999687
1451267745240,2,0.9197192788124084,0.6335594654083252,-0.37524259090423584
1451267745260,2,0.952218770980835,0.5797571539878845,-0.44558221101760864
1451267745277,2,0.9550429582595825,0.2961360514163971,-0.06085340678691864
1451267745297,1,0.8892706632614136,0.40837475657463074,-0.14359305799007416
1451267745315,1,0.906314492225647,0.5647583603858948,-0.23517127335071564
1451267745343,1,0.7670547366142273,0.44013068079948425,-0.1561141163110733
1451267745364,1,0.478594034910202,0.23871377110481262,-0.03289630636572838
1451267745378,1,0.1676481068134308,0.21869419515132904,0.1475958675146103
1451267745399,1,0.5508606433868408,0.19450229406356812,0.7057879567146301
1451267745418,1,0.4924871027469635,0.16966508328914642,0.4937766194343567
1451267745440,1,0.04974237456917763,0.07052285969257355,0.2691647410392761
1451267745459,1,-0.20741504430770874,0.03644610941410065,0.35521629452705383
1451267745478,1,-0.24430561065673828,-0.005724222864955664,0.5194277763366699
1451267745498,1,-0.07690759003162384,-0.16657091677188873,0.5218915343284607
1451267745521,1,-0.001913870801217854,-0.11772066354751587,0.5458551645278931
1451267745541,1,-0.2382751703262329,-0.015647944062948227,0.5859937071800232
1451267745559,1,-0.4990760385990143,-0.02664893865585327,0.35031041502952576
1451267745579,1,-0.6090219020843506,-0.12094634771347046,0.38338208198547363
1451267745599,1,-0.5928412675857544,-0.2718430161476135,0.2979857623577118
1451267745622,1,-0.5363631844520569,-0.21607962250709534,0.5036036372184753
1451267745638,1,-0.32077130675315857,-0.17812252044677734,0.7072563171386719
1451267745661,1,-0.2704157531261444,-0.18847061693668365,0.6153483986854553
1451267745679,1,-0.3521054685115814,-0.18387889862060547,0.2855050563812256
1451267745703,1,-0.3589577376842499,-0.08314678072929382,0.011522680521011353
1451267745724,1,-0.006571706850081682,0.05246464163064957,-0.012021277099847794
1451267745740,1,0.02035590261220932,0.10431231558322906,-0.11708850413560867
1451267745761,1,0.158563032746315,0.18478140234947205,0.029762685298919678
1451267745780,1,0.448090136051178,0.2617553472518921,0.13051964342594147
1451267745799,1,0.5101673603057861,0.3150327503681183,0.027640871703624725
1451267745823,1,0.27025553584098816,0.27759823203086853,-0.48545771837234497
1451267745845,1,0.31608015298843384,0.2362310141324997,-0.42956340312957764
1451267745869,1,0.3604430556297302,0.2592693567276001,-0.21139644086360931
1451267745882,1,0.33285990357398987,0.262599378824234,-0.06608429551124573
1451267745901,1,0.438851922750473,0.2661179006099701,-0.026914311572909355
1451267745923,1,0.32181528210639954,0.2844289541244507,0.1967693567276001
1451267745943,1,-4.48903751373291,-3.6755759716033936,23.077991485595703
1451267745961,1,-7.4303460121154785,0.14141951501369476,-5.9109320640563965
1451267745982,1,0.6171935200691223,-2.1726486682891846,-3.4517929553985596
1451267746004,1,1.919642448425293,0.9420587420463562,-2.252047061920166
1451267746025,1,1.2664462327957153,1.8187668323516846,-1.0426759719848633
1451267746045,1,0.7539530396461487,0.6562055945396423,-0.5186293125152588
1451267746063,1,0.48689568042755127,0.08587795495986938,0.7728163003921509
1451267746082,1,-1.2039974927902222,0.9297259449958801,0.35073184967041016
1451267746104,1,-0.4234246611595154,0.5645791888237,0.12039455771446228
1451267746124,1,0.44204699993133545,0.6153936982154846,-0.2820873558521271
1451267746138,1,0.37046951055526733,0.7971811890602112,-0.7876888513565063
1451267746164,1,0.2532951533794403,0.6192615032196045,-0.4341764450073242
1451267746184,1,-0.025469811633229256,0.4346604347229004,-0.0052986908704042435
1451267746207,1,-0.34698235988616943,0.2262503057718277,0.005748188588768244
1451267746227,1,-0.5122533440589905,0.16528905928134918,0.009117372334003448
1451267746242,1,-0.43260568380355835,0.3061792850494385,0.30435821413993835
1451267746262,1,-0.42782264947891235,0.19664661586284637,0.3142261207103729
1451267746283,1,-0.5278319120407104,0.08571253716945648,0.25787001848220825
1451267746306,1,-0.6419396996498108,0.00830664113163948,0.2101028859615326
1451267746324,1,-0.6959757804870605,-0.04119505733251572,0.29278936982154846
1451267746343,1,-0.8916736841201782,-0.20063450932502747,0.4345119595527649
1451267746365,1,-0.8189876079559326,-0.21817748248577118,0.38926294445991516
1451267746385,1,-0.7315874695777893,-0.11386135965585709,0.3586164712905884
1451267746406,1,-0.8140819072723389,-0.0714370533823967,0.2861345708370209
1451267746424,1,-0.9793522953987122,-0.10847265273332596,0.37160396575927734
1451267746444,1,-0.9597228765487671,-0.09981091320514679,0.47389236092567444
1451267746463,1,-0.7532956004142761,-0.04281681403517723,-0.03856207802891731
1451267746485,1,-0.5088293552398682,0.007162146735936403,-0.2456698715686798
1451267746510,1,-0.17221881449222565,0.05703326314687729,-0.058396074920892715
1451267746520,1,-0.23007330298423767,0.026156185194849968,-0.008215455338358879
1451267746540,1,-0.5618743896484375,-0.0026785715017467737,-0.03602876141667366
1451267746564,1,-0.25942593812942505,0.1388891190290451,0.16431553661823273
1451267746587,1,0.06588694453239441,0.22763299942016602,-9.78489639237523E-4
1451267746608,1,0.2953348755836487,0.3009086549282074,-0.1887245923280716
1451267746625,1,0.11039868742227554,0.29282763600349426,-0.3090934157371521
1451267746641,1,-0.07354293763637543,0.2645779848098755,-0.1675865203142166
1451267746667,1,0.08986286073923111,0.2946387827396393,0.18924832344055176
1451267746689,1,0.33884015679359436,0.42752018570899963,0.31081777811050415
1451267746708,1,0.5841993689537048,0.46146687865257263,0.3012023866176605
1451267746727,1,0.5928962826728821,0.49508917331695557,0.14642858505249023
1451267746746,1,0.40941739082336426,0.5418468117713928,-0.009960837662220001
1451267746766,1,0.36720573902130127,0.5398641228675842,-0.0825263112783432
1451267746789,1,0.9670971035957336,0.6916860938072205,0.11508885771036148
1451267746808,1,1.2001334428787231,0.7825935482978821,0.20631518959999084
1451267746827,1,1.3472753763198853,0.8772285580635071,0.10158932209014893
1451267746846,1,1.2041563987731934,0.8341037034988403,-0.1421755999326706
1451267746868,1,1.2170628309249878,0.6910141706466675,-0.4939139783382416
1451267746890,1,0.9281307458877563,0.7236042022705078,-0.4096633493900299
1451267746910,1,0.638695240020752,0.27296823263168335,0.34137365221977234
1451267746927,1,0.07961714267730713,-0.15941140055656433,0.5933125019073486
1451267746948,1,-0.1329784095287323,-0.30180591344833374,0.3781757354736328
1451267746968,1,-0.07564343512058258,-0.16992373764514923,-0.03944587707519531
1451267746990,1,-0.5658010244369507,-0.5090016722679138,0.2186240553855896
1451267747010,1,-0.9573330283164978,-0.679510772228241,0.9064117074012756
1451267747027,1,-1.2132959365844727,-0.7419362664222717,1.10209321975708
1451267747048,1,-1.3053373098373413,-0.8187593817710876,0.7819055914878845
1451267747069,1,-1.264084815979004,-0.7193593978881836,0.11732815951108932
1451267747090,1,-0.9799801707267761,-0.6470373868942261,-0.3940519392490387
1451267747108,1,-1.097550630569458,-0.6888830065727234,0.20413550734519958
1451267747127,1,-1.2795647382736206,-0.7245821356773376,0.7618488669395447
1451267747145,1,-1.5349116325378418,-0.7727686166763306,0.9814841747283936
1451267747164,1,-1.5204401016235352,-0.7108581066131592,0.8791455030441284
1451267747190,1,-1.1866191625595093,-0.5023825168609619,0.6924626231193542
1451267747209,1,-0.6625470519065857,-0.16434767842292786,0.5873737931251526
1451267747229,1,-0.36880090832710266,-0.039830200374126434,0.48670390248298645
1451267747249,1,-0.4229189157485962,-0.0036374798510223627,0.3160463273525238
1451267747271,1,-0.5320714116096497,-0.0767398327589035,0.2954670488834381
1451267747290,1,-0.2923820912837982,-0.02808130905032158,0.38589200377464294
1451267747307,2,0.11037671566009521,0.18212708830833435,-0.05418868735432625
1451267747330,2,0.048117294907569885,0.2958683371543884,-0.1839788556098938
1451267747354,2,-0.06267959624528885,0.3575087785720825,-0.14566577970981598
1451267747375,2,-0.04200220853090286,0.33746057748794556,0.05916939675807953
1451267747390,2,0.05592338368296623,0.2526227533817291,0.05743453651666641
1451267747409,2,0.14892920851707458,0.26013416051864624,0.026752397418022156
1451267747429,2,0.03811227157711983,0.29305121302604675,0.04065057635307312
1451267747450,2,-0.07515936344861984,0.23042963445186615,0.10349719971418381
1451267747473,2,-0.07872183620929718,0.19303017854690552,0.09348258376121521
1451267747491,2,-0.007891557179391384,0.20214638113975525,0.07306874543428421
1451267747510,2,0.09092002362012863,0.19330431520938873,0.04571487382054329
1451267747531,2,-0.01364557258784771,0.2012406587600708,-0.0619470477104187
1451267747552,2,0.024136753752827644,0.22041356563568115,-0.016160277649760246
1451267747572,2,0.06489948183298111,0.23991701006889343,-0.050133273005485535
1451267747593,2,0.08363354206085205,0.2553437054157257,0.01645195297896862
1451267747612,2,0.030981596559286118,0.19077537953853607,0.11940788477659225
1451267747631,2,-0.18705865740776062,-0.05496785417199135,0.13776187598705292
1451267747652,2,-0.41746532917022705,-0.1455228626728058,0.2208428978919983
1451267747674,2,-0.7413643002510071,-0.270173043012619,0.31102409958839417
1451267747693,2,-1.0599925518035889,-0.30441901087760925,0.38287353515625
1451267747711,2,-9.781245231628418,1.4230012893676758,5.102746486663818
1451267747731,2,-4.103488922119141,1.5031605958938599,-0.05476093292236328
1451267747754,2,-4.064217567443848,1.8012142181396484,-2.631565570831299
1451267747773,2,-1.26091730594635,1.0891010761260986,-1.5305887460708618
1451267747792,2,1.7355979681015015,0.4848366677761078,0.6295177936553955
1451267747813,2,5.103719234466553,-0.6446961164474487,1.616585373878479
1451267747833,2,3.922294855117798,-1.3421485424041748,1.2134207487106323
1451267747855,2,-0.2348104864358902,-0.619935154914856,0.40287235379219055
1451267747878,2,0.032053280621767044,-0.004557809326797724,-0.03757423534989357
1451267747894,2,0.959049642086029,0.34240737557411194,-0.43982234597206116
1451267747915,2,1.4975355863571167,0.4761044979095459,-0.41700026392936707
1451267747934,2,1.3819801807403564,0.4707935154438019,-0.08970306813716888
1451267747956,2,0.45360851287841797,0.37051907181739807,0.5048539042472839
1451267747976,2,0.578354001045227,0.07197422534227371,0.720982015132904
1451267747995,2,0.7505406141281128,-0.12468086183071136,0.6845791935920715
1451267748014,2,0.8407548069953918,-0.13397300243377686,0.34282442927360535
1451267748033,2,0.8380357623100281,-0.009105682373046875,-0.055696751922369
1451267748055,2,0.7768513560295105,0.14434446394443512,-0.04378127306699753
1451267748078,2,0.4260658323764801,0.2274877429008484,0.3225537836551666
1451267748094,2,0.37247663736343384,0.21214842796325684,0.5043249130249023
1451267748113,2,0.5333621501922607,0.09499737620353699,0.45967912673950195
1451267748130,2,0.5985768437385559,-0.034380409866571426,0.13152094185352325
1451267748156,2,0.6312159299850464,0.019875498488545418,0.0010913023725152016
1451267748177,2,0.4379773736000061,0.13187865912914276,-0.025023967027664185
1451267748195,2,0.4431343674659729,0.15272913873195648,0.03228314593434334
1451267748215,2,0.5123468637466431,0.11935644596815109,0.0700455978512764
1451267748235,2,0.518429160118103,0.04884323477745056,0.18261165916919708
1451267748257,2,0.488459974527359,0.03000643104314804,0.20721593499183655
1451267748275,2,0.2937333285808563,0.09070026129484177,-0.016835398972034454
1451267748295,2,0.3417825698852539,0.08224982768297195,-0.13197685778141022
1451267748316,2,0.4019721746444702,0.08657324314117432,-0.12081307917833328
1451267748337,2,0.4207950234413147,0.07599573582410812,0.05719956010580063
1451267748357,2,0.47990867495536804,0.062107790261507034,0.4474491775035858
1451267748376,2,0.47589895129203796,0.0800333246588707,0.1345195323228836
1451267748396,2,0.30792179703712463,0.11967179924249649,-0.13176526129245758
1451267748417,2,0.2844275236129761,0.13351678848266602,-0.003534019459038973
1451267748438,2,0.30390191078186035,0.10884995758533478,0.1668470948934555
1451267748458,2,0.3547874987125397,0.1272810995578766,0.19295594096183777
1451267748477,2,0.4573063254356384,0.15757951140403748,0.2502554655075073
1451267748497,2,0.31339430809020996,0.07459551841020584,0.15502981841564178
1451267748517,2,0.2663218677043915,0.08169102668762207,-0.007257423829287291
1451267748539,2,0.25220003724098206,0.11821049451828003,-0.00808569137006998
1451267748560,2,0.24217042326927185,0.11038140952587128,0.10238602757453918
1451267748577,2,0.3092128038406372,0.04849924147129059,0.22929683327674866
1451267748597,2,0.00353533448651433,-0.01833002269268036,0.05229775980114937
1451267748617,2,-0.017093466594815254,-0.057288698852062225,0.12565350532531738
1451267748639,2,0.10832107812166214,-0.024989187717437744,0.24177813529968262
1451267748658,2,0.12428072094917297,0.025464404374361038,0.2544037997722626
1451267748677,2,0.11980145424604416,0.05210048332810402,0.19583997130393982
1451267748698,2,0.04163019731640816,0.10785101354122162,0.2991349399089813
1451267748721,2,0.17485713958740234,0.01857493631541729,-0.0708247646689415
1451267748740,2,0.1270684450864792,0.05432429537177086,-0.26556408405303955
1451267748758,2,0.1917644590139389,0.22232143580913544,0.4632248282432556
1451267748778,2,0.2835388481616974,0.23812136054039001,0.8156500458717346
1451267748797,2,0.3580303192138672,0.10515841096639633,0.3424006402492523
1451267748818,2,0.4402201771736145,0.12350509315729141,-0.10346972942352295
1451267748839,2,0.4103351831436157,0.2025841772556305,0.08809855580329895
1451267748855,2,0.4429112374782562,0.16237053275108337,-0.018031330779194832
1451267748880,2,0.5295887589454651,0.0697203129529953,-0.02922375686466694
1451267748899,2,0.5227112174034119,0.08333762735128403,-0.34619009494781494
1451267748921,2,-0.21646863222122192,0.19626228511333466,-0.39205753803253174
1451267748943,2,0.09464176744222641,0.3012014925479889,0.836438000202179
1451267748961,2,0.41684556007385254,0.10547726601362228,0.9025859832763672
1451267748980,2,0.18615418672561646,-0.05243833735585213,0.3763952851295471
1451267749000,2,0.005856251809746027,0.01891103759407997,-0.0976782888174057
1451267749022,2,-0.23280075192451477,0.061739832162857056,0.09134674072265625
1451267749041,2,-0.23150120675563812,-0.030183834955096245,0.6106126308441162
1451267749060,2,0.25416749715805054,-0.044912032783031464,0.7758955359458923
1451267749079,2,0.389405757188797,0.014050737023353577,0.5604133009910583
1451267749100,2,0.010173019021749496,-0.11765315383672714,0.08082827180624008
1451267749122,2,-0.21643735468387604,-0.149335116147995,0.1365799754858017
1451267749143,2,-0.15730935335159302,0.19348961114883423,-0.14429742097854614
1451267749160,2,0.04663805291056633,0.29323095083236694,-0.27938568592071533
1451267749180,2,0.14581985771656036,0.323445200920105,-0.542088508605957
1451267749201,2,0.11115454882383347,0.19537849724292755,-0.5732049942016602
1451267749221,2,0.12022817134857178,0.13076047599315643,-0.29204583168029785
1451267749243,2,0.041453707963228226,0.09954670816659927,0.2177799940109253
1451267749261,2,0.08230385929346085,0.157484233379364,0.20891748368740082
1451267749281,2,0.06418324261903763,0.21618717908859253,0.1310281753540039
1451267749302,2,0.2563599944114685,0.23149113357067108,0.2505453824996948
1451267749322,2,0.2495482861995697,0.13453005254268646,0.34987494349479675
1451267749350,1,-0.24437585473060608,-0.06767828017473221,0.2722083330154419
1451267749361,1,-0.21006616950035095,-0.045349545776844025,0.7997493147850037
1451267749387,1,-0.27458667755126953,0.019842471927404404,0.733230710029602
1451267749403,1,-0.2609279751777649,-0.02443944476544857,0.4846995770931244
1451267749428,1,-0.10383100062608719,-0.02341916225850582,0.49832069873809814
1451267749444,1,-0.043656185269355774,0.16624534130096436,0.20475919544696808
1451267749467,1,0.018614977598190308,0.14525514841079712,0.12469839304685593
1451267749485,1,0.009751797653734684,0.11958149075508118,0.07845745235681534
1451267749506,1,0.17031046748161316,0.11091303080320358,-0.12802666425704956
1451267749527,1,0.17879745364189148,0.13777151703834534,0.0020054946653544903
1451267749546,1,0.13683858513832092,0.15682078897953033,-0.16032910346984863
1451267749565,1,0.25735151767730713,0.2499631941318512,-0.24894319474697113
1451267749586,1,0.338934063911438,0.15576806664466858,-0.04785071685910225
1451267749608,1,0.26610204577445984,0.12303368002176285,-0.07160042226314545
1451267749628,1,0.0976940467953682,0.197342187166214,-0.2674696147441864
1451267749646,1,0.2882671058177948,0.24779987335205078,0.5726350545883179
1451267749667,1,0.6199683547019958,0.20057576894760132,0.2801677882671356
1451267749687,1,0.5145072340965271,0.1752992868423462,-0.09350655227899551
1451267749708,1,-0.09063158184289932,0.2510673403739929,-0.21960721909999847
1451267749728,1,-0.35338929295539856,0.3294406235218048,0.09840484708547592
1451267749746,1,-0.3779126703739166,0.22632336616516113,0.1361445039510727
1451267749766,1,-0.41122063994407654,-0.04303601011633873,0.010080664418637753
1451267749787,1,-0.4410952031612396,-0.1426011323928833,0.15572188794612885
1451267749808,1,-0.4375072717666626,-0.14580371975898743,0.1455652415752411
1451267749828,1,-0.3552502691745758,0.06142214685678482,0.27796587347984314
1451267749850,1,-0.337385892868042,-0.5552750825881958,-0.6313409209251404
1451267749871,1,-1.7331212759017944,-0.8340379595756531,-2.6487843990325928
1451267749897,1,-8.907939910888672,-4.490438461303711,-2.22806715965271
1451267749910,1,0.13020217418670654,-0.6534019708633423,4.402463436126709
1451267749925,1,-2.0526866912841797,0.9775626063346863,0.4861912727355957
1451267749951,1,3.825150728225708,1.069602608680725,-0.6400140523910522
1451267749973,1,2.9253323078155518,1.32705819606781,-1.7172691822052002
1451267749991,1,-0.5628310441970825,-0.1706523448228836,-1.2716922760009766
1451267750010,1,-1.7452304363250732,-0.8752022981643677,0.2166910320520401
1451267750030,1,-0.9230207204818726,-0.2746615707874298,1.1572153568267822
1451267750051,1,0.6673089265823364,0.35531333088874817,1.1015081405639648
1451267750073,1,1.1895701885223389,0.861916720867157,-0.03002455271780491
1451267750093,1,0.35876643657684326,0.5424614548683167,-0.5200216770172119
1451267750110,1,-0.2301100492477417,0.3472784757614136,-0.507694661617279
1451267750131,1,-0.4333907961845398,0.1431143432855606,0.051122285425662994
1451267750151,1,-0.4776224195957184,0.028616439551115036,0.7711048126220703
1451267750172,1,-0.24132126569747925,-0.315496563911438,1.3137749433517456
1451267750194,1,-0.3583418130874634,-0.4383639395236969,0.745344340801239
1451267750211,1,-0.6074957847595215,-0.32710370421409607,0.15006430447101593
1451267750228,1,-0.7141244411468506,-0.12875615060329437,-0.07672200351953506
1451267750252,1,-0.5449900031089783,0.023617606610059738,0.06804828345775604
1451267750273,1,-0.351350337266922,0.05046352744102478,0.17515315115451813
1451267750293,1,-0.2056414932012558,-0.040661681443452835,-0.22578677535057068
1451267750311,1,-0.2584563195705414,-0.05697743967175484,-0.404220849275589
1451267750331,1,-0.35924795269966125,-0.10391338169574738,-0.4540092647075653
1451267750352,1,-0.43600183725357056,-0.10978139936923981,-0.3382037878036499
1451267750374,1,-0.27389007806777954,-0.10538666695356369,-0.04788461700081825
1451267750392,1,-0.11669621616601944,-0.19096915423870087,0.4460948407649994
1451267750411,1,0.10366605222225189,-0.09478840976953506,0.6453828811645508
1451267750432,1,-0.05761486291885376,-0.007833470590412617,0.4961532950401306
1451267750454,1,-0.299880713224411,0.017334582284092903,0.3103589117527008
1451267750474,1,-0.3138009011745453,-0.01410363707691431,0.32912442088127136
1451267750493,1,-0.1675577014684677,-0.03801175206899643,0.5764537453651428
1451267750512,1,0.30679911375045776,0.0962514653801918,0.9468839764595032
1451267750534,1,0.40182721614837646,0.14382219314575195,0.6373223662376404
1451267750555,1,-0.2084619104862213,0.0836561918258667,0.031163785606622696
1451267750576,1,-0.6298995018005371,0.01741466112434864,-0.29568156599998474
1451267750593,1,-0.7172453999519348,0.008234452456235886,-0.2441273182630539
1451267750614,1,0.05147668719291687,0.21591070294380188,0.15503975749015808
1451267750634,1,0.4395313858985901,0.1649284064769745,0.1884346604347229
1451267750657,1,0.2128632515668869,0.10455489158630371,-0.09434183686971664
1451267750676,1,-0.19081775844097137,0.0026762334164232016,-0.2355155646800995
1451267750695,1,-0.33309975266456604,0.011197101324796677,-0.12426234036684036
1451267750711,1,-0.01820022240281105,0.16072511672973633,0.13253682851791382
1451267750736,1,0.255482017993927,0.1842375099658966,0.08626432716846466
1451267750756,1,0.27059412002563477,0.1773228943347931,0.003396072192117572
1451267750778,1,0.1360660344362259,0.13749387860298157,-0.1562257558107376
1451267750796,1,-0.13322415947914124,0.0729670375585556,-0.23485739529132843
1451267750817,1,-0.16770294308662415,0.11227233707904816,0.09893675893545151
1451267750838,1,0.10195747762918472,0.1879156082868576,0.2919359505176544
1451267750856,1,0.29915669560432434,0.22297728061676025,0.3639034628868103
1451267750875,1,0.18139533698558807,0.1743716448545456,0.2908189296722412
1451267750897,1,-0.04439721629023552,0.08208528906106949,0.13380642235279083
1451267750918,1,-0.19922304153442383,0.05169278010725975,0.0606008917093277
1451267750938,1,-0.07142576575279236,0.09713321924209595,0.2626952528953552
1451267750957,1,0.15601414442062378,0.10479425638914108,0.332684725522995
1451267750976,1,0.11349066346883774,0.09547697752714157,0.29983752965927124
1451267750996,1,-0.10302206128835678,0.06481032818555832,0.22680793702602386
1451267751017,1,-0.3020625710487366,0.10426117479801178,0.16157938539981842
1451267751038,1,-0.1585233211517334,0.13291092216968536,0.36813950538635254
1451267751058,1,-0.05142119526863098,0.08263415098190308,0.3089040517807007
1451267751075,1,0.1306963413953781,0.08793254941701889,0.2888508439064026
1451267751096,1,0.028777144849300385,0.04976151883602142,0.1562812775373459
1451267751117,1,-0.20981717109680176,0.008555646985769272,-0.014157120138406754
1451267751138,1,-0.19358356297016144,0.04087883234024048,0.12261983752250671
1451267751157,1,-0.038682106882333755,0.070638008415699,0.1517886519432068
1451267751177,1,-0.01701956056058407,0.06393208354711533,0.04931962117552757
1451267751197,1,-0.1674337387084961,-0.017343642190098763,-0.12782734632492065
1451267751218,1,-0.3061428666114807,-0.011114099062979221,-0.19992928206920624
1451267751239,1,-0.2001887708902359,0.006438801065087318,-0.08081015199422836
1451267751258,1,-0.04623042047023773,0.0360112264752388,0.10020458698272705
1451267751277,1,-0.05949873849749565,0.04820172116160393,0.11704817414283752
1451267751298,1,-0.13540296256542206,0.051353756338357925,0.10479600727558136
1451267751318,1,-0.17304357886314392,0.05394728109240532,0.0918354019522667
1451267751339,1,-0.18979692459106445,0.06772065907716751,0.1352308988571167
1451267751361,2,-0.08605068176984787,0.09429185837507248,0.10231763869524002
1451267751380,2,0.03755571320652962,0.08707505464553833,0.17521336674690247
1451267751400,2,0.10014238953590393,0.0840647742152214,0.1636585295200348
1451267751419,2,-0.006476064212620258,0.06493541598320007,0.07674246281385422
1451267751442,2,-0.11265961825847626,0.06820084899663925,0.08398059755563736
1451267751454,2,-0.1441386491060257,0.06906856596469879,0.25568389892578125
1451267751482,2,-0.15522609651088715,0.05392477661371231,0.23360943794250488
1451267751499,2,-0.09289664030075073,0.0833238884806633,0.17340952157974243
1451267751518,2,0.053105276077985764,0.06558540463447571,0.01212590653449297
1451267751540,2,0.05615059658885002,0.11141075193881989,-0.13288111984729767
1451267751558,2,0.034439243376255035,0.13808803260326385,0.12516309320926666
1451267751579,2,-0.053710732609033585,0.12204846739768982,0.32474398612976074
1451267751600,2,-0.08903828263282776,0.0752805769443512,0.39389002323150635
1451267751621,2,-0.10614367574453354,0.10045447200536728,0.32281041145324707
1451267751641,2,-0.1072959154844284,0.06959054619073868,0.13393618166446686
1451267751656,2,-0.16166414320468903,0.03328442946076393,-0.009306172840297222
1451267751681,2,-0.2453189492225647,-0.10690350085496902,0.243048295378685
1451267751700,2,-0.3382030427455902,-0.2411676049232483,0.19497546553611755
1451267751722,2,-0.693325400352478,-0.34270432591438293,0.0757668986916542
1451267751741,2,-0.9801437854766846,-0.48950785398483276,0.15419571101665497
1451267751760,2,-1.163641333580017,-0.45605188608169556,0.3180301785469055
1451267751780,2,0.27154427766799927,-1.1357555389404297,-2.2625107765197754
1451267751799,2,-8.60549259185791,3.6175808906555176,0.6472358107566833
1451267751822,2,-4.8361992835998535,2.1847827434539795,0.05620002746582031
1451267751842,2,-3.4878406524658203,0.7543740272521973,-0.20744097232818604
1451267751860,2,-0.6205398440361023,0.6820178031921387,-0.2502993047237396
1451267751880,2,3.5940723419189453,-0.948810875415802,0.5909907817840576
1451267751904,2,2.749094247817993,-1.3867822885513306,1.1600842475891113
1451267751923,2,1.0933085680007935,-1.1231579780578613,0.9525760412216187
1451267751942,2,0.2983852028846741,-0.3426876664161682,0.19430501759052277
1451267751962,2,0.5705201625823975,0.3926844298839569,-0.5601215958595276
1451267751982,2,1.1506918668746948,0.9665218591690063,-0.953387975692749
1451267752001,2,0.7823598980903625,0.9378358721733093,0.24258652329444885
1451267752023,2,0.3666723370552063,0.6928408145904541,0.8416531085968018
1451267752041,2,0.1304817944765091,0.21994975209236145,0.9697060585021973
1451267752061,2,0.28260356187820435,-0.13829904794692993,0.8010931015014648
1451267752077,2,0.4650864005088806,-0.2988748252391815,0.5064157247543335
1451267752103,2,0.1775817722082138,0.004878127481788397,0.032109539955854416
1451267752126,2,0.046561554074287415,0.24085547029972076,0.19547230005264282
1451267752142,2,0.01956416666507721,0.2751525640487671,0.33301207423210144
1451267752163,2,0.0628344938158989,0.17859072983264923,0.3953711986541748
1451267752182,2,0.14599727094173431,0.03719897195696831,0.2619844675064087
1451267752204,2,0.2803969085216522,0.012135258875787258,-0.12859773635864258
1451267752225,2,0.20567937195301056,0.03581862524151802,-0.14778584241867065
1451267752242,2,0.0574365109205246,0.0596633180975914,-0.2016395926475525
1451267752262,2,0.12849047780036926,0.11317571252584457,-0.23053427040576935
1451267752283,2,0.2948538661003113,0.1643906533718109,-0.18986673653125763
1451267752305,2,0.38526737689971924,0.12842793762683868,-0.11457155644893646
1451267752325,2,0.24762170016765594,0.006123451516032219,0.19190847873687744
1451267752338,2,0.010020970366895199,0.014444997534155846,0.23342590034008026
1451267752364,2,-0.05670176446437836,0.1014186441898346,0.2076519876718521
1451267752383,2,0.08779306709766388,0.14978636801242828,0.1855143904685974
1451267752405,2,0.29248562455177307,0.1378723531961441,0.1367354542016983
1451267752428,2,0.48353707790374756,0.2065378874540329,0.25961482524871826
1451267752444,2,0.28171682357788086,0.17750146985054016,0.23755612969398499
1451267752464,2,0.06536372005939484,0.12236732244491577,0.13851122558116913
1451267752480,2,0.03391425311565399,0.14378391206264496,0.14743980765342712
1451267752506,2,0.1456940621137619,0.15073037147521973,0.1538572758436203
1451267752520,2,0.27769583463668823,0.16755203902721405,0.1717272698879242
1451267752544,2,0.21741361916065216,0.17816519737243652,0.23716333508491516
1451267752560,2,0.1273730993270874,0.11318594217300415,0.20092180371284485
1451267752586,2,0.09029211848974228,0.08751023560762405,0.1545627862215042
1451267752602,2,0.10262195020914078,0.1037193164229393,0.03226210176944733
1451267752627,2,0.17898480594158173,0.11379940062761307,0.07252221554517746
1451267752645,2,0.1378139704465866,0.08880144357681274,0.19972236454486847
1451267752666,2,0.03171827644109726,0.030026305466890335,0.1377495974302292
1451267752688,2,-7.671119528822601E-4,0.012417291291058064,0.10058335959911346
1451267752708,2,0.07665470987558365,0.05634118989109993,0.09692250192165375
1451267752727,2,0.11913250386714935,0.10569296032190323,0.09377426654100418
1451267752746,2,0.060908496379852295,0.0960661768913269,0.14821721613407135
1451267752767,2,-0.011611307971179485,0.08771365135908127,0.18609189987182617
1451267752789,2,0.033601313829422,0.10491028428077698,0.2629033327102661
1451267752808,2,0.13171401619911194,0.1427779495716095,0.25614333152770996
1451267752826,2,0.14947675168514252,0.1260831207036972,0.1385977417230606
1451267752847,2,0.08386936038732529,0.12430793792009354,0.030411506071686745
1451267752867,2,0.11242040246725082,0.09720365703105927,0.09050269424915314
1451267752890,2,0.12921912968158722,0.1234203353524208,0.19799043238162994
1451267752909,2,0.0935623049736023,0.11016221344470978,0.22199147939682007
1451267752927,2,0.07640289515256882,0.1184796690940857,0.2835720181465149
1451267752944,2,0.07952241599559784,0.12735767662525177,0.23119185864925385
1451267752968,2,0.053292322903871536,0.11368746310472488,0.03772738203406334
1451267752989,2,0.10819453001022339,0.0757329985499382,0.08838964998722076
1451267753010,2,-0.009175021201372147,0.04232260212302208,0.09011808037757874
1451267753028,2,-0.06502163410186768,0.007654314395040274,0.09764730930328369
1451267753048,2,-0.03984218090772629,0.017451193183660507,0.052483636885881424
1451267753067,2,0.04237652197480202,0.08565729856491089,0.17238077521324158
1451267753090,2,-0.03521430119872093,0.059223175048828125,0.1607820987701416
1451267753113,2,-0.06722615659236908,0.1096034124493599,0.327158659696579
1451267753128,2,-0.05177256464958191,0.08368045091629028,0.3612222671508789
1451267753148,2,-0.056193672120571136,0.07570201903581619,0.21097441017627716
1451267753168,2,0.21497684717178345,0.17241905629634857,0.1033884808421135
1451267753190,2,0.2065531313419342,0.140268012881279,0.023943770676851273
1451267753209,2,0.07610055059194565,0.11126578599214554,0.022707507014274597
1451267753227,2,0.03965140879154205,0.12846475839614868,0.11759469658136368
1451267753249,2,-9.364041034132242E-4,0.1098974272608757,0.13028642535209656
1451267753270,2,-0.06140906736254692,0.08592092245817184,0.09861878305673599
1451267753291,2,0.05360277742147446,0.07186930626630783,0.18543899059295654
1451267753311,2,0.021670710295438766,0.07224486023187637,0.22421617805957794
1451267753330,2,-0.030764922499656677,0.0651373639702797,0.29185354709625244
1451267753350,2,-0.09633556753396988,0.005768354516476393,0.20128245651721954
1451267753371,2,-0.08378887921571732,-0.021994974464178085,0.0638759657740593
1451267753391,2,-0.02135433815419674,0.1224064826965332,0.1537386178970337
