1451267757377,0,-0.14759279787540436,0.11287176609039307,0.18978899717330933
1451267757390,0,-0.14759279787540436,0.11287176609039307,0.18978899717330933
1451267757405,1,-0.14759279787540436,0.11287176609039307,0.18978899717330933
1451267757428,1,-0.14759279787540436,0.11287176609039307,0.18978899717330933
1451267757446,1,-0.14759279787540436,0.11287176609039307,0.18978899717330933
1451267757467,1,-0.14759279787540436,0.11287176609039307,0.18978899717330933
1451267757487,1,-0.14759279787540436,0.11287176609039307,0.18978899717330933
1451267757507,1,-0.4148613512516022,-0.12551555037498474,-0.07223346084356308
1451267757528,1,0.22155126929283142,0.157487154006958,0.12218027561903
1451267757546,1,0.3029286861419678,0.051463644951581955,0.4242851436138153
1451267757573,1,0.43978360295295715,-0.24578970670700073,0.22111821174621582
1451267757594,1,0.3857848644256592,-0.18811258673667908,0.09496785700321198
1451267757614,1,0.3254963457584381,-0.038762569427490234,-0.08015432208776474
1451267757633,1,0.20774975419044495,0.09885668009519577,-0.20414894819259644
1451267757651,1,0.48594236373901367,0.18896131217479706,0.19478023052215576
1451267757672,1,0.16130945086479187,0.17627660930156708,-0.14666356146335602
1451267757695,1,-0.20955979824066162,0.2350076138973236,-0.2499023973941803
1451267757715,1,-0.30642566084861755,0.2173854410648346,0.09318623691797256
1451267757727,1,-0.024213528260588646,0.13012568652629852,0.7664934992790222
1451267757753,1,0.16912904381752014,-0.17692717909812927,0.5872896313667297
1451267757773,1,-0.007608063984662294,-0.056671734899282455,0.33618658781051636
1451267757796,1,-0.18012364208698273,0.16987375915050507,0.7750239968299866
1451267757810,1,-0.43295347690582275,0.17924773693084717,0.8560978174209595
1451267757828,1,-0.31346943974494934,0.12389526516199112,0.6355524063110352
1451267757853,1,0.024756986647844315,0.1608060598373413,-0.021793898195028305
1451267757873,1,0.12418241053819656,0.1600847691297531,0.09673895686864853
1451267757895,1,0.05417056754231453,0.04137421399354935,0.06008709594607353
1451267757916,1,-0.10288593918085098,-0.03959142044186592,-0.29600831866264343
1451267757929,1,-0.291843980550766,4.6060324530117214E-4,-0.4847264885902405
1451267757954,1,0.5061203241348267,0.2508084177970886,0.5877911448478699
1451267757974,1,-0.4041593372821808,-0.7685860991477966,-1.6794548034667969
1451267757996,1,-0.9491407871246338,-0.4587439000606537,-2.691559076309204
1451267758014,1,-1.5517524480819702,-3.140503406524658,1.3079489469528198
1451267758033,1,2.945462465286255,1.3423802852630615,5.294693470001221
1451267758055,1,3.179607391357422,2.944495677947998,-0.5945972800254822
1451267758075,1,-0.544312059879303,-0.9965236186981201,-0.3125169575214386
1451267758090,1,-3.9300758838653564,-1.1425892114639282,-0.4874877631664276
1451267758110,1,-2.886443853378296,-0.574774980545044,0.4114624857902527
1451267758135,1,0.5687127113342285,0.5962982773780823,1.4558113813400269
1451267758155,1,1.8782676458358765,1.210647463798523,1.302034854888916
1451267758177,1,0.6638678908348083,0.011830431409180164,0.25565993785858154
1451267758197,1,-0.30396416783332825,-0.24775955080986023,-0.4413508474826813
1451267758215,1,-0.55287104845047,-0.13745149970054626,-0.10277648270130157
1451267758235,1,-0.3580894470214844,0.05569003149867058,0.6678600907325745
1451267758256,1,-0.4663694202899933,0.23102526366710663,1.1862152814865112
1451267758278,1,-0.3175480365753174,-0.32677432894706726,0.7145774364471436
1451267758297,1,-0.47883346676826477,-0.32428106665611267,-0.27304479479789734
1451267758311,1,-0.47367995977401733,-0.1924848109483719,-0.4194885790348053
1451267758336,1,-0.355571985244751,0.12515023350715637,-0.037414077669382095
1451267758357,1,-0.3362547755241394,0.23060470819473267,0.2298860400915146
1451267758377,1,-0.12285130470991135,0.22404314577579498,0.3879191279411316
1451267758397,1,-0.24862448871135712,-0.09600742906332016,0.08787351846694946
1451267758417,1,-0.45647820830345154,-0.07514233887195587,-0.03978373110294342
1451267758437,1,-0.4445109963417053,0.04901449754834175,0.15675416588783264
1451267758457,1,-0.283477783203125,0.1171121746301651,0.28159692883491516
1451267758478,1,-0.16481420397758484,0.05596329644322395,0.3955564796924591
1451267758499,1,-0.23070837557315826,0.024078795686364174,0.1107896938920021
1451267758516,1,-0.30204635858535767,0.07994535565376282,-0.02160802111029625
1451267758537,1,-0.23778226971626282,0.17618601024150848,-8.265139767900109E-4
1451267758557,1,-0.0027516367845237255,0.23167817294597626,0.26866963505744934
1451267758578,1,0.1301947981119156,0.12191987037658691,0.34854573011398315
1451267758597,1,-0.2206576019525528,0.06126870959997177,0.0900140330195427
1451267758617,1,-0.21051548421382904,0.1815127581357956,0.2491641491651535
1451267758638,1,-0.019977059215307236,0.21165655553340912,0.20574644207954407
1451267758657,1,-0.025120778009295464,0.14607669413089752,-0.05720306560397148
1451267758679,1,-0.06838087737560272,0.042858898639678955,-0.06484919786453247
1451267758698,1,-0.19857700169086456,0.07056611031293869,0.1880740076303482
1451267758717,1,-0.21391499042510986,0.0900125727057457,0.595318615436554
1451267758738,1,-0.2938442826271057,0.09662292897701263,0.3727233111858368
1451267758761,1,-0.23822899162769318,0.09922493249177933,0.30679449439048767
1451267758780,1,-0.1335335224866867,0.12448212504386902,0.4167056679725647
1451267758794,1,-0.1080385372042656,0.10545476526021957,0.29430559277534485
1451267758817,1,-0.05934906750917435,0.10481178760528564,0.17060382664203644
1451267758834,1,-0.0754537433385849,0.09078209847211838,0.122177354991436
1451267758861,1,-0.17601919174194336,0.04013385996222496,-0.0427238754928112
1451267758883,1,-0.2659822404384613,0.04372691363096237,-0.1837029606103897
1451267758902,1,-0.17691366374492645,0.1097603514790535,-0.1027887612581253
1451267758918,1,-0.04629073664546013,0.14450082182884216,0.07705635577440262
1451267758939,1,-0.029683776199817657,0.055927056819200516,-0.03474573418498039
1451267758960,1,-0.0913262888789177,0.033373862504959106,-0.20187632739543915
1451267758981,1,-0.09794197976589203,0.03569967672228813,-0.1272597759962082
1451267759000,1,0.02581351064145565,0.07614216208457947,-0.007307108491659164
1451267759019,1,0.034426186233758926,0.1492062360048294,0.05577332526445389
1451267759040,1,-0.19457374513149261,0.22894436120986938,0.31013211607933044
1451267759062,1,-0.1020125150680542,0.20889000594615936,0.5013338923454285
1451267759082,1,-0.0454670712351799,0.12731413543224335,0.5136865973472595
1451267759101,1,-0.061105772852897644,0.038989949971437454,0.33093875646591187
1451267759120,1,-0.12006773799657822,0.02036065049469471,0.20669570565223694
1451267759141,1,-0.18933336436748505,0.05908055230975151,0.20932255685329437
1451267759164,1,-0.23675350844860077,0.09175766259431839,0.22530688345432281
1451267759184,1,-0.3074657618999481,0.06569207459688187,0.2553665041923523
1451267759201,1,-0.19481055438518524,0.05404021963477135,0.21580372750759125
1451267759221,1,-0.19140855967998505,0.03988952934741974,0.15931612253189087
1451267759240,1,-0.2061670869588852,-0.004735211841762066,0.21887071430683136
1451267759263,1,-0.1680089831352234,0.02460164949297905,0.15811726450920105
1451267759277,1,-0.08639686554670334,0.07004764676094055,0.18837036192417145
1451267759301,1,-0.0547921322286129,0.12639467418193817,0.25771278142929077
1451267759321,1,0.060970600694417953,0.16618338227272034,0.11150690168142319
1451267759344,1,-0.016919424757361412,0.18406185507774353,-0.012650222517549992
1451267759362,1,-0.1547776758670807,0.11095482110977173,0.21550270915031433
1451267759382,1,-0.12486951053142548,0.04294423758983612,0.19114625453948975
1451267759401,1,-0.19550174474716187,0.03710983321070671,0.1929682195186615
1451267759422,2,-0.16025997698307037,0.028003567829728127,0.19063889980316162
1451267759445,2,-0.15270306169986725,0.056738078594207764,0.08021394163370132
1451267759466,2,-0.09002097696065903,0.06500701606273651,0.16656067967414856
1451267759485,2,-0.07186389714479446,0.08992168307304382,0.1915314644575119
1451267759501,2,-0.11385850608348846,0.0732131227850914,0.12886369228363037
1451267759523,2,-0.14775113761425018,0.0794450044631958,0.14848200976848602
1451267759543,2,-0.14479294419288635,0.09554624557495117,0.1999398022890091
1451267759564,2,0.025448402389883995,0.13202595710754395,0.15159165859222412
1451267759583,2,0.011534662917256355,0.1347629874944687,0.18366730213165283
1451267759603,2,-0.0013829788658767939,0.12010522186756134,0.22556465864181519
1451267759623,2,0.028353841975331306,0.12228285521268845,0.16138648986816406
1451267759645,2,0.0072362348437309265,0.13023382425308228,0.026082536205649376
1451267759666,2,-0.018984613940119743,0.14510726928710938,0.025455929338932037
1451267759683,2,-0.1621248871088028,0.05350187420845032,0.09852993488311768
1451267759703,2,-0.2472565621137619,-0.0112763037905097,0.2135743647813797
1451267759724,2,-0.20666736364364624,-0.04028232768177986,0.25557926297187805
1451267759747,2,-0.16016776859760284,-0.05607844516634941,0.11381226032972336
1451267759764,2,-0.2435542792081833,-0.09413637220859528,0.032249826937913895
1451267759784,2,-0.5644789934158325,-0.21847470104694366,0.2464139759540558
1451267759805,2,-0.614005446434021,-0.13702858984470367,0.4390086829662323
1451267759827,2,10.370410919189453,5.750767230987549,0.5557301044464111
1451267759847,2,-6.058942794799805,-0.950812816619873,-0.8628595471382141
1451267759864,2,-4.805033206939697,1.5821824073791504,0.5916483998298645
1451267759880,2,-1.2506471872329712,0.9226865172386169,-0.04904138669371605
1451267759901,2,1.0157736539840698,0.05683686211705208,0.1717909872531891
1451267759928,2,2.4683773517608643,-0.5967787504196167,0.6667284965515137
1451267759946,2,1.6777364015579224,-0.776551365852356,1.2854560613632202
1451267759966,2,0.42925745248794556,-0.806569516658783,0.8633797764778137
1451267759986,2,-0.12735000252723694,-0.3038397431373596,0.09238427132368088
1451267760013,2,0.8016550540924072,0.687217116355896,-1.0704641342163086
1451267760030,2,0.9292967319488525,0.7858744859695435,-0.9780851602554321
1451267760047,2,0.6865865588188171,0.6956497430801392,-0.35460546612739563
1451267760077,2,0.28776612877845764,0.48280224204063416,0.3507932126522064
1451267760087,2,0.09767287969589233,0.17821575701236725,0.7759650945663452
1451267760107,2,0.3453703820705414,-0.12806348502635956,0.38376492261886597
1451267760129,2,0.46275651454925537,-0.03596797212958336,0.19123101234436035
1451267760149,2,0.34054216742515564,0.15478666126728058,0.13358312845230103
1451267760166,2,0.0586702898144722,0.28085020184516907,0.21203941106796265
1451267760187,2,-0.031707096844911575,0.2508580982685089,0.30204933881759644
1451267760207,2,0.15586160123348236,0.15785978734493256,0.18423137068748474
1451267760229,2,0.3064475953578949,0.10783464461565018,0.17948445677757263
1451267760249,2,0.2805810272693634,0.057792555540800095,0.11544541269540787
1451267760266,2,0.20015330612659454,0.03199468180537224,0.04662789776921272
1451267760287,2,0.05751476436853409,0.023444296792149544,-0.008741525001823902
1451267760308,2,0.0774042159318924,0.05320814996957779,-0.04944412410259247
1451267760329,2,0.28365838527679443,0.24052754044532776,0.11703648418188095
1451267760348,2,0.26672983169555664,0.22935061156749725,0.18191665410995483
1451267760367,2,0.2169065773487091,0.20261837542057037,0.22133681178092957
1451267760388,2,0.281533807516098,0.21904461085796356,0.21428747475147247
1451267760408,2,0.3004136085510254,0.2611214220523834,0.09360241144895554
1451267760429,2,0.3006729781627655,0.17220278084278107,-0.18494272232055664
1451267760448,2,0.2881324589252472,0.2061333954334259,-0.038556233048439026
1451267760467,2,0.2374051809310913,0.19730420410633087,0.1742740422487259
1451267760487,2,0.2385365217924118,0.16358838975429535,0.20727965235710144
1451267760511,2,0.13420812785625458,0.1631508767604828,0.14904314279556274
1451267760528,2,0.0439675897359848,0.08559796959161758,0.17614391446113586
1451267760549,2,0.1229255422949791,0.09213701635599136,0.20964287221431732
1451267760568,2,0.1813761293888092,0.09657558798789978,0.1437707543373108
1451267760589,2,0.07042217254638672,0.1053214967250824,0.07932721823453903
1451267760611,2,-0.044311873614788055,0.05762392282485962,0.1920277178287506
1451267760630,2,-0.016379546374082565,0.06120412051677704,0.34536418318748474
1451267760650,2,0.13565693795681,0.1378045380115509,0.165244922041893
1451267760666,2,0.12199520319700241,0.1810419261455536,0.0030459435656666756
1451267760689,2,0.06693177670240402,0.14724895358085632,0.06303483992815018
1451267760710,2,0.15149225294589996,0.15397533774375916,0.1435614973306656
1451267760733,2,0.213217630982399,0.17099924385547638,0.051200609654188156
1451267760750,2,0.2584894597530365,0.18482846021652222,-0.10454992204904556
1451267760767,2,0.22496125102043152,0.1928919404745102,-0.08152268826961517
1451267760793,2,0.19938363134860992,0.18741291761398315,0.03590542823076248
1451267760812,2,0.17892876267433167,0.18993863463401794,0.2156985104084015
1451267760827,2,0.17921368777751923,0.1514420211315155,0.35388535261154175
1451267760851,2,-0.028498729690909386,0.1088935062289238,0.5837327837944031
1451267760871,2,0.03968377783894539,0.05872691422700882,0.500426709651947
1451267760891,2,-0.06295783072710037,0.03144786134362221,0.11495734006166458
1451267760914,2,-0.1353193074464798,0.042325232177972794,-0.06035364046692848
1451267760934,2,-0.03987265005707741,0.09976210445165634,-0.19895781576633453
1451267760950,2,0.04244275763630867,0.221675843000412,0.3721586763858795
1451267760967,2,0.16433000564575195,0.14974398910999298,0.7869511842727661
1451267760991,2,0.07817191630601883,-0.03391922265291214,0.3964192569255829
1451267761013,2,0.008576287887990475,-0.05553074926137924,-0.16303952038288116
1451267761031,2,0.10489968955516815,0.07927344739437103,-0.5081143379211426
1451267761051,2,0.06347557157278061,0.26328912377357483,-0.3986778259277344
1451267761072,2,0.14019475877285004,0.2213262915611267,0.1880868673324585
1451267761093,2,-0.13780710101127625,0.08186112344264984,0.18412089347839355
1451267761115,2,-0.24785123765468597,-0.07017945498228073,0.06253974884748459
1451267761134,2,-0.22358492016792297,-0.04765256494283676,0.3035387098789215
1451267761153,2,0.07310706377029419,0.07332593202590942,0.49148237705230713
1451267761173,2,0.1571243852376938,0.07137304544448853,0.08576981723308563
1451267761195,2,-0.0242385882884264,0.018773674964904785,-0.14189328253269196
1451267761217,2,-0.10797566175460815,0.0013777181738987565,-0.059642862528562546
1451267761233,2,-0.1550251841545105,0.06281740218400955,0.2632540464401245
1451267761252,2,-0.0745740681886673,0.014160627499222755,0.22734218835830688
1451267761273,2,-0.16525763273239136,-0.007375497370958328,0.13237608969211578
1451267761295,2,-0.023582937195897102,0.07925648987293243,0.2605617344379425
1451267761314,2,0.06156791001558304,0.16760288178920746,0.18079029023647308
1451267761333,2,0.1322478950023651,0.16541501879692078,0.041353169828653336
1451267761354,2,0.14000512659549713,0.0712093785405159,1.0579846275504678E-4
1451267761375,2,0.31187331676483154,0.09689152240753174,0.295527845621109
1451267761396,2,-0.08219496160745621,0.2286287248134613,0.10413198918104172
1451267761415,2,-0.14863033592700958,0.20786534249782562,0.1590074896812439
1451267761436,1,-0.14009982347488403,0.27803194522857666,0.280298113822937
1451267761455,1,0.04135715216398239,0.2172469198703766,0.4150444567203522
1451267761479,1,0.08048570901155472,0.12214403599500656,0.3219575881958008
1451267761496,1,0.14706143736839294,0.11860592663288116,0.1917378008365631
1451267761516,1,-0.15208347141742706,0.06720949709415436,0.06792845577001572
1451267761534,1,-0.3095128834247589,0.0740530788898468,0.0780973881483078
1451267761555,1,-0.1878749132156372,0.05916355177760124,0.08667232096195221
1451267761577,1,0.09538407623767853,0.045113399624824524,-0.024427754804491997
1451267761597,1,0.12944678962230682,0.07856675982475281,0.10900398343801498
1451267761614,1,-0.09918737411499023,0.0968552753329277,0.3600824475288391
1451267761634,1,-0.05053308606147766,0.12428689002990723,0.5133826732635498
1451267761655,1,-0.08771386742591858,0.1494482159614563,0.3259679973125458
1451267761678,1,-0.08579502999782562,0.1389741748571396,0.021823709830641747
1451267761697,1,-0.121981680393219,0.15693828463554382,-0.22698915004730225
1451267761715,1,-0.09824929386377335,-0.020497430115938187,-0.264708936214447
1451267761735,1,-0.12857647240161896,-0.0688987672328949,-0.23870646953582764
1451267761756,1,-0.15158984065055847,-0.1261608749628067,-0.22342005372047424
1451267761776,1,0.3493173122406006,0.0017021277453750372,0.9876374006271362
1451267761800,1,0.11811623722314835,-0.4151189625263214,0.3646306097507477
1451267761817,1,-12.025580406188965,-2.6295909881591797,0.11222001910209656
1451267761837,1,2.685401678085327,-2.8325867652893066,5.819724082946777
1451267761857,1,1.2068545818328857,3.0884430408477783,3.527926445007324
1451267761880,1,3.2646822929382324,1.3054320812225342,-1.7598978281021118
1451267761898,1,3.1972734928131104,1.3644400835037231,-2.1016571521759033
1451267761917,1,-0.7538526058197021,-0.15999095141887665,-0.8330050706863403
1451267761934,1,-1.6782262325286865,-0.4481406509876251,-1.2456763982772827
1451267761957,1,-1.0356073379516602,0.16924189031124115,-0.355785608291626
1451267761980,1,0.6237987875938416,0.8721160292625427,1.3997931480407715
1451267762000,1,1.49384605884552,1.0831143856048584,1.3183903694152832
1451267762017,1,1.0778005123138428,0.7992776036262512,0.29090428352355957
1451267762038,1,-0.15588797628879547,0.19192542135715485,-0.04972878471016884
1451267762058,1,-0.5756219029426575,0.06275368481874466,0.3356552720069885
1451267762080,1,-0.8094756007194519,0.029628830030560493,0.4228951632976532
1451267762098,1,-0.8124732971191406,0.008894669823348522,0.5710147619247437
1451267762118,1,-0.4783460199832916,-0.032432783395051956,0.9714525938034058
1451267762133,1,-0.12967519462108612,-0.17436404526233673,0.2876034677028656
1451267762161,1,-0.6337053775787354,-0.19331979751586914,-0.43419045209884644
1451267762175,1,-0.8257253766059875,-0.06911854445934296,-0.4958762228488922
1451267762198,1,-0.9005353450775146,0.09747311472892761,-0.3882710039615631
1451267762218,1,-0.7085038423538208,0.16613806784152985,0.033790625631809235
1451267762234,1,0.06186145171523094,-0.04711947962641716,0.26369303464889526
1451267762260,1,-0.10335990786552429,-0.17819207906723022,0.05882803723216057
1451267762281,1,-0.5370111465454102,-0.19764672219753265,-0.19311609864234924
1451267762300,1,-0.6747605800628662,-0.05127250775694847,-0.18724516034126282
1451267762319,1,-0.5295167565345764,0.14980272948741913,0.04211714118719101
1451267762339,1,-0.22887934744358063,0.21477380394935608,0.3935375511646271
1451267762362,1,-0.13387297093868256,0.048951953649520874,0.16974866390228271
1451267762381,1,-0.315155953168869,-0.022104572504758835,0.11362345516681671
1451267762400,1,-0.3251565992832184,0.0617208369076252,0.2700789272785187
1451267762420,1,-0.20153504610061646,0.14148177206516266,0.3262970745563507
1451267762440,1,-0.1659519374370575,0.11838643252849579,0.18680676817893982
1451267762463,1,0.0015477774431928992,0.19106793403625488,0.1173836886882782
1451267762483,1,-0.019369740039110184,0.2515665292739868,0.05470014363527298
1451267762500,1,-0.009389431215822697,0.21363456547260284,0.03371873125433922
1451267762519,1,0.011301694437861443,0.16417641937732697,0.03345978632569313
1451267762542,1,0.010511566884815693,0.15674597024917603,0.10164836049079895
1451267762563,1,-0.0376133993268013,0.147079735994339,0.36673957109451294
1451267762581,1,-0.17149405181407928,0.10293430835008621,0.10385726392269135
1451267762601,1,-0.2770983874797821,0.09611644595861435,-0.08368658274412155
1451267762620,1,-0.21428120136260986,0.08444178849458694,0.021491115912795067
1451267762642,1,-0.1866418570280075,0.07201485335826874,-0.004014496225863695
1451267762657,1,-0.15072619915008545,0.03285948187112808,-0.03211070969700813
1451267762677,1,-0.2053372859954834,0.048906948417425156,0.06974515318870544
1451267762701,1,-0.15697963535785675,0.005944003351032734,0.11205168068408966
1451267762721,1,-0.19495734572410583,0.04610299691557884,-0.06616144627332687
1451267762745,1,-0.17343637347221375,0.07399637997150421,-0.08196750283241272
1451267762765,1,-0.0010230960324406624,0.09020517021417618,-0.029889527708292007
1451267762784,1,-0.07389295846223831,0.12026596814393997,0.2091892808675766
1451267762801,1,-0.19138137996196747,0.08047112822532654,0.23981063067913055
1451267762822,1,-0.18327665328979492,0.07796002179384232,0.180045023560524
1451267762845,1,-0.1680559664964676,0.11097908020019531,0.19019465148448944
1451267762864,1,-0.007882972247898579,0.11091654002666473,0.16305939853191376
1451267762881,1,0.007582016289234161,0.148858442902565,-0.03169920668005943
1451267762901,1,-8.976429817266762E-4,0.12802022695541382,-0.01216039340943098
1451267762921,1,-0.06508906930685043,0.1179167702794075,0.0863514170050621
1451267762942,1,-0.09984956681728363,0.10427023470401764,0.18023616075515747
1451267762964,1,-0.06963241100311279,0.12222352623939514,0.1456061601638794
1451267762981,1,-0.03860894963145256,0.1614522486925125,0.14141865074634552
1451267763002,1,-0.01242317259311676,0.08901742100715637,-0.048101477324962616
1451267763023,1,-0.027552645653486252,0.07090689241886139,-0.1367015540599823
1451267763047,1,0.028217831626534462,0.0920686274766922,-0.0037789340130984783
1451267763064,1,0.07168901711702347,0.1560249626636505,0.09113924205303192
1451267763083,1,-0.06075575575232506,0.17471827566623688,0.0968184545636177
1451267763104,1,-0.0714816227555275,0.021395839750766754,0.3459434509277344
1451267763119,1,-0.07019998133182526,-0.0025303952861577272,0.36395198106765747
1451267763147,1,-0.18722130358219147,0.026036066934466362,0.32094693183898926
1451267763166,1,-0.2726023197174072,0.05588467791676521,0.2620750665664673
1451267763187,1,-0.11958499997854233,0.10913637280464172,0.25158992409706116
1451267763204,1,-0.05779935047030449,0.12066256254911423,0.2751028835773468
1451267763225,1,-0.1128225177526474,0.05114303529262543,0.28765901923179626
1451267763246,1,-0.19963695108890533,0.016343524679541588,0.17601707577705383
1451267763264,1,-0.16033950448036194,0.03826981782913208,0.12790916860103607
1451267763285,1,-0.11294694989919662,0.11825871467590332,-0.042286068201065063
1451267763305,1,-0.07185279577970505,0.05196838080883026,-0.035011108964681625
1451267763324,1,-0.056314703077077866,0.007358253933489323,-0.08437339961528778
1451267763346,1,-0.057932332158088684,0.005525777582079172,-0.004638765938580036
1451267763365,1,-0.07788644731044769,0.04983896762132645,0.0686556026339531
1451267763385,1,-0.047962579876184464,0.10708119720220566,0.12126725167036057
1451267763405,1,-0.05013415217399597,0.11236995458602905,0.2270294725894928
1451267763427,1,-0.1884484738111496,0.07924538850784302,0.24913200736045837
1451267763446,1,-0.12241043150424957,0.08990326523780823,0.3063812553882599
1451267763470,2,-0.038206543773412704,0.09847498685121536,0.2400432676076889
1451267763490,2,-0.00754869868978858,0.11849778890609741,0.15080489218235016
1451267763502,2,-0.023771628737449646,0.10709025710821152,0.1582721620798111
1451267763529,2,0.005474449601024389,0.13737258315086365,0.00180617265868932
1451267763547,2,0.07190287858247757,0.14864712953567505,0.010301029309630394
1451267763566,2,0.09971300512552261,0.18521803617477417,0.033356327563524246
1451267763586,2,-0.03713259473443031,0.161468043923378,0.06368658691644669
1451267763606,2,-0.010096081532537937,0.1616194248199463,0.191911980509758
1451267763629,2,-0.08381682634353638,0.06823883950710297,0.1029670387506485
1451267763649,2,-0.12292853742837906,0.040167175233364105,0.13516484200954437
1451267763666,2,-0.10929331928491592,0.021763503551483154,0.09673135727643967
1451267763687,2,-0.14278393983840942,0.028975918889045715,0.047397710382938385
1451267763707,2,-0.0396125391125679,0.03630173206329346,0.06153612583875656
1451267763729,2,-0.08998418599367142,7.554945768788457E-4,-0.0136643685400486
1451267763748,2,-0.1904708445072174,-0.009662731550633907,0.08790449798107147
1451267763768,2,-0.19841989874839783,-0.017810089513659477,0.05555880814790726
1451267763788,2,-0.19932445883750916,-0.003898176597431302,0.1142062246799469
1451267763809,2,-0.21916666626930237,0.024895664304494858,0.2946738600730896
1451267763830,2,-0.17933987081050873,0.03151771426200867,0.2898351848125458
1451267763851,2,-5.1843743324279785,0.7418269515037537,-0.11588146537542343
1451267763865,2,-3.024594783782959,0.6026841402053833,0.6474795937538147
1451267763889,2,-2.4529409408569336,1.3044381141662598,0.05000350996851921
1451267763911,2,-0.16572466492652893,0.4949301779270172,-0.0996551364660263
1451267763931,2,1.3574081659317017,-0.12872225046157837,0.48267364501953125
1451267763949,2,0.7844570279121399,-1.2528843879699707,0.8124702572822571
1451267763964,2,0.19296076893806458,-0.858974814414978,0.7968214154243469
1451267763989,2,0.30921435356140137,-0.0938376858830452,0.14315234124660492
1451267764009,2,0.7905130982398987,0.38817426562309265,-0.8805407285690308
1451267764031,2,0.9411584138870239,0.6190580725669861,-1.1900479793548584
1451267764048,2,0.7161543965339661,0.5725795030593872,-0.6320037841796875
1451267764068,2,-0.010720789432525635,0.27777063846588135,0.6700789332389832
1451267764088,2,0.17622041702270508,0.06410744041204453,0.6685358285903931
1451267764113,2,0.4771556258201599,-0.07061491906642914,0.3142985999584198
1451267764131,2,0.7005909085273743,-0.10645750910043716,0.03767594322562218
1451267764150,2,0.6163511872291565,0.024683190509676933,-0.10823767632246017
1451267764170,2,0.004645926412194967,0.2903437316417694,0.29745209217071533
1451267764190,2,-0.003202595515176654,0.29761165380477905,0.47208383679389954
1451267764214,2,0.21246519684791565,0.2298842817544937,0.3887409567832947
1451267764232,2,0.3186648488044739,0.12280571460723877,0.055835869163274765
1451267764250,2,0.4272349178791046,0.06551672518253326,-0.07817337661981583
1451267764271,2,0.2697143256664276,0.03753507509827614,-0.15038403868675232
1451267764289,2,0.16980908811092377,0.049612466245889664,-0.1369505524635315
1451267764312,2,0.21034178137779236,0.1532762497663498,-0.038634561002254486
1451267764327,2,0.2717648446559906,0.20847265422344208,0.11245324462652206
1451267764350,2,0.2797408998012543,0.18142332136631012,0.2305874526500702
1451267764372,2,0.19913937151432037,0.13234569132328033,0.2594534754753113
1451267764388,2,-0.030322548002004623,0.0031961656641215086,0.2198643982410431
1451267764413,2,0.061309151351451874,-0.025333179160952568,0.1210942342877388
1451267764434,2,0.15490831434726715,-0.02678103931248188,-0.016786884516477585
1451267764450,2,0.20268698036670685,0.02844809554517269,-0.0229945071041584
1451267764471,2,0.20878921449184418,0.08157937973737717,-0.011673486791551113
1451267764492,2,0.02243928425014019,0.16297230124473572,0.37459027767181396
1451267764514,2,0.08008388429880142,0.12120938301086426,0.42702656984329224
1451267764534,2,0.11486680805683136,0.05357610806822777,0.08881401270627975
1451267764552,2,0.13193893432617188,0.0689396783709526,-0.09954699873924255
1451267764572,2,0.2059774398803711,0.11055763810873032,-0.03239127993583679
1451267764591,2,0.3048517405986786,0.16303367912769318,0.1759679764509201
1451267764612,2,0.2596885859966278,0.213106170296669,0.23051556944847107
1451267764631,2,0.1691637486219406,0.22253508865833282,0.25790509581565857
1451267764651,2,0.1433069407939911,0.1892038881778717,0.18336276710033417
1451267764673,2,0.021971484646201134,0.13689970970153809,-0.008013795129954815
1451267764694,2,8.650923846289515E-4,0.046492286026477814,-0.042110711336135864
1451267764714,2,0.08214264363050461,-0.03151099011301994,0.16265782713890076
1451267764734,2,0.11108279973268509,-0.025448914617300034,0.1959703117609024
1451267764749,2,0.018762897700071335,0.030227381736040115,0.08142682164907455
1451267764774,2,-0.02295318804681301,0.0945616140961647,0.17354337871074677
1451267764797,2,-0.07095368951559067,0.08132511377334595,0.19311317801475525
1451267764815,2,0.030497319996356964,0.08377368003129959,0.19709435105323792
1451267764834,2,0.13080142438411713,0.04570142924785614,0.17215806245803833
1451267764854,2,0.06371299922466278,0.05444704741239548,0.02738894335925579
1451267764875,2,0.045531660318374634,0.06280103325843811,0.041003040969371796
1451267764897,2,0.05165591835975647,0.07399053871631622,0.09071663022041321
1451267764917,2,0.12602072954177856,0.1412859559059143,0.0845329761505127
1451267764934,2,0.12155874818563461,0.1214817687869072,0.1219540610909462
1451267764956,2,0.08097097277641296,0.1118687242269516,0.14483575522899628
1451267764988,2,0.007888524793088436,0.07858020067214966,0.1877928525209427
1451267765029,2,0.10635507106781006,0.07687515020370483,0.08149813115596771
1451267765049,2,0.04241042584180832,0.08312603086233139,0.19366613030433655
1451267765067,2,-0.010443360544741154,0.041256725788116455,0.20739655196666718
1451267765086,2,-0.09972918778657913,0.03502338379621506,-0.03237958997488022
1451267765107,2,-0.10641385614871979,0.10996727645397186,0.04358604550361633
1451267765130,2,-0.07166124880313873,0.15461598336696625,0.26514381170272827
1451267765150,2,0.10682616382837296,-0.03550035133957863,0.15587270259857178
1451267765168,2,-0.02627093531191349,-0.0455436073243618,-0.13791793584823608
1451267765188,2,-0.00964439194649458,0.060500938445329666,-0.15336452424526215
1451267765210,2,0.003584087360650301,0.12888415157794952,-0.03197977691888809
1451267765230,2,0.12858057022094727,0.1071966364979744,0.23756489157676697
1451267765251,2,0.10025158524513245,0.05718553066253662,0.3295172154903412
1451267765288,2,-0.05182517319917679,0.11421382427215576,0.006517419125884771
1451267765311,2,0.051122430711984634,0.16180092096328735,0.05913374200463295
1451267765331,2,0.11711698770523071,0.13074059784412384,0.057490065693855286
1451267765350,2,0.1904669553041458,0.08472820371389389,0.0795949324965477
1451267765369,2,0.026000063866376877,0.10852116346359253,0.1283387988805771
1451267765400,2,-0.07991009950637817,0.11309797316789627,0.09658639878034592
1451267765422,2,0.06519866734743118,0.10310381650924683,0.18724749982357025
1451267765443,2,0.09616374969482422,0.09633447229862213,0.1934983730316162
1451267765464,2,0.03588973730802536,0.0867827981710434,0.2780833840370178
1451267765486,1,0.014500617980957031,0.048067573457956314,0.07274375110864639
1451267765502,1,-0.1266666054725647,0.06557049602270126,-0.0867091491818428
1451267765525,1,-0.06304828822612762,0.08990823477506638,0.028924481943249702
1451267765547,1,0.03257569670677185,0.007891629822552204,0.05402268469333649
1451267765565,1,-0.031098445877432823,0.058697689324617386,0.11476386338472366
1451267765583,1,0.03134407475590706,0.06524784117937088,0.19912907481193542
1451267765603,1,-0.007049315609037876,0.06407821178436279,0.1379939317703247
1451267765623,1,-0.011834760196506977,0.10013152658939362,0.21761749684810638
1451267765645,1,0.1062355637550354,0.11124679446220398,0.2536497712135315
1451267765664,1,0.0642363429069519,0.10781681537628174,0.201821967959404
1451267765683,1,-0.04748677834868431,0.1253010332584381,0.19160336256027222
1451267765704,1,0.0609341599047184,0.12869827449321747,0.3602753281593323
1451267765723,1,-0.019005948677659035,0.055486325174570084,0.19065876305103302
1451267765746,1,0.02127997577190399,0.13014672696590424,0.10681962221860886
1451267765764,1,-0.01619856245815754,0.09991583228111267,-0.2022106796503067
1451267765783,1,-0.09456641972064972,0.12994857132434845,-0.2532610595226288
1451267765805,1,0.01299755647778511,0.11589666455984116,-0.00671381875872612
1451267765824,1,0.16626213490962982,0.08765841275453568,0.12959901988506317
1451267765846,1,0.13057783246040344,0.03280804678797722,-0.03066752664744854
1451267765861,1,0.001377900829538703,0.134471595287323,0.028211364522576332
1451267765884,1,0.18564167618751526,0.1878437101840973,0.365168958902359
1451267765900,1,0.1689525693655014,0.08653554320335388,0.2319914847612381
1451267765926,1,0.024950463324785233,0.11365853250026703,0.1401490569114685
1451267765946,1,-0.09110116958618164,0.13227613270282745,0.13185761868953705
1451267765967,1,-0.014472123235464096,0.0711316391825676,0.2742868959903717
1451267765985,1,-0.06529156863689423,-0.039099838584661484,0.003523498075082898
1451267766002,1,-0.19000954926013947,-0.13308043777942657,-0.3874848186969757
1451267766028,1,0.04198131337761879,-0.10609715431928635,-0.07580897957086563
1451267766048,1,0.5403340458869934,0.06296470016241074,1.3316267728805542
1451267766061,1,-1.5757032632827759,-0.8718363046646118,-1.3196114301681519
1451267766087,1,-14.1148042678833,-1.3368830680847168,-2.750075578689575
1451267766107,1,1.5757696628570557,-0.6095964312553406,5.592015266418457
1451267766129,1,0.192011758685112,2.0965678691864014,0.18754443526268005
1451267766149,1,4.07570219039917,0.2871779501438141,-1.7995120286941528
1451267766168,1,3.566584587097168,0.7853232622146606,-1.9632536172866821
1451267766188,1,0.6596311926841736,-0.6006494164466858,-1.314385175704956
1451267766207,1,0.020444713532924652,-0.44446519017219543,-0.8881067633628845
1451267766228,1,0.26766467094421387,-0.029593175277113914,-1.332152247428894
1451267766249,1,1.0776327848434448,0.6904466152191162,0.6737924218177795
1451267766267,1,2.208765983581543,0.808747410774231,1.3210831880569458
1451267766288,1,1.1083022356033325,0.29376083612442017,-0.16199731826782227
1451267766307,1,0.5961845517158508,0.01329436618834734,0.28004851937294006
1451267766331,1,0.22689108550548553,-0.15125322341918945,0.8769529461860657
1451267766350,1,0.08055230230093002,-0.25054362416267395,1.2068196535110474
1451267766369,1,0.12014621496200562,-0.35078853368759155,1.1929811239242554
1451267766389,1,-0.042264003306627274,-0.5387526750564575,0.6812403798103333
1451267766408,1,0.020114056766033173,-0.45825639367103577,0.5868781208992004
1451267766430,1,-0.011746990494430065,-0.2739204168319702,0.2014186531305313
1451267766448,1,0.0792352706193924,-0.09173720329999924,-0.05875789374113083
1451267766468,1,0.24491365253925323,0.031198855489492416,0.06634090095758438
1451267766488,1,0.25359779596328735,-0.11581775546073914,-0.11182429641485214
1451267766510,1,0.13286131620407104,-0.1283230185508728,-0.08634089678525925
1451267766531,1,0.25272971391677856,-0.07273907214403152,0.07076222449541092
1451267766551,1,0.25165852904319763,-0.004730535671114922,0.010292845778167248
1451267766568,1,0.20513474941253662,0.05272679775953293,0.0510416217148304
1451267766588,1,0.35495179891586304,0.02973989024758339,0.21598200500011444
1451267766612,1,0.2993982136249542,0.08020225167274475,0.24511750042438507
1451267766631,1,0.3296487331390381,0.0659504383802414,0.22136487066745758
1451267766648,1,0.24448733031749725,0.06485913693904877,0.1107119545340538
1451267766668,1,0.2569325566291809,0.0676613301038742,0.18149814009666443
1451267766690,1,0.30922919511795044,0.08344576507806778,0.18392565846443176
1451267766711,1,0.39397451281547546,0.06787409633398056,0.08051321655511856
1451267766731,1,0.36456871032714844,0.11874386668205261,0.02408580854535103
1451267766751,1,0.3422752022743225,0.1153361052274704,0.0843985304236412
1451267766769,1,0.235113263130188,0.10177578777074814,0.17287001013755798
1451267766790,1,0.13900651037693024,0.08287059515714645,0.20892566442489624
1451267766814,1,0.16476163268089294,0.03850537911057472,0.026371873915195465
1451267766833,1,0.15739472210407257,0.04738251492381096,0.037694063037633896
1451267766851,1,0.2196507602930069,0.0632183849811554,0.21199381351470947
1451267766867,1,0.2360507696866989,0.031771689653396606,0.1680097132921219
1451267766890,1,0.1513623595237732,0.026449615135788918,0.033427637070417404
1451267766913,1,0.08915208280086517,0.05286533012986183,0.09024082869291306
1451267766927,1,0.18442678451538086,0.07527005672454834,0.2068219631910324
1451267766951,1,0.19488979876041412,0.06893208622932434,0.16002105176448822
1451267766970,1,0.16388224065303802,0.08355389535427094,0.10762859880924225
1451267766994,1,0.17601893842220306,0.1190805584192276,0.17078444361686707
1451267767015,1,0.24060378968715668,0.11286650598049164,0.16460371017456055
1451267767032,1,0.20493139326572418,0.0966799184679985,-0.01517652627080679
1451267767052,1,0.20276524126529694,0.11641981452703476,0.020337270572781563
1451267767072,1,0.21550141274929047,0.1462818682193756,0.124487966299057
1451267767092,1,0.1644827276468277,0.11190321296453476,0.12447861582040787
1451267767109,1,0.09075022488832474,0.0583311952650547,0.1321907937526703
1451267767133,1,0.12146861851215363,0.08461422473192215,0.23060908913612366
1451267767147,1,0.12313693761825562,0.06892857700586319,0.19062136113643646
1451267767174,1,0.06807418912649155,0.05472995340824127,0.08366379141807556
1451267767196,1,0.017481734976172447,0.041458383202552795,0.07638765871524811
1451267767215,1,0.05661984160542488,0.0432160422205925,0.11916706711053848
1451267767228,1,0.08209847658872604,0.05561550334095955,0.10894085466861725
1451267767252,1,0.12072298675775528,0.013059387914836407,0.11583645641803741
1451267767273,1,0.05545425042510033,0.008068740367889404,0.03383329510688782
1451267767295,1,0.020804084837436676,0.055630702525377274,0.09841244667768478
1451267767314,1,0.1374804973602295,0.09977029263973236,0.22355741262435913
1451267767332,1,0.10603369772434235,0.10623276233673096,0.12997838854789734
1451267767352,1,0.07677770406007767,0.07983165979385376,0.09309680014848709
1451267767375,1,0.021688995882868767,0.10618658363819122,0.1671937257051468
1451267767396,1,0.153407484292984,0.11478724330663681,0.22101415693759918
1451267767415,1,0.0743483155965805,0.08970774710178375,0.0346621498465538
1451267767433,1,0.04552092030644417,0.09571487456560135,0.08440086990594864
1451267767452,1,0.13365384936332703,0.07441490143537521,0.11018647253513336
1451267767475,1,-0.03746405616402626,0.09069734066724777,0.08208733052015305
1451267767495,1,0.047419868409633636,0.08943828195333481,0.19340427219867706
1451267767521,2,-0.01305774413049221,0.07446867227554321,0.11316227167844772
1451267767535,2,0.04359877482056618,0.08159223943948746,0.15698212385177612
1451267767558,2,0.1504185050725937,0.05556348338723183,0.07435586303472519
1451267767580,2,0.044512055814266205,0.07300561666488647,0.1310989111661911
1451267767596,2,-0.03282959759235382,0.038176294416189194,0.18315233290195465
1451267767617,2,-0.0028319903649389744,0.03203706070780754,0.2232990562915802
1451267767633,2,0.005669296253472567,0.049306176602840424,0.07883914560079575
1451267767655,2,0.02519097551703453,0.0956108346581459,0.0989297479391098
1451267767678,2,-0.04125778377056122,0.02279401570558548,0.06360357999801636
1451267767698,2,0.024619130417704582,0.042237553745508194,0.14578385651111603
1451267767716,2,0.14870598912239075,0.06796177476644516,0.17555296421051025
1451267767736,2,0.06732990592718124,0.07246902585029602,0.033234160393476486
1451267767756,2,0.04119851067662239,0.09611059725284576,0.07687339931726456
1451267767777,2,0.0549464114010334,0.1265524923801422,0.12547288835048676
1451267767797,2,0.03911147266626358,0.09193184971809387,0.11172200739383698
1451267767818,2,0.07101822644472122,0.05169394612312317,0.09439853578805923
1451267767836,2,0.06695104390382767,0.059022098779678345,0.1314636468887329
1451267767858,2,0.08745881170034409,0.0694487988948822,0.16919629275798798
1451267767880,2,0.04561197757720947,0.08076397329568863,0.08466799557209015
1451267767900,2,-0.004966682754456997,0.09206921607255936,0.10468845814466476
1451267767917,2,0.15961426496505737,0.1455933004617691,0.18684184551239014
1451267767936,2,0.2208385467529297,0.11785072088241577,0.07921966910362244
1451267767957,2,-0.02971157617866993,0.10120587795972824,0.06707797944545746
1451267767979,2,0.05531866103410721,0.06345745176076889,0.1950298249721527
1451267768000,2,-0.09239260107278824,0.0030208092648535967,-0.04768471047282219
1451267768017,2,-0.1442301869392395,0.01182370912283659,0.03516542166471481
1451267768038,2,-0.2670785188674927,-0.03627075254917145,0.14964111149311066
1451267768058,2,-0.3651760518550873,-0.08136135339736938,0.21447160840034485
1451267768080,2,-0.4047148525714874,-0.12952595949172974,0.2554851770401001
1451267768098,2,11.352176666259766,-1.2171844244003296,1.4631091356277466
1451267768117,2,-6.21144437789917,0.9630980491638184,-1.9685540199279785
1451267768137,2,-4.036360263824463,0.07720540463924408,0.651802122592926
1451267768159,2,-2.718451499938965,0.8738070726394653,0.5161375403404236
1451267768181,2,-0.6622591018676758,0.4337754547595978,0.08254501223564148
1451267768200,2,0.8048012256622314,-0.18705812096595764,0.17000643908977509
1451267768218,2,0.815034031867981,-1.0561249256134033,0.7075421214103699
1451267768237,2,0.2125616818666458,-1.0186880826950073,0.9238163828849792
1451267768258,2,0.4058038294315338,-0.4336252212524414,0.4597621262073517
1451267768280,2,0.9089840054512024,0.19710896909236908,-0.6364578604698181
1451267768294,2,1.1766632795333862,0.48885318636894226,-1.0998258590698242
1451267768318,2,0.4673849940299988,0.6329980492591858,-0.005334931425750256
1451267768340,2,0.15015512704849243,0.44269174337387085,0.725374698638916
1451267768361,2,0.16414478421211243,0.11945172399282455,1.0058791637420654
1451267768381,2,0.43809744715690613,-0.21351824700832367,0.8709872961044312
1451267768401,2,0.623045027256012,-0.3218783736228943,0.41671910881996155
1451267768419,2,0.14241543412208557,0.017097266390919685,-0.027522213757038116
1451267768440,2,-0.10745492577552795,0.14671207964420319,0.24859482049942017
1451267768463,2,-0.10590053349733353,0.13762743771076202,0.4055021405220032
1451267768480,2,0.06142853945493698,0.09644202142953873,0.34964054822921753
1451267768501,2,0.28124845027923584,9.761515539139509E-4,0.09813246130943298
1451267768521,2,0.2576442360877991,-0.10783786326646805,-0.08767127245664597
1451267768540,2,0.1665961593389511,-0.19423545897006989,-0.08597382158041
1451267768556,2,0.15094251930713654,-0.08416472375392914,-0.11020634323358536
1451267768582,2,0.11609338968992233,0.04968494549393654,0.03641045466065407
1451267768601,2,0.06081848219037056,0.10513503104448318,0.2508388161659241
1451267768621,2,0.0981094092130661,0.02381868287920952,0.36908408999443054
1451267768642,2,-0.03653795272111893,-0.0713987648487091,0.22157354652881622
1451267768662,2,0.04775635153055191,-0.07075228542089462,0.2189578115940094
1451267768682,2,0.08280428498983383,-0.03551789000630379,0.13485154509544373
1451267768701,2,0.10012746602296829,-0.04969663545489311,0.07247253507375717
1451267768717,2,0.11614132672548294,-0.003615268040448427,0.07910335063934326
1451267768744,2,0.15831224620342255,0.0804150179028511,0.19195640087127686
1451267768764,2,0.11294735223054886,0.1439642310142517,0.17798341810703278
1451267768783,2,0.15416954457759857,0.13793079555034637,0.1749357134103775
1451267768801,2,0.10637319833040237,0.08999065309762955,0.12629881501197815
1451267768822,2,0.13159297406673431,0.07566753029823303,0.06694354116916656
1451267768838,2,0.11721600592136383,0.04110240936279297,0.08290274441242218
1451267768865,2,0.13497509062290192,0.011995558626949787,0.13563597202301025
1451267768883,2,0.09106642752885818,0.04402969777584076,0.15406477451324463
1451267768898,2,0.09822064638137817,0.06981997191905975,0.1813683807849884
1451267768923,2,0.07684256136417389,0.08161737769842148,0.20080138742923737
1451267768947,2,0.0732581689953804,0.06793255358934402,0.2160205841064453
1451267768964,2,0.02906929701566696,0.05513386055827141,0.24074995517730713
1451267768978,2,0.034124936908483505,-0.005363572854548693,0.1738864928483963
1451267768999,2,0.027773192152380943,0.01620703935623169,0.0903758555650711
1451267769022,2,0.055436935275793076,0.059988897293806076,0.06632336229085922
1451267769046,2,0.11311890929937363,0.09224924445152283,0.04426701366901398
1451267769065,2,0.04628138616681099,0.05555938929319382,0.20750585198402405
1451267769083,2,0.046083562076091766,0.07302899658679962,0.201420396566391
1451267769102,2,0.047187138348817825,0.07184124737977982,0.11183715611696243
1451267769125,2,0.02613295055925846,0.0734352394938469,0.0384095199406147
1451267769149,2,0.008410283364355564,0.06796762347221375,0.107261523604393
1451267769164,2,0.07355455309152603,0.10494213551282883,0.14649228751659393
1451267769184,2,0.04876764863729477,0.0487988106906414,0.10330898314714432
1451267769204,2,0.01325713936239481,0.06846388429403305,0.0856359675526619
1451267769226,2,0.04511270672082901,0.08662088215351105,0.1681353896856308
1451267769247,2,0.11253021657466888,0.07754150778055191,0.15604513883590698
1451267769266,2,0.020556319504976273,0.06930793076753616,0.11302490532398224
1451267769284,2,-0.009323562495410442,0.05055471509695053,0.14123275876045227
1451267769306,2,0.004168152809143066,0.048054128885269165,0.20162439346313477
1451267769328,2,-0.008097601123154163,0.041550155729055405,0.18471360206604004
1451267769347,2,-0.049019794911146164,0.05287468060851097,0.20457389950752258
1451267769366,2,-0.015574549324810505,0.04482230916619301,0.26714813709259033
1451267769381,2,-0.08187621086835861,0.0587017796933651,0.04952595755457878
1451267769406,2,0.01698547601699829,0.08087678998708725,0.07628361135721207
1451267769428,2,0.07731489092111588,0.07283727079629898,-0.028411855921149254
1451267769448,2,0.10645871609449387,0.1075911894440651,-0.11040040105581284
1451267769467,2,0.17900599539279938,0.15850479900836945,-9.17114841286093E-4
1451267769485,2,0.04927954450249672,0.12252222001552582,0.05621990188956261
1451267769506,2,-0.004096731543540955,0.08060790598392487,0.16915421187877655
1451267769529,2,0.011073840782046318,0.06764964014291763,0.23144495487213135
