1451268771592,0,-0.49622809886932373,0.6587263941764832,1.538681983947754
1451268771611,1,-0.49622809886932373,0.6587263941764832,1.538681983947754
1451268771632,1,-0.49622809886932373,0.6587263941764832,1.538681983947754
1451268771651,1,-0.49622809886932373,0.6587263941764832,1.538681983947754
1451268771670,1,-0.49622809886932373,0.6587263941764832,1.538681983947754
1451268771691,1,-0.49622809886932373,0.6587263941764832,1.538681983947754
1451268771710,1,0.3180084228515625,-0.03483984246850014,-0.2814022898674011
1451268771732,1,-0.11308401823043823,0.15324527025222778,-0.74215167760849
1451268771753,1,-0.17373934388160706,0.40446898341178894,-1.0721393823623657
1451268771776,1,-0.24788068234920502,0.6142722964286804,-1.4099276065826416
1451268771797,1,-0.18321868777275085,0.7771847248077393,-1.3000836372375488
1451268771819,1,-0.22249636054039001,0.7968398332595825,-0.8099644184112549
1451268771834,1,-0.3054730296134949,0.547862708568573,-0.1377437561750412
1451268771859,1,-0.05238572880625725,-0.058790042996406555,0.1401560753583908
1451268771876,1,-0.32474765181541443,0.1116240993142128,0.7260802388191223
1451268771898,1,-0.5265026688575745,0.29309242963790894,1.6668641567230225
1451268771916,1,-0.5382577180862427,0.3483060896396637,2.310739517211914
1451268771938,1,0.1148868277668953,0.31205812096595764,2.38242244720459
1451268771953,1,0.012294541113078594,-0.16949820518493652,2.129077672958374
1451268771978,1,0.11302892863750458,-0.13657325506210327,2.4806034564971924
1451268771998,1,-0.2641308307647705,0.3654094934463501,2.5511868000030518
1451268772016,1,0.38219988346099854,0.481582909822464,1.5549381971359253
1451268772038,1,0.7232174873352051,0.6326444149017334,0.14270459115505219
1451268772057,1,0.48040327429771423,0.8150535225868225,-0.01637304201722145
1451268772077,1,-0.7531627416610718,0.5605772733688354,0.7096376419067383
1451268772094,1,-0.7692777514457703,-0.08228694647550583,1.7043343782424927
1451268772120,1,-0.7045642733573914,-0.6956637501716614,2.3598814010620117
1451268772141,1,-0.7020745277404785,-1.2165806293487549,2.343193292617798
1451268772159,1,-0.6015046238899231,-1.4374431371688843,1.144436001777649
1451268772178,1,0.18688714504241943,-1.5859575271606445,-1.8672213554382324
1451268772198,1,0.7093635201454163,-1.3127789497375488,-2.613572120666504
1451268772219,1,1.440909504890442,-0.8559125065803528,-1.9188754558563232
1451268772239,1,2.125868558883667,-1.1382248401641846,-0.07722469419240952
1451268772260,1,2.028796911239624,-1.5212132930755615,1.2153432369232178
1451268772275,1,-0.1110096201300621,-0.7524939179420471,0.7714894413948059
1451268772299,1,-1.7109909057617188,-0.36465397477149963,-0.5424982905387878
1451268772321,1,-1.6563730239868164,-0.5546765327453613,-1.9046096801757813
1451268772341,1,-1.2102445363998413,-0.47452306747436523,-2.7789504528045654
1451268772359,1,-0.257831871509552,0.024857085198163986,-2.8721933364868164
1451268772378,1,0.7655036449432373,0.6111270189285278,-2.6429121494293213
1451268772395,1,-0.12591025233268738,0.36444297432899475,-2.2696261405944824
1451268772420,1,-0.893731951713562,0.04398614913225174,-0.43069854378700256
1451268772442,1,-0.9495357871055603,-0.4182242453098297,1.4744436740875244
1451268772461,1,-0.6318643689155579,-0.36205315589904785,2.4925942420959473
1451268772481,1,-0.36737996339797974,0.7847715020179749,1.4683114290237427
1451268772500,1,-0.2842118740081787,0.9101458787918091,0.3623959720134735
1451268772522,1,-0.6856626272201538,0.7365545630455017,-0.17413842678070068
1451268772541,1,-1.0022621154785156,0.7186404466629028,0.6835393309593201
1451268772560,1,-0.5854386687278748,0.7726160883903503,1.8642326593399048
1451268772580,1,-0.21701939404010773,0.4433259665966034,2.2344138622283936
1451268772604,1,-0.1346396505832672,1.0057382583618164,0.6250017881393433
1451268772623,1,-0.265312522649765,1.5528981685638428,0.30973872542381287
1451268772643,1,0.9662429690361023,1.558268427848816,0.49316754937171936
1451268772662,1,1.3596683740615845,1.3638558387756348,0.19283610582351685
1451268772682,1,1.302307367324829,1.0203303098678589,0.6159341335296631
1451268772705,1,-0.706866979598999,0.34574761986732483,1.2257272005081177
1451268772723,1,-0.6122673749923706,0.734917938709259,0.6752034425735474
1451268772743,1,-0.12743571400642395,0.8014505505561829,-0.09145838767290115
1451268772762,1,0.3642733097076416,0.632042646408081,-1.229313850402832
1451268772782,1,0.5191745162010193,0.31237611174583435,-1.8224942684173584
1451268772802,1,-0.726548433303833,-0.6596525311470032,2.2278788089752197
1451268772823,1,-1.5792262554168701,-1.8968207836151123,1.0241378545761108
1451268772842,1,-2.0697851181030273,-1.6268656253814697,-0.4526900053024292
1451268772862,1,-18.269973754882813,-1.9232771396636963,-0.5593103170394897
1451268772882,1,2.491081476211548,-1.4626070261001587,4.262819290161133
1451268772905,1,4.48748254776001,2.036051034927368,-3.179046154022217
1451268772926,1,3.479630708694458,-0.3743126392364502,-0.7164122462272644
1451268772943,1,-0.8293294906616211,-2.645906448364258,-0.7177186608314514
1451268772963,1,-2.9868922233581543,-3.017409086227417,-0.09542728960514069
1451268772984,1,-2.3202507495880127,-1.4981683492660522,2.2018203735351563
1451268773006,1,-0.24822671711444855,-0.0919002890586853,3.9080164432525635
1451268773024,1,1.077467441558838,0.0024485622998327017,-0.050798460841178894
1451268773046,1,0.5830766558647156,-0.3139250874519348,-2.2215380668640137
1451268773064,1,0.04947524890303612,-0.2858613133430481,-3.1763346195220947
1451268773082,1,-0.03146905079483986,0.07600362598896027,-2.940131664276123
1451268773106,1,0.21236249804496765,0.6625155210494995,-1.760416865348816
1451268773126,1,1.3926258087158203,0.625175952911377,0.25290390849113464
1451268773139,1,0.6769216060638428,0.40375617146492004,0.5436995029449463
1451268773164,1,0.12381722778081894,0.0021489947102963924,0.8173749446868896
1451268773186,1,-0.5599536895751953,0.009209434501826763,0.7777420282363892
1451268773205,1,-0.7331538200378418,0.5800754427909851,0.730340838432312
1451268773226,1,-0.0708431750535965,0.8186451196670532,0.3900327682495117
1451268773244,1,0.5338348746299744,0.7169748544692993,0.11965572088956833
1451268773264,1,0.3029015064239502,0.5251654386520386,0.47372400760650635
1451268773288,1,0.09991627186536789,0.43392977118492126,1.1780612468719482
1451268773318,1,0.02169526182115078,0.4846542775630951,1.69454824924469
1451268773331,1,-0.022626843303442,0.6615154147148132,1.9864228963851929
1451268773347,1,-0.1099357083439827,0.7095929384231567,2.048214912414551
1451268773367,1,0.18198424577713013,0.25755640864372253,1.4600825309753418
1451268773381,1,0.4617871046066284,0.037111878395080566,1.0197464227676392
1451268773407,1,0.5757787227630615,0.2837289869785309,1.6323013305664063
1451268773427,1,0.3752349019050598,0.41298869252204895,2.325430393218994
1451268773446,1,0.725435197353363,0.20052579045295715,2.453415632247925
1451268773462,1,0.4485670030117035,0.0868605375289917,2.595107078552246
1451268773487,1,-0.07635324448347092,-0.24443945288658142,2.1235663890838623
1451268773509,1,-0.20405550301074982,-0.6312772035598755,0.7413257360458374
1451268773525,1,0.16067162156105042,-0.9425321817398071,-0.8127210140228271
1451268773545,1,0.7320950627326965,-1.0501701831817627,-2.138709545135498
1451268773566,1,1.4080922603607178,-0.6480053663253784,-3.0149734020233154
1451268773588,1,1.7671347856521606,-0.6059346795082092,-2.355257987976074
1451268773607,1,1.8557050228118896,-0.6911477446556091,-1.3326619863510132
1451268773622,2,1.3392573595046997,-0.6102402806282043,-0.06409692019224167
1451268773646,2,0.48793190717697144,-0.5653624534606934,0.8298469185829163
1451268773672,2,-0.42146167159080505,-0.7065510749816895,0.7375544309616089
1451268773691,2,-0.09990622848272324,-0.5103411078453064,-0.13116554915905
1451268773709,2,0.1974361389875412,-0.15959610044956207,-0.8330255150794983
1451268773727,2,0.356758177280426,0.10600216686725616,-1.159063696861267
1451268773748,2,0.28606876730918884,0.03338555246591568,-1.295941710472107
1451268773767,2,-0.012941643595695496,-0.08541852235794067,-1.307760238647461
1451268773789,2,0.02712382562458515,-0.003968903794884682,-1.289088249206543
1451268773807,2,0.18047048151493073,0.3009606897830963,-1.0364192724227905
1451268773827,2,0.2842022180557251,0.44852733612060547,-0.6772714853286743
1451268773848,2,0.3371729850769043,0.47623512148857117,-0.42879241704940796
1451268773864,2,0.3484703004360199,0.529579758644104,-0.3347054123878479
1451268773891,2,0.3505414128303528,0.7617813944816589,-0.3239028751850128
1451268773907,2,0.11039701849222183,0.8682538270950317,-0.21794366836547852
1451268773927,2,-0.0032947855070233345,0.9786849021911621,-0.023407764732837677
1451268773949,2,-0.035146478563547134,0.9873606562614441,0.23863983154296875
1451268773969,2,0.09227867424488068,0.8620783090591431,0.6932277679443359
1451268773990,2,0.464890718460083,0.5771043300628662,1.667386770248413
1451268774009,2,0.1331106275320053,0.41648587584495544,1.9848861694335938
1451268774030,2,-0.46821779012680054,0.20469313859939575,1.601264476776123
1451268774049,2,-0.9592628479003906,-0.111344113945961,0.5671820640563965
1451268774070,2,-1.0214444398880005,-0.3794540762901306,-0.3531096875667572
1451268774090,2,-0.611645519733429,-0.4308423101902008,0.17826281487941742
1451268774111,2,-0.1558118313550949,-0.4325786530971527,2.025054454803467
1451268774130,2,0.07430748641490936,-0.3535492420196533,4.138028144836426
1451268774154,2,-0.1273702085018158,-0.7053618431091309,5.186119079589844
1451268774172,2,-0.6953232288360596,-1.172462821006775,4.258029460906982
1451268774187,2,-0.7276991009712219,-1.3937491178512573,2.1117308139801025
1451268774211,2,0.1684882789850235,-0.7612085342407227,-1.4382553100585938
1451268774229,2,0.6770683526992798,-0.37845221161842346,-1.6782640218734741
1451268774254,2,0.847722589969635,-0.2520914375782013,-1.3722761869430542
1451268774272,2,0.7274726033210754,-0.3618278205394745,-0.8645283579826355
1451268774288,2,0.5891982913017273,-0.4153437316417694,-0.5191080570220947
1451268774310,2,0.35123059153556824,-0.38618776202201843,-0.2641986310482025
1451268774331,2,0.12017883360385895,-0.17085926234722137,-0.15691372752189636
1451268774354,2,0.04823160544037819,-0.043133918195962906,-0.24117782711982727
1451268774372,2,-0.11125949025154114,-0.11720716208219528,-0.5608364939689636
1451268774387,2,-0.1488545536994934,-0.10623627156019211,-0.9526917934417725
1451268774411,2,-0.152143195271492,0.09828267991542816,-1.4507447481155396
1451268774432,2,-0.42622292041778564,0.13840222358703613,-1.1791852712631226
1451268774453,2,-0.7105454802513123,0.028297290205955505,-0.6970821022987366
1451268774474,2,-0.8766982555389404,-0.11728987097740173,-0.3168804347515106
1451268774494,2,-0.778455913066864,-0.12567396461963654,0.0356605127453804
1451268774513,2,-0.3382340669631958,-0.01480857003480196,0.46138477325439453
1451268774532,2,-16.579660415649414,0.4238748252391815,1.9884710311889648
1451268774552,2,-6.124022483825684,-0.715141236782074,1.7506389617919922
1451268774573,2,-2.9730803966522217,0.8102192282676697,1.6444816589355469
1451268774595,2,-0.7963823080062866,1.1760647296905518,-0.21208500862121582
1451268774612,2,1.6957411766052246,-0.29044365882873535,0.3746107220649719
1451268774633,2,3.108933210372925,0.41481560468673706,2.229980945587158
1451268774654,2,0.1715034693479538,1.3142521381378174,1.1727228164672852
1451268774673,2,-1.299500584602356,1.390818476676941,0.04803425446152687
1451268774688,2,-0.8437578678131104,0.8858715891838074,-0.789172351360321
1451268774710,2,0.42246297001838684,0.45467913150787354,-0.8911510109901428
1451268774733,2,2.379129409790039,0.5302245020866394,0.8306587934494019
1451268774755,2,1.5492355823516846,0.5172486901283264,1.7197656631469727
1451268774774,2,0.12855882942676544,0.6834715008735657,2.8390631675720215
1451268774793,2,-1.3754384517669678,0.5454416275024414,3.502457618713379
1451268774812,2,-2.107191562652588,0.04284428432583809,2.693408489227295
1451268774835,2,-1.432216763496399,-0.3294353783130646,0.9183651804924011
1451268774850,2,-0.355215847492218,-0.761640191078186,-2.4997570514678955
1451268774876,2,0.30852213501930237,-0.8527417778968811,-2.189849376678467
1451268774894,2,-0.060939040035009384,-0.42772799730300903,-1.3643319606781006
1451268774914,2,0.04704009369015694,0.019877251237630844,-0.19083938002586365
1451268774937,2,0.5584638118743896,0.051458679139614105,0.4115513563156128
1451268774957,2,-0.535149097442627,-0.5228025317192078,-0.4621686041355133
1451268774977,2,-1.1843807697296143,-0.44734424352645874,-1.041635513305664
1451268774995,2,-0.9825092554092407,-0.4408981502056122,-1.9158885478973389
1451268775014,2,-0.5967567563056946,-0.5096025466918945,-2.412691831588745
1451268775034,2,-0.33817946910858154,-0.29595571756362915,-2.3153111934661865
1451268775055,2,0.8837083578109741,-0.7712820768356323,-0.7922223806381226
1451268775075,2,0.6358842849731445,-1.1491193771362305,0.9440572261810303
1451268775095,2,-0.711426854133606,0.17858166992664337,1.1105401515960693
1451268775115,2,-0.4631156027317047,0.05551978945732117,1.2195628881454468
1451268775139,2,0.04522201046347618,-0.21397797763347626,-0.2761211395263672
1451268775157,2,0.15600809454917908,-0.35113590955734253,-0.5051344633102417
1451268775176,2,-0.33959099650382996,0.7956681847572327,0.8037415742874146
1451268775195,2,-0.21306809782981873,1.2994303703308105,1.914771556854248
1451268775215,2,0.09686468541622162,1.1197768449783325,1.6977555751800537
1451268775238,2,0.11574067175388336,0.42886167764663696,0.8208575248718262
1451268775257,2,0.15802575647830963,0.26956412196159363,0.10430384427309036
1451268775271,2,-0.20426495373249054,0.2792261242866516,2.5387024879455566
1451268775296,2,0.6928554177284241,0.5147966146469116,0.3755798637866974
1451268775317,2,0.7327985763549805,0.32920798659324646,-0.2593599557876587
1451268775341,2,0.6273078918457031,0.5114195346832275,-0.41096973419189453
1451268775358,2,0.5907958149909973,0.4376069903373718,-0.42385202646255493
1451268775377,2,-0.37308427691459656,0.3214285969734192,1.4253122806549072
1451268775397,2,-0.12931497395038605,-0.22464755177497864,2.4116694927215576
1451268775418,2,-0.4470948576927185,-0.6232600808143616,2.1432595252990723
1451268775440,2,-1.170264482498169,-0.49573302268981934,1.97092604637146
1451268775460,2,-1.297324776649475,-0.5137867331504822,1.6588205099105835
1451268775477,2,-0.34260979294776917,-1.1949081420898438,0.09259411692619324
1451268775499,2,-1.1555356979370117,-2.3071346282958984,-1.382835030555725
1451268775520,2,-1.4131734371185303,-0.7053636312484741,-2.076946496963501
1451268775539,2,-1.0392241477966309,-0.3535267412662506,-1.7897405624389648
1451268775560,2,1.4391417503356934,0.9070224761962891,0.4385282099246979
1451268775577,2,0.5126270651817322,-1.0121185779571533,0.4195873439311981
1451268775598,2,0.5339158177375793,-0.7982476353645325,-0.45806583762168884
1451268775622,2,1.1322004795074463,-0.02170475944876671,-0.6493021249771118
1451268775641,2,-1.1891443729400635,-0.7985643148422241,-0.9055851697921753
1451268775657,1,-2.596529960632324,-0.16859744489192963,-0.7235790491104126
1451268775678,1,-1.7474430799484253,-0.5215551257133484,-1.0337082147598267
1451268775700,1,-0.6837905049324036,0.1444832980632782,-0.5654857754707336
1451268775721,1,-0.5197113156318665,0.1903945654630661,-0.4748556613922119
1451268775739,1,-0.6485495567321777,0.22796879708766937,0.22390404343605042
1451268775759,1,-0.6674759387969971,0.26442646980285645,-0.018010873347520828
1451268775778,1,-0.5020710825920105,0.3001861870288849,0.12357903271913528
1451268775800,1,-0.4092714488506317,0.5443880558013916,1.0224971771240234
1451268775822,1,-0.8683382868766785,0.5997083783149719,1.0901356935501099
1451268775840,1,-0.7563402056694031,0.5268915295600891,0.8613333702087402
1451268775861,1,-0.4978295862674713,0.6900359988212585,0.6535305380821228
1451268775877,1,-0.43295803666114807,0.8684417009353638,1.1800765991210938
1451268775895,1,0.10771694034337997,0.8867942690849304,1.3914899826049805
1451268775915,1,0.4907926023006439,1.2586153745651245,1.6557564735412598
1451268775945,1,0.7918537855148315,1.3346511125564575,1.5398895740509033
1451268775960,1,1.8229690790176392,1.1575064659118652,1.045782208442688
1451268775983,1,1.5950441360473633,0.6711322665214539,-0.5518798828125
1451268776001,1,0.7933242321014404,1.0135300159454346,-0.6238567233085632
1451268776020,1,-0.058627985417842865,0.7172343730926514,1.8501193523406982
1451268776040,1,0.12401244044303894,-0.09291677176952362,3.9690299034118652
1451268776059,1,-0.04234813526272774,-1.0828452110290527,5.069377422332764
1451268776082,1,0.16645598411560059,-1.2640455961227417,4.013157367706299
1451268776104,1,0.40623739361763,-1.2929545640945435,1.0564409494400024
1451268776123,1,0.3088991343975067,-0.8533385396003723,-4.3274102210998535
1451268776142,1,-0.45136722922325134,-0.5518789887428284,-4.020878791809082
1451268776164,1,0.16976109147071838,-1.2546361684799194,-0.7366571426391602
1451268776182,1,-0.43850088119506836,-2.870135545730591,2.1714251041412354
1451268776204,1,-1.619778037071228,-3.4712605476379395,1.9797037839889526
1451268776224,1,-1.4292711019515991,-2.0906755924224854,0.30019232630729675
1451268776242,1,4.5537543296813965,0.12331892549991608,-0.2714133858680725
1451268776262,1,4.696887493133545,3.6755969524383545,-5.839920997619629
1451268776282,1,4.0362229347229,1.2912263870239258,-3.2560272216796875
1451268776305,1,0.4619797468185425,0.09013678133487701,-3.3876452445983887
1451268776328,1,-1.0383567810058594,-1.506460189819336,-2.69010066986084
1451268776344,1,0.016932407394051552,-0.5757929682731628,1.8574340343475342
1451268776358,1,1.2149089574813843,0.13789455592632294,1.9551427364349365
1451268776383,1,1.348865270614624,0.3189806044101715,-0.09174889326095581
1451268776404,1,0.6856473088264465,0.3337792456150055,-1.7376514673233032
1451268776426,1,0.4839820861816406,0.31737464666366577,-2.153862714767456
1451268776443,1,0.35784080624580383,0.8061839938163757,-0.23965807259082794
1451268776459,1,0.22625483572483063,0.6936609148979187,0.8714467287063599
1451268776478,1,0.39244142174720764,0.6289344429969788,1.5122026205062866
1451268776505,1,0.43824660778045654,0.4476730525493622,1.0986340045928955
1451268776532,1,0.11762487888336182,0.5610197186470032,0.26784488558769226
1451268776549,1,-0.0842253714799881,0.715897262096405,-0.2923801839351654
1451268776566,1,-0.2622230350971222,0.753489077091217,0.5770803689956665
1451268776586,1,-0.024236030876636505,0.5982561111450195,1.52518892288208
1451268776607,1,0.353267639875412,0.45511460304260254,2.068915843963623
1451268776626,1,0.3215154707431793,0.27338936924934387,2.0156617164611816
1451268776644,1,-0.27067938446998596,-0.01677110232412815,1.4138842821121216
1451268776660,1,-0.953693151473999,0.003269523149356246,1.0522966384887695
1451268776685,1,-0.7465247511863708,-0.26472413539886475,1.109611988067627
1451268776706,1,-0.6700648069381714,-0.26841098070144653,1.3236217498779297
1451268776724,1,-0.6368140578269958,-0.21755145490169525,2.1186726093292236
1451268776743,1,-0.6710488200187683,-0.28353023529052734,3.1082751750946045
1451268776763,1,-0.829491376876831,-0.9949854612350464,1.831046462059021
1451268776784,1,-0.8486216068267822,-1.1110104322433472,-0.07069616764783859
1451268776806,1,-0.8025692701339722,-0.8308502435684204,-1.5397872924804688
1451268776824,1,-0.6000492572784424,-0.5470557808876038,-2.084462881088257
1451268776846,1,-0.4522207975387573,-0.5653226971626282,-1.4822306632995605
1451268776865,1,-0.29843392968177795,-0.7425745725631714,-0.404582679271698
1451268776887,1,-0.36088576912879944,-0.7758517265319824,0.8274989128112793
1451268776907,1,-0.6974316835403442,-0.7315057516098022,0.6760685443878174
1451268776926,1,-0.6947572231292725,-0.6768348813056946,0.06250292807817459
1451268776946,1,-0.6056444048881531,-0.5684571862220764,-0.9875462651252747
1451268776966,1,-0.770699143409729,-0.3714846968650818,-1.7157734632492065
1451268776990,1,-0.9782090783119202,-0.09440642595291138,-2.3700199127197266
1451268777008,1,-1.131635069847107,0.08239420503377914,-1.9382178783416748
1451268777027,1,-1.2160402536392212,0.1186804473400116,-1.3992934226989746
1451268777045,1,-1.180281400680542,-0.06484831869602203,-1.1015005111694336
1451268777067,1,-0.6644352674484253,0.28604835271835327,-0.47495386004447937
1451268777089,1,0.24410763382911682,0.14936697483062744,1.3017081022262573
1451268777109,1,-0.13784897327423096,0.3652992844581604,1.6588923931121826
1451268777127,1,-0.45362526178359985,0.41821810603141785,1.669905424118042
1451268777148,1,-0.5044378638267517,0.20628128945827484,0.9596446752548218
1451268777169,1,0.0487472265958786,0.27792730927467346,0.9555547833442688
1451268777189,1,-0.04730915650725365,0.31721535325050354,0.8936387300491333
1451268777209,1,-0.4262423515319824,0.4805448055267334,1.4346423149108887
1451268777227,1,-0.5062188506126404,0.5398632287979126,1.7725328207015991
1451268777248,1,-0.1339544951915741,0.004317863378673792,1.6928128004074097
1451268777269,1,-0.0038690418004989624,-0.2769780457019806,0.9045920372009277
1451268777290,1,0.1794896125793457,-0.16955168545246124,0.09881050139665604
1451268777310,1,-0.5642927885055542,0.15615035593509674,1.1418038606643677
1451268777342,1,-0.04801631718873978,-0.05644172802567482,1.5569909811019897
1451268777356,1,-0.16694755852222443,-0.03773030266165733,3.031977653503418
1451268777369,1,0.29083535075187683,-0.39268064498901367,2.9926187992095947
1451268777390,1,0.5822795033454895,-1.0000497102737427,1.1528373956680298
1451268777409,1,-0.012281682342290878,-0.8686801791191101,-1.7982279062271118
1451268777429,1,0.17346151173114777,-0.5320280194282532,-2.150942325592041
1451268777450,1,0.8965632319450378,-0.5707648992538452,-1.6808838844299316
1451268777471,1,1.2102727890014648,-0.5109811425209045,-0.8083195686340332
1451268777491,1,1.7150729894638062,-0.24562808871269226,0.6122212409973145
1451268777504,1,1.5391039848327637,-0.2617550492286682,1.5362247228622437
1451268777530,1,-0.22525422275066376,-0.5416644811630249,0.023387305438518524
1451268777550,1,-0.9484144449234009,-0.2774754762649536,-1.1968594789505005
1451268777570,1,-1.224221110343933,-0.008493687957525253,-1.680631399154663
1451268777593,1,-0.7411065697669983,0.2751154601573944,-1.7872645854949951
1451268777610,1,-0.019000889733433723,0.06709317862987518,-2.156721591949463
1451268777631,1,0.61991947889328,-0.38461774587631226,-1.9390801191329956
1451268777650,1,0.2594570815563202,-0.04440291225910187,-1.2039204835891724
1451268777670,1,-0.04395509883761406,0.4385875463485718,-0.36934125423431396
1451268777695,2,-0.2760181725025177,0.7335679531097412,0.2528460621833801
1451268777711,2,-0.42158058285713196,0.7471060752868652,0.3219517469406128
1451268777730,2,-0.18231013417243958,0.5480284690856934,-0.06678279489278793
1451268777755,2,-0.0834118202328682,0.6726645827293396,0.05652911216020584
1451268777772,2,-0.11610749363899231,0.7632426619529724,0.309725284576416
1451268777792,2,-0.08329321444034576,0.9772589206695557,0.6189654469490051
1451268777811,2,0.08189964294433594,1.167431116104126,0.7150070667266846
1451268777830,2,0.1490272879600525,1.1428472995758057,0.5440583825111389
1451268777854,2,0.19979436695575714,1.0140764713287354,0.6167828440666199
1451268777873,2,0.2841223478317261,0.8247537016868591,1.1929267644882202
1451268777891,2,0.3700900077819824,0.7198530435562134,1.6596944332122803
1451268777911,2,0.41732850670814514,0.6232356429100037,1.7731482982635498
1451268777933,2,0.15176168084144592,0.267055481672287,1.311160922050476
1451268777955,2,-0.39635294675827026,-0.006859656888991594,0.133493110537529
1451268777967,2,-0.2632664740085602,-0.147068053483963,0.2697621285915375
1451268777994,2,0.01607677713036537,-0.23377397656440735,1.0685937404632568
1451268778012,2,0.4490690231323242,-0.39968380331993103,2.450392961502075
1451268778032,2,0.3471512496471405,-0.7367153167724609,3.6223998069763184
1451268778047,2,-1.2584744691848755,-1.242235779762268,2.0665457248687744
1451268778072,2,-1.4684057235717773,-1.1105806827545166,-0.007591770496219397
1451268778093,2,-0.8561058044433594,-0.8943139910697937,-1.6962603330612183
1451268778114,2,-0.19312213361263275,-0.6168839335441589,-2.4993491172790527
1451268778132,2,0.4364246428012848,-0.43785014748573303,-2.592010974884033
1451268778154,2,0.8010559678077698,-0.7003688812255859,-1.546684741973877
1451268778176,2,0.03804941102862358,-0.8101539015769958,-0.7107160687446594
1451268778192,2,-0.4561004340648651,-0.8288882970809937,0.2297217845916748
1451268778212,2,-0.8652534484863281,-0.7402893900871277,0.9413479566574097
1451268778229,2,-1.062126874923706,-0.8102182149887085,0.9510077834129333
1451268778257,2,-1.1280699968338013,-0.8772445917129517,0.3389472961425781
1451268778274,2,-0.8966233730316162,-0.38337242603302,-1.078039526939392
1451268778294,2,-0.7533723711967468,-0.14453794062137604,-0.8089187145233154
1451268778313,2,22.663820266723633,-2.8727662563323975,1.6690075397491455
1451268778330,2,-13.901153564453125,-4.1940484046936035,-4.534019947052002
1451268778355,2,-11.227134704589844,3.427323341369629,1.920897364616394
1451268778371,2,1.6204501390457153,1.1539227962493896,-1.8439689874649048
1451268778394,2,3.767143964767456,-0.581863522529602,-2.1502480506896973
1451268778415,2,5.373095512390137,-0.7260262966156006,-0.5138683915138245
1451268778438,2,5.132192134857178,0.28994566202163696,1.836220622062683
1451268778455,2,1.862195611000061,1.387932300567627,2.3994572162628174
1451268778471,2,-1.4135174751281738,1.5138843059539795,0.47562897205352783
1451268778494,2,0.5974529981613159,0.8284861445426941,0.4428367018699646
1451268778514,2,2.367330312728882,0.6030421853065491,1.2654536962509155
1451268778534,2,3.086651563644409,0.8237830996513367,2.117790699005127
1451268778556,2,2.180837392807007,0.9854449033737183,2.1016554832458496
1451268778574,2,1.1994752883911133,0.44257688522338867,1.693515419960022
1451268778590,2,0.7495995163917542,0.21561551094055176,2.387148857116699
1451268778615,2,1.3822625875473022,0.24823154509067535,2.9516730308532715
1451268778635,2,1.7837731838226318,0.3704562485218048,3.5240983963012695
1451268778657,2,1.7077304124832153,0.29465383291244507,4.13783597946167
1451268778675,2,1.1825780868530273,-0.08348331600427628,3.452820062637329
1451268778695,2,0.6019490361213684,-0.6555525660514832,-0.40941140055656433
1451268778716,2,1.1413556337356567,-0.7050977945327759,-1.4822323322296143
1451268778737,2,1.7386541366577148,-0.4746287167072296,-1.8501801490783691
1451268778757,2,2.0342178344726563,-0.3067731559276581,-1.4891964197158813
1451268778776,2,2.18517804145813,-0.3206722140312195,-0.6822153925895691
1451268778796,2,2.2524890899658203,-0.7408171892166138,-0.4489344358444214
1451268778816,2,1.8207981586456299,-0.6816709041595459,-0.7747358679771423
1451268778841,2,1.4388176202774048,-0.4430293142795563,-1.131805658340454
1451268778856,2,1.0411643981933594,-0.2601280212402344,-1.5138287544250488
1451268778876,2,0.8028085231781006,-0.22996465861797333,-1.8577327728271484
1451268778896,2,0.7956430315971375,-0.15267682075500488,-1.8574060201644897
1451268778918,2,0.7122117280960083,0.05289250984787941,-0.7306599617004395
1451268778939,2,0.6857890486717224,0.056496962904930115,-0.27856209874153137
1451268778953,2,0.6861657500267029,0.18628741800785065,-0.12740005552768707
1451268778977,2,0.7637776136398315,0.26410481333732605,-0.09781389683485031
1451268778997,2,0.9228813648223877,0.2953469455242157,-0.28175652027130127
1451268779019,2,0.8197296261787415,0.5095540285110474,-0.40391281247138977
1451268779041,2,0.575019896030426,0.5376561284065247,-0.4677373468875885
1451268779061,2,0.34924963116645813,0.5018997192382813,-0.5401128530502319
1451268779079,2,0.22336861491203308,0.49791884422302246,-0.6052051782608032
1451268779098,2,0.06809614598751068,0.5846794247627258,-0.501308798789978
1451268779117,2,0.30911198258399963,0.7651637196540833,0.9423691034317017
1451268779141,2,0.7726675271987915,0.6172636151313782,1.7186025381088257
1451268779158,2,0.9966608285903931,0.5435831546783447,2.0000264644622803
1451268779177,2,0.8497163653373718,0.6560544967651367,2.2552239894866943
1451268779199,2,0.6538622975349426,0.8026926517486572,2.3734424114227295
1451268779221,2,0.3014833927154541,0.5227890610694885,1.5319483280181885
1451268779241,2,0.4503221809864044,0.5416653156280518,0.7309914231300354
1451268779260,2,0.25464484095573425,0.5800848007202148,1.8059879541397095
1451268779278,2,-0.01490918081253767,0.15433774888515472,3.340134620666504
1451268779300,2,-0.3918953835964203,-0.4236234724521637,4.009464740753174
1451268779321,2,-0.7593299150466919,-0.8907880187034607,3.5206408500671387
1451268779342,2,0.13139581680297852,-0.8062161207199097,-0.08295184373855591
1451268779360,2,0.6410415172576904,-0.5917176604270935,-1.4597020149230957
1451268779381,2,0.8452218770980835,-0.35588380694389343,-2.090937614440918
1451268779400,2,0.5835291743278503,-0.24524083733558655,-1.9731559753417969
1451268779422,2,0.15619178116321564,-0.4831266403198242,-1.302768349647522
1451268779442,2,-0.4393700659275055,-0.9594108462333679,-0.26853811740875244
1451268779460,2,-0.28047558665275574,-0.7633943557739258,-0.12782616913318634
1451268779480,2,-0.030201882123947144,-0.44843584299087524,-0.338940292596817
1451268779500,2,-0.13608750700950623,-0.3034738302230835,-0.7670908570289612
1451268779522,2,-0.15254677832126617,-0.4067179262638092,-1.337415337562561
1451268779541,2,-0.19580262899398804,-0.4290802776813507,-1.9016473293304443
1451268779561,2,0.33300837874412537,0.11657325178384781,-2.118824005126953
1451268779580,2,0.7422148585319519,0.34626930952072144,-1.453431248664856
1451268779603,2,0.7632195353507996,0.4065013825893402,-0.6683271527290344
1451268779624,2,0.49755072593688965,0.27103695273399353,0.008908698335289955
1451268779647,2,0.13912121951580048,0.15469780564308167,0.6158359050750732
1451268779660,2,0.0724949985742569,0.40937429666519165,0.6066408157348633
1451268779681,2,0.0030672787688672543,0.5909340977668762,0.4947253167629242
1451268779705,2,0.11904580891132355,0.7591849565505981,0.3161766529083252
1451268779724,1,0.30791282653808594,0.7535723447799683,0.464743435382843
1451268779745,1,0.4629049301147461,0.7011927366256714,0.9413701891899109
1451268779763,1,0.7622890472412109,0.7607815265655518,2.149311065673828
1451268779785,1,0.7488159537315369,0.6160542368888855,1.990982174873352
1451268779804,1,0.25568634271621704,0.681260883808136,1.0625643730163574
1451268779826,1,0.10816742479801178,0.6695204377174377,-0.45353931188583374
1451268779842,1,0.22901122272014618,0.8074228763580322,-1.274624228477478
1451268779863,1,0.3315392732620239,0.9278250336647034,-0.8094733953475952
1451268779882,1,0.306630939245224,-0.3650245666503906,3.1384658813476563
1451268779902,1,0.026808658614754677,-0.8160960078239441,4.141606330871582
1451268779933,1,0.12159721553325653,-1.2290046215057373,3.2002813816070557
1451268779953,1,0.16592034697532654,-1.1942366361618042,0.4126432240009308
1451268779966,1,0.43776437640190125,-0.8647221326828003,-1.8171886205673218
1451268779983,1,0.6516662836074829,-0.21439649164676666,-1.6174498796463013
1451268780010,1,0.9888678193092346,-0.5085012912750244,0.27604222297668457
1451268780025,1,0.7629229426383972,-1.020598292350769,1.7083207368850708
1451268780046,1,0.27480819821357727,-1.2804198265075684,2.3445630073547363
1451268780059,1,0.005744388792663813,-1.0557383298873901,1.6310405731201172
1451268780086,1,0.3849056661128998,-0.4845674932003021,-1.689042091369629
1451268780108,1,0.5038485527038574,-0.1444622427225113,-2.7836341857910156
1451268780124,1,0.17835769057273865,-0.06478811800479889,-3.142915725708008
1451268780144,1,-0.002579202875494957,-0.16303279995918274,-2.7846360206604004
1451268780164,1,-0.17776568233966827,-0.2343628853559494,-2.4892356395721436
1451268780184,1,-0.4562221169471741,0.1116156280040741,-1.2528191804885864
1451268780206,1,0.03304974362254143,-1.1521084308624268,-2.354062557220459
1451268780226,1,0.08087832480669022,0.05899783968925476,-2.764279365539551
1451268780244,1,-4.110401153564453,-2.9648618698120117,1.6900678873062134
1451268780265,1,2.031689167022705,2.6586713790893555,4.96273946762085
1451268780288,1,1.1106252670288086,2.7448174953460693,-2.4171605110168457
1451268780307,1,4.509003162384033,1.2770482301712036,-0.5356664061546326
1451268780325,1,0.6226121187210083,-0.9166083931922913,-2.0560948848724365
1451268780345,1,-2.976919174194336,-1.0506974458694458,-0.47234395146369934
1451268780366,1,-3.9205803871154785,-0.19203267991542816,1.7948071956634521
1451268780390,1,-1.7479870319366455,0.6936904191970825,3.2205023765563965
1451268780406,1,2.711397171020508,0.923075258731842,2.0780186653137207
1451268780426,1,2.034576892852783,0.6017194390296936,1.3549129962921143
1451268780441,1,0.8092783093452454,0.24073417484760284,1.2143915891647339
1451268780461,1,-0.12302280962467194,0.05004267394542694,0.7430495023727417
1451268780487,1,-0.7272114157676697,0.27915188670158386,0.4743751883506775
1451268780509,1,-0.8189648389816284,0.5790873169898987,1.1144412755966187
1451268780526,1,-0.7917428612709045,-0.03153349459171295,2.8830864429473877
1451268780546,1,-0.8596288561820984,-0.36352410912513733,3.286339282989502
1451268780566,1,-1.3591053485870361,-0.7502730488777161,2.7039966583251953
1451268780589,1,-1.8347593545913696,-0.8401445746421814,1.5094190835952759
1451268780609,1,-1.8573359251022339,-0.7534803152084351,-0.020554127171635628
1451268780625,1,-0.43807360529899597,-0.31296998262405396,-1.3700748682022095
1451268780646,1,0.4675673246383667,-0.1628890037536621,-1.1868711709976196
1451268780667,1,0.34469103813171387,-0.20810499787330627,-1.0077812671661377
1451268780687,1,-0.3353053033351898,-0.46648794412612915,-0.5210404992103577
1451268780708,1,-0.9051432013511658,-0.7372662425041199,-0.16438743472099304
1451268780727,1,-1.2751617431640625,-0.5892509818077087,0.07857201993465424
1451268780748,1,-1.1151639223098755,-0.49032533168792725,-0.07103461027145386
1451268780767,1,-0.8146151304244995,-0.42727819085121155,-0.6991711854934692
1451268780789,1,-0.6752959489822388,-0.2620478868484497,-1.179616093635559
1451268780807,1,-0.6544027328491211,-0.17989392578601837,-1.4548522233963013
1451268780828,1,-0.7158059477806091,0.011277765966951847,-1.0948113203048706
1451268780847,1,-0.4821196496486664,0.35530659556388855,-0.7786866426467896
1451268780869,1,-0.3600248694419861,0.348131000995636,-0.40780866146087646
1451268780892,1,-0.1803303360939026,0.3240773677825928,0.010765723884105682
1451268780909,1,-0.18215598165988922,0.3972960412502289,0.20241935551166534
1451268780924,1,-0.1928575187921524,0.6177370548248291,-0.0025327333714812994
1451268780949,1,0.06023991480469704,0.6774781346321106,8.083938155323267E-4
1451268780968,1,0.00480688875541091,0.6148381233215332,0.01626841351389885
1451268780990,1,-0.08176180720329285,0.506587028503418,0.26478374004364014
1451268781008,1,0.673071026802063,-0.009252689778804779,0.5951122641563416
1451268781030,1,0.49968385696411133,-0.17600421607494354,1.456291913986206
1451268781050,1,0.1262030005455017,0.48536330461502075,2.2687907218933105
1451268781070,1,0.1265443116426468,0.8063508868217468,1.8960627317428589
1451268781091,1,0.27704140543937683,0.47400957345962524,0.8838450312614441
1451268781110,1,0.32227951288223267,0.3965522348880768,0.6132856607437134
1451268781131,1,0.04453790932893753,0.15213964879512787,2.1018712520599365
1451268781149,1,0.21613766252994537,0.15901538729667664,3.2551631927490234
1451268781171,1,0.6560745239257813,-0.20132103562355042,3.088559865951538
1451268781193,1,0.04981069266796112,-0.5996952056884766,1.4105571508407593
1451268781210,1,0.3191167712211609,-0.8300602436065674,-0.6445932388305664
1451268781231,1,0.8331330418586731,-1.0595226287841797,-1.9844285249710083
1451268781252,1,1.122281551361084,-0.8359456658363342,-2.5531835556030273
1451268781272,1,1.8441262245178223,-0.35585999488830566,-0.3410772979259491
1451268781286,1,1.6749986410140991,-0.5083824992179871,0.7835410833358765
1451268781311,1,0.8290295004844666,-0.7061339020729065,0.8503577709197998
1451268781330,1,0.14668112993240356,-0.7837992906570435,-0.036022331565618515
1451268781352,1,-0.07912737131118774,-0.6414539217948914,-0.9854238629341125
1451268781372,1,0.24579975008964539,-0.059306468814611435,-1.9597324132919312
1451268781392,1,0.2929757833480835,0.16119827330112457,-1.915068507194519
1451268781413,1,0.22120893001556396,0.23800942301750183,-1.655935287475586
1451268781432,1,0.05171860754489899,0.2526964247226715,-1.3499526977539063
1451268781453,1,-0.10456004738807678,0.21164339780807495,-1.1086235046386719
1451268781475,1,-0.24992844462394714,0.315120130777359,-1.0042062997817993
1451268781487,1,-0.27892157435417175,0.4750266373157501,-0.7998223304748535
1451268781512,1,-0.013378500938415527,0.5802896618843079,-0.3219260275363922
1451268781533,1,0.11151735484600067,0.5892825126647949,0.055682726204395294
1451268781556,1,0.033096835017204285,0.6459308862686157,0.27845513820648193
1451268781574,1,-0.13713504374027252,0.6901975870132446,0.4619394838809967
1451268781592,1,-0.20657344162464142,0.7103025317192078,0.6062614321708679
1451268781612,1,-0.07713332772254944,0.7390996217727661,0.5917875170707703
1451268781633,1,0.10369312763214111,0.6633069515228271,0.7016559839248657
1451268781655,1,0.1292235255241394,0.6182140111923218,0.9432728290557861
1451268781674,1,0.14382188022136688,0.5769050121307373,1.3606085777282715
1451268781692,1,-0.18693988025188446,0.3881789445877075,1.5349527597427368
1451268781714,1,-0.35006025433540344,0.09503887593746185,0.6653542518615723
1451268781730,1,-0.32251906394958496,0.0076905544847249985,0.23635201156139374
1451268781757,2,-0.14194807410240173,-0.022783786058425903,0.5847276449203491
1451268781774,2,-0.10066181421279907,-0.13365910947322845,1.6622920036315918
1451268781789,2,-0.27812936902046204,-0.658493161201477,3.5986487865448
1451268781815,2,-0.5515933036804199,-1.1712093353271484,2.75190806388855
1451268781832,2,-0.6952568888664246,-1.3565560579299927,0.9737509489059448
1451268781857,2,-0.3668160140514374,-1.2384248971939087,-0.7800228595733643
1451268781876,2,0.06181788444519043,-0.94322270154953,-1.721189022064209
1451268781894,2,0.3260217010974884,-0.615125298500061,-1.5898743867874146
1451268781913,2,-0.0892912819981575,-0.19103431701660156,-1.3074649572372437
1451268781934,2,-0.010156451724469662,-1.0951534509658813,0.646004855632782
1451268781957,2,-0.19172687828540802,-0.8293755054473877,1.1927129030227661
1451268781974,2,-0.506091833114624,-0.3415875732898712,1.0158698558807373
1451268781995,2,-0.17277076840400696,-0.044990357011556625,0.6116150617599487
1451268782014,2,0.023084532469511032,0.05008797347545624,-1.1857365369796753
1451268782038,2,0.004621604457497597,0.2644549608230591,-2.0200960636138916
1451268782057,2,-0.16107797622680664,0.4482330083847046,-2.3309428691864014
1451268782076,2,-0.34923702478408813,0.4843696355819702,-1.8774235248565674
1451268782091,2,-0.364566832780838,0.4189397096633911,-1.0759353637695313
1451268782115,2,0.041410598903894424,0.5815282464027405,-0.2073749303817749
1451268782138,2,0.016889696940779686,0.6182078719139099,-0.2017792910337448
1451268782157,2,-0.07584863901138306,0.6354226469993591,-0.3464648425579071
1451268782177,2,-0.337021142244339,0.7024094462394714,-0.5434750318527222
1451268782196,2,-0.551977276802063,0.67460697889328,-0.6663970351219177
1451268782212,2,-0.5915507674217224,0.6848743557929993,-0.5437427163124084
1451268782232,2,-0.15243446826934814,0.8620105385780334,0.40751931071281433
1451268782259,2,0.2679157853126526,0.8628838062286377,0.9308493733406067
1451268782276,2,0.35545608401298523,0.5832394361495972,1.403739333152771
1451268782296,2,-0.5423606038093567,0.2264665812253952,1.8110837936401367
1451268782316,2,-1.5502489805221558,-0.07862287014722824,2.450699806213379
1451268782338,2,-1.5721591711044312,-1.0023452043533325,1.303881287574768
1451268782360,2,-0.558380663394928,10.050039291381836,-10.212010383605957
1451268782377,2,-8.133416175842285,1.0371909141540527,2.5343191623687744
1451268782396,2,-7.144309043884277,1.8374346494674683,6.134000301361084
1451268782416,2,-2.471560478210449,0.2909191846847534,3.424116373062134
1451268782440,2,3.335789680480957,-3.0499043464660645,1.7053806781768799
1451268782459,2,3.6302695274353027,-2.000688076019287,2.1551480293273926
1451268782478,2,1.1536890268325806,-0.5788201689720154,1.7641770839691162
1451268782497,2,-0.2525249719619751,0.10624124109745026,0.4224041700363159
1451268782521,2,0.08285178989171982,-0.1522749662399292,-0.6931225657463074
1451268782541,2,1.3580294847488403,-0.6780050992965698,-0.9278016686439514
1451268782559,2,2.0013890266418457,-1.201332688331604,-0.5162567496299744
1451268782579,2,0.9503082036972046,-1.16190505027771,-0.6846446394920349
1451268782594,2,-0.15644216537475586,-1.0870853662490845,-0.9095382690429688
1451268782621,2,-0.7010098099708557,-0.914345383644104,-1.1526508331298828
1451268782639,2,-0.83120197057724,-0.6501563787460327,-1.3078333139419556
1451268782662,2,0.03386564552783966,-0.15856793522834778,-1.4658786058425903
1451268782679,2,0.49715206027030945,-0.07418517768383026,-1.4949954748153687
1451268782700,2,0.6750633716583252,-0.030717503279447556,-1.3366496562957764
1451268782718,2,0.433669775724411,-0.05869447439908981,-1.0980525016784668
1451268782741,2,0.0046723028644919395,-0.10744214057922363,-0.821817934513092
1451268782759,2,-0.2579844295978546,0.1604369431734085,0.24597792327404022
1451268782779,2,-0.12082845717668533,0.30747517943382263,0.4431734085083008
1451268782800,2,0.043097492307424545,0.3771054744720459,0.38145607709884644
1451268782822,2,0.1845967173576355,0.33173897862434387,0.007540332619100809
1451268782841,2,0.24486352503299713,0.3721478581428528,-0.4139087200164795
1451268782856,2,0.2298177182674408,0.4068044424057007,-0.5560954213142395
1451268782879,2,-0.009648374281823635,0.4710319936275482,0.0030272388830780983
1451268782901,2,0.048953600227832794,0.3114618957042694,0.5199825167655945
1451268782922,2,0.27379536628723145,0.14249621331691742,1.0346429347991943
1451268782942,2,0.47231021523475647,0.032035890966653824,1.4743945598602295
1451268782960,2,0.44615328311920166,-0.027881402522325516,1.78182852268219
1451268782977,2,-0.06086385250091553,-0.06730857491493225,1.2454174757003784
1451268783002,2,0.03874130919575691,-0.02520020119845867,1.238739252090454
1451268783021,2,0.45351970195770264,0.10340280085802078,1.6882675886154175
1451268783043,2,0.46656161546707153,0.03128594905138016,2.5217361450195313
1451268783061,2,0.17912425100803375,-0.2886296212673187,3.603296995162964
1451268783081,2,-0.8767743706703186,-0.9238004684448242,3.859640121459961
1451268783105,2,-1.3211884498596191,-1.1288182735443115,1.9446289539337158
1451268783124,2,-1.0104221105575562,-1.3688212633132935,-0.0052922614850103855
1451268783142,2,-0.3939920961856842,-1.3486332893371582,-1.3125438690185547
1451268783161,2,0.1275690495967865,-1.193484902381897,-2.0460352897644043
1451268783182,2,0.41493603587150574,-0.9310613870620728,-2.396167516708374
1451268783202,2,0.5120514631271362,-0.5697358250617981,-1.7175819873809814
1451268783224,2,0.26875680685043335,-0.4206342399120331,-1.0536187887191772
1451268783242,2,-0.15990795195102692,-0.29296764731407166,-0.35837915539741516
1451268783261,2,-0.3681600093841553,-0.3027905225753784,0.1312263309955597
1451268783283,2,-0.37864255905151367,-0.33826369047164917,0.0024450551718473434
1451268783304,2,-0.1944086253643036,-0.09452712535858154,-1.0565946102142334
1451268783318,2,-0.12462591379880905,0.18207594752311707,-1.1804898977279663
1451268783338,2,-0.1211402639746666,0.43370065093040466,-1.0827443599700928
1451268783365,2,-0.20375776290893555,0.5314517021179199,-0.7617086172103882
1451268783384,2,-0.08502162992954254,0.4442664682865143,-0.448886513710022
1451268783404,2,0.041829921305179596,0.28498774766921997,0.38362640142440796
1451268783424,2,0.05144727975130081,0.22516338527202606,0.7059288620948792
1451268783443,2,-0.0026078445371240377,0.09155132621526718,0.613503098487854
1451268783464,2,-0.11765490472316742,0.0354243665933609,0.5075017809867859
1451268783483,2,-0.24552002549171448,0.07641717791557312,0.5941735506057739
1451268783504,2,-0.3272054195404053,0.11518237739801407,0.5950859785079956
1451268783526,2,0.20415033400058746,0.18218174576759338,1.1137124300003052
1451268783543,2,0.34500202536582947,0.3487190306186676,1.5959599018096924
1451268783562,2,0.30889928340911865,0.48748308420181274,1.905037522315979
1451268783588,2,0.17362473905086517,0.6722571849822998,2.0461552143096924
1451268783606,2,0.4755100905895233,0.6267062425613403,1.4168027639389038
1451268783625,2,1.0083816051483154,0.8851745128631592,1.4380261898040771
1451268783644,2,0.7744235396385193,0.9737675786018372,2.6587252616882324
1451268783663,2,0.24240225553512573,0.5743506550788879,3.3624656200408936
1451268783684,2,0.22285933792591095,-0.15807810425758362,2.885646104812622
1451268783706,2,0.46910110116004944,-0.6149865984916687,1.3762638568878174
1451268783725,2,0.8099146485328674,-0.9360522031784058,-1.8425650596618652
1451268783744,2,1.0081323385238647,-1.041596531867981,-2.252290964126587
