1451311341985,0,0.04322283715009689,-0.3157736361026764,-2.079699754714966
1451311341999,1,0.04322283715009689,-0.3157736361026764,-2.079699754714966
1451311342018,1,0.04322283715009689,-0.3157736361026764,-2.079699754714966
1451311342036,1,0.04322283715009689,-0.3157736361026764,-2.079699754714966
1451311342057,1,0.04322283715009689,-0.3157736361026764,-2.079699754714966
1451311342077,1,0.04322283715009689,-0.3157736361026764,-2.079699754714966
1451311342096,1,0.9119656085968018,1.1451166868209839,0.417190819978714
1451311342117,1,-0.2924902141094208,0.7069771885871887,0.7773621082305908
1451311342138,1,-1.0103074312210083,0.8328215479850769,0.447053462266922
1451311342159,1,-1.568037748336792,0.6684630513191223,-0.09979601204395294
1451311342181,1,-1.4961405992507935,0.4783221483230591,-0.5732236504554749
1451311342201,1,-0.26628047227859497,0.3712424337863922,-1.0969897508621216
1451311342222,1,0.26993128657341003,0.4161626398563385,-0.43462300300598145
1451311342244,1,0.16087909042835236,0.25307342410087585,-0.0021896190010011196
1451311342263,1,-0.2750934064388275,-0.27886369824409485,0.4055681824684143
1451311342285,1,-0.45321112871170044,-0.4927189350128174,0.2715250253677368
1451311342301,1,-0.407205194234848,-0.018628712743520737,0.7427455186843872
1451311342322,1,0.3674371838569641,-0.16886311769485474,1.3107365369796753
1451311342339,1,0.4512685239315033,-0.44773852825164795,0.8561357855796814
1451311342365,1,0.045948829501867294,-7.540332735516131E-4,0.0798848569393158
1451311342383,1,-0.0930667370557785,0.027588849887251854,-0.2137368619441986
1451311342451,1,-0.9279587864875793,0.4441577196121216,0.23288404941558838
1451311342458,1,-1.0806496143341064,0.4334089457988739,0.5681207776069641
1451311342485,1,0.06335253268480301,0.764146089553833,0.9859879016876221
1451311342505,1,1.4012786149978638,0.7630068063735962,1.3015871047973633
1451311342524,1,1.0550940036773682,0.8671581149101257,0.1217658519744873
1451311342548,1,0.145693838596344,0.49364161491394043,-0.4965992867946625
1451311342565,1,-0.8728572130203247,0.6547417044639587,-0.6156167387962341
1451311342585,1,-0.3721875846385956,0.7898966073989868,-0.8094061613082886
1451311342599,1,0.6024706959724426,0.5035264492034912,-0.6924585700035095
1451311342625,1,1.391958475112915,0.18518823385238647,-0.12361352145671844
1451311342646,1,0.9724966883659363,0.007431027013808489,-0.08425415307283401
1451311342666,1,-0.0981660708785057,-0.705145001411438,-0.3986509442329407
1451311342686,1,-0.7077478766441345,-0.4355763792991638,-0.8729974627494812
1451311342705,1,0.533989667892456,0.9265320897102356,-3.215653896331787
1451311342725,1,0.44215020537376404,0.5192395448684692,-3.71855092048645
1451311342747,1,3.5231118202209473,1.6449451446533203,6.880274772644043
1451311342767,1,4.549614906311035,1.2998790740966797,1.2991069555282593
1451311342792,1,5.385669231414795,1.1487427949905396,-1.8531944751739502
1451311342807,1,0.16092340648174286,0.1350783407688141,-3.2596802711486816
1451311342825,1,-1.4829809665679932,-0.48225218057632446,0.5603525042533875
1451311342849,1,0.6540907025337219,0.46152621507644653,5.03628396987915
1451311342866,1,1.4990195035934448,0.35442426800727844,3.9403328895568848
1451311342887,1,1.0545459985733032,0.30975979566574097,1.5966349840164185
1451311342906,1,0.11079832166433334,0.0388818122446537,-0.3656967878341675
1451311342927,1,-0.44896337389945984,0.0256996750831604,-1.4677672386169434
1451311342949,1,0.19001418352127075,0.17317338287830353,-1.4749826192855835
1451311342968,1,1.025286316871643,0.1475619673728943,-0.5845154523849487
1451311342987,1,1.212994933128357,0.04328560084104538,0.04121113196015358
1451311343007,1,1.0047008991241455,-0.07666472345590591,0.21307869255542755
1451311343027,1,0.3912715017795563,-0.13213643431663513,0.008524082601070404
1451311343049,1,0.08225114643573761,0.04245090112090111,-0.11651099473237991
1451311343067,1,0.7373037338256836,0.26696985960006714,0.1438397318124771
1451311343085,1,0.8265874981880188,0.20801205933094025,0.4778706133365631
1451311343106,1,0.6171321272850037,0.23206980526447296,0.6769143342971802
1451311343127,1,0.15563027560710907,0.11684943735599518,1.0547387599945068
1451311343148,1,-0.6098249554634094,-0.7476879954338074,0.3286503553390503
1451311343162,1,0.015221826732158661,-0.01685001328587532,1.43607497215271
1451311343187,1,0.7491739988327026,0.6510276198387146,1.3072978258132935
1451311343207,1,1.300337791442871,0.2903168201446533,0.17211773991584778
1451311343229,1,0.9923037886619568,0.6409820318222046,-0.5606459379196167
1451311343251,1,0.8355436325073242,0.4262520670890808,-0.3156728148460388
1451311343268,1,0.27457675337791443,0.3260129988193512,0.28032851219177246
1451311343287,1,0.18250374495983124,0.19475802779197693,0.22481705248355865
1451311343304,1,-0.0545790009200573,0.29715514183044434,-0.07362930476665497
1451311343333,1,-0.22065123915672302,0.07397767901420593,-0.3683283030986786
1451311343350,1,0.4186045527458191,0.07168342918157578,-0.5023947954177856
1451311343370,1,0.14612352848052979,0.1578478068113327,-0.5133756399154663
1451311343388,1,-0.543476939201355,0.17158055305480957,-0.35516253113746643
1451311343409,1,0.39894312620162964,0.17923195660114288,0.13605564832687378
1451311343431,1,1.2158128023147583,0.21793431043624878,0.8426613807678223
1451311343445,1,1.0141167640686035,0.09006430208683014,1.4079396724700928
1451311343469,1,0.44244667887687683,0.08083879202604294,0.45142683386802673
1451311343490,1,-0.30011311173439026,-0.05375088006258011,-0.28068333864212036
1451311343510,1,-0.4774686098098755,0.09314999729394913,0.15854279696941376
1451311343533,1,-0.32245078682899475,0.034482698887586594,0.46869713068008423
1451311343550,1,-0.05435571447014809,0.37465691566467285,-0.2336404174566269
1451311343569,1,-0.49036550521850586,0.1503688395023346,-0.019339490681886673
1451311343591,1,-0.611706554889679,0.1077127754688263,0.41606444120407104
1451311343616,1,-0.21094796061515808,0.3936825096607208,0.17568565905094147
1451311343632,1,0.10278408229351044,0.36886078119277954,-0.37811610102653503
1451311343652,1,0.11471666395664215,0.3044470548629761,-0.18954233825206757
1451311343670,1,-0.10879238694906235,0.30537644028663635,0.023097382858395576
1451311343691,1,-0.29537323117256165,0.15209552645683289,0.07246142625808716
1451311343714,1,-0.09146817773580551,0.028166940435767174,0.30817630887031555
1451311343728,1,0.31559550762176514,0.10115092992782593,0.4403022229671478
1451311343750,1,0.37667006254196167,0.19013679027557373,0.4765233099460602
1451311343771,1,0.28596770763397217,0.19658347964286804,0.4178864061832428
1451311343793,1,0.02423829585313797,0.10939502716064453,0.32457566261291504
1451311343813,1,0.11557883024215698,0.05055413022637367,0.5982926487922668
1451311343834,1,0.1801297813653946,0.03524374961853027,0.3683551847934723
1451311343850,1,0.20448410511016846,0.04891396313905716,0.15503565967082977
1451311343870,1,0.22965069115161896,-0.013452771119773388,-0.03462298586964607
1451311343891,1,0.07500746101140976,0.05182020366191864,0.018140053376555443
1451311343911,1,1.0989011934725568E-4,0.02066635712981224,0.3051286041736603
1451311343931,1,0.1011834442615509,-0.011623217724263668,0.20700843632221222
1451311343951,1,0.12049546092748642,0.019744565710425377,-0.011684007942676544
1451311343971,1,0.11778131127357483,0.026831308379769325,-0.27167174220085144
1451311343993,1,0.02497720532119274,0.043536946177482605,-0.3394295275211334
1451311344012,1,-0.08241721987724304,0.08301730453968048,-0.25690847635269165
1451311344036,2,-0.06719137728214264,0.09822189062833786,-0.02582651562988758
1451311344050,2,-0.02035173773765564,0.1355348527431488,0.08430442214012146
1451311344073,2,0.007356062065809965,0.24135960638523102,0.13461363315582275
1451311344094,2,0.14762550592422485,0.25652211904525757,-0.07799392938613892
1451311344113,2,0.11098989844322205,0.20278993248939514,-0.10787644237279892
1451311344133,2,-0.1898205578327179,0.23127251863479614,0.3470095992088318
1451311344160,2,-0.2803557813167572,0.1728045493364334,0.5453384518623352
1451311344177,2,-0.183146134018898,0.13544483482837677,0.6027800440788269
1451311344195,2,-0.009637524373829365,0.1719394475221634,0.5791636109352112
1451311344209,2,0.043987974524497986,0.22411154210567474,0.4268430173397064
1451311344232,2,-0.09396014362573624,0.22474049031734467,0.1410217583179474
1451311344253,2,-0.1370174139738083,0.2604997754096985,0.19016660749912262
1451311344276,2,-0.23045791685581207,0.2154015749692917,0.33055415749549866
1451311344295,2,-0.26816821098327637,0.24436055123806,0.48612698912620544
1451311344316,2,-0.0852329358458519,0.23431670665740967,0.4492115080356598
1451311344334,2,0.2655005156993866,0.3680711090564728,0.11588672548532486
1451311344355,2,0.2810448110103607,0.3542196750640869,0.20116321742534637
1451311344378,2,0.20985917747020721,0.3215431571006775,0.24899989366531372
1451311344397,2,0.14247027039527893,0.26738953590393066,0.1655956357717514
1451311344418,2,7.509645074605942E-4,0.1880839467048645,0.03595978766679764
1451311344434,2,-0.07641199231147766,0.11538111418485641,-0.09654723852872849
1451311344450,2,-0.1747039556503296,0.04254559427499771,-0.16473346948623657
1451311344472,2,-0.2404271513223648,-0.00598199712112546,0.0357043519616127
1451311344497,2,-0.2736203968524933,-0.0688917487859726,0.2050841897726059
1451311344515,2,-0.496509850025177,-0.16927111148834229,0.32388827204704285
1451311344535,2,-0.5599212050437927,-0.30104514956474304,0.3151356279850006
1451311344555,2,-0.6918225288391113,-0.4084519147872925,-0.006601590197533369
1451311344575,2,-0.6422939896583557,-0.4018748700618744,0.05730535835027695
1451311344597,2,-0.7959698438644409,-0.4281581938266754,0.2492319494485855
1451311344611,2,-0.8296750783920288,-0.31883272528648376,0.6096253395080566
1451311344635,2,-12.465917587280273,14.983136177062988,-16.25542449951172
1451311344656,2,-10.732203483581543,1.3871686458587646,-2.0186474323272705
1451311344679,2,-4.924745559692383,0.5161468386650085,-1.0548393726348877
1451311344698,2,-0.49190863966941833,0.7443047761917114,-1.0395365953445435
1451311344716,2,2.785205364227295,0.6845534443855286,-3.0370724201202393
1451311344736,2,5.224723815917969,0.5029112696647644,-0.8366466760635376
1451311344757,2,4.041651248931885,-0.4199395179748535,0.6100012063980103
1451311344778,2,-2.902872323989868,1.3306225538253784,2.3679795265197754
1451311344798,2,-2.5439860820770264,0.7756471037864685,1.108303189277649
1451311344818,2,-1.3309828042984009,0.3997524678707123,0.3177209794521332
1451311344837,2,-0.5501739978790283,0.723540186882019,-0.02838262915611267
1451311344858,2,0.0476972796022892,0.9761591553688049,-0.008678396232426167
1451311344879,2,0.06993928551673889,0.653881847858429,0.4959311783313751
1451311344899,2,0.060408804565668106,0.5430936217308044,0.485284686088562
1451311344917,2,0.23219656944274902,0.763656497001648,0.23977789282798767
1451311344938,2,0.35225149989128113,0.6376104950904846,-0.12511515617370605
1451311344959,2,0.5168640613555908,0.6035489439964294,-0.5660083293914795
1451311344980,2,-0.050973597913980484,0.11327420920133591,-0.23451310396194458
1451311344999,2,-0.4472675323486328,-0.08539222180843353,0.04600479453802109
1451311345020,2,-0.6458660960197449,0.012720073573291302,0.0770452469587326
1451311345039,2,-0.4427955150604248,0.18473464250564575,-0.25937166810035706
1451311345059,2,-0.3607441186904907,0.2044464647769928,-0.49798110127449036
1451311345082,2,-0.4358985126018524,0.3578641712665558,-0.5144067406654358
1451311345099,2,-0.6826679706573486,0.6821770668029785,-0.3039788603782654
1451311345118,2,0.08608027547597885,0.3406774699687958,-0.9531587958335876
1451311345138,2,0.09830029308795929,-1.2851905822753906,1.013344645500183
1451311345159,2,0.2657696008682251,-0.4010773003101349,0.20690789818763733
1451311345182,2,-0.4063607156276703,-1.5392744541168213,1.9558488130569458
1451311345200,2,0.012700491584837437,1.0182167291641235,1.4977374076843262
1451311345219,2,0.8437399864196777,0.33393239974975586,0.6423784494400024
1451311345240,2,0.9865133762359619,0.008156126365065575,0.0948784276843071
1451311345261,2,0.17609840631484985,-0.11874708533287048,-0.2332996428012848
1451311345281,2,-0.5138504505157471,0.05881284177303314,-0.34498366713523865
1451311345301,2,-0.5762410759925842,0.2967968285083771,-0.38686054944992065
1451311345321,2,-0.416629821062088,0.25010231137275696,-0.35910454392433167
1451311345341,2,-0.22219592332839966,0.02361176162958145,-0.2919231057167053
1451311345364,2,-0.5681754350662231,-0.17261429131031036,0.006668225862085819
1451311345385,2,-0.5111886858940125,-0.1108604222536087,-0.30622926354408264
1451311345401,2,-0.5156055092811584,0.03223521262407303,0.03647533431649208
1451311345421,2,0.02577412873506546,0.10121931880712509,0.6956260800361633
1451311345440,2,0.2542646825313568,0.05559796839952469,0.810616135597229
1451311345464,2,0.1346617192029953,-0.03591886907815933,0.5379916429519653
1451311345482,2,-0.019561316817998886,-0.10034779459238052,0.33292320370674133
1451311345501,2,-0.03572817146778107,0.02189735881984234,0.1753571480512619
1451311345522,2,0.24258729815483093,0.19699089229106903,0.06986498087644577
1451311345541,2,0.21213144063949585,0.06839432567358017,0.17734920978546143
1451311345563,2,0.07618855684995651,-0.0654115080833435,0.24833880364894867
1451311345584,2,-0.11852481961250305,-0.1869441270828247,-0.019921675324440002
1451311345601,2,-0.1861507147550583,-0.17636896669864655,-0.3682189881801605
1451311345621,2,0.016077714040875435,0.136722594499588,-0.7430536150932312
1451311345642,2,0.18640264868736267,0.13618308305740356,-0.5013877153396606
1451311345664,2,-0.04691314324736595,-0.1279623657464981,-0.013072832487523556
1451311345682,2,-0.3402291536331177,-0.2528694272041321,0.5104115605354309
1451311345702,2,-0.44532299041748047,-0.12456570565700531,0.6221937537193298
1451311345722,2,-0.4919877052307129,0.11414076387882233,0.5897475481033325
1451311345744,2,0.02344641461968422,0.10993395745754242,0.3474322259426117
1451311345765,2,0.18567512929439545,0.39596623182296753,0.626615047454834
1451311345823,2,0.19268661737442017,0.23307634890079498,0.6675018072128296
1451311345844,2,0.16612328588962555,0.36727792024612427,-0.2050473541021347
1451311345867,2,0.024884194135665894,0.36164429783821106,-0.5910550951957703
1451311345885,2,0.22231987118721008,0.3212105631828308,-0.2961287200450897
1451311345905,2,0.6015402674674988,0.20707565546035767,0.1980506330728531
1451311345923,2,0.35599619150161743,0.19262802600860596,0.2011415809392929
1451311345945,2,-0.04360073059797287,0.12059154361486435,-0.008611176162958145
1451311345965,2,-0.017359862104058266,0.0883551612496376,0.17628245055675507
1451311345983,2,-0.07467924803495407,0.18031039834022522,-0.0063344636000692844
1451311346003,2,-0.007758358959108591,0.13649404048919678,-0.21611878275871277
1451311346024,2,-0.029527561739087105,0.049388010054826736,0.026016484946012497
1451311346045,2,0.4076627790927887,-0.0627870038151741,0.7023234963417053
1451311346067,1,-0.0936378538608551,0.0778103843331337,-0.016055062413215637
1451311346085,1,-0.025752829387784004,-0.06510405242443085,-0.32671618461608887
1451311346105,1,-0.23074871301651,-0.12131752073764801,-0.3463380038738251
1451311346127,1,-0.422908216714859,0.07353051751852036,-0.28381577134132385
1451311346146,1,-0.2508982717990875,0.1404699683189392,-0.26623743772506714
1451311346167,1,0.15346524119377136,-0.03761222958564758,-0.22739362716674805
1451311346184,1,-0.06316599249839783,0.041467152535915375,0.4085363745689392
1451311346205,1,-0.3872000575065613,0.05521218478679657,0.6477484703063965
1451311346225,1,-0.2850889265537262,-0.014303251169621944,0.28815993666648865
1451311346247,1,-0.12507694959640503,0.09609013795852661,0.07286649942398071
1451311346265,1,0.7114205956459045,0.3549918532371521,0.46162500977516174
1451311346285,1,0.45180028676986694,0.37230244278907776,0.4935135841369629
1451311346306,1,0.302051842212677,0.1408873200416565,0.575178325176239
1451311346327,1,0.01083685364574194,0.13643793761730194,0.3555874824523926
1451311346348,1,-0.08567023277282715,0.3120329976081848,0.12980419397354126
1451311346362,1,0.037002209573984146,0.2725660800933838,-0.13969606161117554
1451311346386,1,-0.41622576117515564,-0.017346272245049477,-0.5458423495292664
1451311346403,1,-0.9969760179519653,-0.0779518410563469,-0.22623978555202484
1451311346428,1,-0.5839853286743164,0.17184944450855255,1.524458885192871
1451311346449,1,-1.2739356756210327,-1.0085302591323853,-0.16257132589817047
1451311346468,1,-2.037410020828247,-0.7725356817245483,-2.497760772705078
1451311346487,1,-1.1105130910873413,-1.7854347229003906,7.67534875869751
1451311346507,1,-2.6722307205200195,0.8593190908432007,2.888481616973877
1451311346528,1,1.5673478841781616,-0.3120107650756836,-0.2732119560241699
1451311346548,1,5.272948741912842,1.1297160387039185,-3.6960272789001465
1451311346568,1,7.256734848022461,0.08488544076681137,-6.4657745361328125
1451311346587,1,-3.8085410594940186,0.2634592056274414,-4.102203845977783
1451311346608,1,-4.237954616546631,0.3372831642627716,0.13231471180915833
1451311346631,1,-0.6439752578735352,-0.5985925197601318,4.5582356452941895
1451311346649,1,2.0013105869293213,-0.4821960926055908,6.271946907043457
1451311346667,1,1.783360481262207,-0.2896592319011688,4.18895959854126
1451311346688,1,-0.16660887002944946,-0.06252104789018631,-1.604745864868164
1451311346708,1,-0.7153770923614502,0.11604864150285721,-2.7095816135406494
1451311346730,1,-0.3947817385196686,0.5363526344299316,-2.177478551864624
1451311346748,1,0.48189976811408997,0.5082646012306213,-0.6610732078552246
1451311346768,1,0.6616664528846741,0.32047173380851746,0.7961281538009644
1451311346789,1,0.32905399799346924,0.043883565813302994,1.3833593130111694
1451311346810,1,-1.1316109895706177,-0.2067261040210724,0.14062602818012238
1451311346831,1,-0.9184349775314331,0.0803881287574768,-0.5610013008117676
1451311346850,1,-0.5515267848968506,0.36681729555130005,-0.6363929510116577
1451311346868,1,-0.0137649429962039,0.4386112093925476,-0.03767945244908333
1451311346890,1,0.5032214522361755,0.24701836705207825,0.6386375427246094
1451311346908,1,-0.45464804768562317,-0.019171733409166336,0.3245353400707245
1451311346931,1,-0.7843697667121887,0.04001578316092491,0.23938393592834473
1451311346953,1,-0.5612006187438965,0.1558241844177246,0.3901911675930023
1451311346969,1,-0.17943382263183594,0.21703706681728363,0.2922247052192688
1451311346989,1,0.0958266630768776,0.161469504237175,0.2278057187795639
1451311347009,1,-0.09229622781276703,0.04061959683895111,0.39453125
1451311347033,1,-0.2462264597415924,0.0810316875576973,0.23394612967967987
1451311347052,1,-0.098147913813591,0.06583938002586365,0.03657938167452812
1451311347071,1,-0.04709719493985176,0.0984235480427742,-0.10894319415092468
1451311347090,1,0.039037954062223434,0.19265490770339966,-0.15667466819286346
1451311347110,1,0.1704983115196228,0.15785247087478638,-0.18051613867282867
1451311347131,1,0.6073871850967407,0.20708559453487396,-0.10804887115955353
1451311347150,1,0.7458683848381042,0.23206104338169098,-0.05416121333837509
1451311347170,1,-0.9609006643295288,-0.5423600673675537,-0.13035480678081512
1451311347192,1,-0.682445228099823,-0.3626169264316559,0.2676549255847931
1451311347212,1,0.08738832920789719,0.9856173396110535,1.2688415050506592
1451311347232,1,0.5533260703086853,0.2666589021682739,-0.346528559923172
1451311347246,1,0.5335294604301453,0.2840285301208496,-0.6412678956985474
1451311347271,1,0.24976156651973724,0.35676994919776917,-0.5677589774131775
1451311347292,1,-0.39377352595329285,-0.6917302012443542,-1.0747984647750854
1451311347313,1,-0.774691641330719,-0.4784206449985504,-0.13041676580905914
1451311347334,1,0.7193284034729004,-0.16966916620731354,1.1344722509384155
1451311347351,1,0.11810778081417084,-0.10508125275373459,0.18452830612659454
1451311347372,1,-0.11279058456420898,0.25505146384239197,-1.3695616722106934
1451311347396,1,-0.1705755889415741,0.5299456715583801,-1.647650957107544
1451311347414,1,0.14148063957691193,0.23108430206775665,-0.8328805565834045
1451311347434,1,-0.19634027779102325,0.055511459708213806,0.24055121839046478
1451311347452,1,-0.13524524867534637,0.2253098040819168,0.3217524290084839
1451311347472,1,-0.23196053504943848,0.03006839193403721,1.16913902759552
1451311347489,1,0.04522350803017616,0.1478150635957718,0.9487491846084595
1451311347516,1,-0.22947299480438232,0.17821429669857025,0.32170331478118896
1451311347535,1,-0.27072873711586,0.24294425547122955,-0.32581308484077454
1451311347553,1,0.05808795988559723,0.28179800510406494,-0.1153361052274704
1451311347572,1,-0.007108078338205814,0.21614450216293335,-0.007809212431311607
1451311347593,1,-0.08045049011707306,0.16426585614681244,0.2162356972694397
1451311347616,1,-0.22834928333759308,0.1124357134103775,0.2823135554790497
1451311347633,1,-0.2317163199186325,0.14827917516231537,0.3896399736404419
1451311347653,1,0.005079897120594978,0.18123102188110352,0.2025315761566162
1451311347673,1,-0.026655476540327072,0.20431670546531677,-0.040070731192827225
1451311347695,1,-0.032698556780815125,0.2368628829717636,-0.17638882994651794
1451311347714,1,0.05196257308125496,0.25928279757499695,0.09389116615056992
1451311347735,1,0.1103704497218132,0.21905776858329773,0.40628305077552795
1451311347753,1,-0.0577792227268219,0.1581435650587082,0.46469783782958984
1451311347775,1,-0.184599831700325,0.1469184160232544,-0.07334639132022858
1451311347796,1,-0.11849420517683029,0.16943244636058807,-0.2921499013900757
1451311347816,1,0.06160188466310501,0.25592532753944397,-0.43849313259124756
1451311347830,1,0.08580861985683441,0.32783204317092896,-0.4926391541957855
1451311347854,1,0.16688279807567596,0.26675358414649963,-0.09905191510915756
1451311347874,1,0.1994379609823227,0.020643560215830803,0.9192898869514465
1451311347898,1,-0.0791502594947815,0.059312604367733,0.7222756147384644
1451311347917,1,-0.16064415872097015,0.08975333720445633,0.34046706557273865
1451311347935,1,-0.09457096457481384,0.14015139639377594,0.17782150208950043
1451311347956,1,0.07679083198308945,0.17783786356449127,0.1722106784582138
1451311347976,1,0.04998546466231346,0.1772322952747345,-0.1887953132390976
1451311347997,1,0.030597638338804245,0.21131694316864014,-0.11278583854436874
1451311348015,1,0.043718766421079636,0.14181026816368103,-0.041693948209285736
1451311348035,1,-0.16369111835956573,0.11885960400104523,0.07945289462804794
1451311348054,1,-0.20243853330612183,0.06254910677671432,0.24822306632995605
1451311348079,2,-0.12880074977874756,0.03634381666779518,0.23185236752033234
1451311348097,2,0.16773799061775208,0.2001660168170929,-0.20571254193782806
1451311348118,2,0.038237523287534714,0.21067455410957336,-0.23255671560764313
1451311348134,2,-0.05336418375372887,0.175528421998024,0.036879826337099075
1451311348153,2,-0.0953865572810173,0.07991992682218552,0.2601671814918518
1451311348175,2,-0.07186715304851532,0.08165653795003891,0.337710440158844
1451311348198,2,-0.06153901293873787,0.10243921726942062,0.13082067668437958
1451311348216,2,-0.1140950545668602,0.08471651375293732,-0.11610183119773865
1451311348232,2,-0.030462907627224922,0.09806991368532181,-0.1910650134086609
1451311348256,2,0.005102656781673431,0.16130290925502777,-0.02000526152551174
1451311348278,2,0.06874485313892365,0.18568624556064606,0.15908582508563995
1451311348299,2,0.03832428902387619,0.11593582481145859,0.4182072877883911
1451311348317,2,0.06703534722328186,0.056561846286058426,0.47412383556365967
1451311348337,2,0.05406622961163521,0.12485621869564056,0.3210732042789459
1451311348358,2,0.09001195430755615,0.15132687985897064,0.06445639580488205
1451311348378,2,0.06239679828286171,0.07151158154010773,-0.1476578265428543
1451311348398,2,-0.13181772828102112,0.054915834218263626,-0.18759119510650635
1451311348418,2,0.004316073376685381,0.06218260899186134,0.17130349576473236
1451311348439,2,-0.009150032885372639,0.03778466582298279,0.10265841335058212
1451311348458,2,-0.19172519445419312,0.07233341783285141,-0.07917056977748871
1451311348481,2,-0.20486992597579956,0.053892333060503006,-0.06633739173412323
1451311348501,2,-0.13411380350589752,0.01186520978808403,0.06940086930990219
1451311348518,2,-0.3104087710380554,-0.12497136741876602,0.1381622701883316
1451311348535,2,-0.35388022661209106,-0.2278764396905899,0.17697861790657043
1451311348560,2,-0.5990351438522339,-0.4882514476776123,0.1495768129825592
1451311348582,2,-1.198358416557312,-0.7835068702697754,0.12515725195407867
1451311348601,2,-1.753377914428711,-0.8053653836250305,0.4270932078361511
1451311348618,2,-19.252201080322266,3.1254794597625732,1.8256301879882813
1451311348640,2,-6.365957736968994,-3.014876365661621,-0.7629448771476746
1451311348660,2,-4.537974834442139,-0.33539602160453796,0.3055570721626282
1451311348681,2,-0.6786988973617554,0.8510516285896301,0.5350029468536377
1451311348701,2,3.279235601425171,-0.38327130675315857,0.5531424283981323
1451311348719,2,4.09573221206665,0.881301760673523,2.281877040863037
1451311348738,2,1.3803218603134155,1.0648393630981445,1.8344115018844604
1451311348759,2,0.05182984843850136,0.4971884787082672,0.978024959564209
1451311348782,2,0.5042211413383484,0.19254150986671448,0.4166998267173767
1451311348799,2,1.4770675897598267,0.4963526129722595,0.13551263511180878
1451311348820,2,1.8526726961135864,0.7210460305213928,-0.11664485186338425
1451311348840,2,1.2950164079666138,0.36143678426742554,-0.08259294182062149
1451311348865,2,1.0987216234207153,0.33252280950546265,0.1879933476448059
1451311348883,2,1.1882212162017822,0.292823851108551,0.45644262433052063
1451311348901,2,1.3990180492401123,0.2184814214706421,0.5691156387329102
1451311348922,2,1.4643778800964355,0.19949206709861755,0.5372259020805359
1451311348942,2,1.0090035200119019,0.10043956339359283,0.18000760674476624
1451311348963,2,0.8611804246902466,0.033597733825445175,0.22411563992500305
1451311348982,2,0.8700927495956421,-0.02830839529633522,0.2562929689884186
1451311349001,2,0.8635717034339905,-0.05446808785200119,0.1935790330171585
1451311349022,2,0.9199395179748535,-0.09263093769550323,-0.01692892238497734
1451311349038,2,1.3075777292251587,0.06814415007829666,0.08268295973539352
1451311349063,2,1.0674304962158203,0.014319033361971378,0.14475859701633453
1451311349085,2,0.6540716886520386,-0.031506314873695374,0.1629161834716797
1451311349101,2,0.5402465462684631,-0.08142448216676712,0.33697569370269775
1451311349121,2,0.700835108757019,-0.0645376443862915,0.42652973532676697
1451311349142,2,0.8838706016540527,0.012095511890947819,0.36751696467399597
1451311349164,2,0.7994028329849243,0.1050853505730629,-0.05062660947442055
1451311349183,2,0.681590735912323,0.1057937890291214,-0.018039515241980553
1451311349203,2,0.5656903386116028,0.03671323508024216,0.06718143820762634
1451311349230,2,0.556589663028717,0.02795008383691311,0.13857436180114746
1451311349242,2,0.5511918663978577,0.05743220075964928,0.10943301767110825
1451311349268,2,0.6686367988586426,0.12079554051160812,0.16201309859752655
1451311349285,2,0.680610716342926,0.12726035714149475,0.24468670785427094
1451311349304,2,0.5701484680175781,0.10211890190839767,0.18649697303771973
1451311349324,2,0.5128241181373596,0.12890928983688354,0.1072007343173027
1451311349346,2,0.46107906103134155,0.16482524573802948,0.09762392193078995
1451311349366,2,0.39744406938552856,0.14815117418766022,0.2045610398054123
1451311349384,2,0.4012567102909088,0.16520226001739502,0.21738603711128235
1451311349403,2,0.4350496828556061,0.1493207961320877,0.2906956076622009
1451311349424,2,0.40447288751602173,0.1779746413230896,0.4196697771549225
1451311349445,2,0.3308332562446594,0.18512393534183502,0.43112289905548096
1451311349467,2,0.29131826758384705,0.17984803020954132,0.3985486626625061
1451311349485,2,0.313777893781662,0.13521511852741241,0.2715887427330017
1451311349504,2,0.4704683721065521,0.18793489038944244,0.12494096904993057
1451311349525,2,0.5242205262184143,0.21504677832126617,0.008711714297533035
1451311349547,2,0.4567626416683197,0.2058306187391281,0.13830898702144623
1451311349566,2,0.4643118381500244,0.15416881442070007,0.2690717875957489
1451311349586,2,0.5163700580596924,0.19459493458271027,0.1380208134651184
1451311349606,2,0.32958677411079407,0.14461831748485565,-0.046495795249938965
1451311349627,2,0.32012131810188293,0.16038228571414948,-0.11089316010475159
1451311349648,2,0.34960347414016724,0.2070230394601822,-0.12132219970226288
1451311349666,2,0.36595937609672546,0.19815409183502197,-0.10398527979850769
1451311349685,2,0.4270494282245636,0.11383271962404251,-0.07685644924640656
1451311349705,2,0.31848520040512085,0.0866921991109848,-0.1292904019355774
1451311349725,2,0.30008843541145325,0.018611177802085876,-0.22105449438095093
1451311349742,2,0.21306148171424866,0.04556172713637352,-0.20228490233421326
1451311349766,2,0.11462755501270294,0.03311491757631302,-0.0691618025302887
1451311349786,2,0.07074227184057236,-0.013917466625571251,0.03153378888964653
1451311349806,2,0.06321998685598373,0.05692249536514282,-0.07490063458681107
1451311349827,2,0.12361958622932434,0.10436229407787323,-0.07590951770544052
1451311349848,2,0.2992011308670044,0.11163432896137238,0.07541326433420181
1451311349868,2,0.2673102915287018,0.07994330674409866,0.16413374245166779
1451311349883,2,0.15451733767986298,0.1057698205113411,0.20919103920459747
1451311349908,2,0.40361708402633667,0.09575404226779938,0.14644378423690796
1451311349930,2,0.27351081371307373,0.15762919187545776,0.22844752669334412
1451311349950,2,0.2749534249305725,0.11415361613035202,0.24164193868637085
1451311349967,2,0.22321228682994843,0.10585398972034454,0.25094693899154663
1451311349986,2,0.31463822722435,0.15599077939987183,0.34444648027420044
1451311350008,2,0.16150635480880737,0.14904548227787018,0.32440322637557983
1451311350032,2,0.150819331407547,0.06408172100782394,0.18468904495239258
1451311350050,2,0.044290099292993546,0.1301952451467514,0.0988181009888649
1451311350066,2,0.1564079076051712,0.1586877554655075,0.005770400166511536
1451311350087,2,0.17418058216571808,0.10501169413328171,0.06783434748649597
1451311350108,1,0.0747566968202591,0.05656009167432785,0.36110827326774597
1451311350133,1,-0.019040655344724655,-0.08280395716428757,0.45471009612083435
1451311350156,1,-0.0442076101899147,-0.023768413811922073,0.4651835560798645
1451311350169,1,-0.1169128566980362,-0.049081720411777496,0.3863561153411865
1451311350189,1,0.02548917382955551,-0.06283552199602127,0.27375906705856323
1451311350208,1,0.018319500610232353,-0.09872925281524658,0.14483341574668884
1451311350231,1,-0.167287677526474,-0.06591010838747025,-0.10607435554265976
1451311350248,1,-0.018024900928139687,-0.07464227825403214,0.11409458518028259
1451311350270,1,0.20696550607681274,5.669862148351967E-4,0.3991366922855377
1451311350289,1,0.3875748813152313,0.029895957559347153,0.5772714614868164
1451311350309,1,0.25913920998573303,-1.2976386642549187E-4,0.41284897923469543
1451311350331,1,0.10732515901327133,0.0358797088265419,-0.24586860835552216
1451311350350,1,0.09137684851884842,0.11100830882787704,-0.14008359611034393
1451311350369,1,0.2738167941570282,0.08090367913246155,0.07941080629825592
1451311350391,1,0.26637759804725647,0.12537936866283417,0.3905027210712433
1451311350412,1,0.23136115074157715,0.1465478241443634,0.6489081382751465
1451311350433,1,0.3112986087799072,0.04942717030644417,0.26357728242874146
1451311350454,1,0.059248052537441254,0.3069044053554535,-0.12527239322662354
1451311350471,1,0.17863431572914124,0.24717912077903748,-0.16300971806049347
1451311350491,1,0.13363492488861084,0.35611528158187866,0.21585868299007416
1451311350517,1,0.6858218908309937,0.36845162510871887,0.13749182224273682
1451311350532,1,1.0735292434692383,0.35616496205329895,-0.0640215128660202
1451311350550,1,0.40840283036231995,0.27274611592292786,-0.04732932150363922
1451311350566,1,0.15661759674549103,0.26583823561668396,0.3899240493774414
1451311350591,1,0.3440144956111908,0.19420798122882843,0.4027694761753082
1451311350614,1,0.61372971534729,0.2139829397201538,0.2744002938270569
1451311350633,1,0.7074366807937622,0.23926176130771637,-0.1137479618191719
1451311350646,1,0.15765775740146637,0.2899029850959778,-0.978740394115448
1451311350671,1,-0.03743402287364006,0.0529307946562767,-1.2050760984420776
1451311350692,1,0.08019793778657913,-0.2798544764518738,-0.969536542892456
1451311350713,1,-0.5697242617607117,-0.08091185986995697,-0.0498947910964489
1451311350733,1,-0.2369394600391388,-0.71254563331604,0.11119301617145538
1451311350747,1,-1.1890169382095337,-1.1229902505874634,-1.7929490804672241
1451311350772,1,-5.4348015785217285,-1.701662540435791,2.2973108291625977
1451311350795,1,1.7078306674957275,1.4558383226394653,4.952783107757568
1451311350814,1,4.684232711791992,0.31680911779403687,0.5898287892341614
1451311350835,1,5.537120819091797,1.606852412223816,-0.4346925616264343
1451311350851,1,2.0106029510498047,0.5795435309410095,-1.3401163816452026
1451311350869,1,-4.42232608795166,-0.46925652027130127,-0.7780290246009827
1451311350893,1,-3.6326308250427246,0.32053837180137634,1.9820752143859863
1451311350914,1,-0.443147748708725,-0.18419249355793,2.971161127090454
1451311350934,1,1.48209547996521,0.260404497385025,2.849736452102661
1451311350952,1,1.693643569946289,0.337943971157074,1.344868540763855
1451311350970,1,0.17179560661315918,0.3676873743534088,-0.7267892956733704
1451311350993,1,-0.4249444305896759,0.1547130048274994,-0.9165794253349304
1451311351015,1,-0.3300234079360962,0.06198796257376671,-0.6848638653755188
1451311351034,1,-0.0742567852139473,0.16928163170814514,-0.14280980825424194
1451311351050,1,0.0744677260518074,0.08355565369129181,0.03374094143509865
1451311351075,1,-0.15417426824569702,-0.026363106444478035,0.0255377609282732
1451311351098,1,-0.05242401733994484,0.01743687316775322,0.1763724684715271
1451311351116,1,0.16695652902126312,-0.027500001713633537,0.008937924169003963
1451311351134,1,0.17273561656475067,0.08372575044631958,-0.06674421578645706
1451311351153,1,0.1614440381526947,0.11395370960235596,-0.19726386666297913
1451311351174,1,0.006144603714346886,0.10596388578414917,-0.16051556169986725
1451311351196,1,-0.17151466012001038,-0.03125029429793358,-0.05666647478938103
1451311351216,1,-0.13334938883781433,0.014032032340765,0.41183191537857056
1451311351235,1,0.006378704681992531,-0.04885667935013771,0.6390548944473267
1451311351251,1,-0.1237720400094986,-0.026287702843546867,0.3076420724391937
1451311351275,1,-0.16484573483467102,0.17746727168560028,0.20331542193889618
1451311351298,1,0.15150293707847595,0.035956863313913345,-0.013729250058531761
1451311351310,1,0.025813911110162735,0.07938917726278305,0.08914660662412643
1451311351330,1,-0.02124452218413353,0.0054781390354037285,-0.05206628888845444
1451311351355,1,-0.028773564845323563,0.038346391171216965,-0.06743220239877701
1451311351375,1,0.21805725991725922,0.05224866047501564,0.09308686852455139
1451311351399,1,0.15007814764976501,0.0680079534649849,0.04648878052830696
1451311351419,1,0.14867357909679413,0.03448796272277832,-0.022343933582305908
1451311351435,1,-0.00718883378431201,0.09529636055231094,0.03362169861793518
1451311351457,1,0.024862036108970642,0.05344459041953087,0.13007541000843048
1451311351480,1,-0.04224856570363045,-0.035904549062252045,0.0712602362036705
1451311351499,1,-0.10073131322860718,0.05827566608786583,0.10795535147190094
1451311351517,1,0.06601244956254959,0.047139644622802734,0.14774492383003235
1451311351536,1,-0.001704849419184029,0.051870182156562805,0.056828971952199936
1451311351555,1,-0.13508562743663788,0.03235182538628578,-0.008664952591061592
1451311351580,1,-0.14920523762702942,0.014755086041986942,-0.09322948753833771
1451311351599,1,-0.2551621198654175,0.059876084327697754,-0.1032610535621643
1451311351617,1,-0.07819578796625137,0.005229425150901079,0.3781926929950714
1451311351637,1,-0.12600930035114288,0.01091565378010273,0.30542439222335815
1451311351657,1,-0.17707820236682892,0.12596534192562103,0.13059855997562408
1451311351679,1,-0.08619146049022675,0.20098230242729187,0.10507658123970032
1451311351698,1,0.1413710117340088,0.2140396386384964,0.1436532735824585
1451311351717,1,-0.28015005588531494,0.1622200310230255,0.24270927906036377
1451311351733,1,-0.2766698896884918,0.14653292298316956,0.28932899236679077
1451311351758,1,-0.10908620059490204,0.15251930058002472,0.29022037982940674
1451311351780,1,0.07713491469621658,0.2250695675611496,0.28799569606781006
1451311351800,1,0.09193731099367142,0.17808102071285248,0.129954993724823
1451311351820,1,-0.10115381330251694,0.1709580421447754,0.11976794898509979
1451311351838,1,-0.0922192707657814,0.09722030907869339,0.31856968998908997
1451311351858,1,-0.01718883402645588,0.13196195662021637,0.24609190225601196
1451311351878,1,0.04667827486991882,0.16173282265663147,0.13725276291370392
1451311351897,1,0.03182382136583328,0.12358692288398743,0.09841536730527878
1451311351918,1,-0.06841517984867096,0.11341974884271622,0.06075871363282204
1451311351937,1,0.1856386512517929,0.17701223492622375,0.1521972268819809
1451311351959,1,0.19729724526405334,0.1849292814731598,0.16034722328186035
1451311351979,1,0.1424381285905838,0.1749853938817978,0.22329437732696533
1451311351998,1,0.08357708901166916,0.1098494902253151,0.19543665647506714
1451311352018,1,0.0899316817522049,0.12457652390003204,0.2217237651348114
1451311352036,1,0.0710456594824791,0.08435586094856262,0.19038228690624237
1451311352060,1,-0.008252042345702648,0.05494067445397377,0.09473229199647903
1451311352080,1,0.09623336791992188,0.05219576135277748,0.011131634935736656
1451311352098,1,0.08143195509910583,0.06126958504319191,-0.048006199300289154
1451311352119,2,0.0018935403786599636,0.054759472608566284,0.09126725047826767
1451311352139,2,0.01251921709626913,0.001524725346826017,0.20342589914798737
1451311352161,2,0.08202625066041946,-0.004742226097732782,-0.016512159258127213
1451311352180,2,0.09946981817483902,0.01389583945274353,-0.049988314509391785
1451311352200,2,0.15919414162635803,0.01875818520784378,-0.1486263871192932
1451311352216,2,0.050037797540426254,0.0710495114326477,-0.2010696828365326
1451311352240,2,-0.09191256016492844,0.07956132292747498,-0.10229600965976715
1451311352261,2,-0.09816281497478485,0.028788579627871513,0.28754737973213196
1451311352282,2,-0.024646859616041183,0.011918693780899048,0.2421826273202896
1451311352303,2,0.12559105455875397,0.051026131957769394,0.15602000057697296
1451311352316,2,0.05423285439610481,0.066053606569767,0.10663725435733795
1451311352342,2,-0.06144333630800247,0.08564063906669617,0.09189677983522415
1451311352363,2,-0.00321786617860198,0.07248100638389587,0.2055535614490509
1451311352383,2,0.0034909292589873075,0.09047405421733856,0.19603052735328674
1451311352404,2,0.054204341024160385,0.10146920382976532,0.2129734754562378
1451311352422,2,0.02693374641239643,0.05387216806411743,0.1902051866054535
1451311352442,2,-0.018970366567373276,0.07457944005727768,0.12268822640180588
1451311352464,2,-0.03271430358290672,0.0692804604768753,0.13475976884365082
1451311352485,2,0.07969734817743301,0.05019611120223999,0.13516542315483093
1451311352502,2,0.1306414157152176,0.09565145522356033,0.031465400010347366
1451311352523,2,0.01975468546152115,0.09270692616701126,-0.03210252895951271
1451311352543,2,-0.17518724501132965,0.03443652391433716,-0.008487258106470108
1451311352565,2,-0.11931377649307251,0.030215689912438393,0.028920389711856842
1451311352583,2,0.06783659756183624,0.05477116256952286,0.07209844142198563
1451311352602,2,0.0016289163613691926,0.007314414717257023,0.12189210206270218
1451311352623,2,-0.10466865450143814,-0.1017225906252861,0.07810673862695694
1451311352642,2,-0.20231695473194122,-0.2570955157279968,0.016857026144862175
1451311352666,2,-0.3868938982486725,-0.54805588722229,-0.07729951292276382
1451311352683,2,-1.5459316968917847,-1.1681045293807983,-0.3298129737377167
1451311352703,2,-1.9040837287902832,-1.1166130304336548,0.03643675893545151
1451311352723,2,18.091794967651367,3.283322334289551,-5.220568656921387
1451311352746,2,-13.347405433654785,0.006001578643918037,1.292803406715393
1451311352764,2,-5.444870471954346,-2.0818920135498047,-0.12095394730567932
1451311352779,2,-3.1513185501098633,0.9087182283401489,0.06429799646139145
1451311352806,2,2.8383185863494873,-0.8729264736175537,-0.4886106252670288
1451311352824,2,5.53416109085083,-0.13647183775901794,1.1149234771728516
1451311352845,2,4.757567882537842,0.9720944166183472,1.8069279193878174
1451311352865,2,1.6516385078430176,1.3593404293060303,1.152819275856018
1451311352886,2,-0.34342312812805176,0.8540806174278259,0.5059159994125366
1451311352904,2,0.9077204465866089,0.6573650240898132,0.5612936019897461
1451311352924,2,1.5409901142120361,0.8887205123901367,0.27136722207069397
1451311352946,2,1.51285982131958,0.767189085483551,-0.11486030369997025
1451311352966,2,1.131630778312683,0.5496019721031189,-0.1793716549873352
1451311352985,2,0.710796594619751,0.4459154009819031,0.12896832823753357
1451311353005,2,0.6892042756080627,0.409027099609375,0.7640151381492615
1451311353021,2,0.8673142790794373,0.31168460845947266,0.6992758512496948
1451311353046,2,0.7986642718315125,0.21472880244255066,0.4319400489330292
1451311353068,2,0.573340892791748,0.12068770080804825,0.15103694796562195
1451311353080,2,0.4297499358654022,0.06059007719159126,-0.0608639270067215
1451311353104,2,0.3805277645587921,0.04352613165974617,-0.21606267988681793
1451311353126,2,0.4256211817264557,0.0940370038151741,-0.24633389711380005
1451311353148,2,0.5226832628250122,0.07058393955230713,-0.11559972912073135
1451311353167,2,0.5974883437156677,0.1325739473104477,0.16333821415901184
1451311353181,2,0.6043951511383057,0.14587795734405518,0.4158738851547241
1451311353206,2,0.4305240213871002,0.06638561189174652,0.5661579966545105
1451311353225,2,0.25365781784057617,0.119903564453125,0.9329244494438171
1451311353248,2,0.44921645522117615,0.14765870571136475,0.9465286135673523
1451311353266,2,0.6220021843910217,0.18639379739761353,0.7611200213432312
1451311353285,2,0.7412166595458984,0.2309180051088333,0.518481433391571
1451311353307,2,0.8534854054450989,0.22177374362945557,0.48766136169433594
1451311353328,2,0.6643276810646057,9.410802886122838E-5,0.2121405303478241
1451311353350,2,0.5307926535606384,-0.07351356744766235,-0.11501345038414001
1451311353367,2,0.5000826716423035,-0.11703706532716751,-0.41132572293281555
1451311353386,2,0.5320450663566589,-0.0885389968752861,-0.5856056213378906
1451311353407,2,0.6723513603210449,-0.05534019693732262,-0.540329098701477
1451311353430,2,0.41178396344184875,-0.18200813233852386,-0.18899638950824738
1451311353443,2,0.31822413206100464,-0.21155542135238647,-0.13326923549175262
1451311353468,2,0.22030973434448242,-0.13480126857757568,-0.08712474256753922
1451311353487,2,0.2466026246547699,-0.12554506957530975,-0.02529693953692913
1451311353508,2,0.2324579358100891,-0.1391676515340805,-0.04198912903666496
1451311353529,2,0.19796597957611084,-0.07134586572647095,-0.10954174399375916
1451311353552,2,0.23762604594230652,0.11810849606990814,0.08815700560808182
1451311353563,2,0.2661336362361908,0.13456951081752777,0.3530132472515106
1451311353589,2,0.23621228337287903,0.14330197870731354,0.6314958333969116
1451311353608,2,0.2084822654724121,0.06256897747516632,0.5930460095405579
1451311353630,2,0.08784165978431702,0.05489771068096161,0.09876608103513718
1451311353650,2,0.08764953166246414,0.20773908495903015,-0.6290297508239746
1451311353667,2,0.3487251400947571,0.24109452962875366,-0.39987435936927795
1451311353687,2,0.4671283960342407,0.24135610461235046,0.04083586856722832
1451311353708,2,0.4129553735256195,0.21566256880760193,0.3881254494190216
1451311353731,2,0.1468643993139267,0.10750468075275421,0.5607096552848816
1451311353751,2,-0.07645714282989502,-0.009148351848125458,0.5322265028953552
1451311353768,2,0.03919891640543938,-0.019986556842923164,0.33470192551612854
1451311353786,2,0.1216595396399498,-0.0019420740427449346,0.0670703798532486
1451311353809,2,0.18672239780426025,-0.03036065213382244,-0.24492520093917847
1451311353831,2,0.2382911890745163,-0.05028261989355087,-0.4126899838447571
1451311353852,2,0.21157465875148773,-0.014901217073202133,-0.378048300743103
1451311353870,2,0.10312042385339737,-0.06606470793485641,0.0033949031494557858
1451311353891,2,0.1545204222202301,-0.1104080006480217,0.11026129126548767
1451311353913,2,0.16499866545200348,-2.2591771266888827E-4,0.14920037984848022
1451311353933,2,0.10132500529289246,0.05221008136868477,0.16555063426494598
1451311353952,2,0.023673100396990776,0.056952014565467834,0.22238487005233765
1451311353971,2,-0.02100859396159649,0.09447101503610611,0.23882922530174255
1451311353991,2,0.03347986191511154,0.11899404227733612,0.21137188374996185
1451311354015,2,0.027214134112000465,0.16900573670864105,0.2596767842769623
1451311354033,2,-0.047767091542482376,0.1527697741985321,0.17735739052295685
1451311354053,2,-0.05991217866539955,0.18106208741664886,0.06367313861846924
1451311354072,2,0.1847330629825592,0.2527671456336975,0.03210778906941414
1451311354092,2,0.2134624719619751,0.25532442331314087,0.016343817114830017
1451311354114,2,0.1857021450996399,0.23185616731643677,0.03073357604444027
1451311354132,2,0.15240240097045898,0.2034621387720108,0.05744856595993042
