1451575667954,0,0.285327672958374,0.33959728479385376,-0.3146791160106659
1451575667977,1,0.285327672958374,0.33959728479385376,-0.3146791160106659
1451575667997,1,0.285327672958374,0.33959728479385376,-0.3146791160106659
1451575668015,1,0.285327672958374,0.33959728479385376,-0.3146791160106659
1451575668037,1,0.285327672958374,0.33959728479385376,-0.3146791160106659
1451575668057,1,0.285327672958374,0.33959728479385376,-0.3146791160106659
1451575668077,1,-0.5566904544830322,0.21554887294769287,0.11701485514640808
1451575668098,1,-0.5668588280677795,0.23540712893009186,-0.17836685478687286
1451575668117,1,-0.3261288106441498,0.2634095251560211,-0.21352116763591766
1451575668143,1,0.6257042288780212,0.5075777769088745,0.23002514243125916
1451575668165,1,0.687410831451416,0.18845629692077637,0.1989993155002594
1451575668183,1,-1.0558353662490845,-0.048806410282850266,0.48316171765327454
1451575668202,1,-0.5636549592018127,0.14815875887870789,0.6161643862724304
1451575668223,1,0.2838076949119568,0.22816549241542816,0.6868401169776917
1451575668243,1,0.3218192756175995,0.07051204890012741,0.4483925998210907
1451575668266,1,-0.27061566710472107,0.22081688046455383,0.30784839391708374
1451575668285,1,0.30492475628852844,0.42022478580474854,0.4586462676525116
1451575668303,1,0.2330247014760971,0.264050155878067,0.4047422409057617
1451575668322,1,0.10252996534109116,0.33193421363830566,0.36347851157188416
1451575668344,1,0.13294796645641327,0.22594664990901947,0.2356470823287964
1451575668366,1,-0.18372035026550293,-0.016835108399391174,0.03471884876489639
1451575668384,1,-0.3168971538543701,-0.09849749505519867,-0.2876882255077362
1451575668402,1,-0.6671968102455139,-0.06739859282970428,0.09389876574277878
1451575668423,1,0.14989158511161804,-0.24990445375442505,0.16099895536899567
1451575668443,1,0.40757352113723755,-0.4405129551887512,0.07151976227760315
1451575668466,1,-0.2350783348083496,-0.9186612367630005,0.4266343414783478
1451575668484,1,-0.43265002965927124,-1.365608811378479,0.612199604511261
1451575668503,1,-5.108602046966553,-2.2859225273132324,-3.225142240524292
1451575668523,1,1.2386128902435303,1.4586873054504395,1.9100369215011597
1451575668545,1,3.108628988265991,2.116534471511841,1.8150960206985474
1451575668565,1,4.336439609527588,1.3137906789779663,0.07664952427148819
1451575668586,1,3.5618109703063965,1.1324009895324707,-1.429555892944336
1451575668605,1,-0.647210419178009,0.40307724475860596,0.37290042638778687
1451575668624,1,-2.492933988571167,0.7800503373146057,0.0576595775783062
1451575668648,1,-0.9913672804832458,-0.6599173545837402,0.8332622647285461
1451575668666,1,-0.18202625215053558,-0.08641834557056427,1.6039105653762817
1451575668686,1,0.5587722659111023,0.3341203033924103,1.772572636604309
1451575668705,1,0.33948102593421936,0.26425856351852417,1.3952362537384033
1451575668725,1,-0.08354630321264267,0.31992316246032715,0.1633995920419693
1451575668745,1,0.02584291808307171,0.3204837143421173,0.02622515894472599
1451575668768,1,-0.12273944169282913,0.2686167359352112,0.10947276651859283
1451575668781,1,0.045020971447229385,0.12232056260108948,0.03392272815108299
1451575668800,1,0.12766432762145996,0.3141419291496277,0.19825170934200287
1451575668825,1,0.28701210021972656,0.11450199782848358,0.26569676399230957
1451575668847,1,0.23898519575595856,-0.10410977900028229,0.2583686113357544
1451575668866,1,-0.13221271336078644,-0.22728022933006287,0.2162427008152008
1451575668885,1,-0.35156169533729553,-0.09987696260213852,0.4759995639324188
1451575668906,1,-0.26084429025650024,-0.18729571998119354,0.7075146436691284
1451575668928,1,0.0023268721997737885,-0.18641865253448486,0.5165478587150574
1451575668947,1,0.045915983617305756,-0.21308571100234985,0.012736732140183449
1451575668968,1,-0.11679986119270325,0.010235270485281944,-0.23025193810462952
1451575668987,1,-0.26814210414886475,0.006947334855794907,-0.1361047625541687
1451575669007,1,-0.27976927161216736,-0.09683394432067871,0.05213116854429245
1451575669028,1,-0.2222546637058258,-0.03292056545615196,0.18203823268413544
1451575669049,1,0.1211748793721199,0.037164196372032166,0.2890472412109375
1451575669068,1,0.39255839586257935,0.044019173830747604,0.2508241832256317
1451575669087,1,0.15814799070358276,0.019225802272558212,0.15883389115333557
1451575669107,1,-0.15439915657043457,0.0729006975889206,0.0979781448841095
1451575669127,1,-0.14913421869277954,0.05053659528493881,0.1186181977391243
1451575669149,1,0.23299093544483185,0.012562252581119537,0.19639118015766144
1451575669168,1,0.28757530450820923,-0.016003917902708054,0.04294950142502785
1451575669188,1,0.06550978124141693,0.09763561189174652,-0.01338145975023508
1451575669208,1,0.05358714237809181,0.055096451193094254,-0.04330606013536453
1451575669231,1,-0.051359858363866806,0.06992693990468979,0.1824485808610916
1451575669250,1,0.12950016558170319,0.031259648501873016,0.21141864359378815
1451575669263,1,-0.09706044942140579,0.05555705353617668,0.14504677057266235
1451575669288,1,-0.1247604638338089,-0.008556523360311985,0.18285423517227173
1451575669308,1,-0.12078534811735153,0.043581366539001465,0.27230772376060486
1451575669332,1,-0.0515361987054348,0.10378274321556091,0.3709814250469208
1451575669350,1,0.15648210048675537,0.06861556321382523,0.4422819912433624
1451575669368,1,-0.2454967498779297,-0.02114011161029339,0.2064782679080963
1451575669388,1,-0.22815446555614471,-0.028236499056220055,0.33966100215911865
1451575669410,1,-0.15472832322120667,0.04047171026468277,0.3287719488143921
1451575669431,1,0.021584566682577133,0.12384236603975296,0.20529812574386597
1451575669452,1,0.28765103220939636,0.22220365703105927,-0.1441226452589035
1451575669473,1,-0.03552483022212982,0.02186988666653633,-0.22002339363098145
1451575669491,1,-0.0418466180562973,-0.15113456547260284,0.5009498596191406
1451575669510,1,-0.1548420786857605,-0.18702158331871033,1.1077380180358887
1451575669533,1,-0.101315438747406,-0.12448592483997345,1.0691741704940796
1451575669550,1,0.2051568478345871,0.06521861255168915,0.37514790892601013
1451575669569,1,-0.020332740619778633,0.12243746221065521,-0.1320803165435791
1451575669589,1,-0.2164766937494278,0.02272387407720089,-0.01596621610224247
1451575669610,1,-0.30390623211860657,0.03841361030936241,0.14447510242462158
1451575669631,1,-0.20787093043327332,-0.01856646127998829,0.2544102370738983
1451575669647,1,-0.08818254619836807,-0.02976619265973568,0.3879711627960205
1451575669669,1,0.11197210848331451,0.03508037328720093,0.2860918939113617
1451575669690,1,-0.1268165558576584,0.051764968782663345,0.06887012720108032
1451575669711,1,-0.10741017013788223,0.03394201770424843,0.05741232633590698
1451575669734,1,-0.11919749528169632,0.06273352354764938,0.18988019227981567
1451575669751,1,0.06949643790721893,0.09022358804941177,0.35553428530693054
1451575669770,1,0.17401337623596191,0.05548720434308052,0.3623293340206146
1451575669791,1,0.11484101414680481,0.12685060501098633,0.226260244846344
1451575669813,1,0.12852072715759277,0.0888090431690216,0.19579847157001495
1451575669832,1,0.07488963752985,0.09717237949371338,0.21005204319953918
1451575669852,1,0.18176263570785522,0.08785685896873474,0.12215513736009598
1451575669873,1,0.07623323798179626,0.07404986768960953,0.0953705906867981
1451575669892,1,0.06939578801393509,0.02669716067612171,0.1647767275571823
1451575669914,1,0.1308547407388687,0.03059300035238266,0.13509704172611237
1451575669934,1,-0.028358956798911095,-0.026752106845378876,0.1325993835926056
1451575669951,1,-0.07339654862880707,-0.05636456981301308,0.11477146297693253
1451575669973,1,-0.07134228944778442,-0.06989800184965134,0.12486264854669571
1451575669993,1,-0.02114219404757023,-0.09138648957014084,0.15469138324260712
1451575670016,2,-0.33842796087265015,-0.10536036640405655,0.19547756016254425
1451575670033,2,-0.4390049874782562,-0.1255076676607132,0.3033393919467926
1451575670057,2,-0.2660885155200958,-0.020024551078677177,0.41583704948425293
1451575670072,2,0.09927371889352798,0.0720239132642746,0.41096624732017517
1451575670093,2,0.15738987922668457,0.09299539029598236,0.31906187534332275
1451575670115,2,0.02792936936020851,0.0821148082613945,0.22398412227630615
1451575670134,2,-0.09424783289432526,0.08115063607692719,0.20579145848751068
1451575670153,2,-0.05403813719749451,0.07665771245956421,0.3214408755302429
1451575670175,2,0.1963133066892624,0.12392624467611313,0.38554948568344116
1451575670195,2,0.2515312135219574,0.13810411095619202,0.2517705261707306
1451575670216,2,0.06947826594114304,0.06575550138950348,-9.62123041972518E-4
1451575670234,2,-0.12120328098535538,-0.08619388937950134,0.011036357842385769
1451575670253,2,-0.10959445685148239,-0.060085050761699677,0.2220434993505478
1451575670274,2,0.09337996691465378,0.036788638681173325,0.39108899235725403
1451575670294,2,0.1665414273738861,-0.016235388815402985,0.2876899838447571
1451575670316,2,0.042887743562459946,8.928572060540318E-4,-0.15098434686660767
1451575670337,2,-0.17730024456977844,0.014499650336802006,-0.0968015044927597
1451575670355,2,-0.33840033411979675,-0.08600246161222458,0.14546996355056763
1451575670371,2,-0.28430309891700745,-0.0794435366988182,0.3361842632293701
1451575670395,2,-0.05807466059923172,-0.014645196497440338,0.3443722426891327
1451575670411,2,-0.035989999771118164,-0.05029664933681488,0.2363455891609192
1451575670434,2,-1.0974969863891602,-0.435627818107605,0.522014319896698
1451575670455,2,-1.453071117401123,-0.6455296277999878,0.982259213924408
1451575670482,2,37.48643112182617,-5.5740156173706055,4.97334098815918
1451575670491,2,-7.853583812713623,-0.6996961236000061,9.458581924438477
1451575670521,2,-7.015758037567139,-2.7005858421325684,-4.5498948097229
1451575670539,2,-4.934747219085693,0.23428164422512054,-1.103639841079712
1451575670556,2,-1.399612307548523,0.5448439717292786,-3.5746493339538574
1451575670575,2,0.02464505098760128,0.7269587516784668,-1.3088065385818481
1451575670598,2,-1.736413836479187,0.8381792902946472,1.9667332172393799
1451575670616,2,-2.871490716934204,0.1450955718755722,2.8285470008850098
1451575670636,2,-3.057323455810547,0.4739125370979309,2.015244960784912
1451575670655,2,-2.909494638442993,0.5180126428604126,0.7202122211456299
1451575670677,2,-2.648472309112549,0.5183478593826294,-0.04049275442957878
1451575670697,2,-2.5688636302948,0.5231853723526001,-0.09489303827285767
1451575670718,2,-2.0722429752349854,0.3874804377555847,0.1534077674150467
1451575670738,2,-1.6286355257034302,0.34402474761009216,0.3470592796802521
1451575670757,2,-1.462856411933899,0.23843729496002197,0.4467115104198456
1451575670777,2,-1.5801737308502197,0.17677316069602966,0.08687573671340942
1451575670799,2,-1.5122758150100708,0.1459314525127411,-0.31378480792045593
1451575670818,2,-1.4590009450912476,0.16664689779281616,-0.5266478061676025
1451575670836,2,-1.2835866212844849,0.16454583406448364,-0.6343634724617004
1451575670858,2,-1.5051239728927612,0.19972002506256104,-0.18457914888858795
1451575670881,2,-1.4822227954864502,0.15718115866184235,0.30093875527381897
1451575670899,2,-1.4266586303710938,0.14641746878623962,0.6104016304016113
1451575670919,2,-1.5689548254013062,0.08007394522428513,0.507882297039032
1451575670938,2,-1.7575268745422363,0.17243659496307373,0.40927696228027344
1451575670958,2,-1.4708753824234009,0.2171759009361267,0.3665267825126648
1451575670981,2,-1.2491836547851563,0.2037988156080246,0.4245341718196869
1451575670998,2,-1.3499906063079834,0.16920945048332214,0.2636684775352478
1451575671018,2,-1.2625378370285034,0.2197115570306778,0.10087035596370697
1451575671037,2,-1.32622230052948,0.2124573439359665,0.25442251563072205
1451575671058,2,-1.4406784772872925,0.16423077881336212,0.3246499001979828
1451575671082,2,-1.2827147245407104,0.11284633725881577,-0.15808746218681335
1451575671100,2,-1.1724623441696167,0.09831628948450089,-0.1895405799150467
1451575671120,2,-1.0782558917999268,0.18822716176509857,-0.10651859641075134
1451575671138,2,-0.9898236989974976,0.1625426858663559,-0.013487842865288258
1451575671160,2,-0.9798049330711365,0.120846688747406,0.14826573431491852
1451575671181,2,-0.6056392788887024,-0.033549804240465164,0.38238897919654846
1451575671202,2,-0.5646914839744568,0.04184475541114807,0.5773726105690002
1451575671220,2,-0.8712690472602844,0.07484422624111176,0.36926236748695374
1451575671240,2,-0.8537575602531433,0.18310821056365967,0.09013736993074417
1451575671260,2,-0.9018841981887817,0.14809593558311462,-0.12543722987174988
1451575671282,2,-0.8272941708564758,-0.04809592291712761,0.15138649940490723
1451575671304,2,-0.5558892488479614,0.016936229541897774,0.7720388770103455
1451575671321,2,-0.668651282787323,0.036412205547094345,0.7707213759422302
1451575671340,2,-0.7780230641365051,0.10563158243894577,0.3446522355079651
1451575671364,2,-0.7848153710365295,0.171585813164711,-0.08238719403743744
1451575671382,2,-0.8045057058334351,0.17155863344669342,-0.24855566024780273
1451575671396,2,-0.5334158539772034,-0.022545302286744118,-0.043917469680309296
1451575671428,2,-0.7455661296844482,0.029863515868782997,0.21292145550251007
1451575671492,2,-0.24585223197937012,-0.0845668762922287,-0.025337854400277138
1451575671504,2,-0.5023536682128906,-0.02899608574807644,0.08200608193874359
1451575671521,2,-0.5159363746643066,-0.05594663694500923,-0.07933773845434189
1451575671542,2,-0.6531287431716919,0.0537991039454937,-0.11689327657222748
1451575671561,2,-0.34700047969818115,0.027335459366440773,0.06750819087028503
1451575671583,2,-0.408903568983078,-0.07731792330741882,0.2780132293701172
1451575671604,2,-0.49085164070129395,-0.07464928925037384,0.24753741919994354
1451575671622,2,-0.5314356684684753,0.11283756792545319,0.19690731167793274
1451575671642,2,-0.2356797158718109,0.14311200380325317,-0.036197688430547714
1451575671657,2,-0.051850371062755585,0.06145224720239639,-0.12861527502536774
1451575671683,2,-0.4944194555282593,-0.0351882167160511,0.04379647225141525
1451575671702,2,-0.7252228856086731,0.024051321670413017,0.5149076581001282
1451575671723,2,-0.10065656155347824,0.06967442482709885,0.401969850063324
1451575671744,2,-0.23234772682189941,0.03706803917884827,0.07744096964597702
1451575671764,2,-0.2247580587863922,0.05167495086789131,-0.02233049087226391
1451575671784,2,-0.28362759947776794,0.1229509636759758,0.10628245025873184
1451575671802,2,-0.2892848253250122,0.009238368831574917,0.22839199006557465
1451575671824,2,-0.11860639601945877,-0.03410392999649048,0.1141962930560112
1451575671845,2,-0.36154985427856445,-0.00988485012203455,0.05994856730103493
1451575671867,2,-0.4247068464756012,0.03051847219467163,0.15010756254196167
1451575671886,2,-0.12646901607513428,-0.015469956211745739,0.25454699993133545
1451575671904,2,-0.12853635847568512,-0.06902414560317993,0.0877852514386177
1451575671924,2,-0.4786642789840698,-0.04583236202597618,0.05573708564043045
1451575671945,2,-0.02447182685136795,0.11725305020809174,0.2707166373729706
1451575671965,2,0.037050120532512665,0.08881284296512604,0.3142489194869995
1451575671984,2,-0.22645916044712067,0.032328151166439056,0.3714320957660675
1451575672004,2,-0.29565948247909546,-0.010261282324790955,0.3458949327468872
1451575672025,1,-0.4053156077861786,0.05925239995121956,0.28489071130752563
1451575672048,1,0.09475821256637573,0.16430121660232544,0.10213818401098251
1451575672072,1,0.1334240883588791,0.08318448066711426,-0.2066892832517624
1451575672086,1,-0.14399036765098572,0.13034400343894958,-0.13641338050365448
1451575672104,1,-0.32914531230926514,-0.013709376566112041,0.2542237639427185
1451575672125,1,-0.17107143998146057,-0.012220599688589573,0.5296803116798401
1451575672146,1,-0.07222321629524231,0.06338877230882645,0.13014614582061768
1451575672166,1,-0.06360644847154617,0.032691434025764465,-0.01723579689860344
1451575672185,1,-0.10847455263137817,0.014449088834226131,-0.004919336177408695
1451575672205,1,-0.1566680520772934,0.0036930092610418797,0.219854474067688
1451575672226,1,-0.09723563492298126,-0.020852234214544296,0.4111737608909607
1451575672249,1,-0.09450288116931915,-0.0386371910572052,0.20140111446380615
1451575672269,1,-0.0893775001168251,-0.019831951707601547,0.007695230655372143
1451575672285,1,0.031439680606126785,0.05215279757976532,0.059805359691381454
1451575672306,1,0.12010723352432251,0.02233370579779148,0.14128945767879486
1451575672326,1,0.09032366424798965,0.023259587585926056,0.2999076545238495
1451575672348,1,0.2421557903289795,0.09242898970842361,0.4358569383621216
1451575672368,1,-0.09441937506198883,-0.014985388144850731,0.148901104927063
1451575672385,1,-0.12535350024700165,0.12487287819385529,-0.06528700143098831
1451575672407,1,-0.09273385256528854,-0.04747311398386955,-0.2324438989162445
1451575672430,1,-0.2888965606689453,-0.1993754506111145,-0.1414315104484558
1451575672448,1,-0.12107732146978378,-0.20248277485370636,0.7331354022026062
1451575672467,1,3.2611324787139893,-0.5712929964065552,2.64011287689209
1451575672483,1,0.1157929077744484,-0.15062691271305084,-0.3386807441711426
1451575672509,1,-28.09295082092285,1.0997925996780396,3.1865766048431396
1451575672522,1,-3.080631732940674,-0.06852525472640991,4.667205810546875
1451575672548,1,-0.551400363445282,-0.5094102621078491,-1.461298942565918
1451575672568,1,4.1333699226379395,0.4845762550830841,-5.472623825073242
1451575672583,1,3.0486221313476563,0.40302902460098267,-4.992249488830566
1451575672608,1,0.8845712542533875,-0.20460020005702972,-3.578958034515381
1451575672633,1,-0.6307868361473083,-0.6777917146682739,-0.8157622814178467
1451575672649,1,-1.8330469131469727,-0.40687575936317444,1.816603422164917
1451575672668,1,-1.0173218250274658,-0.5199596881866455,-1.7739988565444946
1451575672687,1,-1.1377078294754028,-0.24679508805274963,0.17810440063476563
1451575672708,1,0.23215752840042114,0.2568652331829071,2.1438889503479004
1451575672732,1,0.6838560104370117,-0.27473434805870056,2.1240386962890625
1451575672750,1,-0.48755255341529846,0.02376081608235836,2.0826218128204346
1451575672768,1,-0.6544089317321777,0.07247486710548401,1.622158169746399
1451575672789,1,-0.290056973695755,0.2680851221084595,0.13364040851593018
1451575672809,1,-0.1908079981803894,0.15049567818641663,-0.24667467176914215
1451575672833,1,-0.2661954462528229,0.13649463653564453,-0.5698124170303345
1451575672854,1,-0.19069164991378784,0.298305481672287,-0.3501373827457428
1451575672870,1,0.00319671374745667,0.14519816637039185,-0.10218670219182968
1451575672889,1,0.06565253436565399,-0.13918139040470123,0.14236557483673096
1451575672911,1,-0.4178529679775238,-0.0880073681473732,0.21025604009628296
1451575672934,1,-0.48550525307655334,-0.09794541448354721,0.21104981005191803
1451575672952,1,-0.4618844985961914,-0.05533785745501518,0.16163140535354614
1451575672972,1,-0.3034290671348572,0.05854688212275505,0.2255529761314392
1451575672991,1,0.2659290134906769,0.11879589408636093,0.13296645879745483
1451575673012,1,0.07392669469118118,0.0020545944571495056,-0.004876081831753254
1451575673034,1,-0.31710439920425415,0.0695025771856308,0.16505378484725952
1451575673047,1,-0.2788158357143402,0.016347909346222878,0.27637481689453125
1451575673070,1,-0.27400341629981995,0.0063584293238818645,0.3048088848590851
1451575673091,1,-0.012662023305892944,-0.002902735723182559,0.21035248041152954
1451575673111,1,0.13493219017982483,0.03565641865134239,0.06538636982440948
1451575673135,1,0.034776028245687485,0.06699848175048828,0.08821604400873184
1451575673153,1,0.022440671920776367,0.08392565697431564,0.07185469567775726
1451575673171,1,0.035089295357465744,0.08928630501031876,0.01829085871577263
1451575673192,1,-0.10899590700864792,0.09590718150138855,0.0639806017279625
1451575673214,1,-0.11917681246995926,0.046827804297208786,0.17697803676128387
1451575673233,1,-0.07541123777627945,0.05355214327573776,0.25910159945487976
1451575673254,1,0.09041149914264679,0.07225333899259567,0.3992641270160675
1451575673273,1,0.010644289664924145,0.023709377273917198,0.3329688012599945
1451575673293,1,-0.09539443999528885,-0.0024321957025676966,0.2240414023399353
1451575673315,1,-0.2609395682811737,-0.013856091536581516,0.2402583807706833
1451575673338,1,-0.05894164368510246,0.08046995848417282,0.20907530188560486
1451575673352,1,0.1323874443769455,0.012272621504962444,0.11805413663387299
1451575673372,1,-0.11521605402231216,0.04305296018719673,0.14507365226745605
1451575673393,1,-0.05966951325535774,-0.032280515879392624,0.17793314158916473
1451575673415,1,-0.10503827780485153,-0.02006634511053562,0.22641630470752716
1451575673431,1,-0.036919791251420975,-0.046075522899627686,-0.053996965289115906
1451575673453,1,0.061207085847854614,-0.005630115047097206,-0.0699818879365921
1451575673473,1,-0.1372973918914795,-0.03606880083680153,0.06360884010791779
1451575673488,1,-0.20401853322982788,-0.04596738517284393,0.2601888179779053
1451575673518,1,-0.06560096889734268,-0.088722825050354,0.3120855987071991
1451575673534,1,0.06319449841976166,0.03320522606372833,0.19407062232494354
1451575673553,1,0.13525018095970154,-0.0014414309989660978,0.06554945558309555
1451575673575,1,-0.1148415133357048,-0.010268880985677242,0.05101122707128525
1451575673595,1,-0.14450587332248688,-0.005442775785923004,0.21436697244644165
1451575673616,1,-0.14063619077205658,0.0028743864968419075,0.3205956518650055
1451575673636,1,-0.03336522355675697,-0.01848725788295269,0.3439548909664154
1451575673654,1,-0.06906963884830475,-0.06102116405963898,0.1501198410987854
1451575673675,1,-0.025679096579551697,-0.0157388374209404,0.006468903739005327
1451575673696,1,0.11640583723783493,-0.003854629583656788,-0.11935820430517197
1451575673716,1,0.10237177461385727,0.05881810188293457,-0.029554596170783043
1451575673738,1,-0.03039124794304371,0.041576165705919266,0.23173663020133972
1451575673755,1,0.035777732729911804,0.038762569427490234,0.27258360385894775
1451575673775,1,0.023665456101298332,0.03494038060307503,0.21489596366882324
1451575673797,1,0.05402962863445282,0.09228841215372086,0.2347545176744461
1451575673816,1,-0.07628662884235382,0.024331016466021538,0.33137598633766174
1451575673835,1,-0.03810734674334526,0.0038972997572273016,0.35507893562316895
1451575673856,1,0.19032679498195648,0.0880666971206665,0.10919220000505447
1451575673876,1,0.11216465383768082,0.08240297436714172,0.08770283311605453
1451575673897,1,-0.053873613476753235,0.017779694870114326,0.17301322519779205
1451575673916,1,-0.0911361426115036,-0.00373275694437325,0.24996435642242432
1451575673937,1,-0.07925181090831757,-0.024477146565914154,0.2684977948665619
1451575673957,1,-0.02911796234548092,3.553893184289336E-4,-0.09959610551595688
1451575673977,1,0.01474563218653202,-0.0042906831949949265,-0.06198737770318985
1451575673997,1,-0.052547432482242584,0.027146073058247566,0.20179274678230286
1451575674013,1,-0.1312909722328186,-0.0541582927107811,0.3834124505519867
1451575674041,2,-0.23086154460906982,-4.14133770391345E-4,0.3925444483757019
1451575674057,2,0.14834141731262207,0.07685147970914841,0.05453472584486008
1451575674079,2,0.05900001898407936,0.07109656929969788,-0.013764905743300915
1451575674102,2,-0.0355483740568161,0.02757336013019085,0.23559914529323578
1451575674117,2,-0.1426120400428772,-0.023317163810133934,0.4354454278945923
1451575674138,2,-0.04019586741924286,-0.009475684724748135,0.370718389749527
1451575674158,2,0.004934715572744608,-0.011227204464375973,0.15129706263542175
1451575674179,2,0.31392982602119446,0.13189736008644104,0.10584639757871628
1451575674199,2,0.06920477002859116,0.028668168932199478,0.16384148597717285
1451575674220,2,-0.12416597455739975,0.004259995650500059,0.1840554177761078
1451575674238,2,-0.06062080338597298,-0.050991352647542953,0.09400222450494766
1451575674258,2,0.06267060339450836,0.01947217807173729,-0.0057879360392689705
1451575674281,2,0.09064719825983047,-0.015965046361088753,0.22933483123779297
1451575674294,2,-7.388037192868069E-5,-0.028961891308426857,0.3130757808685303
1451575674318,2,-0.09885955601930618,-0.08339373767375946,0.22534312307834625
1451575674337,2,-0.19926288723945618,-0.02501256950199604,0.05076806619763374
1451575674359,2,-0.026683149859309196,0.006159399636089802,-0.08587795495986938
1451575674379,2,0.029705412685871124,-0.014759469777345657,0.24082185328006744
1451575674400,2,-0.11640197783708572,-0.07364128530025482,0.36802902817726135
1451575674418,2,-0.45590537786483765,-0.0815916582942009,0.3759656548500061
1451575674439,2,-0.5443603992462158,-0.1818479746580124,0.35030397772789
1451575674460,2,-0.7924449443817139,-0.2868634760379791,0.26892799139022827
1451575674483,2,-0.9118443727493286,-0.20902064442634583,0.39314767718315125
1451575674494,2,-7.329371452331543,-2.4785025119781494,4.416720390319824
1451575674519,2,-9.006855010986328,-1.604648232460022,-4.967348575592041
1451575674539,2,-10.29405689239502,0.4496089816093445,-4.657190322875977
1451575674561,2,-4.382078170776367,-0.2739133834838867,-2.5180776119232178
1451575674583,2,-0.6157765984535217,-0.20405367016792297,-3.1206607818603516
1451575674602,2,-2.4483206272125244,-0.22277620434761047,3.665783405303955
1451575674621,2,-2.7431623935699463,-0.7514756917953491,4.725555419921875
1451575674640,2,-2.4483773708343506,-0.7578893303871155,3.684345006942749
1451575674660,2,-2.3764894008636475,-0.06518267095088959,1.749837040901184
1451575674682,2,-2.2480103969573975,0.17144057154655457,0.10794483125209808
1451575674703,2,-2.405164957046509,0.08017390221357346,-0.4376327097415924
1451575674720,2,-1.9545998573303223,0.061875734478235245,-0.027062194421887398
1451575674740,2,-1.5891101360321045,0.11921762675046921,0.3578764498233795
1451575674764,2,-1.3271198272705078,0.1731538027524948,0.5435510277748108
1451575674783,2,-1.0633022785186768,0.09830284863710403,0.443045973777771
1451575674805,2,-1.1314570903778076,0.010735621675848961,0.014018588699400425
1451575674873,2,-1.7179428339004517,-0.04894844815135002,0.2998340129852295
1451575674886,2,-1.4865485429763794,0.0017708090599626303,0.6714455485343933
1451575674909,2,-1.4973206520080566,0.03618570417165756,0.8243523836135864
1451575674922,2,-1.656760573387146,0.016103871166706085,0.4272054433822632
1451575674942,2,-1.7319356203079224,0.034490592777729034,0.230440154671669
1451575674964,2,-1.6164898872375488,0.10705138742923737,0.33146482706069946
1451575674985,2,-1.3606749773025513,0.02659340761601925,0.3208908438682556
1451575675003,2,-1.507361888885498,0.043059974908828735,0.39615094661712646
1451575675022,2,-1.3720147609710693,0.05481003224849701,0.3988555371761322
1451575675043,2,-1.3263955116271973,0.08556056022644043,0.23989246785640717
1451575675065,2,-1.1583878993988037,0.09350480139255524,0.09380290657281876
1451575675083,2,-1.2571207284927368,0.016704466193914413,0.004600771702826023
1451575675103,2,-1.3837392330169678,0.004907938186079264,0.1083206757903099
1451575675123,2,-1.2350128889083862,-0.007172375917434692,0.26354923844337463
1451575675145,2,-0.8748698830604553,0.08094166964292526,0.3301870822906494
1451575675166,2,-0.6919812560081482,0.09417816996574402,0.3120417594909668
1451575675183,2,-0.9433279037475586,0.036477383226156235,0.16779927909374237
1451575675203,2,-1.0616569519042969,0.05187719687819481,0.15959902107715607
1451575675224,2,-0.9797197580337524,0.026169337332248688,0.24058277904987335
1451575675244,2,-0.6297677755355835,0.09422171860933304,0.28583061695098877
1451575675265,2,-0.6324835419654846,0.10513094067573547,0.2184346616268158
1451575675286,2,-0.7858539819717407,0.1211380735039711,0.22111821174621582
1451575675303,2,-0.8587052226066589,0.03459376096725464,0.2779039144515991
1451575675323,2,-0.841578483581543,0.026241233572363853,0.28800445795059204
1451575675344,2,-0.542926013469696,0.04911182075738907,0.015612579882144928
1451575675365,2,-0.5044599175453186,0.07909224182367325,-0.06417641043663025
1451575675384,2,-0.6650679111480713,0.053944941610097885,0.10377718508243561
1451575675404,2,-0.7190277576446533,-0.0039668576791882515,0.34458619356155396
1451575675424,2,-0.7437551021575928,-0.038918636739254,0.43264439702033997
1451575675444,2,-0.668816328048706,-0.01516980491578579,0.25472646951675415
1451575675467,2,-0.5279800295829773,4.383914347272366E-5,-0.02523556351661682
1451575675484,2,-0.6027135252952576,-0.0018365677678957582,0.011934768408536911
1451575675506,2,-0.5921967625617981,0.00998100358992815,0.05246317759156227
1451575675527,2,-0.5702279806137085,0.03817453980445862,0.11374679207801819
1451575675548,2,-0.4914056956768036,0.014836334623396397,0.2169949859380722
1451575675567,2,-0.5437751412391663,-0.026043374091386795,0.28249359130859375
1451575675586,2,-0.5655028820037842,-0.015408874489367008,0.23484569787979126
1451575675606,2,-0.5075851082801819,0.0308639258146286,0.16449731588363647
1451575675626,2,-0.47783127427101135,0.030030980706214905,0.1252133548259735
1451575675649,2,-0.46087846159935,0.05022767558693886,0.16266660392284393
1451575675669,2,-0.28019922971725464,0.07500643283128738,0.28185179829597473
1451575675686,2,-0.2900928258895874,0.06873451173305511,0.28737494349479675
1451575675706,2,-0.37220436334609985,0.04039718583226204,0.2595592737197876
1451575675726,2,-0.44935303926467896,0.02878068946301937,0.137608140707016
1451575675749,2,-0.31592339277267456,0.07424977421760559,0.06690671294927597
1451575675769,2,-0.13602250814437866,0.001337386085651815,-0.03647416830062866
1451575675781,2,-0.29519709944725037,-0.013167232275009155,0.08180150389671326
1451575675807,2,-0.33234673738479614,-0.015555297024548054,0.18785715103149414
1451575675827,2,-0.2261069416999817,-0.031147126108407974,0.17946049571037292
1451575675849,2,-0.31670284271240234,-0.0026575287338346243,0.213553324341774
1451575675869,2,-0.31845253705978394,-0.03348580002784729,0.3436889350414276
1451575675888,2,-0.18131102621555328,-0.03859890252351761,0.09628770500421524
1451575675907,2,-0.30830731987953186,0.016120528802275658,0.031453125178813934
1451575675928,2,-0.24431127309799194,-0.012723580002784729,0.024210313335061073
1451575675951,2,-0.22198143601417542,0.04129092022776604,0.12101532518863678
1451575675968,2,-0.12352186441421509,-0.020129764452576637,0.13683365285396576
1451575675987,2,-0.15789204835891724,0.011305822990834713,0.2222258746623993
1451575676009,2,-0.2604174315929413,0.041703008115291595,0.23324936628341675
1451575676031,2,-0.21735459566116333,0.11475158482789993,0.280606746673584
1451575676044,2,-0.0030866044107824564,0.0027066287584602833,0.12396715581417084
1451575676069,1,-0.28902631998062134,0.07091741263866425,0.1232224777340889
1451575676090,1,-0.01747872121632099,0.021519172936677933,0.1326911449432373
1451575676109,1,-0.14733614027500153,-0.019135786220431328,0.06872574985027313
1451575676134,1,-0.1620606631040573,0.009041677229106426,0.179267019033432
1451575676150,1,-0.21970516443252563,-0.06352642178535461,0.14120003581047058
1451575676169,1,-0.209718257188797,-0.019364625215530396,0.04983809217810631
1451575676188,1,-0.08787361532449722,-0.001980067929252982,0.08449088782072067
1451575676210,1,-0.18604950606822968,-0.009321371093392372,0.19560323655605316
1451575676232,1,-0.24587658047676086,0.024997079744935036,0.2911474406719208
1451575676251,1,-0.1170608401298523,-0.011296762153506279,0.3248305022716522
1451575676269,1,-0.06758616864681244,0.051463060081005096,0.2419751137495041
1451575676289,1,0.1759171485900879,0.11710808426141739,0.1559983789920807
1451575676309,1,-0.03404916822910309,0.0029357613530009985,0.11994155496358871
1451575676333,1,-0.19373667240142822,0.1987845003604889,0.2117132544517517
1451575676351,1,0.09153202176094055,0.16425035893917084,0.292705774307251
1451575676369,1,0.410346657037735,-0.013292612507939339,0.25627484917640686
1451575676392,1,0.1428389698266983,-0.3489350378513336,0.07776479423046112
1451575676410,1,-0.9130376577377319,-0.1255120486021042,2.637904644012451
1451575676432,1,0.6369869112968445,-0.5527998805046082,2.0823235511779785
1451575676453,1,1.3287930488586426,-0.8118067979812622,-0.6056716442108154
1451575676470,1,-23.884613037109375,0.41289225220680237,9.866715431213379
1451575676494,1,-0.7536143064498901,-0.20212826132774353,2.828950881958008
1451575676514,1,-0.792827844619751,-0.5826245546340942,-0.658545732498169
1451575676527,1,6.4690985679626465,0.13495032489299774,-7.26595401763916
1451575676553,1,4.173219680786133,-0.3791980743408203,-6.257122993469238
1451575676566,1,0.9736620187759399,0.13363046944141388,-2.2628164291381836
1451575676591,1,-2.701564073562622,1.146644949913025,0.7812871932983398
1451575676607,1,-2.496929168701172,-0.31693655252456665,2.1136434078216553
1451575676632,1,-1.146764874458313,-0.17956747114658356,2.9581167697906494
1451575676653,1,0.7788737416267395,-0.2952054738998413,3.413783311843872
1451575676672,1,0.8609553575515747,-0.39011049270629883,2.097719430923462
1451575676693,1,-0.5036910772323608,-0.1297697126865387,1.1901947259902954
1451575676713,1,-1.1225719451904297,0.19309914112091064,0.4171341061592102
1451575676733,1,-0.09992524236440659,0.4063011705875397,0.2174474000930786
1451575676755,1,0.1690225452184677,0.1286342740058899,0.08208967000246048
1451575676772,1,-0.16354259848594666,-0.054501112550497055,-0.26269349455833435
1451575676794,1,-0.4066963493824005,0.0077688805758953094,-0.46228551864624023
1451575676815,1,-0.6826891899108887,0.18665800988674164,-0.27269116044044495
1451575676836,1,-0.2838936150074005,0.19851356744766235,0.11728549003601074
1451575676853,1,0.03344997018575668,-0.1380447894334793,0.2810281813144684
1451575676874,1,-0.38319849967956543,-0.327728271484375,0.23810148239135742
1451575676895,1,-0.6144672632217407,-0.18604601919651031,0.13320903480052948
1451575676916,1,-0.6082695126533508,0.0906841903924942,0.3288339078426361
1451575676934,1,0.14624646306037903,0.13560791313648224,0.5359113216400146
1451575676951,1,0.029414547607302666,0.15453238785266876,-0.018074002116918564
1451575676973,1,-0.1307896226644516,0.06635317206382751,-0.10557868331670761
1451575676994,1,-0.3862336575984955,0.0615101158618927,0.11215630918741226
1451575677017,1,-0.2056494951248169,0.12481383979320526,0.35482701659202576
1451575677031,1,-0.05886811017990112,-0.06961685419082642,0.2868599593639374
1451575677054,1,-0.022139346227049828,0.008580196648836136,-0.15325520932674408
1451575677075,1,0.00920893345028162,0.15051351487636566,-0.16307927668094635
1451575677095,1,0.11576534807682037,0.1919613778591156,0.11063304543495178
1451575677117,1,0.3805982172489166,0.005484568886458874,0.2535141706466675
1451575677130,1,0.1889108270406723,-0.13208763301372528,0.07895897328853607
1451575677154,1,-0.10679376125335693,0.13846710324287415,-0.09965163469314575
1451575677175,1,-0.14848218858242035,0.1446741372346878,-0.09336743503808975
1451575677198,1,-0.028786594048142433,0.035099372267723083,0.15991291403770447
1451575677217,1,0.12424124032258987,-0.07554010301828384,0.3744751214981079
1451575677235,1,0.1044287458062172,-0.1772109717130661,0.3491489589214325
1451575677256,1,-0.10571884363889694,-0.03281652182340622,0.22327977418899536
1451575677276,1,-0.02830406464636326,0.016991466283798218,0.1849503219127655
1451575677295,1,0.027669202536344528,0.007578910794109106,0.27367374300956726
1451575677319,1,-0.16259148716926575,-1.0521394142415375E-4,0.4394599199295044
1451575677338,1,-0.2510022819042206,0.045365914702415466,0.7013298273086548
1451575677355,1,0.5335162878036499,-0.11905425041913986,0.14310148358345032
1451575677377,1,-0.2507503032684326,0.20776772499084473,-0.30303019285202026
1451575677399,1,-0.03203027322888374,0.09080839902162552,0.22485563158988953
1451575677414,1,0.21449466049671173,0.02805500477552414,0.6394178867340088
1451575677439,1,0.19326621294021606,-0.023188861086964607,0.4956909418106079
1451575677457,1,0.04399237036705017,0.06576894223690033,0.0661906749010086
1451575677477,1,-0.04048161208629608,0.07806172966957092,-0.2515186071395874
1451575677500,1,-0.034319665282964706,0.156513050198555,0.14023089408874512
1451575677519,1,0.17686012387275696,0.05609744414687157,0.3293471038341522
1451575677536,1,0.16333416104316711,0.07995616644620895,0.3293219804763794
1451575677557,1,0.054098889231681824,0.004831658210605383,0.1982002705335617
1451575677577,1,-0.12589728832244873,-0.038022566586732864,0.07439444214105606
1451575677598,1,-0.11633358150720596,-0.016624387353658676,0.28426235914230347
1451575677617,1,0.01963004469871521,-0.03754325583577156,0.3077765107154846
1451575677637,1,0.06367749720811844,0.06737667322158813,0.18191023170948029
1451575677657,1,0.09186634421348572,0.020528702065348625,0.07583353668451309
1451575677679,1,0.002537843305617571,-0.02457943744957447,0.03150865435600281
1451575677702,1,-0.07787977159023285,0.008874503895640373,0.12889467179775238
1451575677719,1,0.014749483205378056,0.05285860598087311,0.21641573309898376
1451575677738,1,0.11292582005262375,-0.006431202404201031,0.1100643053650856
1451575677759,1,0.016943596303462982,-0.007153086829930544,0.15671032667160034
1451575677775,1,-0.07811368256807327,-0.03867226094007492,0.24264614284038544
1451575677802,1,-0.06840275973081589,-0.05176671966910362,0.26458442211151123
1451575677819,1,0.021233685314655304,-0.02952975407242775,0.09974106401205063
1451575677839,1,0.029976224526762962,-0.011995266191661358,0.03340308740735054
1451575677860,1,-0.023119978606700897,-0.02292962558567524,0.03579378128051758
1451575677883,1,-0.022703643888235092,0.04361234977841377,0.22776071727275848
1451575677902,1,-0.0027164735365659,-0.01266571320593357,0.2274789661169052
1451575677920,1,-0.19806641340255737,0.01426759548485279,0.22336335480213165
1451575677940,1,0.05620817467570305,0.04328910633921623,0.239911749958992
1451575677961,1,0.1137487068772316,0.023211073130369186,0.19929273426532745
1451575677982,1,-0.13847869634628296,0.021045710891485214,0.3261117935180664
1451575678003,1,-0.08449557423591614,0.0459027960896492,0.4142892360687256
1451575678019,1,0.10520251840353012,0.08977847546339035,0.23334698379039764
1451575678040,1,0.16334210336208344,-0.02028641663491726,-0.008732757531106472
1451575678060,1,0.0056463927030563354,0.11070581525564194,-0.06562895327806473
1451575678083,1,0.07406030595302582,0.06606383621692657,-0.10670096427202225
1451575678106,2,0.0626031905412674,0.10002747923135757,0.00888940878212452
1451575678122,2,0.05865250900387764,-0.0405801422894001,0.17413140833377838
1451575678141,2,0.0882723331451416,0.012775018811225891,0.1912117302417755
1451575678166,2,-0.01702861115336418,-0.05668839439749718,0.19107787311077118
1451575678183,2,-0.10179591923952103,-0.04417875036597252,0.20512276887893677
1451575678203,2,-0.022008107975125313,0.014996201731264591,0.22007893025875092
1451575678222,2,-0.00272822636179626,-0.01882394403219223,0.21436171233654022
1451575678242,2,-0.034388210624456406,0.10992080718278885,0.18738077580928802
1451575678264,2,0.04688296094536781,0.02232172153890133,0.27745676040649414
1451575678285,2,-0.0671316534280777,-0.011701543815433979,0.25790101289749146
1451575678303,2,-0.08317448943853378,0.06077449396252632,0.25448212027549744
1451575678323,2,-0.003623203607276082,-0.029124680906534195,0.09940730035305023
1451575678342,2,0.12633125483989716,0.05565057694911957,0.09180442243814468
1451575678364,2,0.03901839256286621,0.023264555260539055,0.14561492204666138
1451575678386,2,0.0030489221680909395,0.11184797435998917,0.30179333686828613
1451575678403,2,0.020314404740929604,-0.07793664187192917,0.2953852117061615
1451575678419,2,-0.147319495677948,-0.07376491278409958,0.25180327892303467
1451575678444,2,0.209129199385643,0.004138999618589878,0.01814998872578144
1451575678466,2,0.05354310944676399,-0.05542553588747978,-0.06330898404121399
1451575678484,2,-0.12055548280477524,-0.02822130173444748,0.04034837707877159
1451575678507,2,-0.06150096654891968,-0.091873399913311,0.10516133159399033
1451575678519,2,-0.21129979193210602,-0.09073211997747421,0.19009119272232056
1451575678545,2,-0.26274433732032776,-0.12977291643619537,0.24704700708389282
1451575678564,2,-0.1418115645647049,-0.08586714416742325,0.1266600489616394
1451575678584,2,-0.17307886481285095,-0.042614277452230453,0.1614677459001541
1451575678603,2,-0.23417158424854279,-0.12221592664718628,0.2631336450576782
1451575678624,2,36.671485900878906,-6.762556552886963,5.302395343780518
1451575678643,2,-14.099677085876465,0.5833078622817993,1.0764105319976807
1451575678667,2,-6.407653331756592,-0.9003256559371948,1.1120686531066895
1451575678684,2,-4.916734218597412,1.097919225692749,0.875908374786377
1451575678704,2,-1.0982205867767334,0.9288482666015625,-3.409705638885498
1451575678724,2,0.4710075855255127,0.3421718180179596,-4.163658142089844
1451575678741,2,-0.5515982508659363,0.6597925424575806,-0.7468529939651489
1451575678767,2,-2.5608439445495605,-0.10569997131824493,3.700164556503296
1451575678785,2,-3.0085973739624023,-0.11116145551204681,3.2413318157196045
1451575678805,2,-3.2031075954437256,0.2921326458454132,1.812089204788208
1451575678822,2,-2.6285862922668457,0.4569122791290283,0.29142916202545166
1451575678841,2,-2.4116404056549072,0.5297843217849731,-0.34212416410446167
1451575678866,2,-2.0952351093292236,0.6107456088066101,-0.240785613656044
1451575678887,2,-1.5591390132904053,0.45830637216567993,0.6875181794166565
1451575678905,2,-1.3523106575012207,0.36009326577186584,0.748715877532959
1451575678926,2,-1.3921648263931274,0.1747390180826187,0.28537294268608093
1451575678947,2,-1.448341965675354,0.20281974971294403,-0.33202365040779114
1451575678967,2,-1.3316142559051514,0.24735096096992493,-0.7435831427574158
1451575678986,2,-0.9294326305389404,0.3897077739238739,-0.3328215181827545
1451575679006,2,-0.9939086437225342,0.29680562019348145,0.16933365166187286
1451575679027,2,-1.0695972442626953,0.24368514120578766,0.4136170446872711
1451575679049,2,-1.1620497703552246,0.19160540401935577,0.36853110790252686
1451575679069,2,-1.235071063041687,0.2396174520254135,0.24025662243366241
1451575679085,2,-1.0318676233291626,0.350376158952713,0.18147651851177216
1451575679106,2,-1.1003875732421875,0.21330460906028748,0.08949147164821625
1451575679126,2,-1.3204528093338013,0.2812275290489197,0.215476393699646
1451575679148,2,-1.2821718454360962,0.24792379140853882,0.28610125184059143
1451575679169,2,-1.1752039194107056,0.25409021973609924,0.27607086300849915
1451575679185,2,-1.124906301498413,0.25058746337890625,0.20510873198509216
1451575679207,2,-1.0083048343658447,0.3405231833457947,0.09480302035808563
1451575679232,2,-1.0194025039672852,0.1682429313659668,-0.012688216753304005
1451575679251,2,-1.0655192136764526,0.24393180012702942,0.07574643939733505
1451575679268,2,-1.0207598209381104,0.21630465984344482,0.18123744428157806
1451575679283,2,-0.917394757270813,0.1273471564054489,0.2605190873146057
1451575679308,2,-0.8869238495826721,0.14023587107658386,0.19423896074295044
1451575679329,2,-0.8334527611732483,0.030250469222664833,0.16704876720905304
1451575679351,2,-0.7388583421707153,0.08164046704769135,0.24939386546611786
1451575679364,2,-0.55085289478302,0.09238281100988388,0.39489948749542236
1451575679388,2,-0.6087029576301575,0.05313362553715706,0.27933308482170105
1451575679409,2,-0.8187859058380127,0.2006552666425705,-0.27612462639808655
1451575679432,2,-0.6831106543540955,0.17792758345603943,-0.23060499131679535
1451575679452,2,-0.31390249729156494,0.023781858384609222,0.00787993986159563
1451575679469,2,-0.27889779210090637,-0.012561960145831108,-0.09731821715831757
1451575679489,2,-0.35286104679107666,-0.018368016928434372,0.2966705858707428
1451575679514,2,-0.43753451108932495,0.8128317594528198,0.47501930594444275
1451575679532,2,-0.575171172618866,0.28071168065071106,-0.028822774067521095
1451575679552,2,-0.43604576587677,0.1864960938692093,-0.001698620617389679
1451575679569,2,-0.8888893723487854,0.06269114464521408,0.19153204560279846
1451575679590,2,-1.617561936378479,0.01469897199422121,-0.07447627186775208
1451575679610,2,-1.1518354415893555,-0.04258241876959801,-0.09013678133487701
1451575679632,2,-0.3198554217815399,0.04824526980519295,0.37557050585746765
1451575679650,2,-0.3175540268421173,-0.015324410982429981,-0.012834347784519196
1451575679670,2,-0.41230106353759766,0.03653378784656525,-0.28130409121513367
1451575679691,2,-0.3639487028121948,0.03417699411511421,0.7969921231269836
1451575679711,2,0.130755215883255,0.0609925203025341,0.3291916251182556
1451575679734,2,-0.16161994636058807,0.025391630828380585,0.36541563272476196
1451575679754,2,-0.3085871636867523,0.055809564888477325,0.4098217487335205
1451575679770,2,-0.4426800608634949,-0.08556757867336273,0.5377800464630127
1451575679791,2,-0.5602549910545349,-0.12981325387954712,0.28515082597732544
1451575679812,2,-0.3874056935310364,0.12921732664108276,0.23706921935081482
1451575679833,2,-0.159372940659523,0.32739949226379395,0.10325988382101059
1451575679853,2,-0.0066624172031879425,0.435692697763443,-0.35070377588272095
1451575679872,2,-0.3183102309703827,0.03569558262825012,-0.09826865047216415
1451575679892,2,-2.03926682472229,-2.4863619804382324,0.8657611012458801
1451575679914,2,-0.5742340683937073,1.1312743425369263,1.6741361618041992
1451575679934,2,1.0086984634399414,0.697386622428894,0.31165656447410583
1451575679955,2,0.36283978819847107,0.7143529653549194,-1.1897528171539307
1451575679971,2,0.20556621253490448,0.30674949288368225,-1.095070242881775
1451575679992,2,-0.093279629945755,-0.021241525188088417,-0.03477379307150841
1451575680017,2,-0.46891918778419495,-0.08654957264661789,0.4579688310623169
1451575680034,2,-0.4432605504989624,-0.005449497606605291,0.3486059308052063
1451575680053,2,0.16654998064041138,-0.3970271348953247,1.411688208580017
1451575680073,2,-0.19801579415798187,-0.04328910633921623,-0.3772925138473511
1451575680093,2,-0.3335871696472168,0.09513035416603088,-0.056250881403684616
1451575680114,2,-0.29384008049964905,-0.1823202669620514,0.29874739050865173
