1451578482782,1,-0.141901895403862,0.09571487456560135,-0.3011801838874817
1451578482800,1,-0.141901895403862,0.09571487456560135,-0.3011801838874817
1451578482821,1,-0.141901895403862,0.09571487456560135,-0.3011801838874817
1451578482840,1,-0.141901895403862,0.09571487456560135,-0.3011801838874817
1451578482861,1,-0.141901895403862,0.09571487456560135,-0.3011801838874817
1451578482880,1,-1.1561963558197021,1.0163123607635498,-0.7851327657699585
1451578482901,1,0.425119549036026,0.01269698515534401,-0.6501549482345581
1451578482921,1,0.22729527950286865,-0.19673721492290497,-0.3198235034942627
1451578482947,1,0.27526554465293884,-0.17404372990131378,-0.3680962324142456
1451578482965,1,0.11947130411863327,0.09274959564208984,-0.7215174436569214
1451578482986,1,-0.3070182204246521,0.06301788985729218,-1.125207543373108
1451578483006,1,-0.6124019622802734,-0.12033318728208542,-0.9367378354072571
1451578483027,1,-0.30032968521118164,-0.15078502893447876,-0.4281231164932251
1451578483047,1,-0.45844709873199463,-0.3888151943683624,0.3293547034263611
1451578483067,1,-0.6194518804550171,-0.7262135148048401,0.678749144077301
1451578483087,1,-0.6015031337738037,-0.37372633814811707,0.7904045581817627
1451578483107,1,-0.5335531830787659,-0.5920359492301941,1.1286919116973877
1451578483123,1,-0.06885799765586853,-0.42600393295288086,1.3555810451507568
1451578483148,1,0.4031467139720917,0.020567571744322777,1.37666654586792
1451578483168,1,0.3391384482383728,0.11927110701799393,0.6111433506011963
1451578483183,1,-0.011773512698709965,0.31988194584846497,0.804914116859436
1451578483203,1,0.009640300646424294,0.3735054135322571,1.1049708127975464
1451578483230,1,0.34319546818733215,0.41694122552871704,1.408829927444458
1451578483251,1,0.37165600061416626,0.4542880952358246,1.1952011585235596
1451578483268,1,0.23039127886295319,0.2903963327407837,0.6481722593307495
1451578483288,1,0.21118439733982086,0.485140323638916,0.025544190779328346
1451578483307,1,0.39988553524017334,0.446617990732193,0.04588204622268677
1451578483330,1,0.12199534475803375,0.2597983479499817,-0.18190671503543854
1451578483344,1,0.007392448373138905,-0.056483518332242966,-0.44602468609809875
1451578483368,1,-0.5615272521972656,-0.15162089467048645,-0.4580705165863037
1451578483389,1,0.24600057303905487,-0.27486908435821533,-0.2383621782064438
1451578483405,1,-0.731277346611023,-0.7698328495025635,-2.043325424194336
1451578483430,1,-8.082201957702637,-3.9196348190307617,-0.44726037979125977
1451578483450,1,-1.7319488525390625,0.8007721900939941,3.4213364124298096
1451578483469,1,1.8030216693878174,-0.18093524873256683,1.33638596534729
1451578483489,1,3.0269429683685303,0.9115215539932251,0.17800913751125336
1451578483511,1,3.265998363494873,1.658308506011963,-1.2531787157058716
1451578483531,1,2.7422125339508057,1.591955304145813,-1.5496418476104736
1451578483552,1,1.0835806131362915,1.9601894617080688,-0.11950024217367172
1451578483569,1,-1.062200903892517,0.9562976956367493,2.2149078845977783
1451578483590,1,-1.0676259994506836,-0.23068390786647797,2.070127487182617
1451578483612,1,0.15395978093147278,-0.33628538250923157,-0.36415889859199524
1451578483634,1,-1.1379923820495605,0.3752461075782776,-0.8233137130737305
1451578483651,1,-0.6740361452102661,-0.3391232490539551,-0.5660282373428345
1451578483666,1,-0.5428280830383301,-0.6519917845726013,0.4136737585067749
1451578483691,1,-0.5144895911216736,-0.5295183658599854,0.7077659964561462
1451578483712,1,-0.14640387892723083,-0.5426850318908691,0.4725053012371063
1451578483733,1,0.6177674531936646,-0.32133156061172485,-0.24734219908714294
1451578483751,1,0.24253450334072113,-0.13799159228801727,-0.8701227903366089
1451578483771,1,0.3213336765766144,-0.06383972615003586,-0.47139468789100647
1451578483787,1,0.13985037803649902,0.00249473936855793,0.24116554856300354
1451578483813,1,0.04910700023174286,0.06722118705511093,0.39805883169174194
1451578483834,1,-0.23982860147953033,-0.152059867978096,0.5703641772270203
1451578483852,1,-0.3637203574180603,-0.07589724659919739,0.32692718505859375
1451578483872,1,-0.3256196081638336,0.11301614344120026,0.21720834076404572
1451578483893,1,-0.2381434291601181,0.09227905422449112,0.21109190583229065
1451578483913,1,-0.26287439465522766,0.014604279771447182,0.4071563184261322
1451578483933,1,-0.12672638893127441,-0.14487725496292114,0.3897626996040344
1451578483952,1,-0.1859280914068222,-0.07251374423503876,0.033207859843969345
1451578483968,1,-0.09191562980413437,0.05116232484579086,0.12974457442760468
1451578483993,1,-0.03598068282008171,0.0010991934686899185,0.26590076088905334
1451578484013,1,-0.09817162156105042,0.01443886011838913,0.5811930298805237
1451578484028,1,-0.1726416051387787,-0.001497252844274044,0.6436655521392822
1451578484053,1,-0.2075701504945755,0.06248685345053673,0.27907881140708923
1451578484073,1,-0.16227379441261292,0.10577888041734695,-0.017792847007513046
1451578484095,1,-0.14336510002613068,0.21146833896636963,-0.24856267869472504
1451578484115,1,-0.1075543686747551,0.3149550259113312,-0.07415829598903656
1451578484129,1,-0.09090937674045563,0.15442746877670288,0.43237200379371643
1451578484153,1,0.01405146811157465,-0.17662586271762848,0.7378215193748474
1451578484174,1,-0.10793664306402206,-0.07615794241428375,0.6766787767410278
1451578484189,1,-0.09328078478574753,0.1496802717447281,0.41502222418785095
1451578484216,1,-0.20734000205993652,0.2350938320159912,-0.0015688567655161023
1451578484235,1,-0.20574820041656494,0.17791560292243958,-0.21408231556415558
1451578484254,1,0.1290697455406189,0.017442425712943077,0.1625555455684662
1451578484274,1,-0.03931106999516487,-0.0795142650604248,0.3765864074230194
1451578484298,1,-0.03336480259895325,-0.16590777039527893,0.5238818526268005
1451578484319,1,0.1013416275382042,0.012936346232891083,0.12251637130975723
1451578484336,1,0.2664462625980377,0.13137772679328918,-0.3117915689945221
1451578484356,1,0.14939305186271667,0.11911796778440475,-0.5503875613212585
1451578484375,1,-0.23637473583221436,-0.14805063605308533,0.27947044372558594
1451578484396,1,-0.18937939405441284,-0.18656623363494873,0.6983628273010254
1451578484412,1,0.037492476403713226,0.01909574680030346,0.6003648042678833
1451578484431,1,0.2206924557685852,0.17931437492370605,0.31197336316108704
1451578484455,1,0.21878968179225922,0.25899726152420044,-0.07285013049840927
1451578484475,1,-0.0968029648065567,0.13771365582942963,0.07182955741882324
1451578484491,1,-0.0011380641954019666,0.09536650031805038,0.4782680869102478
1451578484516,1,0.07440386712551117,0.14917437732219696,0.5250473618507385
1451578484535,1,0.07740020006895065,0.23467472195625305,0.4708031713962555
1451578484555,1,0.13431969285011292,0.2200198918581009,0.2641857862472534
1451578484575,1,-0.13430486619472504,0.13131313025951385,-0.22798049449920654
1451578484597,1,-0.20835699141025543,0.0016898527974262834,0.032836101949214935
1451578484611,1,-0.1654788851737976,-0.05084960535168648,0.35311025381088257
1451578484635,1,-0.1493469476699829,-0.02025952935218811,0.382885217666626
1451578484656,1,-0.14456994831562042,-0.05569909140467644,0.40516194701194763
1451578484673,1,0.10765278339385986,-0.05783931910991669,0.13948854804039001
1451578484698,1,-0.16036438941955566,0.0026139819528907537,-0.026581717655062675
1451578484718,1,-0.25668951869010925,0.024113282561302185,0.36885085701942444
1451578484732,1,-0.19878369569778442,0.07719634473323822,0.5633891224861145
1451578484756,1,-0.1998460590839386,4.325462214183062E-5,0.5911071300506592
1451578484779,1,-0.03861483186483383,0.00798544567078352,0.38521629571914673
1451578484799,1,0.14138145744800568,0.1526157408952713,-0.20898118615150452
1451578484816,2,0.313916951417923,0.20533902943134308,-0.315483421087265
1451578484837,2,0.15066629648208618,0.11316139250993729,-0.20109599828720093
1451578484862,2,-0.12141857296228409,0.07097294181585312,0.31630468368530273
1451578484881,2,-0.28027546405792236,-0.003403378650546074,0.6911351680755615
1451578484898,2,-0.13786737620830536,0.045971184968948364,0.4737164080142975
1451578484919,2,-0.09231339395046234,0.056514207273721695,0.21371816098690033
1451578484938,2,0.03762698918581009,0.08548896014690399,-0.14406242966651917
1451578484960,2,-0.07798969000577927,0.059363752603530884,-0.07368132472038269
1451578484980,2,-0.1383020430803299,0.011235387995839119,0.18804362416267395
1451578485000,2,0.012866934761404991,0.04979308322072029,0.2689022719860077
1451578485020,2,0.11255265027284622,0.10292232036590576,0.13391396403312683
1451578485034,2,0.07354458421468735,0.11445523053407669,-0.01614157296717167
1451578485059,2,0.17130178213119507,0.17548838257789612,-0.17848727107048035
1451578485075,2,0.25212374329566956,0.27080899477005005,-0.030153730884194374
1451578485104,2,0.22847145795822144,0.24424247443675995,0.3299000561237335
1451578485119,2,-0.09949373453855515,0.11878770589828491,0.5426192879676819
1451578485139,2,-0.04500533640384674,0.14391309022903442,0.4505588412284851
1451578485162,2,0.3765226900577545,0.28018122911453247,0.3050859570503235
1451578485181,2,0.6451401114463806,0.33160629868507385,0.12455986440181732
1451578485201,2,0.34690144658088684,0.20546938478946686,0.10075169801712036
1451578485220,2,-0.5685157179832458,-0.21194647252559662,0.11528057605028152
1451578485236,2,-0.421507865190506,-0.15052959322929382,0.04538695514202118
1451578485262,2,-0.017015943303704262,-0.08436141908168793,0.0042184945195913315
1451578485284,2,-0.06416205316781998,-0.10755641013383865,-0.06726677715778351
1451578485305,2,-0.5606146454811096,-0.26865971088409424,0.04677461087703705
1451578485322,2,-0.8903470635414124,-0.4456985294818878,0.07498597353696823
1451578485344,2,-0.8115414977073669,-0.3509373068809509,0.04118073731660843
1451578485362,2,-0.5807024240493774,-0.34302636981010437,0.3450251519680023
1451578485382,2,-0.8248736262321472,-0.49196869134902954,0.7233738899230957
1451578485401,2,-1.4384870529174805,-0.6714505553245544,1.0385048389434814
1451578485422,2,9.08419418334961,-0.9293994903564453,1.4919044971466064
1451578485442,2,-3.7538182735443115,2.929098606109619,0.5015454888343811
1451578485464,2,-7.979551792144775,3.1955385208129883,1.7395652532577515
1451578485484,2,-5.886854648590088,1.4459092617034912,0.5667816400527954
1451578485496,2,-2.8819751739501953,0.32105040550231934,-0.02880816161632538
1451578485521,2,0.6756518483161926,-0.4665434658527374,-1.175953984260559
1451578485542,2,4.28944730758667,-1.586388349533081,0.2588169574737549
1451578485565,2,4.669234752655029,-1.4599953889846802,4.348227500915527
1451578485583,2,2.861895799636841,-0.361602783203125,4.296743392944336
1451578485602,2,0.7759792804718018,-0.013663491234183311,1.459733009338379
1451578485622,2,-0.10903920233249664,-0.34056028723716736,-1.3842898607254028
1451578485643,2,-0.6541162729263306,0.21282821893692017,-1.7849481105804443
1451578485664,2,-0.6322051286697388,0.5902963876724243,-0.3842933475971222
1451578485683,2,0.052456311881542206,0.32315966486930847,0.7171159982681274
1451578485703,2,0.37147536873817444,-0.061104752123355865,1.0375287532806396
1451578485723,2,1.3908207416534424,-0.6844888925552368,0.5359171628952026
1451578485745,2,1.6677106618881226,-0.7200441956520081,1.2313917875289917
1451578485764,2,1.0457849502563477,0.3727262318134308,0.029620062559843063
1451578485785,2,1.416736364364624,0.019911738112568855,-0.05960545316338539
1451578485802,2,1.2240968942642212,0.23099078238010406,-0.09407354146242142
1451578485824,2,0.7362576723098755,0.36347559094429016,-0.0509539432823658
1451578485845,2,0.4017484784126282,0.2692784368991852,0.014815292321145535
1451578485859,2,0.29915377497673035,0.1067199632525444,0.5539292097091675
1451578485886,2,0.3164363503456116,0.07599690556526184,0.6709843873977661
1451578485904,2,0.3028448224067688,0.059883683919906616,0.5838362574577332
1451578485924,2,-0.25801658630371094,-0.019075579941272736,0.55742347240448
1451578485946,2,0.35505035519599915,0.061148881912231445,0.3248001039028168
1451578485965,2,0.15585362911224365,-0.07256313413381577,0.41709670424461365
1451578485985,2,0.42107757925987244,-0.025229718536138535,0.16244272887706757
1451578486005,2,0.5501073598861694,0.06195756793022156,-0.19548867642879486
1451578486025,2,0.34420856833457947,0.13629736006259918,0.12360183149576187
1451578486047,2,-0.14496099948883057,0.0781795084476471,0.21652035415172577
1451578486066,2,-0.22891265153884888,-0.014636428095400333,0.06711304932832718
1451578486085,2,0.29236266016960144,0.10588526725769043,-0.3307616412639618
1451578486106,2,0.38011816143989563,0.04423573985695839,-0.3520049452781677
1451578486126,2,0.8468042016029358,-0.1503787785768509,-0.2680950462818146
1451578486146,2,-0.0516793355345726,0.22328415513038635,-0.5494540929794312
1451578486161,2,0.21287666261196136,-0.054745152592659,-0.3950672447681427
1451578486184,2,0.20929618179798126,0.13905951380729675,0.8675023913383484
1451578486202,2,0.12818865478038788,0.07345277816057205,0.5289707183837891
1451578486226,2,0.15365400910377502,0.13965222239494324,-0.042521629482507706
1451578486248,2,0.3496030569076538,0.16079407930374146,-0.28384265303611755
1451578486266,2,0.32036614418029785,0.05861322581768036,-0.02549450658261776
1451578486286,2,0.2852632701396942,0.06322656571865082,0.0022200141102075577
1451578486306,2,0.28563618659973145,0.11253274232149124,0.4155868887901306
1451578486327,2,0.23316402733325958,0.048920392990112305,0.8308926224708557
1451578486349,2,-0.024792496114969254,0.12231909483671188,0.784675657749176
1451578486366,2,-0.20415128767490387,0.21243806183338165,0.5211702585220337
1451578486387,2,-0.15292035043239594,0.2086860090494156,0.3833358883857727
1451578486406,2,0.2906314432621002,0.23077508807182312,0.24827860295772552
1451578486429,2,0.4593493938446045,0.2378840446472168,0.4755687713623047
1451578486449,2,0.4603373408317566,0.09103168547153473,0.3561316430568695
1451578486467,2,0.1498071849346161,0.043896716088056564,0.1740320473909378
1451578486488,2,-0.05975129082798958,-0.053415071219205856,0.03191138803958893
1451578486508,2,-0.3762552738189697,0.13817104697227478,0.052531566470861435
1451578486529,2,-0.006492357701063156,0.14693623781204224,-0.1438257098197937
1451578486545,2,0.3381771445274353,0.15793080627918243,-0.17874620854854584
1451578486568,2,0.50352543592453,0.1651914417743683,0.06774783879518509
1451578486588,2,0.47057977318763733,0.09698212146759033,0.3409405052661896
1451578486604,2,0.08685746788978577,0.04053191840648651,0.5241577625274658
1451578486630,2,0.30295151472091675,0.09348785132169724,0.3208130896091461
1451578486648,2,-0.013503332622349262,0.1503533571958542,0.08794716745615005
1451578486668,2,0.15027977526187897,0.09249912947416306,0.14829203486442566
1451578486688,2,0.16140973567962646,0.1332739144563675,0.11521277576684952
1451578486711,2,0.4207301437854767,0.16078881919384003,-0.06585749983787537
1451578486730,2,-0.26964741945266724,0.08861322700977325,-0.5608692169189453
1451578486750,2,-0.6097772717475891,-0.05814356356859207,-0.008424129337072372
1451578486768,2,-0.4674370586872101,-0.17369185388088226,0.3755342662334442
1451578486789,2,-0.2853441536426544,3.811082860920578E-4,0.5215343832969666
1451578486809,2,0.23162969946861267,0.07391688227653503,0.5595073103904724
1451578486830,2,-0.10638429969549179,-0.018256664276123047,0.10085633397102356
1451578486852,1,-0.37558308243751526,0.044968731701374054,-0.014809446409344673
1451578486872,1,-0.5970197319984436,0.18213877081871033,0.29645898938179016
1451578486889,1,0.46289804577827454,0.16892683506011963,0.5803519487380981
1451578486914,1,0.2024664729833603,-0.06454670429229736,0.23220424354076385
1451578486931,1,0.17508132755756378,0.1720990240573883,0.27089083194732666
1451578486951,1,-0.04812529683113098,0.10522972047328949,0.3466740846633911
1451578486971,1,0.10433357954025269,-0.0052200728096067905,0.24731998145580292
1451578486991,1,0.03490311652421951,0.0029275778215378523,0.09023205935955048
1451578487013,1,0.052193861454725266,0.07712532579898834,0.07364040613174438
1451578487032,1,0.004461582750082016,-0.007701368071138859,0.41813424229621887
1451578487051,1,-0.006599836982786655,-0.03386982902884483,0.33455461263656616
1451578487071,1,-0.1424397975206375,0.024695172905921936,-0.12941840291023254
1451578487091,1,-0.5628038644790649,-0.010346329770982265,-0.6692132949829102
1451578487113,1,0.23334451019763947,0.1804252564907074,0.592220664024353
1451578487132,1,0.8580103516578674,-0.3740060329437256,0.5055453777313232
1451578487152,1,-0.7920451760292053,-0.23940613865852356,-2.283292293548584
1451578487171,1,-0.2601866126060486,-3.2108817100524902,3.5597565174102783
1451578487195,1,0.07838921248912811,1.7665120363235474,3.418055534362793
1451578487213,1,5.4962005615234375,0.3797092139720917,-0.04706570506095886
1451578487228,1,6.23955774307251,2.442312717437744,-1.93429696559906
1451578487252,1,-0.5626399517059326,-0.6283984780311584,-1.223294973373413
1451578487272,1,-3.7371950149536133,-0.8580754995346069,-0.11499007046222687
1451578487295,1,-3.6805624961853027,0.3642074167728424,1.0050526857376099
1451578487314,1,-0.6492387056350708,0.6167874932289124,1.2509522438049316
1451578487336,1,0.8744240403175354,0.7934355735778809,0.6119874119758606
1451578487361,1,0.4989296495914459,0.121741883456707,-0.3294505774974823
1451578487376,1,-0.12315846979618073,-0.0788964256644249,-0.16086335480213165
1451578487394,1,-0.4113727807998657,0.011468319222331047,0.18652911484241486
1451578487414,1,-0.29694852232933044,0.1567901074886322,0.5501514077186584
1451578487433,1,-0.09755013138055801,0.09689941257238388,0.5234341025352478
1451578487454,1,0.005313304252922535,0.09210925549268723,0.3058803081512451
1451578487474,1,-0.17308884859085083,0.33074089884757996,-0.2854045033454895
1451578487496,1,-0.1463649421930313,0.2706780731678009,-0.03629705682396889
1451578487515,1,-0.11229213327169418,0.21177169680595398,0.34758827090263367
1451578487537,1,-0.11981500685214996,0.023408640176057816,0.47657179832458496
1451578487554,1,-0.27835801243782043,-0.03310469165444374,0.2824462354183197
1451578487574,1,-0.28180333971977234,0.07194032520055771,0.01721826195716858
1451578487596,1,-0.1281045526266098,0.18433044850826263,0.14839841425418854
1451578487614,1,0.06391754001379013,0.20948855578899384,0.36563539505004883
1451578487635,1,-0.010949264280498028,0.07100392132997513,0.25396600365638733
1451578487654,1,-0.23112857341766357,-0.019706279039382935,0.14438509941101074
1451578487674,1,-0.33326324820518494,0.07430588454008102,0.015447745099663734
1451578487696,1,-0.2692700922489166,0.1774216890335083,0.018726913258433342
1451578487710,1,-0.020284591242671013,0.13490502536296844,0.03421265259385109
1451578487735,1,-0.08343231678009033,0.048324763774871826,-0.044832244515419006
1451578487756,1,-0.22970928251743317,-0.039603110402822495,0.0811234563589096
1451578487776,1,-0.3602122664451599,-0.101804718375206,0.2040150910615921
1451578487796,1,-0.3197275698184967,0.01401449739933014,0.4158318042755127
1451578487817,1,-0.10813508927822113,0.10123860836029053,0.3920890986919403
1451578487835,1,0.1165752187371254,0.1280544251203537,0.12898176908493042
1451578487855,1,0.08107508718967438,0.13192221522331238,0.0913531705737114
1451578487875,1,-0.06309285759925842,0.16052432358264923,0.27417466044425964
1451578487896,1,-0.1537684202194214,0.18253888189792633,0.3600017726421356
1451578487916,1,-0.16694997251033783,0.20750410854816437,0.38681086897850037
1451578487935,1,-0.02142776921391487,0.15022329986095428,0.3221668303012848
1451578487956,1,-0.03725983574986458,0.1266968697309494,0.05792904272675514
1451578487979,1,-0.020643120631575584,0.18113574385643005,-0.06250058859586716
1451578487998,1,0.18733543157577515,0.07805150002241135,-0.08387888967990875
1451578488012,1,0.14776308834552765,0.03788052499294281,-0.031899113208055496
1451578488037,1,0.1334892362356186,0.0624292753636837,0.01974398083984852
1451578488057,1,0.0303654745221138,0.02532850205898285,-0.06859540194272995
1451578488080,1,-0.14178718626499176,-0.02707826904952526,-0.11935411393642426
1451578488099,1,-0.24104250967502594,-0.05982552468776703,-0.12937690317630768
1451578488118,1,-0.21329738199710846,0.020413551479578018,0.1410159021615982
1451578488138,1,-0.06692812591791153,0.059223175048828125,0.3138561248779297
1451578488153,1,-0.002199921291321516,0.07371288537979126,0.29984745383262634
1451578488180,1,-0.0012661474756896496,0.031913433223962784,0.20339959859848022
1451578488201,1,-0.11203736066818237,0.041685473173856735,0.10470715910196304
1451578488218,1,-0.0789574384689331,0.11685030907392502,0.269666850566864
1451578488238,1,0.021350393071770668,0.14744038879871368,0.3281231224536896
1451578488254,1,0.06698665022850037,0.1819596141576767,0.34448856115341187
1451578488280,1,0.07563421130180359,0.20285452902317047,0.33836042881011963
1451578488300,1,0.044964347034692764,0.1441325843334198,0.33336102962493896
1451578488323,1,-0.05888853594660759,0.055376142263412476,0.05584112927317619
1451578488340,1,0.03804733231663704,0.10095424205064774,0.04596913978457451
1451578488362,1,0.06068418547511101,0.11960867047309875,0.14782676100730896
1451578488382,1,0.013404110446572304,0.040818918496370316,0.11564473807811737
1451578488400,1,-0.14800825715065002,-0.020143501460552216,0.04561725631356239
1451578488420,1,-0.11019962280988693,0.03580693528056145,0.29898354411125183
1451578488435,1,-0.10708214342594147,0.009053952060639858,0.3583873212337494
1451578488460,1,-0.07251037657260895,0.03556552901864052,0.2042681872844696
1451578488484,1,-0.07143354415893555,0.0855652391910553,0.0950847640633583
1451578488501,1,-0.015420125797390938,0.08452420681715012,0.062269702553749084
1451578488521,1,0.04453596472740173,0.10244593769311905,0.13866379857063293
1451578488540,1,-0.11898184567689896,0.034577976912260056,0.31164661049842834
1451578488561,1,-0.1569814682006836,-0.004535013344138861,0.38475218415260315
1451578488582,1,-0.10320866852998734,0.012360592372715473,0.24734102189540863
1451578488601,1,-0.051542408764362335,0.06112842261791229,0.11949965357780457
1451578488615,1,0.08410510420799255,0.06635960191488266,0.002680032979696989
1451578488640,1,0.12215210497379303,0.12927812337875366,0.1566968709230423
1451578488663,1,0.06702347099781036,0.08509820699691772,0.09662438929080963
1451578488682,1,-0.05929141864180565,0.06783931702375412,0.05624854192137718
1451578488701,1,-0.09146840125322342,0.07316548377275467,0.08863689750432968
1451578488721,1,-0.10437069833278656,0.06094897538423538,0.12133798003196716
1451578488743,1,0.11236067116260529,0.020582184195518494,0.19380290806293488
1451578488764,1,-0.05088219419121742,0.035628654062747955,0.11945406347513199
1451578488784,1,-0.12416143715381622,0.036603931337594986,0.09900631755590439
1451578488797,1,-0.1389705240726471,0.04337678477168083,0.18420915305614471
1451578488822,1,-0.05564151704311371,0.07044424116611481,0.37294426560401917
1451578488842,1,-0.01467909850180149,0.04253828898072243,0.3403431475162506
1451578488863,1,0.049419865012168884,0.11928747594356537,0.15631751716136932
1451578488887,2,0.0341520793735981,0.07137041538953781,0.056431498378515244
1451578488902,2,0.01370133925229311,0.06861819326877594,0.006986790336668491
1451578488924,2,0.016842560842633247,0.09089023619890213,0.06753215193748474
1451578488944,2,-0.04507474973797798,0.04853782057762146,0.2482224851846695
1451578488963,2,-0.1564990133047104,-0.016545476391911507,0.37283143401145935
1451578488978,2,-0.0382041335105896,-0.0020648236386477947,0.3086410164833069
1451578489003,2,-0.0244662594050169,0.0354766808450222,0.14484161138534546
1451578489023,2,-0.02193550020456314,0.06624795496463776,0.07327625155448914
1451578489045,2,-0.019350450485944748,0.0634516030550003,0.09203413873910904
1451578489064,2,-0.017999256029725075,0.0519946850836277,0.17219898104667664
1451578489083,2,-0.016669614240527153,0.058374740183353424,0.13066110014915466
1451578489103,2,0.029350049793720245,0.0596294179558754,0.12402210384607315
1451578489123,2,0.07349668443202972,0.06103723868727684,0.18415889143943787
1451578489146,2,-0.10773443430662155,0.008912205696105957,0.13459551334381104
1451578489165,2,-0.23861020803451538,-0.03401128202676773,0.07301964610815048
1451578489184,2,-0.14408545196056366,-0.08969225734472275,0.005549450870603323
1451578489203,2,-0.15269461274147034,-0.15559884905815125,0.007803951855748892
1451578489224,2,-0.3367678225040436,-0.33101561665534973,0.2603524923324585
1451578489248,2,-0.7851677536964417,-0.43986353278160095,0.8650619983673096
1451578489266,2,-1.3910250663757324,-0.4786866009235382,1.3218804597854614
1451578489284,2,-8.27933406829834,-1.7363983392715454,0.38086044788360596
1451578489304,2,-6.312363624572754,0.8918191194534302,-0.24843817949295044
1451578489324,2,-6.53907585144043,1.638765573501587,-0.4093763530254364
1451578489341,2,-3.3355419635772705,1.0237170457839966,-0.9696475863456726
1451578489366,2,0.16551600396633148,-0.500983476638794,-1.7121014595031738
1451578489385,2,5.214444637298584,-0.8360980749130249,3.013695001602173
1451578489405,2,3.7806408405303955,-0.5294906497001648,2.866387367248535
1451578489426,2,1.3423991203308105,-0.15195465087890625,0.851242184638977
1451578489447,2,-0.11093612015247345,-0.12089461833238602,-0.8837000727653503
1451578489462,2,-0.3394165337085724,-0.07007569819688797,-1.4962310791015625
1451578489481,2,0.006443842314183712,0.17445582151412964,-1.3576923608779907
1451578489506,2,0.3676338195800781,0.4663286507129669,-0.25731706619262695
1451578489528,2,0.4196476638317108,0.15591596066951752,0.31835633516311646
1451578489548,2,0.6017674803733826,-0.054609544575214386,0.5777104496955872
1451578489567,2,0.8617948293685913,-0.06699614971876144,0.36479252576828003
1451578489586,2,0.7410192489624023,0.0696270763874054,0.030384616926312447
1451578489606,2,0.40059033036231995,0.1743997037410736,0.29146307706832886
1451578489628,2,0.2793983221054077,0.20696985721588135,0.41582536697387695
1451578489649,2,0.29117119312286377,0.2561313509941101,0.46958211064338684
1451578489671,2,0.34235915541648865,0.24010522663593292,0.47602587938308716
1451578489687,2,0.5353054404258728,0.16875264048576355,0.4360802173614502
1451578489707,2,0.23440153896808624,0.11119769513607025,0.26866087317466736
1451578489729,2,0.08531732857227325,0.0793134868144989,0.31603580713272095
1451578489750,2,-0.014948343858122826,0.023626958951354027,0.32594987750053406
1451578489768,2,0.12888839840888977,-0.011217559687793255,0.24051088094711304
1451578489788,2,0.3425673246383667,-0.007808628026396036,0.11934300512075424
1451578489808,2,0.5351728796958923,0.034495558589696884,0.06030687689781189
1451578489830,2,0.5459687113761902,0.08312077075242996,-0.1981026530265808
1451578489849,2,0.3775368928909302,0.10389409214258194,-0.06857611238956451
1451578489868,2,0.10456022620201111,0.13639643788337708,0.23365795612335205
1451578489884,2,0.062002137303352356,0.04853285476565361,0.4350532293319702
1451578489909,2,0.10299334675073624,-0.007056056056171656,0.4780600070953369
1451578489930,2,0.3352847099304199,0.0688873678445816,0.17786066234111786
1451578489945,2,0.41631391644477844,0.09593436121940613,-0.1255629062652588
1451578489969,2,0.24400702118873596,0.09097586572170258,-0.18657003343105316
1451578489989,2,0.21391385793685913,-0.03135580196976662,-0.029981296509504318
1451578490010,2,0.5095155239105225,-0.279514878988266,0.27527475357055664
1451578490031,2,0.15930694341659546,0.2577887773513794,0.035384032875299454
1451578490050,2,0.48727864027023315,-0.008907237090170383,0.3367898166179657
1451578490070,2,0.24376389384269714,0.05447393283247948,0.4288157820701599
1451578490090,2,0.057186588644981384,0.0021185996010899544,0.08439911901950836
1451578490112,2,0.14110010862350464,-0.06585749983787537,-0.20179858803749084
1451578490132,2,0.04063260182738304,-0.04935907572507858,0.11218786984682083
1451578490151,2,-0.02239573746919632,-0.0960422083735466,0.5734803080558777
1451578490174,2,-0.15341982245445251,-0.07576017826795578,0.696832537651062
1451578490191,2,-0.08438494056463242,0.03996697813272476,0.5632938146591187
1451578490214,2,-0.04756897687911987,0.09967968612909317,0.3057856261730194
1451578490231,2,0.09694448858499527,0.0716477707028389,0.18621815741062164
1451578490251,2,0.22745946049690247,0.09660977870225906,0.14358897507190704
1451578490270,2,0.21707025170326233,0.06177607551217079,0.09630875289440155
1451578490291,2,0.2622841000556946,0.08738105744123459,0.08153846859931946
1451578490311,2,0.24698826670646667,0.09769143909215927,0.14203765988349915
1451578490331,2,0.1946297138929367,0.0769011601805687,0.01621989905834198
1451578490346,2,0.02974858507514,0.07727905362844467,0.10370002686977386
1451578490371,2,0.14519678056240082,0.06919745355844498,0.4807412028312683
1451578490391,2,0.10742102563381195,-0.017487142235040665,0.6162994503974915
1451578490412,2,0.026272432878613472,0.029773207381367683,0.6567939519882202
1451578490433,2,0.32217806577682495,0.0049684359692037106,0.23315584659576416
1451578490451,2,0.12195340543985367,0.27037206292152405,-0.2984773516654968
1451578490472,2,0.1241433173418045,0.27396687865257263,-0.21432547271251678
1451578490492,2,0.160568967461586,0.1984253078699112,0.06465514004230499
1451578490514,2,0.19100970029830933,0.10666531324386597,0.5294961929321289
1451578490534,2,0.11880721896886826,6.31868198979646E-4,0.5648130178451538
1451578490547,2,0.04657185450196266,-0.04276420548558235,0.33669161796569824
1451578490573,2,0.12974253296852112,0.058177173137664795,-0.09208674728870392
1451578490596,2,0.002699029864743352,0.04010726138949394,-0.04317103326320648
1451578490613,2,-0.011565934866666794,-0.05096212774515152,-0.036892686039209366
1451578490628,2,0.045939914882183075,-0.05611000955104828,0.13403554260730743
1451578490648,2,0.14670805633068085,0.06554682552814484,0.4466618299484253
1451578490673,2,-0.11181867122650146,3.553893184289336E-4,0.40645256638526917
1451578490695,2,-0.09484846889972687,-0.06032909080386162,0.18930326402187347
1451578490715,2,-0.07105119526386261,-0.0034667993895709515,-0.06353636085987091
1451578490735,2,0.06449007987976074,0.040728610008955,-0.09206628799438477
1451578490754,2,0.14431773126125336,0.002747545251622796,0.05269581824541092
1451578490774,2,0.25906530022621155,0.12779782712459564,0.18301381170749664
1451578490796,2,0.17820994555950165,0.11932868510484695,0.2663865089416504
1451578490814,2,0.01872384361922741,0.023527005687355995,0.2972375750541687
1451578490834,2,-0.10107545554637909,0.011711188592016697,0.298799991607666
1451578490853,2,-0.0804857462644577,0.05409896373748779,0.3035731911659241
1451578490875,2,0.0010978052159771323,0.16946342587471008,0.3293319046497345
1451578490895,2,0.3110550045967102,0.12905044853687286,0.32643091678619385
1451578490916,1,0.09965240210294724,0.15707096457481384,0.2957230806350708
1451578490930,1,0.04427351430058479,0.20450462400913239,0.38450610637664795
1451578490957,1,0.13033655285835266,0.17116349935531616,0.4038642942905426
1451578490977,1,0.11463578045368195,-0.0029606034513562918,-0.22279812395572662
1451578490996,1,-0.140585258603096,0.23977088928222656,0.27878186106681824
1451578491011,1,0.35056641697883606,0.23486089706420898,1.2999720573425293
1451578491034,1,0.3939938545227051,-0.08211860805749893,1.2245920896530151
1451578491054,1,0.11106587946414948,-0.24830052256584167,0.4945511221885681
1451578491075,1,-0.29693302512168884,-0.10865765064954758,0.09617957472801208
1451578491097,1,-0.3901926279067993,-0.021015316247940063,-0.256487637758255
1451578491116,1,-0.22972404956817627,-0.06590425968170166,-0.4807599186897278
1451578491135,1,-0.27313071489334106,-0.18717063963413239,-0.9548866748809814
1451578491151,1,-0.5460287928581238,-0.18220746517181396,-0.6207979321479797
1451578491176,1,0.688315212726593,-0.13827654719352722,0.9860680103302002
1451578491197,1,0.4205586016178131,-0.4628928303718567,0.9370791912078857
1451578491216,1,-0.02936747670173645,-0.8544400930404663,-1.01541268825531
1451578491236,1,-0.7269640564918518,-4.109670639038086,2.419734239578247
1451578491257,1,-1.8587974309921265,1.1597981452941895,1.5847487449645996
1451578491277,1,2.630648374557495,0.9142796397209167,1.7564561367034912
1451578491298,1,5.220424652099609,2.242645502090454,0.40233927965164185
1451578491312,1,3.101083993911743,1.082927942276001,-0.9939847588539124
1451578491337,1,-0.7390045523643494,-1.13261079788208,-1.391594648361206
1451578491359,1,-4.242805480957031,-1.0154153108596802,-0.7539110779762268
1451578491379,1,-3.128305196762085,-0.005868892185389996,0.4051724672317505
1451578491398,1,-0.39735594391822815,0.6705541610717773,1.7190186977386475
1451578491418,1,0.975132942199707,-0.24354688823223114,0.5602467060089111
1451578491438,1,0.05911584198474884,-0.6830690503120422,-0.38554245233535767
1451578491459,1,-0.4675431251525879,-0.5839443802833557,-0.2979167699813843
1451578491484,1,-0.4653892517089844,-0.2107461541891098,0.14709143340587616
1451578491498,1,-0.3157837986946106,0.011992343701422215,0.29529404640197754
1451578491513,1,-7.793138502165675E-4,0.0031394672114402056,0.29164543747901917
1451578491538,1,0.01918737031519413,0.05123480409383774,0.26616963744163513
1451578491558,1,-0.16022132337093353,0.11616349965333939,0.2703869640827179
1451578491580,1,-0.2407332956790924,0.055130645632743835,0.14384207129478455
1451578491601,1,-0.2865900695323944,0.01666267402470112,0.03822480887174606
1451578491619,1,-0.24772432446479797,-0.023041268810629845,0.12465689331293106
1451578491638,1,-0.19975246489048004,-0.08931202441453934,0.2967313826084137
1451578491659,1,-0.17689964175224304,-0.15127484500408173,0.3824421465396881
1451578491680,1,-0.04516001418232918,-0.11727526038885117,0.5054232478141785
1451578491696,1,0.10600776225328445,-0.04610416665673256,0.5259931087493896
1451578491720,1,-0.15003705024719238,0.03640840947628021,0.3369640111923218
1451578491739,1,-0.2771783173084259,0.022042905911803246,-0.1564537137746811
1451578491760,1,-0.17089703679084778,0.07619038224220276,-0.15256547927856445
1451578491781,1,-0.06750424206256866,-0.004229308106005192,-0.10165245085954666
1451578491801,1,-0.11415990442037582,-0.10155396163463593,0.1452905237674713
1451578491820,1,-0.12009704113006592,-0.19068770110607147,0.3027975559234619
1451578491840,1,-0.24053196609020233,-0.09711655974388123,0.19716449081897736
1451578491860,1,-0.20273974537849426,-0.039571840316057205,0.20024433732032776
1451578491875,1,0.00965308677405119,0.023855507373809814,0.3145160377025604
1451578491900,1,-0.07313961535692215,-0.009909984655678272,0.15038521587848663
1451578491920,1,-0.22965331375598907,-0.05977671593427658,0.06624036282300949
1451578491941,1,-0.26996955275535583,-0.09424158930778503,0.10436346381902695
1451578491963,1,-0.22247861325740814,-0.08452946692705154,0.18049627542495728
1451578491982,1,-0.08659136295318604,-0.03193769231438637,0.2895891070365906
1451578492001,1,0.07178725302219391,0.014203005470335484,0.22800211608409882
1451578492021,1,0.07647482305765152,0.0408177487552166,0.08791150897741318
1451578492037,1,0.06862301379442215,0.10522358864545822,0.0929284617304802
1451578492064,1,-0.07490034401416779,0.19133038818836212,0.349791944026947
1451578492082,1,-0.0684625655412674,0.1535109430551529,0.3331453204154968
1451578492102,1,0.06921203434467316,0.10230623930692673,0.29669687151908875
1451578492122,1,0.15253573656082153,0.04018997400999069,0.13885493576526642
1451578492142,1,-0.0991012305021286,-0.020948972553014755,0.08238836377859116
1451578492164,1,-0.183656707406044,-0.062264442443847656,0.2359112799167633
1451578492183,1,-0.19165998697280884,-0.08048515766859055,0.1734182983636856
1451578492203,1,-0.22358722984790802,-0.05165683105587959,0.22052842378616333
1451578492223,1,-0.039842985570430756,-0.047384269535541534,0.2506079077720642
1451578492242,1,-0.006400806829333305,-0.0016010054387152195,0.11987316608428955
1451578492264,1,-0.007557502947747707,0.03753390535712242,0.018437573686242104
1451578492284,1,0.034876301884651184,0.06423953920602798,0.14425064623355865
1451578492302,1,-0.023273397237062454,0.08683277666568756,0.1482166349887848
1451578492323,1,-0.09564444422721863,0.0669444128870964,0.23746319115161896
1451578492343,1,-0.005211597308516502,0.00691957026720047,0.1821037083864212
1451578492364,1,0.0066330814734101295,0.025970308110117912,0.0809779092669487
1451578492383,1,0.05223485082387924,0.0491594597697258,0.21995501220226288
1451578492404,1,-0.07393047958612442,0.05607815459370613,0.2433522492647171
1451578492423,1,-0.036880992352962494,0.07603256404399872,0.2673988938331604
1451578492444,1,0.037545669823884964,0.0683387964963913,0.2218891829252243
1451578492465,1,0.07924089580774307,0.08500643819570541,0.19730244576931
1451578492484,1,-0.10770897567272186,0.07174918800592422,0.2766191363334656
1451578492503,1,-0.020948095247149467,0.1046922579407692,0.3988952934741974
1451578492520,1,0.022884616628289223,0.11822481453418732,0.3341366946697235
1451578492546,1,0.07766611874103546,0.08059972524642944,0.0974590927362442
1451578492569,1,0.04691080376505852,0.034586161375045776,-0.06673135608434677
1451578492585,1,0.004519084934145212,0.026099488139152527,-0.058352235704660416
1451578492605,1,-0.07481668144464493,-0.058382339775562286,0.13271920382976532
1451578492625,1,-0.14111220836639404,-0.06387246400117874,0.17789866030216217
1451578492646,1,-0.10436981916427612,-0.08550532162189484,0.1593932807445526
1451578492667,1,-0.12622341513633728,-0.06002660095691681,0.09145721793174744
1451578492685,1,-0.11856076866388321,-0.03448708355426788,0.13512392342090607
1451578492705,1,-0.07289653271436691,-0.0010948095005005598,0.29230478405952454
1451578492727,1,-0.08594773709774017,-0.01302314829081297,0.33051732182502747
1451578492746,1,-0.09973090887069702,0.05689181014895439,0.3593307435512543
1451578492766,1,-0.11627893894910812,0.05770984664559364,0.3048088848590851
1451578492785,1,-0.037480566650629044,0.09701339155435562,0.2505091428756714
1451578492805,1,0.1407918930053711,0.14324761927127838,0.29033318161964417
1451578492825,1,0.09386450052261353,0.11357815563678741,0.14856384694576263
1451578492847,1,0.10451091080904007,0.12378975749015808,0.1038140133023262
1451578492866,1,0.07664451748132706,0.10168313980102539,0.002962941536679864
1451578492886,1,-0.02791924960911274,0.1084168329834938,0.04562252014875412
1451578492906,1,-0.04957593232393265,0.03268354386091232,0.19641456007957458
1451578492927,1,-0.10031740367412567,-0.0075476388446986675,0.18766601383686066
1451578492949,2,0.019315015524625778,-0.016634324565529823,0.12540683150291443
1451578492970,2,0.10235752910375595,0.05444207787513733,0.04262567684054375
1451578492982,2,0.021070552989840508,0.02257014438509941,0.04181962087750435
1451578493008,2,-0.11193696409463882,-0.06289689242839813,0.12709493935108185
1451578493027,2,-0.13878019154071808,0.04095569625496864,0.42164546251296997
1451578493047,2,-0.016057109460234642,0.059927813708782196,0.3895312249660492
1451578493068,2,-0.10638590902090073,0.025360358878970146,0.17908698320388794
1451578493086,2,-0.16739334166049957,-0.008591010235249996,0.08978256583213806
1451578493107,2,-0.07626074552536011,-0.012441548518836498,0.09053309261798859
1451578493123,2,-0.025303879752755165,0.03461860120296478,0.250738263130188
1451578493149,2,-0.01798340119421482,0.008058803156018257,0.24853987991809845
1451578493168,2,-0.056752800941467285,-0.049515433609485626,0.13288754224777222
1451578493189,2,-0.18676184117794037,-0.13112199306488037,0.00988075789064169
1451578493209,2,-0.3061792850494385,-0.15984511375427246,0.030284663662314415
1451578493229,2,-0.37982693314552307,-0.15549100935459137,0.10727379471063614
1451578493252,2,-0.6088827848434448,-0.2711860239505768,0.3098497986793518
1451578493269,2,-0.5706644654273987,-0.3200792372226715,0.5098199844360352
1451578493288,2,-2.624354839324951,-0.8089780211448669,-1.866054654121399
1451578493309,2,5.575162410736084,-1.9245548248291016,-0.5588544011116028
1451578493324,2,-4.410717010498047,1.854581594467163,0.06815700978040695
1451578493354,2,-0.5481789112091064,1.9547616243362427,-0.5229787826538086
1451578493365,2,-0.4542679488658905,-0.9287886619567871,-1.1770230531692505
1451578493385,2,0.19127905368804932,-1.7223615646362305,-0.10648644715547562
1451578493405,2,1.3743387460708618,-1.2582050561904907,2.3383898735046387
1451578493431,2,1.3443894386291504,-0.2869815528392792,3.137948513031006
1451578493445,2,-0.49698543548583984,-0.06785480678081512,-1.398917555809021
1451578493470,2,-0.527302086353302,-0.26487112045288086,-2.176506519317627
1451578493489,2,-0.3671550154685974,-0.1681523323059082,-1.4836182594299316
1451578493510,2,-0.380829393863678,0.03003332018852234,-0.16037702560424805
1451578493532,2,-0.33232247829437256,-0.1247100830078125,0.5804553627967834
1451578493550,2,-0.1111857071518898,-0.36187341809272766,0.6067097783088684
1451578493570,2,0.4287111163139343,0.042408525943756104,-0.014584990218281746
1451578493591,2,0.3152755796909332,0.2763739228248596,-0.3289431929588318
1451578493613,2,0.26037782430648804,0.4422226846218109,-0.5390326380729675
1451578493632,2,0.06081570312380791,0.4256912171840668,-0.19110007584095
1451578493651,2,0.1649978905916214,0.4513169527053833,0.3142278790473938
1451578493670,2,0.5761621594429016,0.2918006479740143,0.5455284714698792
1451578493691,2,0.7658502459526062,-0.09808336198329926,0.6482371091842651
1451578493706,2,0.24479393661022186,0.5208756327629089,0.4317968487739563
1451578493733,2,0.4502757489681244,0.48535776138305664,0.10037702322006226
1451578493755,2,0.3430984914302826,0.27156418561935425,0.008602408692240715
1451578493772,2,0.04981222376227379,0.154799222946167,0.18390461802482605
1451578493792,2,0.028128398582339287,0.1739768087863922,0.3540314733982086
1451578493815,2,-0.02043839357793331,0.11445610970258713,0.315421462059021
1451578493828,2,-0.2019662708044052,-0.1282353401184082,0.7923620939254761
1451578493851,2,-0.14227570593357086,-0.07367460429668427,0.731788694858551
1451578493872,2,-0.23589660227298737,0.1308911144733429,0.15872283279895782
1451578493892,2,-0.28990307450294495,0.26893240213394165,-0.045095279812812805
1451578493908,2,-0.030528848990797997,0.2714250683784485,0.04658054932951927
1451578493928,2,0.30391716957092285,0.19574381411075592,0.18947920203208923
1451578493952,2,0.33866435289382935,0.14440350234508514,0.1272130012512207
1451578493972,2,0.3145526051521301,0.08826368302106857,0.08661562204360962
1451578493993,2,-0.0682186707854271,0.048465047031641006,-0.2737923860549927
1451578494013,2,-0.14507059752941132,0.10364654660224915,-0.21248482167720795
1451578494036,2,-0.1068652868270874,0.0659051388502121,-0.0922270342707634
1451578494052,2,-0.06237813085317612,0.008595102466642857,-0.053245268762111664
1451578494073,2,0.02802439033985138,-0.03182604908943176,-0.00845394004136324
1451578494089,2,0.21053624153137207,-0.06202069669961929,0.07289572805166245
1451578494118,2,0.17634017765522003,-0.007936346344649792,0.22866320610046387
1451578494134,2,0.09436382353305817,0.0631885677576065,0.295734167098999
1451578494154,2,-2.500292321201414E-4,0.15457506477832794,0.26005497574806213
1451578494175,2,-0.059285424649715424,0.20118308067321777,0.16846798360347748
1451578494196,2,0.12403321266174316,0.27201369404792786,0.330486923456192
1451578494216,2,0.29461270570755005,0.23909196257591248,0.5304524302482605
1451578494234,2,0.21219559013843536,0.10769465565681458,0.4342956840991974
1451578494255,2,0.05926357954740524,0.04134615510702133,0.33803486824035645
1451578494276,2,0.05778481066226959,0.05188713222742081,0.34980422258377075
1451578494296,2,0.02291135862469673,0.08265841007232666,0.15409399569034576
1451578494311,2,-0.12397431582212448,0.15243864059448242,-0.16203121840953827
1451578494338,2,0.013723405078053474,0.14472995698451996,0.1617196798324585
1451578494359,2,0.08397066593170166,0.07557079195976257,0.3510024845600128
1451578494377,2,0.11797872930765152,0.03135580196976662,0.32221534848213196
1451578494396,2,0.027657896280288696,0.016378303989768028,0.029842181131243706
1451578494416,2,-0.06272577494382858,0.06456132233142853,0.06685527414083481
1451578494431,2,-0.038946181535720825,0.05501081794500351,0.12347440421581268
1451578494456,2,-0.10663637518882751,0.08177987486124039,0.08715630322694778
1451578494476,2,-0.0014899462694302201,0.11590484529733658,0.26747313141822815
1451578494496,2,0.049485478550195694,0.10727642476558685,0.34110593795776367
1451578494518,2,-0.15178535878658295,-0.03145166113972664,0.09132394939661026
1451578494536,2,-0.2040375918149948,-0.05430734530091286,-0.10991349816322327
1451578494557,2,-0.07102496176958084,0.005258943419903517,-0.08936521410942078
1451578494576,2,0.04116188734769821,0.11449965834617615,-0.004243629053235054
1451578494599,2,0.0738360732793808,0.12435644865036011,-0.0026245033368468285
1451578494618,2,0.04943155497312546,0.05530979856848717,0.15571196377277374
1451578494632,2,0.06961692124605179,0.030075404793024063,0.6253682971000671
1451578494657,2,-0.023308029398322105,0.09508856385946274,0.4005284309387207
1451578494680,2,-0.09956139326095581,0.19927169382572174,0.17964403331279755
1451578494699,2,0.007511690724641085,0.2833990156650543,0.07576221972703934
1451578494717,2,-0.031509239226579666,0.19843144714832306,0.0952998623251915
1451578494737,2,-0.13442060351371765,0.1385892629623413,0.30653905868530273
1451578494758,2,0.10629341006278992,0.12926876544952393,0.7666536569595337
1451578494773,2,0.23997023701667786,0.17350509762763977,0.9140502214431763
1451578494801,2,0.499656617641449,0.20297960937023163,0.5415928363800049
1451578494813,2,0.1820138692855835,-0.010808979161083698,-0.31634268164634705
1451578494838,2,-0.37225255370140076,0.18521833419799805,-0.46941667795181274
1451578494860,2,-0.19912323355674744,0.12768442928791046,-0.3417758047580719
1451578494879,2,0.3626265823841095,0.12582886219024658,0.3158388137817383
1451578494898,2,0.4710225462913513,0.0279240719974041,0.5960446000099182
1451578494919,2,0.251863569021225,-0.1894131451845169,0.3143143653869629
1451578494939,2,-0.23754100501537323,-0.04077741503715515,0.1582411825656891
1451578494959,2,-0.28994128108024597,0.14917466044425964,0.030552959069609642
