1451646533953,1,-0.062046926468610764,0.06267652660608292,0.06168518215417862
1451646533963,1,-0.062046926468610764,0.06267652660608292,0.06168518215417862
1451646533981,1,-0.062046926468610764,0.06267652660608292,0.06168518215417862
1451646534001,1,-0.062046926468610764,0.06267652660608292,0.06168518215417862
1451646534020,1,-0.062046926468610764,0.06267652660608292,0.06168518215417862
1451646534041,1,-0.062046926468610764,0.06267652660608292,0.06168518215417862
1451646534060,1,-0.8822174668312073,-2.570603370666504,1.6343588829040527
1451646534080,1,-0.10343433171510696,-0.16135814785957336,0.08855974674224854
1451646534101,1,-0.3261568248271942,-0.06016980856657028,0.24165187776088715
1451646534130,1,-0.1849760115146637,-0.1502373218536377,0.40703943371772766
1451646534149,1,-0.07605992257595062,-0.15235796570777893,0.5102630853652954
1451646534166,1,0.08135679364204407,0.007200432941317558,0.8689221739768982
1451646534186,1,0.1753571480512619,-0.1918003410100937,1.0761836767196655
1451646534209,1,0.1665366142988205,-0.3380281329154968,1.1074433326721191
1451646534228,1,0.09887932986021042,-0.13639789819717407,0.6888771653175354
1451646534248,1,0.4488782286643982,0.06486614793539047,-0.9118892550468445
1451646534267,1,0.0471162274479866,-0.39519643783569336,-1.1192846298217773
1451646534287,1,-0.5960081815719604,-0.2569958567619324,0.7883715629577637
1451646534309,1,-0.6719673871994019,-0.210444837808609,0.8077718615531921
1451646534328,1,-0.1600961685180664,-0.3516670763492584,0.5404015779495239
1451646534347,1,1.0940531492233276,-0.5834868550300598,0.5272855162620544
1451646534367,1,1.3721530437469482,-0.656359076499939,0.6871989965438843
1451646534387,1,-0.23398463428020477,-0.24551263451576233,0.9006325006484985
1451646534409,1,-1.076416015625,0.23143866658210754,1.27926766872406
1451646534428,1,-1.6251705884933472,0.48975175619125366,1.5170512199401855
1451646534442,1,-1.775803565979004,0.4481115937232971,1.0758850574493408
1451646534467,1,-1.7535759210586548,0.4172619879245758,0.5179717540740967
1451646534487,1,-1.632338285446167,0.5632385611534119,-0.07056698948144913
1451646534509,1,-1.3076024055480957,0.6837944388389587,0.08233867585659027
1451646534529,1,-1.0278019905090332,0.8365545868873596,0.2699725329875946
1451646534543,1,-1.463851809501648,1.366701602935791,0.0885474681854248
1451646534568,1,-0.34144657850265503,-0.11200828105211258,0.3494797945022583
1451646534589,1,-0.16402912139892578,-0.6083275675773621,-0.4490484297275543
1451646534609,1,2.057861328125,0.4018332362174988,-0.2855927348136902
1451646534629,1,1.2262846231460571,1.3516907691955566,0.3865700364112854
1451646534648,1,1.4305782318115234,1.3944313526153564,1.012992262840271
1451646534668,1,0.992805540561676,0.5739216208457947,0.8425719738006592
1451646534689,1,0.8595865964889526,0.2353929579257965,-0.1538403183221817
1451646534710,1,0.3908110558986664,0.1264827996492386,0.18048925697803497
1451646534730,1,-0.653075635433197,-0.034757133573293686,0.36647361516952515
1451646534749,1,-1.2539840936660767,-0.45710328221321106,1.0323240756988525
1451646534768,1,-0.8650622963905334,-0.5086773037910461,1.2341068983078003
1451646534790,1,-0.4674946367740631,-0.36331674456596375,1.0781623125076294
1451646534811,1,0.2148817926645279,0.07309066504240036,0.9141933917999268
1451646534832,1,0.3831121027469635,0.19779826700687408,0.6382488012313843
1451646534849,1,0.5753576755523682,0.3506612777709961,0.403267502784729
1451646534870,1,0.652324378490448,0.36434462666511536,0.0866045206785202
1451646534893,1,0.5104303956031799,0.2688721716403961,0.22296880185604095
1451646534912,1,0.13809935748577118,0.07128434628248215,0.7379974722862244
1451646534931,1,-0.10106530040502548,-0.014905893243849277,0.6878431439399719
1451646534951,1,-0.14902721345424652,-0.13681714236736298,0.3616209030151367
1451646534971,1,-0.29143092036247253,0.04506999999284744,0.41232702136039734
1451646534993,1,-0.0906086415052414,0.17312881350517273,0.20953765511512756
1451646535014,1,-0.09152049571275711,0.2280149757862091,0.03230009600520134
1451646535032,1,-0.32840806245803833,-0.15530337393283844,0.037712182849645615
1451646535051,1,-0.1531381607055664,-0.051056381314992905,0.531774640083313
1451646535071,1,-0.08221694827079773,0.13153481483459473,0.6291635632514954
1451646535093,1,0.24996714293956757,0.2394559681415558,0.27621990442276
1451646535112,1,0.23380927741527557,0.03215031325817108,0.11681319773197174
1451646535131,1,-0.15876126289367676,0.13379165530204773,0.3520253896713257
1451646535152,1,0.043113019317388535,0.10816416889429092,0.40197980403900146
1451646535171,1,0.013820728287100792,0.13808949291706085,0.547325849533081
1451646535193,1,-0.07222381979227066,0.22829613089561462,0.3140536844730377
1451646535215,1,-0.18564781546592712,0.021005671471357346,0.04528875648975372
1451646535232,1,-0.14471535384655,0.09130831062793732,0.3140992820262909
1451646535252,1,0.28177395462989807,0.13996610045433044,0.6472773551940918
1451646535272,1,0.20983189344406128,-0.0014221417950466275,0.2577519416809082
1451646535294,1,0.055060647428035736,0.04506839066743851,0.3835580050945282
1451646535308,1,-0.05365282669663429,0.009967267513275146,0.5089794397354126
1451646535332,1,-0.16498173773288727,0.057647887617349625,0.5177350044250488
1451646535353,1,0.11750073730945587,0.16700725257396698,0.5732452869415283
1451646535373,1,0.292831152677536,0.17904095351696014,0.25108546018600464
1451646535394,1,0.15903539955615997,0.16700199246406555,0.14025019109249115
1451646535414,1,0.05856982618570328,0.2718579173088074,0.261575311422348
1451646535429,1,0.1097758412361145,-0.039878569543361664,0.13015373051166534
1451646535454,1,0.021138211712241173,0.1372184157371521,0.46008947491645813
1451646535475,1,0.027854515239596367,0.15691548585891724,0.5847276449203491
1451646535495,1,-0.22011618316173553,-0.1289566308259964,0.40255963802337646
1451646535514,1,-0.3385457396507263,-0.22942696511745453,0.4908166229724884
1451646535534,1,-0.2476533055305481,-0.2318316102027893,0.4406734108924866
1451646535554,1,-2.2678704261779785,-0.6157517433166504,-0.284178763628006
1451646535576,1,-0.04942921921610832,-0.3896534740924835,0.5602589845657349
1451646535595,1,0.7610838413238525,0.18730930984020233,0.925685703754425
1451646535614,1,1.201145887374878,0.929328441619873,1.5451093912124634
1451646535630,1,1.4224427938461304,0.9290654063224792,1.0660101175308228
1451646535655,1,1.1309765577316284,0.2939247786998749,-0.8456085324287415
1451646535676,1,-0.5483114719390869,0.031465835869312286,-0.12572188675403595
1451646535695,1,-0.7991278171539307,-0.29264211654663086,0.5988456010818481
1451646535716,1,-0.6434681415557861,-0.38206878304481506,0.5798562169075012
1451646535735,1,-0.6784551739692688,-0.32735490798950195,0.7638421058654785
1451646535755,1,-0.6412560343742371,-0.34031426906585693,0.838171660900116
1451646535776,1,-0.5629022121429443,-0.3494623303413391,0.8255571126937866
1451646535796,1,-0.10968509316444397,-0.020245207473635674,0.4759925603866577
1451646535816,1,0.05472907796502113,0.05837934464216232,0.028083354234695435
1451646535836,1,0.15154489874839783,0.103861503303051,0.041003625839948654
1451646535856,1,0.07990720868110657,0.16654381155967712,0.49529871344566345
1451646535878,1,0.04457549378275871,0.0189901664853096,0.49459847807884216
1451646535899,1,-0.041984014213085175,0.05027144029736519,0.22196342051029205
1451646535916,1,-0.114474818110466,0.05441058799624443,0.06122224032878876
1451646535936,1,-0.12261194735765457,-0.041077859699726105,0.25702187418937683
1451646535957,1,-0.15384192764759064,-0.06395655870437622,0.6056956052780151
1451646535980,2,-0.2769670784473419,-0.1170923039317131,0.6804688572883606
1451646536000,2,-0.07347936928272247,-0.030843466520309448,0.28527534008026123
1451646536017,2,0.04017696529626846,0.10676533728837967,0.29632511734962463
1451646536038,2,-0.044460780918598175,0.14668138325214386,0.3380933105945587
1451646536059,2,-0.2733128070831299,0.09405052661895752,-0.011785130947828293
1451646536078,2,-0.03043123334646225,-0.007044438738375902,0.09469781070947647
1451646536097,2,0.20161263644695282,0.22080285847187042,0.6295908689498901
1451646536113,2,-0.06195289269089699,0.030875323340296745,0.3993634879589081
1451646536137,2,-0.39891090989112854,0.0568181574344635,0.11452829837799072
1451646536159,2,0.05251710116863251,0.019908230751752853,0.05817161872982979
1451646536179,2,-0.26104703545570374,0.14196984469890594,0.008489011786878109
1451646536198,2,-0.4780585467815399,-0.04569835960865021,0.11819441616535187
1451646536218,2,-0.4696415662765503,0.019006168469786644,0.24933366477489471
1451646536238,2,-0.15592056512832642,-0.09000643342733383,0.7935223579406738
1451646536260,2,-0.11067578941583633,-0.011344547383487225,0.6499789953231812
1451646536280,2,0.11809907108545303,-0.03630553185939789,0.54108726978302
1451646536299,2,-0.23000995814800262,0.08962751924991608,0.6902776956558228
1451646536314,2,0.2398233413696289,0.20426219701766968,0.32741525769233704
1451646536339,2,0.3220928907394409,0.17569047212600708,0.24143560230731964
1451646536359,2,0.3703562319278717,0.243886798620224,0.17850947380065918
1451646536379,2,0.40594983100891113,-0.10850377380847931,0.3806084990501404
1451646536399,2,0.43234264850616455,-0.09542553871870041,0.6043605804443359
1451646536422,2,0.10299304872751236,0.04984744265675545,0.5979004502296448
1451646536439,2,-0.38356122374534607,0.28409209847450256,0.3261006772518158
1451646536461,2,-0.6132634282112122,0.32623234391212463,0.09579145163297653
1451646536480,2,-0.48334160447120667,-0.10195976495742798,-0.10222996026277542
1451646536494,2,-0.5122007131576538,-0.15839330852031708,-0.1751350313425064
1451646536519,2,-0.170988067984581,0.300425261259079,0.2552408277988434
1451646536540,2,0.0107951695099473,0.11988529562950134,0.48059508204460144
1451646536561,2,-0.12430830299854279,-0.11214315891265869,0.2816460430622101
1451646536579,2,-0.16116854548454285,0.29994872212409973,0.5577496290206909
1451646536600,2,0.4350859522819519,-0.10879325866699219,0.5338935256004333
1451646536620,2,0.1338905543088913,0.3008331060409546,0.24429741501808167
1451646536640,2,0.2328038215637207,0.19481632113456726,0.06441197544336319
1451646536662,2,-0.15581117570400238,0.681402325630188,0.13536123931407928
1451646536683,2,0.010834953747689724,0.12557078897953033,0.7282359600067139
1451646536696,2,-0.07312953472137451,0.01831730827689171,0.7154209017753601
1451646536720,2,-0.051533713936805725,-0.06211962550878525,0.25621581077575684
1451646536742,2,-0.2810402512550354,0.047669075429439545,0.02334112860262394
1451646536762,2,-0.22398316860198975,0.10473112761974335,0.46362465620040894
1451646536780,2,-0.21176786720752716,-0.013725451193749905,0.5405547618865967
1451646536801,2,-0.08017996698617935,-0.22330154478549957,0.17137013375759125
1451646536821,2,0.15887629985809326,-0.3308762311935425,0.6531395316123962
1451646536843,2,-0.1998465359210968,-0.2588333189487457,0.8898562788963318
1451646536862,2,-0.21501615643501282,0.1980060636997223,0.98282390832901
1451646536882,2,0.3040330708026886,0.05077347159385681,0.860177755355835
1451646536901,2,1.0955874919891357,-0.10399594157934189,0.5119219422340393
1451646536922,2,-0.4958583414554596,-0.5835396647453308,0.23664076626300812
1451646536944,2,-0.12556298077106476,1.0218499898910522,-0.6006178855895996
1451646536964,2,-0.9013574719429016,1.8096567392349243,-0.5374526977539063
1451646536977,2,0.12425247579813004,0.4013124108314514,-0.3863964378833771
1451646537003,2,0.12911036610603333,0.3439408540725708,-0.33498015999794006
1451646537023,2,-0.09665873646736145,0.41200757026672363,0.12114625424146652
1451646537044,2,-0.2120567262172699,-0.3244819939136505,0.647879421710968
1451646537064,2,-0.196211576461792,-0.131268709897995,1.0232511758804321
1451646537083,2,-0.2131974995136261,-0.6172265410423279,0.8753145337104797
1451646537102,2,-0.13792619109153748,-0.6759756207466125,0.33303311467170715
1451646537123,2,0.01366400346159935,-0.3945721685886383,0.26786768436431885
1451646537144,2,-0.06186813488602638,0.09336553514003754,0.6325374245643616
1451646537163,2,-0.08282770216464996,-0.0799018070101738,0.3091413676738739
1451646537182,2,0.10725311934947968,-0.03352583944797516,0.12041560560464859
1451646537204,2,0.06414192914962769,0.10847776383161545,0.05505553260445595
1451646537224,2,0.12692461907863617,0.17147314548492432,0.012263854034245014
1451646537245,2,-0.08573058247566223,0.04988602176308632,0.47041094303131104
1451646537265,2,-0.0774657353758812,-0.076891228556633,0.4585188627243042
1451646537284,2,-0.07402144372463226,0.03556187450885773,0.4419856369495392
1451646537304,2,0.032644014805555344,0.09803689271211624,0.22299744188785553
1451646537320,2,0.11317557096481323,0.10708251595497131,0.035038579255342484
1451646537345,2,0.02852276898920536,0.1786263883113861,0.25238311290740967
1451646537366,2,-0.04628507420420647,0.06840571761131287,0.4931880235671997
1451646537380,2,0.009038973599672318,-0.027272330597043037,0.5284884572029114
1451646537405,2,0.08918094635009766,0.05645414814352989,0.2357148826122284
1451646537427,2,0.014531579799950123,0.018477030098438263,0.18168635666370392
1451646537448,2,-0.03083360381424427,0.03165186196565628,0.2545844316482544
1451646537465,2,-0.041168827563524246,0.025547845289111137,0.2328752726316452
1451646537485,2,0.1749289184808731,0.03568637743592262,0.2365758866071701
1451646537505,2,-0.09918262809515,0.08864771574735641,0.31212592124938965
1451646537528,2,-0.05052570626139641,0.028722383081912994,0.18366438150405884
1451646537546,2,-0.005888985004276037,0.011474311351776123,0.278403103351593
1451646537565,2,-0.07856982946395874,0.07323387265205383,0.5771674513816833
1451646537585,2,-0.05008380860090256,0.07257920503616333,0.21112580597400665
1451646537605,2,-0.039073098450899124,0.001722878310829401,0.12047405540943146
1451646537628,2,-0.04870492219924927,0.026179712265729904,0.24686872959136963
1451646537646,2,-0.0056730774231255054,0.06067892536520958,0.26874738931655884
1451646537666,2,-0.05970185995101929,0.0739322304725647,0.27664077281951904
1451646537686,2,0.06990626454353333,0.03262070566415787,0.24813714623451233
1451646537707,2,-0.03321889042854309,0.09036825597286224,0.33010056614875793
1451646537728,2,-0.10635025054216385,5.626023048534989E-4,0.3170925974845886
1451646537742,2,-0.06344568729400635,-0.055249303579330444,0.21703414618968964
1451646537767,2,-0.1006510928273201,-0.026721710339188576,0.10138532519340515
1451646537787,2,-0.17507877945899963,0.0031676702201366425,0.20825111865997314
1451646537806,2,-0.21686193346977234,-0.07184753566980362,0.38478726148605347
1451646537828,2,-0.14016257226467133,-0.10023191571235657,0.2232610583305359
1451646537848,2,-0.014534794725477695,0.1183452233672142,0.22495676577091217
1451646537863,2,0.0932481586933136,0.16025003790855408,0.13375204801559448
1451646537886,2,0.1717529594898224,0.07136325538158417,0.10154957324266434
1451646537907,2,-0.24923093616962433,0.005162789486348629,0.5185802578926086
1451646537929,2,0.0201896782964468,-0.01198343001306057,0.45840078592300415
1451646537947,2,0.010255728848278522,1.0506781109143049E-4,0.36113983392715454
1451646537963,2,-0.02457432448863983,0.11216653883457184,0.35221654176712036
1451646537987,1,0.13981424272060394,0.1474805772304535,0.2283317893743515
1451646538009,1,0.05665825679898262,-0.1703951507806778,0.26219314336776733
1451646538033,1,-0.07954692840576172,-0.0432429313659668,0.5297954678535461
1451646538048,1,-0.02552534081041813,0.1709713339805603,0.44721361994743347
1451646538068,1,-0.010011399164795876,0.2414303421974182,0.09953706711530685
1451646538088,1,0.015907617285847664,0.16488179564476013,0.04622983559966087
1451646538111,1,-0.05888437107205391,0.08697305619716644,0.023626375943422318
1451646538131,1,-0.034665729850530624,0.10715966671705246,0.24655717611312866
1451646538148,1,-0.04201214760541916,-0.10733546316623688,0.4835089147090912
1451646538169,1,-0.08786803483963013,-0.041046589612960815,0.6214642524719238
1451646538189,1,0.014079525135457516,0.08657661080360413,0.45970192551612854
1451646538211,1,-0.012151552364230156,0.12025544047355652,0.29864683747291565
1451646538229,1,0.0020105361472815275,0.11012991517782211,0.2762655019760132
1451646538249,1,0.00772708747535944,0.059310998767614365,0.1545715630054474
1451646538269,1,-0.06831329315900803,0.013947423547506332,0.2693956196308136
1451646538290,1,-0.10717559605836868,-0.01157660223543644,0.410626620054245
1451646538311,1,0.04848426580429077,-0.05532616749405861,0.35175415873527527
1451646538331,1,0.08542999625205994,0.004426730331033468,0.011306406930088997
1451646538350,1,0.13371022045612335,0.07861381024122238,0.36471185088157654
1451646538370,1,-0.2187085896730423,-0.06622355431318283,0.48406654596328735
1451646538392,1,-0.0745546743273735,-0.11487755179405212,0.32225334644317627
1451646538412,1,-0.24661175906658173,0.03867576643824577,0.7210679650306702
1451646538432,1,-0.1915891468524933,0.03870923072099686,0.5488181114196777
1451646538450,1,0.0788261666893959,-0.016678163781762123,0.24414661526679993
1451646538470,1,-0.3844382166862488,0.22364655137062073,0.17671208083629608
1451646538492,1,-0.5112040638923645,-0.1479223221540451,-0.18935704231262207
1451646538513,1,-0.067315012216568,0.012221183627843857,-0.34249359369277954
1451646538526,1,0.13047108054161072,0.09754530340433121,-0.011391162872314453
1451646538546,1,0.3917928636074066,0.029383623972535133,0.9682190418243408
1451646538572,1,0.4458073377609253,0.1352706402540207,1.0066109895706177
1451646538593,1,0.17081424593925476,0.11359437555074692,0.7346686124801636
1451646538615,1,0.12768910825252533,0.11066928505897522,0.2891547977924347
1451646538631,1,-0.01752663403749466,-0.031068800017237663,0.28955286741256714
1451646538652,1,0.016908181831240654,0.05133519694209099,0.44985973834991455
1451646538672,1,-0.0882418304681778,-0.13547120988368988,0.5960258841514587
1451646538694,1,-0.08766933530569077,-0.11846541613340378,0.6623439788818359
1451646538713,1,0.09809315204620361,-0.013808599673211575,0.6749328374862671
1451646538733,1,0.058876316994428635,-0.13682831823825836,0.6378507614135742
1451646538753,1,0.7052160501480103,-0.29635414481163025,1.028590202331543
1451646538772,1,-0.39110684394836426,-0.5789631009101868,-0.20891280472278595
1451646538794,1,-9.385905265808105,0.8430951237678528,-1.872466802597046
1451646538815,1,0.7154182195663452,-0.8803287148475647,-0.20271103084087372
1451646538834,1,1.2339849472045898,0.7873079180717468,-0.519978404045105
1451646538853,1,1.8256977796554565,0.951511800289154,0.1268044263124466
1451646538877,1,1.7805417776107788,0.20374548435211182,0.8587906956672668
1451646538895,1,2.1664884090423584,0.7003500461578369,0.5689712762832642
1451646538915,1,2.2677366733551025,0.0057790218852460384,0.09350830316543579
1451646538933,1,-0.4655589759349823,0.05334463715553284,-0.6825900673866272
1451646538954,1,-1.4481606483459473,-0.41610345244407654,-0.34906303882598877
1451646538974,1,0.14390257000923157,-0.9833236336708069,0.27931728959083557
1451646538995,1,-0.12283830344676971,-0.37675681710243225,1.5040689706802368
1451646539015,1,-0.09498050063848495,-0.4668709337711334,2.587406635284424
1451646539033,1,-0.06328735500574112,-0.6434280276298523,1.7636107206344604
1451646539050,1,-0.24520424008369446,-0.6276999711990356,0.6903232932090759
1451646539075,1,0.07733714580535889,-0.329738587141037,-0.6153057217597961
1451646539095,1,1.0228112936019897,1.0184038877487183,-0.041361354291439056
1451646539116,1,1.4244540929794312,0.4849059283733368,0.7121616005897522
1451646539135,1,0.8269564509391785,0.2878749966621399,0.7373913526535034
1451646539155,1,0.13429690897464752,0.006931260693818331,0.2857680916786194
1451646539176,1,0.037475526332855225,-0.12518179416656494,0.18561843037605286
1451646539197,1,0.07181304693222046,0.003410100704059005,0.3694301247596741
1451646539215,1,0.11000446230173111,0.0078778937458992,0.26269757747650146
1451646539235,1,0.12421178072690964,-0.03181523457169533,0.21150749921798706
1451646539255,1,0.17933446168899536,-0.042832449078559875,0.4359598159790039
1451646539277,1,0.2243521511554718,0.010150515474379063,0.5352952480316162
1451646539297,1,0.4733809530735016,0.1148587018251419,0.28867608308792114
1451646539316,1,0.3944302499294281,0.14358575642108917,0.31954994797706604
1451646539330,1,0.31218159198760986,0.08695946633815765,0.26309096813201904
1451646539356,1,0.009055194444954395,-0.05732552334666252,0.2559013366699219
1451646539377,1,-0.21850034594535828,-0.10631226003170013,0.22665713727474213
1451646539396,1,-0.10823255777359009,-0.10322291404008865,0.24307577311992645
1451646539415,1,0.009806524030864239,-0.014900047332048416,0.615576982498169
1451646539436,1,0.23725458979606628,0.11802461743354797,0.1320195347070694
1451646539457,1,0.6417776942253113,0.023377807810902596,0.09641572088003159
1451646539478,1,0.13394451141357422,0.1458202451467514,0.1264198124408722
1451646539498,1,0.22519831359386444,0.07710369676351547,0.31477147340774536
1451646539512,1,0.11936938017606735,0.08072306215763092,0.18072013556957245
1451646539537,1,0.17682641744613647,0.08568447828292847,-0.04338029399514198
1451646539559,1,-0.03161138296127319,-0.006102262530475855,0.047183193266391754
1451646539572,1,-0.09682941436767578,-0.028937634080648422,0.0943862572312355
1451646539597,1,0.08542283624410629,-0.03518909588456154,0.4161866009235382
1451646539617,1,0.147169828414917,-0.024454789236187935,0.4574474096298218
1451646539637,1,0.13665500283241272,0.003768120426684618,0.3019575774669647
1451646539660,1,0.009320713579654694,0.023692280054092407,0.09285364300012589
1451646539679,1,-0.03967434912919998,0.08083952218294144,-0.0010480477940291166
1451646539699,1,0.23700730502605438,0.09927008301019669,-0.04215747117996216
1451646539717,1,-0.052123937755823135,-0.0859067440032959,0.2428431361913681
1451646539739,1,0.4189260005950928,-0.023864274844527245,0.6013718843460083
1451646539760,1,0.23293642699718475,0.08353197574615479,0.4163128733634949
1451646539779,1,-0.0229506678879261,0.046548549085855484,0.3943973779678345
1451646539799,1,-0.225358247756958,-0.04283449426293373,0.41068801283836365
1451646539819,1,-0.20340360701084137,-0.0974307432770729,0.4162672758102417
1451646539839,1,-0.04710311442613602,-0.031816259026527405,0.28411856293678284
1451646539854,1,0.00441401731222868,-0.03857537731528282,0.21009236574172974
1451646539881,1,-0.04066372662782669,0.0020326748490333557,0.32780924439430237
1451646539894,1,0.11975878477096558,0.0430152602493763,0.31945642828941345
1451646539919,1,0.14455807209014893,0.1548604518175125,0.18664953112602234
1451646539939,1,0.07873590290546417,0.09955679625272751,0.08333528786897659
1451646539962,1,0.030280718579888344,0.027654461562633514,0.13947920501232147
1451646539980,1,0.008914397098124027,-0.0377625972032547,0.2727127969264984
1451646540008,2,3.7080608308315277E-4,-0.017569851130247116,0.3932020366191864
1451646540028,2,-0.0217964556068182,-0.015128595754504204,0.42254796624183655
1451646540044,2,0.01156995352357626,-0.026139672845602036,0.3745744824409485
1451646540055,2,-0.007493205368518829,0.004394289571791887,0.1800660640001297
1451646540077,2,-0.004366159439086914,0.022191666066646576,0.2842635214328766
1451646540100,2,0.04001929238438606,0.030239509418606758,0.31453007459640503
1451646540120,2,0.07891937345266342,0.04320639744400978,0.26786360144615173
1451646540140,2,0.0762481763958931,0.07217033207416534,0.2292325347661972
1451646540162,2,0.12069310247898102,0.07269669324159622,0.20921558141708374
1451646540180,2,0.07287793606519699,0.07139496505260468,0.2870247960090637
1451646540201,2,0.05131225660443306,0.011203823611140251,0.3682289123535156
1451646540221,2,-0.015880875289440155,0.07234466820955276,0.32736966013908386
1451646540242,2,0.04737279564142227,0.033746056258678436,0.14885784685611725
1451646540262,2,0.023190686479210854,0.08729425072669983,0.10442133247852325
1451646540282,2,-0.024639423936605453,0.06718582659959793,0.1537245810031891
1451646540301,2,-0.08505648374557495,-0.0580279715359211,0.2040308713912964
1451646540322,2,-0.08313004672527313,-0.07819719612598419,0.23647944629192352
1451646540344,2,-0.10976912081241608,-0.04321925714612007,0.30380526185035706
1451646540363,2,-0.1071021631360054,-0.013027239590883255,0.162512868642807
1451646540382,2,-0.012510157190263271,0.03869564086198807,0.20487025380134583
1451646540402,2,0.010137070901691914,0.024370910599827766,0.15852057933807373
1451646540422,2,0.04487984627485275,0.036503247916698456,0.07054360955953598
1451646540445,2,-0.12447299063205719,0.10092194378376007,-0.018116086721420288
1451646540468,2,-0.10144534707069397,-3.2660161377862096E-4,0.12102233618497849
1451646540484,2,-0.03286445140838623,-0.15113559365272522,0.5373650193214417
1451646540502,2,0.021937325596809387,-0.04735299572348595,0.36203885078430176
1451646540524,2,-0.014175898395478725,-0.1548224687576294,0.07841303199529648
1451646540545,2,-0.18461166322231293,-0.06373027712106705,0.5106038451194763
1451646540563,2,0.11928287148475647,-0.01205532532185316,0.2650415301322937
1451646540583,2,-0.2739202678203583,0.11452113837003708,-0.13964462280273438
1451646540604,2,0.02075951360166073,-0.009944325312972069,-0.4391951560974121
1451646540619,2,0.0547967366874218,-0.11652897298336029,0.15387655794620514
1451646540639,2,0.3543068766593933,-0.3589531481266022,0.7344932556152344
1451646540665,2,-0.18480347096920013,-0.7638976573944092,1.3603718280792236
1451646540694,2,-0.21960143744945526,-0.44049927592277527,1.5979005098342896
1451646540706,2,0.4024602770805359,-1.2215825319290161,0.18706630170345306
1451646540725,2,0.08400880545377731,-0.7721328139305115,-1.0103840827941895
1451646540745,2,-0.0853036642074585,0.27797216176986694,-0.9955688118934631
1451646540765,2,0.31807783246040344,1.660821557044983,-0.10911679267883301
1451646540784,2,0.01045125164091587,1.733019471168518,0.3668377697467804
1451646540805,2,-0.9674498438835144,0.950938880443573,-1.3029851913452148
1451646540827,2,-0.353819876909256,-0.039204396307468414,-0.5015244483947754
1451646540848,2,-0.5259056091308594,-0.14659100770950317,0.47071725130081177
1451646540864,2,-0.25871261954307556,-0.2125500589609146,-0.15970775485038757
1451646540885,2,0.48485255241394043,-0.44106677174568176,-0.668591320514679
1451646540905,2,0.22071391344070435,-0.22963805496692657,0.8065396547317505
1451646540927,2,0.23884274065494537,0.22164098918437958,1.0925778150558472
1451646540946,2,0.3291906416416168,0.7588450908660889,1.3329694271087646
1451646540964,2,0.24397674202919006,0.06119425594806671,0.2838444113731384
1451646540984,2,-0.01834763027727604,0.08326879888772964,-0.2636258006095886
1451646541005,2,-0.41853469610214233,-0.09812851250171661,-0.4245423376560211
1451646541021,2,-0.31855565309524536,-0.3084971308708191,0.4737614393234253
1451646541042,2,0.008046966977417469,-0.004475172609090805,0.5153624415397644
1451646541066,2,0.2896977961063385,0.09475333988666534,0.17790508270263672
1451646541086,2,0.2326061725616455,-0.03621777892112732,-0.023574352264404297
1451646541106,2,0.003693812992423773,-0.12605321407318115,0.22087737917900085
1451646541128,2,-0.17903080582618713,-0.19085827469825745,0.5859241485595703
1451646541150,2,0.061841320246458054,-0.14292046427726746,0.15268413722515106
1451646541166,2,0.23307453095912933,0.006616970524191856,-0.17179566621780396
1451646541182,2,-0.11326076090335846,0.1334545761346817,-0.7597072124481201
1451646541206,2,-0.8019039630889893,0.017364172264933586,-0.9557622671127319
1451646541227,2,-0.4569302797317505,-0.271125853061676,-0.7192565202713013
1451646541242,2,-0.6634303331375122,-0.5229504704475403,0.07089023292064667
1451646541266,2,-0.3140815794467926,-0.5205225944519043,0.8630845546722412
1451646541287,2,0.6722080707550049,-0.34802332520484924,0.7749485969543457
1451646541309,2,1.3814867734909058,-0.9028334021568298,3.235137462615967
1451646541333,2,0.2260848581790924,-1.121954083442688,2.3780875205993652
1451646541356,2,-0.4235135018825531,-0.1152653768658638,0.33505088090896606
1451646541376,2,0.12703680992126465,0.2105354368686676,-0.5091589093208313
1451646541388,2,0.4781769812107086,0.48465099930763245,-0.6953016519546509
1451646541407,2,0.5617493391036987,0.5229368209838867,-0.32134851813316345
1451646541428,2,0.030723603442311287,0.2230217009782791,-0.3480009436607361
1451646541448,2,-0.610363245010376,-0.10788243263959885,0.10838380455970764
1451646541467,2,-1.7839595079421997,0.19990962743759155,0.6857108473777771
1451646541488,2,-0.7811278700828552,0.050207436084747314,0.8550661206245422
1451646541508,2,0.34669390320777893,0.08308116346597672,0.09536416083574295
1451646541529,2,0.940610945224762,0.21846622228622437,-0.2401636838912964
1451646541547,2,0.34669071435928345,-0.09578684717416763,0.7576572895050049
1451646541568,2,0.19005590677261353,-0.009476049803197384,0.8171709775924683
1451646541589,2,0.4294883906841278,-0.14008082449436188,0.31606152653694153
1451646541761,2,0.2876334488391876,-0.1899005025625229,0.6925433278083801
1451646541765,2,-0.1482568234205246,-0.0779218077659607,0.8559703826904297
1451646541776,2,0.36359351873397827,0.2475186586380005,0.3041355013847351
1451646541792,2,0.5136640071868896,0.12561559677124023,0.5309405326843262
1451646541811,2,0.2780291736125946,0.07596128433942795,0.5451099276542664
1451646541826,2,0.4104481041431427,-0.11878672987222672,0.6722235679626465
1451646541850,2,-0.29606831073760986,-0.21599183976650238,0.1531716287136078
1451646541870,2,-0.5472424626350403,0.008051679469645023,-0.3847001791000366
1451646541893,2,-0.1400342732667923,0.2285034954547882,-0.503818690776825
1451646541912,2,-0.011038257740437984,0.049183573573827744,-0.5303642153739929
1451646541931,2,0.06992978602647781,-0.0890120193362236,-0.3602297306060791
1451646541952,2,-0.03585362434387207,-0.08468852937221527,-0.3605348467826843
1451646541972,2,-0.5196715593338013,-0.0903366208076477,-0.0029126727022230625
1451646541993,2,-0.3361852765083313,0.02798457071185112,0.5086725950241089
1451646542017,1,-0.26038452982902527,0.1389375627040863,0.7380839586257935
1451646542032,1,-0.25992798805236816,0.14174415171146393,0.6060305237770081
1451646542054,1,-0.014833448454737663,0.019947687163949013,0.39904141426086426
1451646542075,1,0.28440409898757935,0.02444017492234707,0.2270902693271637
1451646542093,1,-0.20963110029697418,0.004580825101584196,-0.3810282051563263
1451646542114,1,-0.2645849287509918,-0.12926402688026428,0.27627718448638916
1451646542132,1,-0.10056223720312119,0.033761508762836456,0.48576515913009644
1451646542153,1,-0.066765196621418,0.0494629368185997,-0.06235621124505997
1451646542173,1,-0.8750483393669128,0.109076589345932,-1.044155478477478
1451646542195,1,-1.348850965499878,-0.7924425005912781,-0.8558248281478882
1451646542215,1,-1.4432930946350098,-0.5103318691253662,0.568357527256012
1451646542233,1,0.13828206062316895,2.1192572603467852E-4,1.0797206163406372
1451646542253,1,0.19430837035179138,0.8517558574676514,0.9186393022537231
1451646542274,1,0.268877238035202,0.8743684887886047,1.5038760900497437
1451646542294,1,0.4587584435939789,-0.1506538689136505,0.46935999393463135
1451646542314,1,0.7653869986534119,-0.7401034235954285,-0.047826167196035385
1451646542333,1,1.366221308708191,-0.759670615196228,0.2995639741420746
1451646542354,1,1.9283146858215332,-0.42818683385849,0.38385844230651855
1451646542376,1,1.605865478515625,-0.7466083765029907,0.276969850063324
1451646542395,1,1.1666016578674316,-0.4381474554538727,0.2082417756319046
1451646542414,1,1.668222427368164,0.4556596875190735,0.8972428441047668
1451646542433,1,1.7462103366851807,0.7581678628921509,1.5617221593856812
1451646542454,1,1.0694286823272705,0.4793429672718048,2.2155256271362305
1451646542477,1,0.12406214326620102,-0.07590579241514206,1.6246347427368164
1451646542495,1,-0.6077734231948853,-0.42557039856910706,1.3006664514541626
1451646542515,1,-1.888651728630066,-0.7312279343605042,1.0448521375656128
1451646542534,1,-1.5402965545654297,-0.8649640083312988,-0.03773965686559677
1451646542555,1,-1.1552387475967407,-0.21526607871055603,-1.180354356765747
1451646542577,1,-1.5254369974136353,-0.752538800239563,-1.4567046165466309
1451646542596,1,-1.582577109336853,-0.48975077271461487,-0.9321189522743225
1451646542614,1,-1.0283784866333008,-0.0668419823050499,-0.5200234055519104
1451646542634,1,-0.42735233902931213,0.04022263363003731,-0.22578035295009613
1451646542655,1,0.6002402305603027,-0.015162425115704536,0.47536417841911316
1451646542677,1,0.9891954064369202,0.09612061083316803,1.1859668493270874
1451646542700,1,1.0179362297058105,0.21578648686408997,1.0481325387954712
1451646542717,1,0.8690951466560364,0.2445654273033142,0.7139443755149841
1451646542736,1,1.2918072938919067,-0.0066590928472578526,0.39294543862342834
1451646542756,1,-8.4507417678833,-1.323428750038147,-0.44111645221710205
1451646542779,1,-0.9620978832244873,-2.5470612049102783,0.27524083852767944
1451646542793,1,3.2126030921936035,-0.9736895561218262,-1.1581056118011475
1451646542816,1,1.5920675992965698,1.0087186098098755,-0.7060708999633789
1451646542836,1,2.226074695587158,2.4079644680023193,-0.07253682613372803
1451646542860,1,2.467804193496704,0.15268369019031525,-0.9435855150222778
1451646542877,1,1.4985663890838623,-0.2656953036785126,-3.741542100906372
1451646542897,1,-0.557909369468689,0.3689635992050171,1.4337445497512817
1451646542916,1,-0.465453177690506,0.4366415739059448,4.2541656494140625
1451646542936,1,0.8675715923309326,-0.19965536892414093,-0.8647574782371521
1451646542959,1,0.43150055408477783,0.16565358638763428,-1.3685989379882813
1451646542979,1,0.2249121218919754,-0.22176797688007355,-1.5556974411010742
1451646542997,1,-1.0114754438400269,-0.5393142104148865,-0.6731961965560913
1451646543017,1,-1.075392723083496,-0.3768681585788727,0.9099106192588806
1451646543037,1,-0.7875511050224304,-0.17589637637138367,1.479443073272705
1451646543059,1,-0.11077456921339035,-0.31223055720329285,0.42744624614715576
1451646543078,1,0.30834195017814636,-0.7628478407859802,2.2781150341033936
1451646543098,1,0.03581300005316734,-0.5370017886161804,1.9820401668548584
1451646543117,1,-0.18399149179458618,-0.97463458776474,1.137784719467163
1451646543138,1,-0.870247483253479,-0.7395734190940857,-0.2281394749879837
1451646543159,1,-1.0429720878601074,-0.2628753185272217,-0.8236638307571411
1451646543182,1,-0.4856027364730835,-0.04490165784955025,-0.3529512882232666
1451646543198,1,0.054715633392333984,0.17484310269355774,-0.9132564067840576
1451646543218,1,1.173374056816101,0.424199640750885,-0.34468787908554077
1451646543239,1,2.200763463973999,0.12383724749088287,0.2785106599330902
1451646543260,1,1.1273446083068848,2.036412239074707,-0.12210779637098312
1451646543281,1,1.5729873180389404,2.6005518436431885,-0.4758329689502716
1451646543298,1,1.4015705585479736,3.0091910362243652,-0.20573124289512634
1451646543319,1,1.299020528793335,0.4926682412624359,-0.15794190764427185
1451646543339,1,0.9571124315261841,-0.7744102478027344,-0.17154723405838013
1451646543361,1,0.26259729266166687,-1.1549599170684814,0.7843483090400696
1451646543379,1,-1.1511496305465698,-1.8227418661117554,3.194678783416748
1451646543399,1,-0.6479740142822266,-1.5038084983825684,3.172088146209717
1451646543419,1,-0.15921010076999664,-1.134445309638977,1.8093010187149048
1451646543439,1,0.03556441143155098,-0.8117175698280334,0.7389420866966248
1451646543461,1,0.12632669508457184,-0.2620847225189209,0.5411258339881897
1451646543480,1,-0.1864575892686844,0.3342137634754181,0.05953472480177879
1451646543499,1,-0.5179098844528198,-0.03154180571436882,-0.6890040040016174
1451646543520,1,-0.7419434189796448,-0.3584205210208893,-0.6831628680229187
1451646543542,1,-1.0096367597579956,-0.46617481112480164,-0.2807137072086334
1451646543562,1,-1.2622350454330444,-0.1460696905851364,0.3009393513202667
1451646543580,1,-0.5397570133209229,0.36471784114837646,-0.6240268349647522
1451646543600,1,0.03498535230755806,0.5556028485298157,0.6071300506591797
1451646543621,1,0.8250938057899475,0.48690542578697205,1.648316740989685
1451646543642,1,0.8445181846618652,0.21644707024097443,2.0938234329223633
1451646543662,1,1.3504365682601929,-0.47014015913009644,2.2095606327056885
1451646543682,1,1.5362813472747803,-1.1275749206542969,2.19295597076416
1451646543697,1,0.13398253917694092,-0.7730388045310974,0.5871645212173462
1451646543722,1,-0.27301716804504395,-0.7030534148216248,-0.365607351064682
1451646543744,1,0.3010543882846832,-1.0439121723175049,-0.9506015181541443
1451646543763,1,-0.5516262650489807,-0.6492971777915955,-1.6159991025924683
1451646543781,1,-0.9630092978477478,-0.039533261209726334,-1.5257132053375244
1451646543802,1,-1.3475315570831299,0.6741922497749329,-0.7251274585723877
1451646543822,1,-0.7107445597648621,-0.011877193115651608,-0.865862250328064
1451646543843,1,-0.4044479429721832,-0.15917758643627167,-0.7990566492080688
1451646543857,1,0.5148956179618835,-0.484580934047699,-0.9007774591445923
1451646543883,1,0.9546305537223816,0.020288171246647835,-0.5334025621414185
1451646543903,1,1.0479865074157715,0.6728174686431885,0.05443301796913147
1451646543923,1,0.8419092297554016,0.5146095752716064,0.2512567341327667
1451646543944,1,0.5922494530677795,0.2678314447402954,0.16920331120491028
1451646543959,1,0.6399837732315063,0.024971652776002884,-0.16004852950572968
1451646543983,1,1.115191102027893,-0.3967728912830353,-0.6151046752929688
1451646544003,1,1.234361171722412,-0.48982030153274536,-0.7876332998275757
1451646544024,1,-1.4796003103256226,0.1380263715982437,-1.0939058065414429
1451646544047,2,-1.5328450202941895,0.19055822491645813,-0.5682125687599182
1451646544068,2,-1.0338588953018188,-0.08556056022644043,-0.036670565605163574
1451646544078,2,-0.8205246329307556,-0.41161856055259705,0.217736154794693
1451646544103,2,-0.46013695001602173,-0.8844029903411865,0.19276948273181915
1451646544129,2,0.7670256495475769,-0.6329439878463745,0.09639818221330643
1451646544145,2,0.29929816722869873,-0.20001433789730072,0.5947317481040955
1451646544159,2,-0.19861863553524017,0.13882043957710266,0.8347592353820801
1451646544183,2,-0.4853134751319885,0.2772524654865265,1.3517028093338013
1451646544204,2,-0.6106928586959839,0.3112345337867737,1.3396780490875244
1451646544226,2,-0.5118393898010254,0.7582237124443054,0.3289642632007599
1451646544245,2,-1.1469380855560303,1.2518290281295776,-0.1847580224275589
1451646544265,2,0.0916641429066658,-0.21035423874855042,-0.4678776264190674
1451646544280,2,-0.01753375679254532,-0.3189619183540344,-0.5590279698371887
1451646544305,2,-0.030284225940704346,-0.35513561964035034,-0.25882688164711
1451646544327,2,0.4160219132900238,0.008414776995778084,0.34989190101623535
1451646544349,2,0.5383881330490112,0.04286971315741539,0.4560141861438751
1451646544366,2,0.3807441294193268,-0.11809008568525314,0.4450380206108093
1451646544385,2,0.08671995997428894,-0.2700824439525604,0.04270750656723976
1451646544406,2,-0.1650872528553009,-0.424144446849823,-0.11672785133123398
1451646544427,2,-0.04671667143702507,-0.08225947618484497,0.04263035207986832
1451646544446,2,0.5398359298706055,-0.018913960084319115,0.21466098725795746
1451646544465,2,0.8675456047058105,-0.22739334404468536,0.696420431137085
1451646544486,2,0.9581018090248108,-0.3626062572002411,1.185396432876587
1451646544506,2,0.7747372984886169,-0.04644669592380524,1.307295560836792
1451646544527,2,-0.34479156136512756,0.15738339722156525,0.760930597782135
1451646544549,2,-0.5988228917121887,-0.552310049533844,0.5203232765197754
1451646544565,2,-0.6195932626724243,-0.42603856325149536,0.21358956396579742
1451646544586,2,-0.22124052047729492,-0.3189953863620758,0.47352585196495056
1451646544607,2,-0.4012761116027832,0.167587548494339,0.4368073642253876
1451646544627,2,-0.5355657339096069,0.3028980791568756,0.3052385151386261
1451646544647,2,0.5965691804885864,-0.3847770392894745,-0.12220833450555801
1451646544666,2,0.4502837359905243,-0.1292082667350769,-0.41128304600715637
1451646544682,2,0.14979512989521027,0.2455708086490631,-0.6528794169425964
1451646544707,2,0.3547307848930359,0.4687412679195404,-0.9473568797111511
1451646544728,2,0.44505953788757324,0.5132033824920654,-0.7878110408782959
1451646544743,2,0.395614892244339,-0.26468145847320557,-0.5565127730369568
1451646544766,2,1.4839469194412231,0.8023067116737366,1.8425906896591187
1451646544788,2,2.082216739654541,-3.967785120010376,0.13014496862888336
1451646544808,2,-1.5024656057357788,-2.3543436527252197,-0.8012649416923523
1451646544829,2,-0.5318114161491394,-0.6973090767860413,-1.7900854349136353
1451646544843,2,0.4644162058830261,1.0160900354385376,-0.2636334002017975
1451646544863,2,0.5775576233863831,0.26687633991241455,0.7146586775779724
1451646544888,2,0.6192372441291809,0.3415224850177765,0.7048229575157166
1451646544910,2,0.5229554772377014,0.018695084378123283,-0.5924643874168396
1451646544930,2,1.1189165115356445,0.004105451051145792,-0.01274023950099945
1451646544948,2,0.3129001259803772,-0.48102089762687683,1.1109721660614014
1451646544969,2,-0.5468837022781372,-1.2622010707855225,3.3511266708374023
1451646544989,2,-1.6217414140701294,-2.084963798522949,2.070859909057617
1451646545010,2,-1.298991322517395,-1.733702301979065,0.2955874502658844
1451646545029,2,-0.8594195246696472,-0.5918388366699219,-0.06960252672433853
1451646545048,2,-0.1857958734035492,-0.03843341022729874,0.01844751089811325
1451646545109,2,0.04055770859122276,-0.29916974902153015,1.1232914924621582
1451646545134,2,0.31488245725631714,-0.07170925289392471,0.6415536999702454
1451646545149,2,0.5295946598052979,0.08796532452106476,-0.23792146146297455
1451646545170,2,0.4552346467971802,0.27771878242492676,-0.4031418263912201
1451646545188,2,0.2996594309806824,0.16722607612609863,-0.1666378378868103
1451646545205,2,0.22941190004348755,0.015206866897642612,-0.5280752182006836
1451646545233,2,0.3189851939678192,0.06990476697683334,-0.6380097270011902
1451646545249,2,0.1212419718503952,0.2799220085144043,-0.039413727819919586
1451646545270,2,0.05866532027721405,0.12158055603504181,-0.2456459105014801
1451646545290,2,0.3490262031555176,0.16496668756008148,-0.6304957270622253
1451646545312,2,0.4846092760562897,0.17798301577568054,-0.40033087134361267
1451646545330,2,0.16790801286697388,-0.009160042740404606,-0.29006022214889526
1451646545350,2,-0.21570882201194763,-0.16684341430664063,1.3247078657150269
1451646545371,2,-0.03238631412386894,-0.37480589747428894,0.4535089135169983
1451646545392,2,-0.21085225045681,-0.2033005654811859,0.8367448449134827
1451646545412,2,0.1527293622493744,0.07385744899511337,0.2172369807958603
1451646545431,2,0.23210956156253815,0.07987889647483826,0.06524199992418289
1451646545451,2,0.07729089260101318,-0.03379778563976288,0.08711480349302292
1451646545470,2,-0.004793298896402121,-0.11120697110891342,0.42664605379104614
1451646545495,2,-0.02709803357720375,-0.1491308957338333,0.5514800548553467
1451646545513,2,0.04457361251115799,-0.07706724107265472,0.33696284890174866
1451646545531,2,-0.03990130126476288,-0.05973835662007332,-0.006354921963065863
1451646545551,2,-0.15077053010463715,-0.04485219344496727,-0.19818507134914398
1451646545572,2,-0.3121936321258545,-0.08583550900220871,-0.17290157079696655
1451646545593,2,-0.42080336809158325,-0.24875016510486603,0.14047113060951233
1451646545616,2,-0.1176188737154007,-0.07229512929916382,0.3215799927711487
1451646545633,2,-0.04582566022872925,0.08682254701852798,0.2616109549999237
1451646545652,2,0.06075652316212654,0.11054661124944687,0.23282209038734436
1451646545673,2,0.0647362768650055,0.0037982964422553778,0.2345692217350006
1451646545702,2,-0.14274857938289642,-0.141804501414299,0.20367899537086487
1451646545715,2,-0.2642054557800293,-0.1606980711221695,0.17116321623325348
1451646545733,2,-0.12305117398500443,-0.0452474020421505,-0.11298282444477081
1451646545753,2,-0.021401794627308846,0.06041662022471428,-0.08017419278621674
1451646545773,2,0.21228042244911194,0.1072552353143692,0.02056172676384449
1451646545794,2,0.2530423402786255,0.35358357429504395,0.20061200857162476
1451646545815,2,0.1481296867132187,0.0063601830042898655,0.024971360340714455
1451646545833,2,-0.04193130135536194,0.3442436456680298,-0.015635376796126366
1451646545853,2,-0.2505825161933899,-0.037999477237463,-0.4195452630519867
1451646545873,2,0.019005218520760536,0.05907353758811951,-0.28082945942878723
1451646545895,2,0.20073635876178741,0.15894480049610138,-0.31735682487487793
1451646545915,2,0.21028445661067963,0.04718640819191933,0.0758136585354805
1451646545934,2,-0.03253982216119766,-0.15566898882389069,0.7886550426483154
1451646545954,2,0.13903452455997467,0.010703764855861664,0.45291268825531006
1451646545975,2,-0.3606627285480499,0.04544467851519585,0.30145782232284546
1451646545996,2,-0.2878933250904083,0.011814064346253872,0.004079963080585003
1451646546013,2,-0.2956446707248688,-0.07352189719676971,0.06418868899345398
1451646546034,2,-0.29760104417800903,-0.04195171967148781,0.10159867256879807
