1451646571375,0,0.16975681483745575,0.03943053260445595,0.5280009508132935
1451646571394,1,0.16975681483745575,0.03943053260445595,0.5280009508132935
1451646571414,1,0.16975681483745575,0.03943053260445595,0.5280009508132935
1451646571436,1,0.16975681483745575,0.03943053260445595,0.5280009508132935
1451646571455,1,0.16975681483745575,0.03943053260445595,0.5280009508132935
1451646571475,1,0.16975681483745575,0.03943053260445595,0.5280009508132935
1451646571495,1,0.605661928653717,3.673135995864868,-0.5513643026351929
1451646571516,1,0.04115951061248779,0.19311493635177612,0.42148587107658386
1451646571534,1,-0.27475589513778687,0.18946751952171326,0.4191898703575134
1451646571560,1,-0.48755547404289246,0.2034521996974945,0.2133341282606125
1451646571581,1,-0.5507880449295044,0.17590893805027008,0.00946691632270813
1451646571602,1,-0.49086472392082214,0.1758449375629425,-0.05136953666806221
1451646571620,1,-0.2694438695907593,0.2205217033624649,0.08038695901632309
1451646571640,1,0.015432865358889103,0.2337801158428192,0.12714578211307526
1451646571661,1,0.44257035851478577,0.4820791780948639,0.4151660203933716
1451646571681,1,0.44478747248649597,0.45000120997428894,0.37147125601768494
1451646571696,1,0.3654337525367737,0.2969648838043213,-0.014986556954681873
1451646571723,1,0.8643195033073425,-0.3929588794708252,-0.07776420563459396
1451646571740,1,0.20080703496932983,0.488491952419281,-0.1355067938566208
1451646571760,1,0.07438647747039795,0.786236047744751,-0.0261111781001091
1451646571780,1,-0.030299020931124687,0.6299918293952942,0.24098961055278778
1451646571797,1,0.2487792819738388,-0.16679537296295166,0.45495152473449707
1451646571821,1,0.14428183436393738,-0.0011310498230159283,0.6853939890861511
1451646571842,1,-0.022514011710882187,-0.10066694766283035,0.502615749835968
1451646571862,1,-0.3291498124599457,0.1775403469800949,0.09981997311115265
1451646571883,1,-0.05512494593858719,0.14426936209201813,-0.10945581644773483
1451646571902,1,0.1832548826932907,0.08171616494655609,0.597917377948761
1451646571922,1,-0.1646336019039154,0.4101841449737549,0.42691725492477417
1451646571942,1,0.3272095024585724,0.11140286177396774,0.5156629085540771
1451646571963,1,1.0482920408248901,-0.5261191129684448,1.2947808504104614
1451646571984,1,0.002601341577246785,0.20418226718902588,0.14186522364616394
1451646572003,1,-0.12485072016716003,0.4670984745025635,-0.1766664832830429
1451646572022,1,-0.6809276938438416,0.7597294449806213,-0.6999608874320984
1451646572043,1,-0.050271257758140564,0.017556115984916687,-0.33193477988243103
1451646572063,1,-0.20792332291603088,0.06891337782144547,0.14994096755981445
1451646572085,1,-0.25356563925743103,0.12309738993644714,0.48343995213508606
1451646572104,1,0.005123480688780546,0.21321196854114532,0.427154004573822
1451646572124,1,0.20800942182540894,0.14014789462089539,0.41656771302223206
1451646572143,1,0.03622342646121979,0.17648528516292572,0.36022505164146423
1451646572164,1,-0.07665341347455978,0.255619615316391,0.25023266673088074
1451646572188,1,0.05617843568325043,0.25168052315711975,0.1310609132051468
1451646572205,1,0.1702822595834732,0.31548985838890076,-0.13193009793758392
1451646572224,1,0.1750757396221161,0.3038029074668884,-0.05568857118487358
1451646572243,1,0.19255606830120087,0.26517829298973083,0.23246435821056366
1451646572264,1,0.07998313009738922,0.2057885378599167,0.23842765390872955
1451646572287,1,0.002149921841919422,0.15696750581264496,0.06756898015737534
1451646572309,1,0.09851182997226715,0.14669862389564514,0.06081073731184006
1451646572320,1,0.11560091376304626,0.13077333569526672,0.3245213031768799
1451646572344,1,0.12376445531845093,0.0711824893951416,0.7372820377349854
1451646572365,1,0.06746630370616913,0.11626607924699783,0.7575766444206238
1451646572381,1,-0.0532253123819828,0.1259995400905609,0.4288496971130371
1451646572408,1,0.124417245388031,0.04545768350362778,0.28889644145965576
1451646572425,1,1.2426550388336182,-0.8740969896316528,0.8197364211082458
1451646572445,1,0.7946781516075134,-0.38846537470817566,0.7457640171051025
1451646572467,1,0.34891289472579956,0.0027583588380366564,0.35593000054359436
1451646572485,1,0.1482013463973999,0.18977965414524078,-0.033562079071998596
1451646572500,1,-0.2907229959964752,0.47211191058158875,-0.27905893325805664
1451646572525,1,-1.438197135925293,1.3912479877471924,-0.16788463294506073
1451646572545,1,-0.2928658425807953,0.18334288895130157,-0.37012979388237
1451646572567,1,0.06814027577638626,0.05395897105336189,-0.11303601413965225
1451646572586,1,-0.1431087851524353,0.04207037761807442,0.10555647313594818
1451646572606,1,-0.14832879602909088,-0.011649521067738533,0.2944517433643341
1451646572626,1,-0.015264424495398998,-0.05069032311439514,0.43783438205718994
1451646572646,1,-0.02741941064596176,-0.03304009884595871,0.4860515892505646
1451646572669,1,0.035334859043359756,-0.02976970002055168,0.5536714196205139
1451646572689,1,0.36645564436912537,-0.0987573117017746,0.15803834795951843
1451646572707,1,0.004479045048356056,0.21743454039096832,0.5097182989120483
1451646572726,1,0.3571164309978485,0.12597382068634033,0.6988783478736877
1451646572746,1,0.2838652431964874,0.108189158141613,0.5059136152267456
1451646572769,1,0.332665354013443,0.2184726595878601,0.3757517337799072
1451646572794,1,0.39116033911705017,0.29272153973579407,0.19148996472358704
1451646572809,1,0.2652243971824646,0.2685585916042328,0.040871523320674896
1451646572828,1,0.12078443914651871,0.2210381180047989,0.03188508376479149
1451646572847,1,0.3628142178058624,0.24223054945468903,-0.1772971898317337
1451646572868,1,1.1944162845611572,0.3177168667316437,-0.11689268797636032
1451646572884,1,1.5833052396774292,0.26531216502189636,-0.12457213550806046
1451646572902,1,-3.7701032161712646,0.2450055629014969,0.004134907852858305
1451646572927,1,-1.4973039627075195,-0.945350170135498,0.36691784858703613
1451646572948,1,-0.4537612199783325,0.03738952800631523,-1.0079594850540161
1451646572969,1,0.8574997186660767,0.7235068678855896,0.6871627569198608
1451646572984,1,1.5986263751983643,0.6408241987228394,1.898597240447998
1451646573009,1,1.6964848041534424,0.39486733078956604,1.6726479530334473
1451646573028,1,1.1357039213180542,0.4317117929458618,1.3443752527236938
1451646573051,1,0.5024935007095337,-0.33426353335380554,0.6568699479103088
1451646573070,1,-0.3290768563747406,-0.008870996534824371,2.4540648460388184
1451646573089,1,0.2538089156150818,-0.19862550497055054,1.1248797178268433
1451646573108,1,-0.2476835548877716,-0.8088272213935852,-1.035099983215332
1451646573129,1,-2.1721904277801514,1.1796348094940186,-3.041256904602051
1451646573151,1,0.26349714398384094,0.11014584451913834,-1.1818132400512695
1451646573173,1,-0.49482911825180054,-0.32691872119903564,-0.5239934921264648
1451646573189,1,-0.5091167688369751,-0.22823329269886017,0.5729243755340576
1451646573210,1,-0.19248057901859283,-0.09368570894002914,0.8892454504966736
1451646573229,1,0.1736893653869629,0.01930588111281395,1.1173053979873657
1451646573251,1,0.23341231048107147,0.26576194167137146,0.9592723250389099
1451646573272,1,0.2766769528388977,0.3479726016521454,0.2384451925754547
1451646573290,1,0.15543635189533234,0.28588616847991943,0.19638065993785858
1451646573310,1,0.05801825597882271,0.2477896511554718,0.1499871462583542
1451646573331,1,0.022748861461877823,0.2946431636810303,0.0330628976225853
1451646573352,1,0.030827391892671585,0.3178539574146271,-0.011674071662127972
1451646573372,1,0.19922251999378204,0.31899112462997437,0.2703928053379059
1451646573390,1,0.06462401151657104,0.16422083973884583,0.34458500146865845
1451646573410,2,-0.07885200530290604,0.09896540641784668,0.2743050158023834
1451646573433,2,-0.0417361781001091,0.11755992472171783,0.24790333211421967
1451646573456,2,-0.10987411439418793,0.22018559277057648,0.17563889920711517
1451646573475,2,0.043265435844659805,0.21077831089496613,0.24799510836601257
1451646573490,2,-0.12772615253925323,0.06934183090925217,0.24525253474712372
1451646573511,2,-0.010861074551939964,0.16381694376468658,0.1553705930709839
1451646573532,2,-0.02979300729930401,0.11856997758150101,0.06939560920000076
1451646573554,2,0.09972009062767029,0.15117314457893372,0.38439446687698364
1451646573572,2,0.10330898314714432,0.19386224448680878,0.4939309358596802
1451646573592,2,0.12067023664712906,0.17756401002407074,0.3158148527145386
1451646573611,2,0.048404842615127563,0.17198680341243744,0.198283851146698
1451646573634,2,0.04508775472640991,0.20208324491977692,0.15430501103401184
1451646573653,2,0.014612754806876183,0.20363281667232513,0.09740940481424332
1451646573667,2,0.008948883973062038,0.19708120822906494,0.007463760208338499
1451646573692,2,0.1418285369873047,0.2469029277563095,0.07210370153188705
1451646573712,2,0.1367037445306778,0.18459376692771912,0.2091185599565506
1451646573733,2,0.1279338002204895,0.17307400703430176,0.20777182281017303
1451646573748,2,0.5916591882705688,0.045599136501550674,-0.5185024738311768
1451646573767,2,-0.09999576956033707,0.2547571361064911,-0.4349006712436676
1451646573793,2,0.11806333810091019,0.14970248937606812,-0.45795947313308716
1451646573813,2,0.11646708101034164,0.022011926397681236,0.5560276508331299
1451646573834,2,0.033058732748031616,-0.06019669398665428,1.201568365097046
1451646573849,2,-0.05568550154566765,-0.1355079561471939,1.0771995782852173
1451646573868,2,-0.15777605772018433,-0.030403614044189453,0.8497013449668884
1451646573889,2,0.02137976512312889,-0.03496843948960304,0.9095774292945862
1451646573914,2,-0.29946693778038025,0.03086509369313717,0.47830843925476074
1451646573935,2,-0.30270642042160034,-2.8963061049580574E-4,0.24258360266685486
1451646573995,2,-0.07561317086219788,0.244435653090477,0.0548059418797493
1451646574013,2,0.07024455070495605,0.21825842559337616,0.21622107923030853
1451646574035,2,0.24206236004829407,0.25148266553878784,0.25691139698028564
1451646574054,2,0.33259153366088867,0.28672757744789124,0.3138344883918762
1451646574073,2,0.2882806062698364,0.31656479835510254,0.3371089696884155
1451646574094,2,0.1358051896095276,0.22959962487220764,0.15857845544815063
1451646574115,2,-0.121617890894413,0.022555822506546974,0.16113047301769257
1451646574136,2,-0.26734644174575806,0.17797844111919403,0.14120177924633026
1451646574156,2,-0.09716266393661499,0.15797552466392517,-0.008590718731284142
1451646574175,2,0.04129398614168167,0.21337738633155823,0.133891761302948
1451646574194,2,0.1264602243900299,0.2206237018108368,0.2343091070652008
1451646574218,2,0.03688318654894829,0.09737871587276459,0.1722574383020401
1451646574236,2,0.05062587931752205,0.16180822253227234,0.13101239502429962
1451646574256,2,0.23470494151115417,0.4162488579750061,-0.06506897509098053
1451646574275,2,-0.1401236355304718,-1.0045064687728882,2.892335891723633
1451646574295,2,-0.8071206212043762,-0.3807879686355591,1.4502911567687988
1451646574317,2,-0.723167359828949,-0.4055728614330292,1.0565589666366577
1451646574338,2,-0.42913514375686646,0.7027239203453064,-1.0094581842422485
1451646574355,2,0.008360124193131924,0.6474792957305908,-1.0229647159576416
1451646574376,2,0.09249364584684372,0.26689210534095764,-0.5282061100006104
1451646574396,2,0.10026486963033676,0.0015527823707088828,0.38952305912971497
1451646574417,2,0.46021363139152527,0.35777008533477783,-0.035820670425891876
1451646574433,2,0.991617739200592,0.6325947046279907,-0.4999345541000366
1451646574456,2,2.0573039054870605,0.6776490807533264,-0.017850713804364204
1451646574476,2,0.7039478421211243,0.05022738128900528,0.005656418390572071
1451646574497,2,0.19720330834388733,0.0072977556847035885,0.1927490234375
1451646574518,2,-0.12262867391109467,0.019818799570202827,0.332755446434021
1451646574538,2,-0.3880135416984558,-0.05068740248680115,0.20364157855510712
1451646574557,2,-0.8608047962188721,-0.39692223072052,0.7651175260543823
1451646574576,2,-0.7432346343994141,-0.3534530997276306,1.0114309787750244
1451646574596,2,-0.4968673586845398,-0.1810772866010666,0.9525456428527832
1451646574620,2,-0.35649895668029785,-0.04024842381477356,0.7408627867698669
1451646574633,2,-0.2901363670825958,0.01155892014503479,0.6049953699111938
1451646574657,2,-0.1546492576599121,0.05370236560702324,0.06380114704370499
1451646574677,2,-0.05285181105136871,0.12679916620254517,-0.09126374125480652
1451646574697,2,0.14920134842395782,0.22024960815906525,0.01104045007377863
1451646574713,2,0.1588694304227829,0.2441723346710205,-0.02961714006960392
1451646574737,2,0.17026834189891815,0.26146775484085083,0.19363924860954285
1451646574757,2,0.03182659670710564,0.19102877378463745,0.062269702553749084
1451646574777,2,-0.10020122677087784,0.06254617869853973,0.24375498294830322
1451646574798,2,-0.14540453255176544,-0.029453182592988014,0.398982971906662
1451646574819,2,-0.1924077272415161,0.031065000221133232,0.48216569423675537
1451646574838,2,-0.16466423869132996,-0.01897270418703556,0.3632745146751404
1451646574858,2,-0.2131759077310562,0.14308804273605347,0.4633166193962097
1451646574879,2,-0.2379799485206604,0.01988777332007885,0.300544798374176
1451646574901,2,-0.13112390041351318,0.053914837539196014,0.29826340079307556
1451646574923,2,-0.04778992757201195,0.10568097233772278,0.34365153312683105
1451646574947,2,-0.04938811808824539,0.1361360251903534,0.27898120880126953
1451646574955,2,-0.05984090268611908,0.14093320071697235,0.23231413960456848
1451646574979,2,-0.1329604983329773,0.10637889057397842,0.146264910697937
1451646575000,2,0.019687794148921967,0.1574462354183197,0.30069035291671753
1451646575021,2,-0.023982057347893715,0.19663433730602264,0.22511866688728333
1451646575035,2,0.06474727392196655,0.15321838855743408,0.23597615957260132
1451646575062,2,0.07659764587879181,0.16874445974826813,0.3142261207103729
1451646575087,2,-0.03638371080160141,0.15024317800998688,0.26770928502082825
1451646575103,2,0.05005315691232681,0.12706716358661652,0.14668168127536774
1451646575120,2,0.022280147299170494,0.16891251504421234,0.10172609984874725
1451646575140,2,0.06941226869821548,0.15920768678188324,0.06970248371362686
1451646575160,2,0.07088372856378555,0.1834501475095749,0.28344109654426575
1451646575182,2,0.04615286365151405,0.11406418681144714,0.37039515376091003
1451646575201,2,-0.03493274748325348,0.18253830075263977,0.28924423456192017
1451646575220,2,-0.16225826740264893,0.0771697536110878,0.34334230422973633
1451646575236,2,-0.1930277943611145,0.010171265341341496,0.30408698320388794
1451646575260,2,-0.2315136343240738,-0.021584931761026382,0.29270869493484497
1451646575281,2,-0.17142701148986816,0.09591887146234512,0.3514028787612915
1451646575302,2,0.06621493399143219,0.1815805584192276,0.2664893865585327
1451646575321,2,-0.013686507008969784,0.12187603116035461,0.3278723657131195
1451646575340,2,-0.05276774987578392,0.19096243381500244,0.4049175977706909
1451646575362,2,-0.004603073466569185,0.12945494055747986,0.428251713514328
1451646575382,2,-0.05673186853528023,0.07448036223649979,0.1995212882757187
1451646575403,2,-0.01878894492983818,0.18196021020412445,0.2156529277563095
1451646575425,1,-0.044152263551950455,0.18182897567749023,0.2868143618106842
1451646575442,1,-0.04303929582238197,0.10990706831216812,0.345657616853714
1451646575464,1,-0.07262370735406876,0.10184767842292786,0.2678799629211426
1451646575485,1,-0.08903580158948898,0.15040361881256104,0.19535131752490997
1451646575502,1,-0.009285824373364449,0.14523234963417053,0.12780454754829407
1451646575521,1,-0.09298420697450638,0.08689005672931671,0.3416022062301636
1451646575542,1,-0.11448109894990921,0.08613339066505432,0.39491936564445496
1451646575564,1,-0.08256828784942627,0.09090425819158554,0.411856472492218
1451646575584,1,-0.12343528121709824,0.043734218925237656,0.36357611417770386
1451646575605,1,-0.0137253412976861,0.16538257896900177,0.35634443163871765
1451646575622,1,-0.08918415755033493,0.13498014211654663,0.24911914765834808
1451646575643,1,-0.033343248069286346,0.10260609537363052,0.16045008599758148
1451646575664,1,-0.0998634472489357,0.14385229349136353,0.1245785653591156
1451646575685,1,0.037186551839113235,0.21216800808906555,0.19492168724536896
1451646575699,1,0.19766868650913239,0.272447407245636,0.17004677653312683
1451646575723,1,0.04196454584598541,0.19990794360637665,0.26533904671669006
1451646575744,1,0.13716375827789307,0.2788189947605133,0.2482493668794632
1451646575767,1,0.29590943455696106,0.6824939250946045,0.10045067220926285
1451646575785,1,0.5092642903327942,0.4460156261920929,-0.43171149492263794
1451646575890,1,0.2390836626291275,-0.04905512183904648,0.05178103968501091
1451646575900,1,-0.44107773900032043,0.183712899684906,0.7433014512062073
1451646575904,1,-0.01993110030889511,0.12982787191867828,0.17059388756752014
1451646575918,1,0.10496120899915695,0.1276385337114334,-0.07593114674091339
1451646575927,1,-0.6455109119415283,0.04729103669524193,0.7510212063789368
1451646575936,1,-5.316957249306142E-4,0.0053892917931079865,0.3500725030899048
1451646575945,1,-0.03858085721731186,0.01026566606014967,0.7288661003112793
1451646575954,1,-0.3279108703136444,-0.38982903957366943,0.7137579321861267
1451646575966,1,-0.6452563405036926,-0.7659326791763306,0.8292875289916992
1451646575985,1,-1.16273033618927,-0.520064651966095,1.583893060684204
1451646576005,1,-0.3059818744659424,-0.8905588388442993,1.1130261421203613
1451646576024,1,-0.02456614002585411,0.22599516808986664,0.8338736891746521
1451646576045,1,-1.735498070716858,0.15191081166267395,-1.1230483055114746
1451646576068,1,-0.5388180613517761,-0.14014555513858795,-0.6068477034568787
1451646576088,1,-0.4446786940097809,-0.13941314816474915,0.33882105350494385
1451646576107,1,0.4764483571052551,0.4609338045120239,0.810607373714447
1451646576126,1,1.220557451248169,0.857184112071991,0.755987286567688
1451646576146,1,1.8706836700439453,0.8303869962692261,0.17059096693992615
1451646576161,1,1.933624505996704,1.2816858291625977,-1.102607011795044
1451646576186,1,1.8491789102554321,0.3111766576766968,-0.1166992112994194
1451646576206,1,0.5848378539085388,0.09047405421733856,0.5260773301124573
1451646576226,1,-0.08171901106834412,0.034691959619522095,0.32424482703208923
1451646576246,1,-0.556725263595581,0.1183352917432785,-0.6070703864097595
1451646576267,1,-0.592759907245636,0.004578560125082731,-0.2692483365535736
1451646576287,1,-0.8217103481292725,-0.18870295584201813,0.46702539920806885
1451646576306,1,-0.6473536491394043,0.4995306730270386,1.1224340200424194
1451646576327,1,0.4989858567714691,-0.9282967448234558,0.14846622943878174
1451646576343,1,-0.6829480528831482,-0.09186434000730515,0.6771610379219055
1451646576369,1,-0.6779618859291077,-0.3663581609725952,1.124696135520935
1451646576389,1,-0.17276033759117126,0.09664426743984222,0.3267652690410614
1451646576407,1,0.27227717638015747,0.3558914065361023,-0.16009119153022766
1451646576429,1,0.324346125125885,0.30661681294441223,-0.305511474609375
1451646576450,1,0.28360748291015625,0.17977087199687958,-0.14834873378276825
1451646576471,1,0.06254611164331436,0.03196341171860695,-0.2920581102371216
1451646576489,1,0.4024396240711212,0.23182372748851776,-0.0564759224653244
1451646576512,1,0.5155106782913208,0.3332745134830475,-0.0036661212798208
1451646576528,1,0.5315752029418945,0.2790367305278778,0.13660569489002228
1451646576550,1,0.2729113698005676,0.17625731229782104,0.13411270081996918
1451646576568,1,0.019428851082921028,-0.09679098427295685,0.19803719222545624
1451646576589,1,-0.16956724226474762,0.038110245019197464,0.3049953579902649
1451646576604,1,-0.169853076338768,0.0110468789935112,0.2992570996284485
1451646576628,1,-0.03745083138346672,-0.022639703005552292,0.41994625329971313
1451646576650,1,-0.14379078149795532,-0.020129181444644928,0.32131052017211914
1451646576670,1,0.03361804783344269,0.06360182911157608,0.3217196762561798
1451646576689,1,-0.052745867520570755,-0.0167103111743927,0.2309223860502243
1451646576709,1,0.007632686756551266,0.046675242483615875,0.21795769035816193
1451646576730,1,0.10217245668172836,0.17497605085372925,-0.009625907056033611
1451646576751,1,0.22678309679031372,0.22358956933021545,0.00662614032626152
1451646576770,1,0.25771698355674744,0.18941548466682434,0.1442272663116455
1451646576790,1,0.31525397300720215,0.10875964909791946,0.24874679744243622
1451646576810,1,0.11345763504505157,0.19079379737377167,0.28025370836257935
1451646576829,1,-0.08478935807943344,0.10439327359199524,0.22582419216632843
1451646576852,1,-0.04374094307422638,0.005621347110718489,0.12622107565402985
1451646576873,1,-0.09482450038194656,0.08020283281803131,-0.01565934158861637
1451646576890,1,-0.11688034236431122,0.16144728660583496,0.014317279681563377
1451646576910,1,0.043372951447963715,0.019720016047358513,0.2314613163471222
1451646576930,1,0.07913228124380112,0.021965747699141502,0.32032501697540283
1451646576951,1,0.0921771302819252,0.05014262720942497,0.3319464921951294
1451646576971,1,-0.032976604998111725,-0.003697685431689024,0.3026432394981384
1451646576990,1,-0.16338373720645905,0.057936057448387146,0.3166273236274719
1451646577011,1,-0.09101948142051697,0.1476607471704483,0.08515490591526031
1451646577032,1,-0.04614763706922531,0.11015023291110992,0.10764379799365997
1451646577053,1,-0.04189633950591087,0.08019757270812988,0.13447745144367218
1451646577072,1,-0.09986352175474167,-0.058185648173093796,0.12659984827041626
1451646577091,1,-0.008469722233712673,0.14970658719539642,0.14424072206020355
1451646577112,1,0.08198292553424835,0.1396387815475464,0.2622130215167999
1451646577133,1,0.21082653105258942,0.1605488806962967,0.25200316309928894
1451646577153,1,0.052683982998132706,0.10835633426904678,0.25175008177757263
1451646577172,1,0.0023127340245991945,0.14832885563373566,0.24616438150405884
1451646577192,1,0.05956825986504555,0.1189689114689827,0.21717384457588196
1451646577213,1,-0.09096454083919525,0.05150806903839111,-0.0871335119009018
1451646577234,1,0.045253392308950424,0.19671909511089325,-0.1085159033536911
1451646577253,1,0.01586071029305458,0.1736784130334854,0.05234159901738167
1451646577272,1,-0.002425912069156766,0.16327741742134094,0.2986854314804077
1451646577293,1,-0.0013570406008511782,0.03886603191494942,0.2722533643245697
1451646577312,1,-0.06591207534074783,0.11972527951002121,0.3618558943271637
1451646577334,1,-0.1136462539434433,0.07437807321548462,0.21842063963413239
1451646577353,1,-0.17413513362407684,0.047555532306432724,0.30327391624450684
1451646577373,1,-0.1328396201133728,0.017046412453055382,0.29573124647140503
1451646577393,1,-0.12387078255414963,0.01782207190990448,0.22012276947498322
1451646577413,1,0.02944697067141533,0.071077860891819,0.22702187299728394
1451646577434,1,0.1411253660917282,0.19374854862689972,0.26764556765556335
1451646577459,2,0.26142290234565735,0.2534685730934143,0.03701309487223625
1451646577475,2,0.22670122981071472,0.22391630709171295,-0.019827567040920258
1451646577490,2,0.09693572670221329,0.12057634443044662,-0.03700841963291168
1451646577514,2,0.0863630399107933,0.16038812696933746,0.007447978015989065
1451646577536,2,0.0487380214035511,0.1598275750875473,0.001413373975083232
1451646577556,2,-0.0674266442656517,-0.02470715530216694,0.2501046359539032
1451646577570,2,-0.06081416830420494,0.031195349991321564,0.38122108578681946
1451646577595,2,-0.15728746354579926,0.0272884052246809,0.3420248031616211
1451646577618,2,-0.3218993544578552,-0.05244944244623184,0.26659226417541504
1451646577637,2,-0.24778839945793152,0.06821545958518982,0.3813742399215698
1451646577656,2,-0.1810154765844345,0.0643283873796463,0.16983751952648163
1451646577675,2,-0.010020020417869091,0.029079671949148178,0.1585550755262375
1451646577695,2,-0.014950827695429325,0.041326865553855896,0.11855681985616684
1451646577716,2,0.12799641489982605,0.19982758164405823,0.16056348383426666
1451646577737,2,0.14535628259181976,0.24911388754844666,0.08318272978067398
1451646577755,2,0.25091609358787537,0.1995803266763687,-0.26158231496810913
1451646577770,2,0.322969913482666,0.2543354034423828,-0.22917993366718292
1451646577799,2,0.187354177236557,0.1922328919172287,-0.2883814871311188
1451646577815,2,0.2913281321525574,0.1942266970872879,-0.28032150864601135
1451646577836,2,0.6616244912147522,0.47172728180885315,-0.27277591824531555
1451646577855,2,0.5782893896102905,0.31072306632995605,-0.13986323773860931
1451646577875,2,-0.10422240942716599,-0.42787966132164,0.5066425204277039
1451646577896,2,-0.30478572845458984,-0.15020166337490082,0.6455816626548767
1451646577918,2,-0.23518241941928864,-0.13741818070411682,0.7851800918579102
1451646577937,2,0.09002448618412018,-7.552023162133992E-4,0.9213380217552185
1451646577957,2,-0.07055215537548065,0.20579233765602112,0.7705442309379578
1451646577976,2,-1.959492802619934,-1.7107032537460327,3.212714195251465
1451646577997,2,-1.97024405002594,-0.23388855159282684,2.3037123680114746
1451646578019,2,-1.019038200378418,-0.09158026427030563,0.5358972549438477
1451646578039,2,-0.7207609415054321,0.702817440032959,-0.4678601026535034
1451646578052,2,-0.13347448408603668,0.7469573020935059,-1.0173832178115845
1451646578078,2,0.40027496218681335,0.38627076148986816,-1.2304004430770874
1451646578097,2,0.6262563467025757,0.7599346041679382,-0.8428332209587097
1451646578120,2,0.8385610580444336,-0.005147007759660482,-0.16374854743480682
1451646578139,2,1.2185478210449219,0.3251531720161438,1.424306869506836
1451646578157,2,0.9923518300056458,0.2347150593996048,0.48913493752479553
1451646578177,2,0.9366090893745422,0.22232991456985474,0.01986614614725113
1451646578200,2,0.21299616992473602,0.1856149286031723,0.8312485814094543
1451646578220,2,-0.2736731469631195,-0.4304127097129822,0.9992261528968811
1451646578238,2,-1.0515402555465698,-0.552901029586792,1.0237246751785278
1451646578258,2,-1.1368337869644165,-0.45842036604881287,0.7283031940460205
1451646578278,2,-0.6321035623550415,-0.2698422074317932,0.7077180743217468
1451646578299,2,-0.34845981001853943,-0.004777297377586365,0.5727279782295227
1451646578320,2,-0.14191213250160217,0.01890753023326397,0.26743221282958984
1451646578339,2,0.16236534714698792,0.1518380343914032,0.14993922412395477
1451646578359,2,0.2620197534561157,0.3469046950340271,0.2640460729598999
1451646578379,2,0.41860002279281616,0.38345658779144287,0.7049450874328613
1451646578401,2,0.5696119070053101,0.341642826795578,0.254742830991745
1451646578422,2,0.6293690204620361,0.3274111747741699,-0.06237667053937912
1451646578434,2,0.29317477345466614,0.30554595589637756,0.1083475649356842
1451646578459,2,0.06812603026628494,0.1531812697649002,0.3119002878665924
1451646578479,2,-0.07570523023605347,0.07999415695667267,0.41718846559524536
1451646578501,2,-0.12655432522296906,0.04260287806391716,0.3857622444629669
1451646578522,2,-0.10702230781316757,0.027115678414702415,0.3074661195278168
1451646578535,2,-0.11864698678255081,0.029873160645365715,0.33184534311294556
1451646578560,2,-0.27256080508232117,0.029375148937106133,0.4957295060157776
1451646578580,2,-0.022275544703006744,-0.10662410408258438,0.4724602699279785
1451646578602,2,-0.17677608132362366,0.036425065249204636,0.7167302370071411
1451646578621,2,0.10753171890974045,0.11577099561691284,0.42445117235183716
1451646578640,2,-0.03292027488350868,0.06235182657837868,0.1306874006986618
1451646578660,2,-0.003066182602196932,0.1502995789051056,0.05395137146115303
1451646578682,2,-0.038941141217947006,0.09581921249628067,0.020362989977002144
1451646578703,2,-0.08986162394285202,0.035992227494716644,0.0953337699174881
1451646578722,2,0.101837158203125,0.14211685955524445,-0.15186113119125366
1451646578740,2,0.33835408091545105,0.2782692611217499,-0.12258651852607727
1451646578763,2,0.37156927585601807,0.2606549859046936,-0.007487141061574221
1451646578786,2,0.13166403770446777,0.1456257402896881,0.07201134413480759
1451646578797,2,0.17016397416591644,0.16823826730251312,-0.10240531712770462
1451646578822,2,0.08593421429395676,0.1296057552099228,-0.19342181086540222
1451646578841,2,0.15685820579528809,0.07080196589231491,0.1648024469614029
1451646578861,2,0.11091310530900955,0.03328384459018707,0.18066929280757904
1451646578883,2,0.06958513706922531,0.008493103086948395,0.20286884903907776
1451646578903,2,-0.11970007419586182,-0.0034393267706036568,0.037938978523015976
1451646578922,2,-0.1672554612159729,0.038762278854846954,0.01804010011255741
1451646578943,2,-0.06765446066856384,-6.844751187600195E-4,0.09533961117267609
1451646578962,2,-0.10903657227754593,0.004753039684146643,-0.012675357051193714
1451646578984,2,-0.10115553438663483,0.008309271186590195,-0.020769232884049416
1451646579005,2,0.0545959509909153,0.014760931953787804,0.07563012093305588
1451646579062,2,-0.24062487483024597,-0.08445288985967636,0.06613105535507202
1451646579084,2,-0.06538037955760956,-0.0425853431224823,0.1912304311990738
1451646579105,2,-0.034967195242643356,-0.008194120600819588,0.1353653371334076
1451646579122,2,0.07274232804775238,-0.012243395671248436,0.015446575358510017
1451646579143,2,0.0798453614115715,-0.004176408983767033,0.00640752911567688
1451646579164,2,-0.043458327651023865,0.049039341509342194,0.05270809307694435
1451646579185,2,-0.0898388996720314,-0.052934009581804276,-0.054115038365125656
1451646579205,2,-0.07533939182758331,-0.04726005718111992,-0.08577917516231537
1451646579219,2,-0.10644151270389557,-0.019210604950785637,-0.15146657824516296
1451646579244,2,-0.03677709400653839,0.031781330704689026,-0.1481640338897705
1451646579267,2,0.030669279396533966,-0.07830343395471573,-0.043340545147657394
1451646579286,2,-0.13625453412532806,-0.1105225682258606,0.08866671472787857
1451646579306,2,-0.22136056423187256,-0.1837397813796997,0.22816871106624603
1451646579324,2,-0.18461517989635468,-0.16723930835723877,0.22908873856067657
1451646579345,2,-0.12670914828777313,-0.06790244579315186,0.14796119928359985
1451646579364,2,-0.18543373048305511,-0.02997603639960289,0.04611585661768913
1451646579386,2,-0.07368599623441696,-0.04897972196340561,-0.05436228960752487
1451646579406,2,-0.019758228212594986,-0.0033019641414284706,-0.0938999354839325
1451646579425,2,0.019097572192549706,-0.0137099614366889,-0.04595101997256279
1451646579445,2,0.021644845604896545,-0.02592325396835804,-0.10433540493249893
1451646579466,2,-0.02351217344403267,0.005992518737912178,-0.23915128409862518
1451646579487,2,0.03465002030134201,0.05949556082487106,0.015422610566020012
1451646579511,1,-0.011084288358688354,-0.07885843515396118,0.012934884987771511
1451646579525,1,-0.08549422025680542,-0.104112409055233,-0.0017868834547698498
1451646579549,1,-0.13273337483406067,-0.1261667162179947,-0.06217968463897705
1451646579570,1,-0.17878574132919312,-0.13545213639736176,-0.07410977780818939
1451646579587,1,-0.05225348100066185,-0.04097820073366165,0.008263385854661465
1451646579606,1,-0.08154767006635666,-0.05271247774362564,-0.07624445110559464
1451646579625,1,-0.075924351811409,-0.03491027653217316,0.05203063413500786
1451646579647,1,-0.1117740347981453,-0.08534253388643265,0.0358358696103096
1451646579669,1,-0.11619652062654495,-0.10419131815433502,-0.014395605772733688
1451646579688,1,0.021898748353123665,0.0613446980714798,-0.009430676698684692
1451646579706,1,0.12246552109718323,0.04042904078960419,0.09542904794216156
1451646579727,1,-0.11064305156469345,7.613397901877761E-4,0.047513447701931
1451646579747,1,0.09443981200456619,0.12434037774801254,0.15052199363708496
1451646579768,1,-0.3586748540401459,-0.3516589105129242,-0.7720809578895569
1451646579787,1,0.28192031383514404,0.25879648327827454,0.31059330701828003
1451646579807,1,-0.42984652519226074,-0.0936070904135704,-0.16397592425346375
1451646579828,1,-0.5512446761131287,-0.05802315101027489,-0.10851649194955826
1451646579842,1,-0.10933767259120941,0.41351214051246643,-0.45929449796676636
1451646579867,1,0.43403396010398865,0.1882423609495163,-0.4543816149234772
1451646579956,1,0.6623835563659668,0.31505438685417175,-0.44644787907600403
1451646579968,1,0.5306171178817749,0.09098317474126816,-0.27600422501564026
1451646579977,1,0.383104532957077,-0.16856998205184937,0.11934709548950195
1451646579987,1,-0.0934024378657341,-0.13923808932304382,-0.34483635425567627
1451646579996,1,0.1702815294265747,-0.2682373821735382,-0.4818757474422455
1451646580005,1,-0.19334158301353455,-0.33203503489494324,-0.23224282264709473
1451646580014,1,-0.9718039035797119,-0.7952268719673157,0.776225209236145
1451646580033,1,-0.37214282155036926,-0.8765572309494019,0.7529255747795105
1451646580050,1,-0.3196929395198822,-0.8758084774017334,0.8582792282104492
1451646580070,1,-0.6716299057006836,-0.3338342010974884,0.7380343079566956
1451646580084,1,-1.640372633934021,0.1655561774969101,-0.881690502166748
1451646580109,1,-2.5148208141326904,0.377989262342453,-0.589867353439331
1451646580129,1,0.8465214371681213,0.4039055109024048,-0.4616664946079254
1451646580151,1,1.6867738962173462,0.9049074053764343,-0.1549164205789566
1451646580170,1,2.353888750076294,0.9752727150917053,0.3803408145904541
1451646580189,1,2.079172134399414,0.4547349512577057,-0.32248422503471375
1451646580209,1,1.3155806064605713,0.33427053689956665,-0.5933622121810913
1451646580230,1,0.8949299454689026,0.15608663856983185,-0.7329998016357422
1451646580252,1,0.7756587266921997,0.1141623854637146,-0.7516308426856995
1451646580275,1,0.21131668984889984,-0.0702986940741539,-0.24964462220668793
1451646580290,1,-0.2620483934879303,-0.48107993602752686,-0.03825169801712036
1451646580310,1,-0.6973169445991516,-0.4896180331707001,0.05610065907239914
1451646580330,1,-0.805568277835846,-0.4810182750225067,0.5599199533462524
1451646580352,1,-0.6467199325561523,-0.5083908438682556,0.5006991028785706
1451646580372,1,-0.5309298634529114,-0.44719257950782776,0.3830640912055969
1451646580391,1,-0.29386934638023376,-0.3490276634693146,0.4256085157394409
1451646580411,1,-0.15112338960170746,-0.27303165197372437,0.10410451889038086
1451646580431,1,0.192942276597023,-0.004145137034356594,-0.29835399985313416
1451646580453,1,0.35245999693870544,0.06956102699041367,-0.5629039406776428
1451646580472,1,0.5199373960494995,0.2129436731338501,-0.5369096398353577
1451646580491,1,0.5306719541549683,0.14981384575366974,-0.403776615858078
1451646580510,1,0.31764525175094604,0.06362491846084595,-0.42988720536231995
1451646580533,1,0.3011651933193207,0.029409050941467285,-0.3938099443912506
1451646580552,1,0.1517876237630844,-0.06855214387178421,-0.022556699812412262
1451646580571,1,0.001911167404614389,-0.174784317612648,0.008798223920166492
1451646580592,1,-0.10919906944036484,-0.17873510718345642,-0.009133154526352882
1451646580612,1,-0.23794271051883698,-0.28755348920822144,0.013263970613479614
1451646580635,1,-0.14138364791870117,-0.1987278014421463,0.02941957116127014
1451646580653,1,0.04734152555465698,-0.05395517125725746,-0.033147651702165604
1451646580672,1,0.10155753791332245,-0.06846651434898376,-0.1397077441215515
1451646580692,1,0.08011018484830856,-0.09873305261135101,-0.17184826731681824
1451646580713,1,0.12497487664222717,-0.09978928416967392,-0.18793898820877075
1451646580733,1,0.13448351621627808,-0.043830666691064835,-0.23263795673847198
1451646580755,1,0.10190393775701523,-0.0427168607711792,-0.28590720891952515
1451646580773,1,0.08075235784053802,-0.08471212536096573,-0.23882220685482025
1451646580794,1,-0.0020912731997668743,-0.14858078956604004,-0.11184358596801758
1451646580819,1,-0.03190210834145546,-0.19267068803310394,-0.0021451953798532486
1451646580835,1,-0.16475524008274078,-0.2112143635749817,-0.11670506000518799
1451646580854,1,-0.1661883443593979,-0.23839783668518066,-0.10396365076303482
1451646580872,1,-0.20159882307052612,-0.1479194015264511,0.06048223376274109
1451646580893,1,-0.06949073821306229,-0.17062924802303314,0.11807459592819214
1451646580913,1,-0.004416647367179394,-0.1644148975610733,0.05476561188697815
1451646580935,1,-0.03471117466688156,-0.15559270977973938,-0.0989157184958458
1451646580954,1,0.014382014982402325,-0.07090338319540024,-0.24040450155735016
1451646580973,1,0.23112770915031433,0.054207392036914825,-0.30579671263694763
1451646580994,1,0.21350356936454773,0.16160160303115845,-0.2631920874118805
1451646581015,1,0.11235935986042023,-0.1137438714504242,-0.3346008062362671
1451646581036,1,0.054111018776893616,-0.1479886770248413,-0.022573651745915413
1451646581054,1,-0.2821034789085388,-0.16305793821811676,-0.08730126917362213
1451646581069,1,-0.21509039402008057,-0.16176731884479523,-0.037391867488622665
1451646581095,1,-0.18068477511405945,-0.17757512629032135,-0.0550491027534008
1451646581117,1,-0.16323329508304596,-0.18036387860774994,0.0673942044377327
1451646581136,1,-0.10213059186935425,-0.17365503311157227,0.17128419876098633
1451646581155,1,-0.1291336715221405,-0.20972996950149536,-0.08270750939846039
1451646581175,1,-0.04114836826920509,-0.11789748072624207,-0.2155243307352066
1451646581195,1,0.11770576238632202,0.024974867701530457,-0.15120704472064972
1451646581218,1,0.19944719970226288,-0.03821428865194321,-0.23734979331493378
1451646581237,1,0.1559676080942154,-0.04408318176865578,-0.3099035620689392
1451646581255,1,0.20103029906749725,0.039410218596458435,-0.23741117119789124
1451646581276,1,0.13187800347805023,0.005079787690192461,-0.20714345574378967
1451646581296,1,0.05966302752494812,-0.12911562621593475,-0.2011217176914215
1451646581317,1,0.021605391055345535,-0.10316402465105057,-0.11041034013032913
1451646581340,1,-0.02271495945751667,-0.15810324251651764,-0.10151567310094833
1451646581356,1,-0.07858838140964508,-0.2132730484008789,-0.06683949381113052
1451646581377,1,-0.022453896701335907,-0.16972120106220245,-0.06821954995393753
1451646581397,1,-0.061809100210666656,9.524784400127828E-4,-0.17488135397434235
1451646581419,1,0.05039046332240105,-0.10038988292217255,-0.06478197872638702
1451646581438,1,0.129265695810318,-0.12156009674072266,-0.0988181009888649
1451646581456,1,0.07072758674621582,-0.04368365928530693,-0.29174599051475525
1451646581477,1,0.13173998892307281,-0.03278700262308121,-0.383806437253952
1451646581497,1,0.15877515077590942,0.051695410162210464,-0.27807578444480896
1451646581517,1,0.14699922502040863,-0.11189093440771103,-0.3208908438682556
1451646581538,2,0.09279226511716843,-0.0680643618106842,-0.292249858379364
1451646581561,2,0.0038124709390103817,-0.08084201067686081,-0.2601484954357147
1451646581578,2,-0.15117475390434265,-0.10669804364442825,-0.167026549577713
1451646581602,2,-0.08222177624702454,-0.13085925579071045,-0.06961597502231598
1451646581619,2,-0.09019245952367783,-0.14590045809745789,-0.11810147762298584
1451646581639,2,-0.0479733943939209,-0.1284206360578537,-0.07007774710655212
1451646581657,2,-0.06406513601541519,-0.18681320548057556,-0.09771393984556198
1451646581678,2,-0.12623196840286255,-0.0668088048696518,-0.30044659972190857
1451646581700,2,0.14720307290554047,-0.049362581223249435,-0.174676775932312
1451646581719,2,0.18965916335582733,-0.10806319117546082,-0.22913433611392975
1451646581739,2,0.1399265080690384,-0.10294628888368607,-0.2408633530139923
1451646581758,2,0.11411350965499878,-0.002852759091183543,-0.1522480845451355
1451646581779,2,0.12604601681232452,-0.052943069487810135,-0.2117471545934677
1451646581801,2,0.04613485187292099,-0.03624006733298302,-0.2847059965133667
1451646581820,2,0.061166197061538696,-0.09674655646085739,-0.31804129481315613
1451646581839,2,-0.0435129776597023,-0.1282324194908142,-0.16299860179424286
1451646581858,2,-0.07819470763206482,-0.12952449917793274,-0.2895961105823517
1451646581879,2,0.07196531444787979,-0.12367226928472519,-0.427592396736145
1451646581899,2,-0.09237609058618546,-0.04369125887751579,-0.44007018208503723
1451646581920,2,2.3702363250777125E-4,-0.12097703665494919,-0.35314592719078064
1451646581939,2,0.10946144163608551,-0.27728840708732605,0.10506372153759003
1451646581958,2,0.4376598596572876,-0.32395637035369873,0.39224109053611755
1451646581980,2,0.20713907480239868,-0.3039858639240265,0.21558862924575806
1451646582001,2,1.4034392833709717,-1.8743903636932373,0.853195071220398
1451646582023,2,-2.6575093269348145,-0.45626842975616455,0.7242401838302612
1451646582035,2,-0.4671894907951355,0.056841541081666946,-0.1921720951795578
1451646582059,2,-0.04980082809925079,-0.027080606669187546,-0.7298194169998169
1451646582080,2,0.2162642627954483,0.4045531451702118,-0.6967273354530334
1451646582102,2,0.5361967086791992,0.5007882714271545,-1.1215981245040894
1451646582120,2,0.8146169185638428,0.4596487283706665,-1.0257196426391602
1451646582140,2,0.8559170961380005,0.4060419499874115,-0.8305372595787048
1451646582161,2,1.2222412824630737,0.10643588751554489,0.6074451208114624
1451646582182,2,2.5891902446746826,-0.2318514883518219,-0.6597563028335571
1451646582202,2,0.743159294128418,-0.03077653981745243,-0.7263345122337341
1451646582222,2,0.14490151405334473,0.012336626648902893,-0.513858437538147
1451646582241,2,-0.48033592104911804,-0.2749894857406616,-0.38605451583862305
1451646582262,2,-0.9499636292457581,-0.676115870475769,0.04814356192946434
1451646582283,2,-1.0504729747772217,-0.6557856202125549,0.45105215907096863
1451646582303,2,-0.6946806311607361,-0.5007461905479431,0.5428951978683472
1451646582323,2,-0.33799248933792114,-0.33917468786239624,0.4567500948905945
1451646582342,2,-0.1560029834508896,-0.13855360448360443,0.34677696228027344
1451646582362,2,0.05615004897117615,-0.1465238630771637,-0.0025017536245286465
1451646582384,2,0.11655475944280624,-0.020221827551722527,-0.18832184374332428
1451646582442,2,0.3549196422100067,0.14129209518432617,-0.5254378318786621
1451646582462,2,0.34947270154953003,0.127655491232872,-0.32231882214546204
1451646582485,2,0.18043358623981476,-0.10680530220270157,0.019277531653642654
1451646582506,2,0.046346522867679596,-0.14966244995594025,0.07006020843982697
1451646582522,2,-0.05979030579328537,-0.1482873558998108,0.11830255389213562
1451646582543,2,-0.18419666588306427,-0.16058512032032013,-0.012675941921770573
1451646582564,2,-0.19627214968204498,-0.14238983392715454,-0.03167290240526199
1451646582585,2,-0.17471835017204285,-0.11843056976795197,-0.08470248430967331
1451646582605,2,-0.08474983274936676,-0.18107640743255615,-0.1427554488182068
1451646582623,2,-0.13206008076667786,-0.16318681836128235,-0.07269640266895294
1451646582643,2,-0.03248516842722893,-0.12390578538179398,0.06419394910335541
1451646582668,2,0.002316021826118231,-7.280220161192119E-4,0.03882628306746483
1451646582685,2,0.1635493040084839,-0.05154051259160042,-0.14317162334918976
1451646582705,2,0.11382811516523361,0.03645721450448036,-0.08188509196043015
1451646582723,2,0.08690145611763,0.04229249805212021,-0.21830666065216064
1451646582744,2,0.3683846592903137,0.13110299408435822,-0.25544482469558716
1451646582768,2,0.3981630206108093,0.17350013554096222,-0.5386877655982971
1451646582786,2,0.4755916893482208,0.1853928118944168,-0.5162357091903687
1451646582800,2,0.16531988978385925,-0.022725626826286316,-0.4404682219028473
1451646582819,2,0.04705269634723663,-0.1904667466878891,-0.13900691270828247
1451646582844,2,-0.18904022872447968,-0.3208867311477661,-0.04898819699883461
1451646582865,2,-0.22863098978996277,-0.25299072265625,0.17064940929412842
1451646582886,2,-0.2956570088863373,-0.1285068541765213,0.2836170494556427
1451646582900,2,-0.27244997024536133,-0.3443167209625244,0.23675358295440674
1451646582925,2,-0.42176076769828796,-0.3802542984485626,0.28820961713790894
1451646582945,2,-0.591856837272644,-0.2832099199295044,0.2709621489048004
1451646582967,2,-0.3923572599887848,-0.2835264503955841,0.3227677345275879
1451646582986,2,-0.40583473443984985,-0.1607706993818283,0.03428104147315025
1451646583007,2,0.11629114300012589,-0.013818097300827503,-0.22584113478660583
1451646583021,2,0.2535650134086609,0.05253829061985016,-0.3501981794834137
1451646583046,2,0.33276358246803284,0.12578004598617554,-0.33421385288238525
1451646583069,2,0.2562693655490875,0.16774755716323853,-0.5029138922691345
1451646583087,2,0.3571171760559082,0.1393684297800064,-0.4294353723526001
1451646583105,2,0.33585992455482483,0.0486772283911705,-0.2854214608669281
1451646583126,2,0.07416486740112305,0.0031570028513669968,-0.28277766704559326
1451646583147,2,0.20747137069702148,0.032371990382671356,-0.21467210352420807
1451646583167,2,-0.09998773038387299,-0.12108312547206879,-0.06868892163038254
1451646583187,2,-0.041301000863313675,-0.05614712834358215,0.10815934836864471
1451646583206,2,-0.11242146044969559,-0.14666502177715302,0.01734042726457119
1451646583226,2,-0.36894217133522034,-0.3336436450481415,0.12150339782238007
1451646583247,2,-0.3611082136631012,-0.3102192282676697,0.03853752836585045
1451646583268,2,-0.24193134903907776,-0.1406228244304657,-0.04812485724687576
1451646583287,2,-0.09818879514932632,-0.09208499640226364,-0.0323076955974102
1451646583307,2,0.00507591525092721,-0.0977206602692604,-0.07403670996427536
1451646583323,2,0.14174430072307587,-0.03046119026839733,-0.26878830790519714
1451646583347,2,0.16579195857048035,0.07143588364124298,-0.26340252161026
1451646583369,2,0.20447175204753876,0.039690207690000534,-0.23255671560764313
1451646583389,2,0.216435968875885,0.09964841604232788,-0.2357330024242401
1451646583407,2,0.22605113685131073,0.12431991845369339,-0.30636897683143616
1451646583428,2,0.08917663246393204,-0.09109890460968018,-0.22757366299629211
1451646583450,2,-0.13147073984146118,-0.1499175876379013,0.03658054769039154
1451646583470,2,-0.174963116645813,-0.25717005133628845,-0.05999065190553665
1451646583489,2,-0.2182268649339676,-0.16382570564746857,0.08131927251815796
1451646583508,2,-0.20198877155780792,-0.16784049570560455,0.0856330394744873
1451646583529,2,-0.13871128857135773,-0.1501069813966751,0.12511691451072693
1451646583549,2,-0.17516565322875977,-0.05278875678777695,0.09371054917573929
