1451662481058,0,-0.3082367777824402,-1.173505187034607,-0.5233703851699829
1451662481066,0,-0.3082367777824402,-1.173505187034607,-0.5233703851699829
1451662481083,1,-0.3082367777824402,-1.173505187034607,-0.5233703851699829
1451662481096,1,-0.3082367777824402,-1.173505187034607,-0.5233703851699829
1451662481116,1,-0.6938877105712891,5.790940761566162,-0.988088071346283
1451662481136,1,-2.1338000297546387,5.428905010223389,-1.4423019886016846
1451662481156,1,0.804048478603363,0.3751695454120636,0.11434593051671982
1451662481176,1,2.2315216064453125,0.5316209197044373,0.6738736629486084
1451662481196,1,2.396207571029663,1.343740463256836,0.46302199363708496
1451662481216,1,0.6317145228385925,1.006693959236145,-0.02306991070508957
1451662481249,1,-0.2476693093776703,0.3065834939479828,-0.30382630228996277
1451662481262,1,-0.2714320123195648,-0.008083353750407696,0.4307762682437897
1451662481282,1,1.0344138145446777,0.6700093746185303,0.9131705164909363
1451662481300,1,1.2334883213043213,0.538615882396698,0.01697217859327793
1451662481321,1,0.44703540205955505,0.9974579811096191,0.091859370470047
1451662481344,1,0.29341015219688416,0.9128419756889343,0.7607389092445374
1451662481368,1,-0.16865086555480957,-0.06849369406700134,0.4260217845439911
1451662481381,1,-1.1218328475952148,-0.6016179919242859,-0.006093056406825781
1451662481401,1,-1.2785269021987915,-0.5059662461280823,0.9404886960983276
1451662481422,1,1.77744460105896,-0.2972486615180969,2.1797749996185303
1451662481444,1,1.349479079246521,0.5780085921287537,0.6047405004501343
1451662481463,1,1.6349165439605713,0.5946399569511414,-0.20661796629428864
1451662481482,1,1.8566176891326904,-0.035759296268224716,-0.6447557210922241
1451662481501,1,3.980581760406494,-0.8974924683570862,-1.4822872877120972
1451662481523,1,-1.0257837772369385,3.470186710357666,-0.2166951298713684
1451662481545,1,-0.247807115316391,1.111296534538269,-0.9974071383476257
1451662481564,1,0.5332059264183044,1.2598680257797241,-0.9261930584907532
1451662481584,1,1.387551188468933,0.5539969801902771,0.7808640003204346
1451662481605,1,1.3091232776641846,0.5796072483062744,1.917860746383667
1451662481624,1,1.9841556549072266,0.5017921924591064,2.035033941268921
1451662481645,1,0.7780886888504028,0.27490416169166565,0.1611117720603943
1451662481666,1,0.5385331511497498,0.5098930597305298,-0.5161129832267761
1451662481684,1,1.074210524559021,0.22463877499103546,-0.2519482374191284
1451662481710,1,1.026402235031128,0.1821674257516861,-0.723364531993866
1451662481726,1,0.5915975570678711,-0.20101298391819,-1.2553914785385132
1451662481746,1,0.4637435972690582,-0.8121247887611389,-0.2788660526275635
1451662481764,1,1.0665783882141113,-0.8848282098770142,2.4458985328674316
1451662481784,1,0.6213549375534058,-0.22281506657600403,3.225829601287842
1451662481801,1,-5.201304912567139,-0.7535872459411621,-1.516018033027649
1451662481828,1,-1.9130393266677856,-0.5733516812324524,1.7507997751235962
1451662481841,1,5.2390546798706055,1.5470465421676636,-0.41352760791778564
1451662481862,1,5.864477634429932,1.138021469116211,-2.6621010303497314
1451662481885,1,2.6644363403320313,0.6124246120452881,-3.0104024410247803
1451662481906,1,-1.3020926713943481,0.0431722030043602,-2.7056875228881836
1451662481928,1,-2.6826841831207275,0.021850012242794037,-1.5674068927764893
1451662481949,1,-0.9705957174301147,-0.25497370958328247,1.2486848831176758
1451662481965,1,3.5293784141540527,-0.1861240416765213,3.9275598526000977
1451662481986,1,3.2190113067626953,-0.05120762437582016,2.1236143112182617
1451662482006,1,1.6089482307434082,0.3085702657699585,-0.11493571102619171
1451662482027,1,0.265179306268692,0.6745908856391907,-1.0141431093215942
1451662482048,1,0.851369321346283,0.740516185760498,-0.3853706121444702
1451662482066,1,1.6082103252410889,0.09898878633975983,0.9459955096244812
1451662482086,1,1.1607345342636108,-0.3082791864871979,1.0243254899978638
1451662482106,1,0.8107621073722839,-0.21070845425128937,1.375751256942749
1451662482128,1,0.858446478843689,0.013836218044161797,1.4355226755142212
1451662482146,1,1.1085801124572754,0.14362171292304993,0.816318154335022
1451662482166,1,0.9801422357559204,0.47295770049095154,-0.1092313602566719
1451662482187,1,0.8338817358016968,0.25913727283477783,0.06676993519067764
1451662482207,1,0.8585425019264221,0.1233031377196312,0.4418804347515106
1451662482223,1,0.6610844135284424,-0.018480245023965836,0.4655144214630127
1451662482247,1,0.48841845989227295,0.021453706547617912,0.3059077858924866
1451662482268,1,1.0349434614181519,0.18351474404335022,0.16182547807693481
1451662482288,1,1.3404275178909302,0.28053542971611023,-0.002539747627452016
1451662482311,1,0.9048093557357788,0.23351766169071198,0.024167057126760483
1451662482328,1,0.5058180093765259,0.3741360902786255,0.445574015378952
1451662482350,1,0.6075443029403687,0.2998258173465729,0.7346569299697876
1451662482369,1,1.4106976985931396,0.5554776191711426,0.6997364163398743
1451662482388,1,0.9555058479309082,0.5123445391654968,0.023728081956505775
1451662482409,1,0.4596749544143677,0.32876259088516235,-0.10815349966287613
1451662482430,1,0.3388901650905609,0.10993336886167526,0.025439562276005745
1451662482448,1,0.4422811269760132,-0.20142683386802673,-0.10747136175632477
1451662482467,1,0.9568148851394653,-0.3217126727104187,-0.28244447708129883
1451662482485,1,2.9355199337005615,0.1935422122478485,2.8880934715270996
1451662482525,1,1.2989219427108765,0.41028058528900146,1.788551688194275
1451662482535,1,-21.114200592041016,0.49536067247390747,-3.3465983867645264
1451662482549,1,-2.251335382461548,0.36027300357818604,-0.3863818347454071
1451662482574,1,1.8674834966659546,-0.28381285071372986,-0.029370471835136414
1451662482594,1,4.515270233154297,0.22552081942558289,-0.8724103569984436
1451662482611,1,2.5797815322875977,0.298158198595047,-3.415001392364502
1451662482629,1,-0.07095649838447571,0.26340368390083313,-1.8599544763565063
1451662482648,1,-0.4467730224132538,0.18554186820983887,0.3361433446407318
1451662482667,1,-0.1802421510219574,-0.1418757438659668,1.7453659772872925
1451662482692,1,0.7995809316635132,-0.4040496051311493,3.0640041828155518
1451662482711,1,0.6529791951179504,-0.12219137698411942,1.6593326330184937
1451662482729,1,0.2553923726081848,0.2625333368778229,0.3132312595844269
1451662482750,1,0.46878254413604736,0.14253273606300354,-0.29382219910621643
1451662482770,1,0.6277401447296143,0.06985446065664291,-0.3855617642402649
1451662482790,1,0.47960132360458374,-0.22533319890499115,-0.01074292790144682
1451662482810,1,0.4381136894226074,-0.525383472442627,1.0395938158035278
1451662482830,1,0.3714717626571655,-0.5714485049247742,1.1697943210601807
1451662482850,1,0.0048197484575212,-0.33295828104019165,0.6297574639320374
1451662482869,1,-0.028401480987668037,-0.08470599353313446,0.021688099950551987
1451662482894,1,0.2611244320869446,0.010842296294867992,-0.2876490652561188
1451662482912,1,0.7099705934524536,-0.011203531175851822,-0.03415478393435478
1451662482932,1,1.2208589315414429,-0.052947748452425,0.37131693959236145
1451662482951,1,0.4955301284790039,-0.01946691796183586,0.6487871408462524
1451662482972,1,0.023013649508357048,0.156174898147583,0.606370747089386
1451662482995,1,0.24516279995441437,0.1653495579957962,0.434151291847229
1451662483014,1,-0.7539111375808716,0.08356617391109467,1.5336451530456543
1451662483027,1,3.4394524097442627,-0.02139817737042904,-1.0890849828720093
1451662483060,1,-0.36113062500953674,0.4084148108959198,0.7255354523658752
1451662483077,1,0.4291532039642334,0.0015764555428177118,0.23158115148544312
1451662483094,1,-1.9815292034763843E-4,0.20269349217414856,0.7410703301429749
1451662483114,1,0.950412929058075,-0.5836275815963745,-0.11395195871591568
1451662483137,2,0.7922307252883911,-0.20990824699401855,-0.11817396432161331
1451662483149,2,0.37838077545166016,-0.03377192094922066,0.1478589028120041
1451662483178,2,0.6972285509109497,-0.010766308754682541,-0.14564532041549683
1451662483197,2,0.7801831364631653,0.1611538529396057,0.01902911067008972
1451662483214,2,0.5721701383590698,0.15036065876483917,0.06046060845255852
1451662483233,2,0.5753647089004517,-0.7166109681129456,-0.3510907292366028
1451662483254,2,0.428370863199234,0.4127162992954254,0.6502262353897095
1451662483274,2,0.5866405963897705,-0.08163023740053177,0.09302432090044022
1451662483291,2,0.6867886781692505,0.18695056438446045,0.1557464450597763
1451662483314,2,0.7605763673782349,0.2581932544708252,0.13038988411426544
1451662483334,2,0.15947043895721436,-0.39982643723487854,-0.017163315787911415
1451662483354,2,0.00482186721637845,0.5464326739311218,0.6116752624511719
1451662483377,2,0.09592936187982559,0.17024433612823486,0.5848737955093384
1451662483397,2,0.3878115117549896,0.023452186957001686,0.10739245265722275
1451662483416,2,0.7306343913078308,-0.31915128231048584,-0.6597387790679932
1451662483438,2,0.8230070471763611,0.4117015600204468,-0.21126200258731842
1451662483455,2,0.2167871594429016,-0.18778467178344727,-0.5817302465438843
1451662483476,2,0.2495109587907791,-0.7445949912071228,0.6042466163635254
1451662483496,2,-0.23681415617465973,-1.041706919670105,0.7704015970230103
1451662483514,2,-0.09299831092357635,-0.22810791432857513,0.48757484555244446
1451662483535,2,0.4831622242927551,1.0984481573104858,-0.23940613865852356
1451662483552,2,0.679804801940918,0.20640228688716888,0.5100544095039368
1451662483576,2,-0.08972688764333725,0.14481529593467712,-0.008627543225884438
1451662483599,2,0.35806912183761597,-0.25152385234832764,-0.7365174889564514
1451662483617,2,0.3713277578353882,0.1657411903142929,0.3310387134552002
1451662483637,2,0.29784101247787476,-0.022778233513236046,0.5104243755340576
1451662483656,2,0.08360431343317032,-0.08707798272371292,0.5281394720077515
1451662483679,2,0.04008161649107933,-0.28749358654022217,1.2206909656524658
1451662483693,2,-0.22260676324367523,-0.24453473091125488,0.8087480068206787
1451662483712,2,-0.28040069341659546,-0.054715342819690704,0.3079582750797272
1451662483737,2,-0.08934592455625534,-0.022099604830145836,0.15688976645469666
1451662483761,2,0.7540825009346008,0.40020751953125,-0.0222726222127676
1451662483779,2,0.38064906001091003,0.5265244841575623,-0.7358621954917908
1451662483793,2,0.024332258850336075,0.05016717687249184,-0.49909284710884094
1451662483817,2,-0.13402174413204193,-0.14783084392547607,-0.12048457562923431
1451662483837,2,0.4773629903793335,-0.011375965550541878,0.39667701721191406
1451662483857,2,0.7347273230552673,0.39013564586639404,0.2859136164188385
1451662483878,2,0.6394231915473938,0.41067633032798767,-0.19564123451709747
1451662483898,2,0.31853315234184265,0.4613496959209442,-0.3051707148551941
1451662483917,2,0.15955741703510284,0.27426469326019287,-0.06233341619372368
1451662483937,2,0.024817045778036118,0.14486205577850342,0.239439457654953
1451662483961,2,0.08491722494363785,0.038332946598529816,0.1392044723033905
1451662483981,2,0.15705840289592743,0.08316110074520111,-0.46068042516708374
1451662483993,2,-0.5101509690284729,-0.4676964282989502,0.5184434652328491
1451662484018,2,0.44220298528671265,-0.5756219625473022,2.799516201019287
1451662484038,2,-0.35923510789871216,-1.1227402687072754,3.5464439392089844
1451662484062,2,-0.765667200088501,1.6460860967636108,0.5658131241798401
1451662484081,2,-1.171893835067749,1.1541571617126465,-0.7693793177604675
1451662484098,2,0.6106860637664795,0.07246551662683487,-0.16694121062755585
1451662484118,2,0.4190051853656769,0.014942132867872715,-0.6668623089790344
1451662484140,2,0.11478406190872192,0.06656944751739502,-1.2895056009292603
1451662484160,2,0.046327561140060425,0.10566870123147964,-1.4295482635498047
1451662484181,2,0.327316015958786,0.12480887025594711,-1.5085554122924805
1451662484199,2,0.804266631603241,0.13767361640930176,-0.8642793297767639
1451662484219,2,0.27282315492630005,-0.018479660153388977,-0.5024135112762451
1451662484239,2,0.20677562057971954,-0.20412322878837585,0.041642509400844574
1451662484260,2,-0.07544296234846115,0.25087037682533264,0.04601999372243881
1451662484282,2,0.13140596449375153,0.12920446693897247,0.3334890305995941
1451662484299,2,0.2486872524023056,0.12886428833007813,0.49971070885658264
1451662484321,2,0.25886571407318115,0.1329202800989151,0.8406395316123962
1451662484343,2,-0.07547832280397415,-0.15624621510505676,0.4959837794303894
1451662484361,2,-0.04179295152425766,-0.18728549778461456,0.5288070440292358
1451662484381,2,0.21928147971630096,-0.013518822379410267,0.4692050814628601
1451662484400,2,0.11394292116165161,-0.012155133299529552,0.4954010248184204
1451662484422,2,0.04697294533252716,0.11803601682186127,0.5253232717514038
1451662484440,2,0.21988724172115326,0.14887598156929016,0.2741325795650482
1451662484460,2,0.2567920982837677,0.15816228091716766,-0.10346972942352295
1451662484481,2,0.14126905798912048,0.13193067908287048,-0.2453279346227646
1451662484500,2,0.13033464550971985,0.06752163171768188,-0.20247605443000793
1451662484519,2,0.3333308696746826,0.1026432141661644,-0.103206105530262
1451662484540,2,0.32047972083091736,0.18092472851276398,0.03449848294258118
1451662484562,2,0.22676044702529907,0.2517494857311249,0.15315409004688263
1451662484580,2,0.12065372616052628,0.23522505164146423,0.1663450002670288
1451662484602,2,0.14917874336242676,0.18376433849334717,0.09524492174386978
1451662484625,2,0.20126871764659882,0.0775444284081459,0.3662339448928833
1451662484641,2,0.285045325756073,0.09044131636619568,0.44891515374183655
1451662484661,2,0.05164771527051926,0.06115618720650673,0.3631324768066406
1451662484683,2,-0.07231497019529343,0.05461538955569267,0.2687462270259857
1451662484698,2,0.004816825967282057,0.09133855998516083,0.08432547003030777
1451662484724,2,0.059682223945856094,0.06740765273571014,-0.0608101524412632
1451662484738,2,0.080781951546669,0.020412089303135872,-0.017592355608940125
1451662484765,2,0.23133616149425507,0.03461421653628349,0.00308335293084383
1451662484785,2,0.22168023884296417,0.0776858851313591,-0.09981588274240494
1451662484804,2,0.27099764347076416,0.19852468371391296,0.010426117107272148
1451662484825,2,0.2271558791399002,0.23447978496551514,0.3642483353614807
1451662484845,2,0.13826195895671844,0.1566203087568283,0.2722948491573334
1451662484865,2,0.18461492657661438,0.15891923010349274,0.11338730901479721
1451662484879,2,0.17057649791240692,0.10005494952201843,0.016761749982833862
1451662484905,2,0.18825186789035797,0.09985563158988953,-0.07554595172405243
1451662484925,2,0.22044409811496735,0.1169791966676712,-0.0742015466094017
1451662484939,2,0.1521100401878357,0.06460311263799667,0.07162614166736603
1451662484966,2,0.05905572697520256,0.06119067594408989,0.1514309197664261
1451662484979,2,0.06887887418270111,0.09478139132261276,0.2315460741519928
1451662485006,2,0.026783907786011696,0.04615618661046028,0.13831132650375366
1451662485020,2,0.07502837479114532,0.04898001253604889,0.08474164456129074
1451662485047,2,0.14882716536521912,0.06236322596669197,0.16568215191364288
1451662485067,2,0.12497604638338089,0.056532036513090134,0.06905658543109894
1451662485085,2,0.08166950941085815,0.06257365643978119,0.18516017496585846
1451662485107,2,0.07705025374889374,0.052837856113910675,0.19272330403327942
1451662485128,2,0.16171301901340485,0.12655600905418396,0.12815700471401215
1451662485156,2,0.18256299197673798,0.13281448185443878,0.03596212714910507
1451662485168,2,0.21380628645420074,0.13096389174461365,0.09092822670936584
1451662485188,1,0.13899610936641693,0.09069032967090607,0.11110533773899078
1451662485201,1,0.24753129482269287,0.11394552886486053,0.22645021975040436
1451662485225,1,0.2793772220611572,0.14011573791503906,0.2493354082107544
1451662485244,1,0.07227785140275955,0.07865092903375626,0.10497195273637772
1451662485269,1,0.04968675598502159,0.08512099832296371,0.13144786655902863
1451662485286,1,0.19159916043281555,0.10112053155899048,0.08209843933582306
1451662485307,1,0.12235022336244583,0.04389408603310585,-0.04716390371322632
1451662485321,1,0.08432143181562424,-0.007490647956728935,-0.03458849713206291
1451662485350,1,0.08307216316461563,0.048959553241729736,0.15626433491706848
1451662485365,1,0.1556367725133896,0.0636439099907875,0.18533261120319366
1451662485388,1,0.2099430412054062,0.1572837382555008,-0.004234276711940765
1451662485410,1,0.12436337023973465,0.08775953203439713,0.0373164638876915
1451662485427,1,0.10892973095178604,0.06612696498632431,0.14130115509033203
1451662485448,1,0.11676932126283646,0.0423053577542305,0.21033436059951782
1451662485468,1,0.11019290238618851,0.09013620018959045,0.24583178758621216
1451662485488,1,0.27307382225990295,0.14028175175189972,1.6366613635909744E-5
1451662485508,1,0.13702943921089172,0.12005670368671417,0.1793874353170395
1451662485529,1,0.0333925299346447,0.07061608880758286,0.3359937071800232
1451662485555,1,0.028304852545261383,-0.019561609253287315,0.0148415956646204
1451662485568,1,0.008745068684220314,-0.040127430111169815,-0.22774960100650787
1451662485591,1,0.6867853403091431,0.0951075553894043,0.2912982404232025
1451662485615,1,0.5010170936584473,0.2872077524662018,-0.26560264825820923
1451662485623,1,-0.1552509218454361,0.13137128949165344,-0.43228960037231445
1451662485650,1,-0.37604326009750366,0.382517546415329,0.2472679615020752
1451662485667,1,-0.006926000118255615,0.3272036612033844,0.06399112194776535
1451662485689,1,0.3823651969432831,-0.12093816697597504,0.737205445766449
1451662485707,1,0.381610631942749,-0.008039514534175396,0.750034511089325
1451662485729,1,0.40030357241630554,0.05428805574774742,0.1596890389919281
1451662485748,1,0.08070863038301468,0.1659621298313141,-0.040713705122470856
1451662485768,1,-0.12654010951519012,0.12851883471012115,0.10965221375226974
1451662485785,1,-0.20058958232402802,-0.0013712883228436112,0.29080140590667725
1451662485826,1,0.24838629364967346,-0.08351356536149979,0.09171265363693237
1451662485830,1,0.31729185581207275,-0.06155833974480629,-0.21830080449581146
1451662485850,1,0.07441500574350357,-0.021496377885341644,-0.13024668395519257
1451662485873,1,0.044335950165987015,0.08815934509038925,0.05362637713551521
1451662485889,1,0.11077334731817245,0.1252829134464264,0.1387818604707718
1451662485904,1,0.21112702786922455,0.06546937674283981,-0.03800853714346886
1451662485929,1,-0.024405725300312042,0.09810732305049896,0.1744534820318222
1451662485945,1,0.09829647094011307,0.14899756014347076,0.31189388036727905
1451662485968,1,0.40821629762649536,0.10600421577692032,0.21401743590831757
1451662485990,1,0.37292400002479553,0.09903788566589355,0.25650984048843384
1451662486009,1,0.36571186780929565,0.16626374423503876,0.16710838675498962
1451662486031,1,-0.10090462863445282,0.09110007435083389,0.2072533518075943
1451662486045,1,-0.02844221517443657,0.06203589215874672,0.13454583287239075
1451662486069,1,0.008924809284508228,-0.1051601693034172,-0.08488544076681137
1451662486090,1,0.2205737978219986,-0.30111587047576904,0.03211304917931557
1451662486112,1,2.5001933574676514,-0.24072715640068054,2.0988235473632813
1451662486126,1,-2.7750258445739746,-0.7112760543823242,1.2686971426010132
1451662486150,1,-4.6793036460876465,-0.9492021799087524,3.9139552116394043
1451662486172,1,-2.6373794078826904,-0.4637807309627533,-0.07339607924222946
1451662486193,1,2.107034683227539,0.0952829122543335,-0.6985451579093933
1451662486213,1,4.6731133460998535,0.5769891738891602,-3.676212787628174
1451662486231,1,1.0558440685272217,-0.028065234422683716,-3.9350616931915283
1451662486250,1,-0.25651904940605164,-0.2268821746110916,-0.12844927608966827
1451662486270,1,-1.2315592765808105,-0.30383506417274475,1.5234224796295166
1451662486293,1,-1.128820776939392,-0.2950426936149597,1.4046874046325684
1451662486312,1,0.3005278706550598,0.13487550616264343,1.1430214643478394
1451662486331,1,1.4616297483444214,0.6377735733985901,-0.5968331098556519
1451662486350,1,0.7392273545265198,0.7512731552124023,-1.3315224647521973
1451662486370,1,0.4657749831676483,0.8388426899909973,-0.46641048789024353
1451662486392,1,0.6022876501083374,0.6681745648384094,1.168573260307312
1451662486412,1,0.5714806914329529,0.2441892772912979,1.9017560482025146
1451662486430,1,-0.008686324581503868,-0.11260814219713211,1.118939757347107
1451662486450,1,-0.5175653696060181,-0.2795727252960205,-0.1742980033159256
1451662486473,1,-0.5700498223304749,-0.2633189260959625,-0.06575579196214676
1451662486495,1,-0.13263773918151855,-0.19396598637104034,0.8178980946540833
1451662486512,1,0.22642770409584045,-0.17726503312587738,0.8495347499847412
1451662486531,1,0.0336599126458168,-0.28427812457084656,0.24357962608337402
1451662486548,1,-0.5917549729347229,-0.28875380754470825,-0.24774669110774994
1451662486573,1,-0.14666225016117096,-0.20627953112125397,-0.03312836214900017
1451662486595,1,0.2205607146024704,-0.048723991960287094,0.30955344438552856
1451662486613,1,0.5875682234764099,0.1251654326915741,0.5192962884902954
1451662486633,1,0.10704980045557022,0.18344342708587646,0.2017085701227188
1451662486654,1,0.02931360900402069,0.06304769963026047,0.10789046436548233
1451662486675,1,0.21850188076496124,0.07148176431655884,0.053743280470371246
1451662486693,1,0.4486128091812134,0.11940379440784454,-0.05739946663379669
1451662486714,1,0.4273354113101959,0.10866378992795944,0.11295301467180252
1451662486734,1,0.30074045062065125,0.17550796270370483,0.356274276971817
1451662486753,1,-0.028223786503076553,0.11306290328502655,0.3758832514286041
1451662486777,1,0.16812802851200104,0.10888999700546265,0.1690051555633545
1451662486796,1,0.308992475271225,0.10470540821552277,0.08465981483459473
1451662486818,1,0.40575891733169556,0.11756722629070282,0.09265197813510895
1451662486833,1,0.09082935005426407,0.12078385055065155,0.32283729314804077
1451662486853,1,-0.23006920516490936,0.01073182187974453,0.4290437400341034
1451662486873,1,0.041797664016485214,-0.021613866090774536,0.14089082181453705
1451662486897,1,0.2922362983226776,0.02008008025586605,-0.019824059680104256
1451662486915,1,0.20959345996379852,0.08944821357727051,0.03683773800730705
1451662486937,1,0.013927750289440155,0.08419804275035858,0.2106190174818039
1451662486954,1,-0.14385555684566498,0.08762392401695251,0.41971418261528015
1451662486976,1,0.18572843074798584,0.03255085647106171,0.08028057217597961
1451662486998,1,0.2490992248058319,0.058129534125328064,-0.24784429371356964
1451662487016,1,0.2127545028924942,0.09949731826782227,-0.3205968141555786
1451662487036,1,0.1922571212053299,0.07523556798696518,0.09192132949829102
1451662487061,1,-0.03247230872511864,0.016384148970246315,0.4499760568141937
1451662487083,1,-0.17072248458862305,0.002915595192462206,0.49712592363357544
1451662487098,1,0.28622767329216003,0.15433014929294586,-0.07564765214920044
1451662487112,1,0.4386309087276459,0.13849018514156342,-0.11594634503126144
1451662487137,1,0.2725876271724701,0.18953824043273926,0.3139367699623108
1451662487158,1,0.005185640882700682,0.1238701269030571,0.785584568977356
1451662487179,1,-0.12997403740882874,0.0831640213727951,0.7455272674560547
1451662487228,2,0.20808902382850647,0.11572656780481339,-0.055922962725162506
1451662487237,2,0.3528729975223541,0.10198328644037247,-0.2677753269672394
1451662487245,2,0.17973628640174866,0.09721241891384125,0.002011924283578992
1451662487253,2,-0.10716281086206436,-0.002374912379309535,0.2229086011648178
1451662487286,2,-0.23742929100990295,-0.03430559113621712,0.24267420172691345
1451662487294,2,0.18017986416816711,0.0681605115532875,-0.09301204979419708
1451662487318,2,0.43663734197616577,0.12843173742294312,-0.2189648300409317
1451662487334,2,0.3689919412136078,0.228483185172081,0.002132920315489173
1451662487359,2,0.0415848046541214,0.17921383678913116,0.29994916915893555
1451662487374,2,-0.20001474022865295,0.1118658035993576,0.5201017260551453
1451662487399,2,-0.07221484929323196,0.05135258659720421,0.4103419780731201
1451662487419,2,0.46585625410079956,0.12528175115585327,-0.2391992211341858
1451662487439,2,0.3265872299671173,0.15752455592155457,-0.09416414052248001
1451662487461,2,-0.009695044718682766,0.12527181208133698,0.311926007270813
1451662487482,2,-0.18264110386371613,0.09329144656658173,0.5894008874893188
1451662487502,2,-0.07650051265954971,0.038935586810112,0.3584931194782257
1451662487522,2,0.28090572357177734,0.056828971952199936,-0.1989426165819168
1451662487540,2,0.11613626033067703,0.08010054379701614,0.11131985485553741
1451662487574,2,-0.015844088047742844,0.0807557925581932,0.450529009103775
1451662487584,2,-0.016072068363428116,0.09971651434898376,0.47105684876441956
1451662487599,2,0.12569984793663025,0.08929916471242905,0.2144143283367157
1451662487620,2,0.2960648238658905,0.09656243026256561,0.05149520933628082
1451662487642,2,0.09539224207401276,0.16939561069011688,0.19106383621692657
1451662487656,2,-0.023354023694992065,0.264929860830307,0.28352293372154236
1451662487684,2,0.07582845538854599,0.2447153478860855,-0.004625321831554174
1451662487701,2,0.29120826721191406,0.12393500655889511,-0.16166004538536072
1451662487721,2,0.3158961236476898,0.08349544554948807,-0.1001443862915039
1451662487741,2,0.23861649632453918,0.3370370864868164,0.1350724846124649
1451662487764,2,0.20728352665901184,0.3777841031551361,0.46698448061943054
1451662487782,2,0.13140353560447693,0.25916531682014465,0.4846978485584259
1451662487797,2,0.0660707950592041,0.0803670883178711,0.1019686758518219
1451662487817,2,-0.4979846775531769,-0.7094283699989319,-0.043987028300762177
1451662487841,2,0.4919987916946411,0.6661702394485474,-0.11332885921001434
1451662487862,2,-0.27185872197151184,-0.43751171231269836,-0.3761310875415802
1451662487882,2,-0.1909746676683426,0.33407941460609436,-0.05767769739031792
1451662487900,2,-0.060407232493162155,0.18587036430835724,-0.31073126196861267
1451662487922,2,0.08696458488702774,0.058203767985105515,-0.5707148909568787
1451662487943,2,0.6158776879310608,0.4073556363582611,1.6277947425842285
1451662487964,2,0.2833544909954071,0.30806466937065125,1.1506775617599487
1451662487981,2,-0.3657318353652954,-0.07626432925462723,-0.36096563935279846
1451662488001,2,-0.02769797295331955,-0.11655834317207336,-0.27657005190849304
1451662488027,2,0.5722666382789612,0.2571212351322174,0.09096621721982956
1451662488044,2,0.1282673180103302,0.153406023979187,-0.10092472285032272
1451662488067,2,-0.15710246562957764,0.08889467269182205,0.09369359910488129
1451662488086,2,-0.04472498595714569,-0.05180208384990692,0.5561339855194092
1451662488103,2,0.09950177371501923,-0.061359018087387085,1.0307903289794922
1451662488124,2,0.1366369128227234,0.1426847130060196,0.6600655317306519
1451662488138,2,-0.18703192472457886,0.07862988859415054,-0.14296996593475342
1451662488164,2,0.3816143274307251,0.18685762584209442,-0.8603554368019104
1451662488185,2,0.6657061576843262,0.3987818956375122,-0.6032020449638367
1451662488203,2,0.2670968472957611,0.17427696287631989,-0.21313421428203583
1451662488225,2,-0.3161071836948395,0.054081134498119354,0.42908933758735657
1451662488246,2,-0.2828616499900818,-0.09133739024400711,0.7070868015289307
1451662488266,2,0.5691752433776855,0.26468613743782043,0.025764556601643562
1451662488285,2,0.4863591194152832,0.393431156873703,-0.14334815740585327
1451662488305,2,0.20860789716243744,0.32597440481185913,-0.04618775099515915
1451662488327,2,-0.11426566541194916,0.03252455219626427,0.35028350353240967
1451662488340,2,-0.4397280812263489,-0.12970423698425293,0.7922574877738953
1451662488368,2,0.2305901199579239,-0.014966683462262154,-0.2122621089220047
1451662488385,2,0.40636947751045227,0.13597556948661804,-0.40646833181381226
1451662488405,2,0.17432355880737305,0.2826584279537201,-0.20817221701145172
1451662488429,2,-0.051743850111961365,0.14193478226661682,0.007959434762597084
1451662488448,2,-0.05087346211075783,0.012285481207072735,0.1210036352276802
1451662488467,2,0.20415858924388885,0.004036708269268274,0.16538988053798676
1451662488486,2,0.1585025042295456,-0.021968670189380646,0.23819676041603088
1451662488507,2,0.13180308043956757,-0.010956278070807457,-0.004480944946408272
1451662488528,2,0.17623908817768097,0.21215982735157013,0.10740005224943161
1451662488548,2,0.11172131448984146,0.31369829177856445,0.34616321325302124
1451662488567,2,-0.046220045536756516,0.14872224628925323,0.17106559872627258
1451662488587,2,0.1642497032880783,0.03936813399195671,-0.016475919634103775
1451662488607,2,0.1414107233285904,0.015201660804450512,-0.0327729731798172
1451662488634,2,0.11281230300664902,0.06753449141979218,0.059030868113040924
1451662488643,2,0.14575853943824768,0.09572364389896393,0.13329671323299408
1451662488668,2,0.10917064547538757,0.09248130023479462,0.18314415216445923
1451662488687,2,-0.3311673700809479,-0.11839316040277481,-0.2898562252521515
1451662488707,2,1.6038066148757935,-0.27917468547821045,0.986478328704834
1451662488730,2,-0.7964333891868591,-0.26178398728370667,3.5072078704833984
1451662488743,2,-1.4027289152145386,1.7827959060668945,1.0875591039657593
1451662488768,2,-2.3923046588897705,1.0906471014022827,1.8841478824615479
1451662488787,2,-0.812052309513092,0.6417658925056458,0.3054477572441101
1451662488810,2,0.2365168184041977,-0.24589082598686218,-0.8858897089958191
1451662488829,2,0.26053130626678467,-0.3313508629798889,-1.4501971006393433
1451662488848,2,0.37331488728523254,-0.28557634353637695,-1.5389529466629028
1451662488869,2,0.5727187991142273,-0.3235726058483124,-1.5863842964172363
1451662488887,2,0.45565879344940186,-0.2866191565990448,-1.1710153818130493
1451662488909,2,0.3577728867530823,0.006682838778942823,-0.38619011640548706
1451662488930,2,0.4267673194408417,0.06371288746595383,-0.39098435640335083
1451662488950,2,0.6109305024147034,0.05474865809082985,-0.3291793465614319
1451662488970,2,0.7116305828094482,0.03870353475213051,0.03617488965392113
1451662488989,2,0.4500633478164673,-8.984101586975157E-4,0.5743401050567627
1451662489011,2,0.21926088631153107,0.03828267753124237,1.044565200805664
1451662489029,2,0.17994622886180878,0.11897359043359756,0.9435241222381592
1451662489049,2,0.07401950657367706,0.10539572685956955,1.0192664861679077
1451662489070,2,-0.12327643483877182,0.024449966847896576,1.1001391410827637
1451662489090,2,-0.03073825314640999,-0.05823533236980438,0.819210946559906
1451662489112,2,-0.024260617792606354,-0.08070026338100433,0.534072995185852
1451662489132,2,-0.30521854758262634,-0.15018004179000854,0.29518765211105347
1451662489149,2,-0.03363313525915146,-0.08215104788541794,0.09903262555599213
1451662489169,2,0.2638234794139862,9.527707006782293E-4,-0.24749767780303955
1451662489193,2,0.19579502940177917,-0.008439327590167522,-0.409540593624115
1451662489211,2,-0.03012629598379135,-0.04985504224896431,-0.2747124433517456
1451662489244,1,0.05953463166952133,0.05336626619100571,0.047357380390167236
1451662489253,1,0.23095889389514923,0.08676701784133911,0.10947510600090027
1451662489270,1,0.3314363360404968,0.15467092394828796,-0.008907529525458813
1451662489291,1,0.2958872616291046,0.26327452063560486,0.008577859029173851
1451662489307,1,0.20335446298122406,0.2378104031085968,0.13828910887241364
1451662489330,1,0.2261791080236435,0.11489304155111313,0.35154375433921814
1451662489351,1,0.20229904353618622,0.07701777666807175,0.23034429550170898
1451662489370,1,0.249720498919487,0.07707271724939346,0.18149755895137787
1451662489390,1,0.11835236847400665,0.10277415066957474,0.1852683126926422
1451662489411,1,-0.059652067720890045,0.04886544495820999,0.23219840228557587
1451662489430,1,-0.08296912163496017,-0.005294014699757099,0.10514847189188004
1451662489451,1,0.31678807735443115,0.09203647822141647,-0.11055880784988403
1451662489471,1,0.10967203229665756,0.018927987664937973,-0.04092530161142349
1451662489492,1,0.02687489241361618,0.0037532150745391846,0.1745820790529251
1451662489515,1,-0.05987396463751793,0.01586567796766758,0.3307289183139801
1451662489532,1,0.060446906834840775,0.08079145103693008,0.20555706322193146
1451662489551,1,0.2842422127723694,0.18969255685806274,0.04966098070144653
1451662489574,1,0.10193303972482681,0.11247312277555466,0.1750403493642807
1451662489589,1,-0.018697723746299744,0.04733400046825409,0.21575404703617096
1451662489616,1,0.008557035587728024,0.006391746923327446,0.15661972761154175
1451662489633,1,0.13719943165779114,0.021119944751262665,-0.11337561905384064
1451662489652,1,0.1715313196182251,0.06707330048084259,0.11531448364257813
1451662489670,1,0.09592092037200928,0.06399345397949219,0.3277905285358429
1451662489698,1,0.22521716356277466,0.09109072387218475,0.10761807858943939
1451662489715,1,0.1660117655992508,0.16750352084636688,-0.036009471863508224
1451662489732,1,0.10873528569936752,0.1355249136686325,0.045419689267873764
1451662489752,1,0.2299206405878067,0.2605465352535248,0.20465455949306488
1451662489773,1,0.43514105677604675,0.22164194285869598,0.3334709107875824
1451662489794,1,-0.3435201644897461,0.5105021595954895,0.03051379695534706
1451662489815,1,-0.22223281860351563,0.2460545003414154,0.23880934715270996
1451662489833,1,0.34140992164611816,0.15408699214458466,0.360420286655426
1451662489854,1,0.35487812757492065,0.14925415813922882,0.15455636382102966
1451662489869,1,0.22648891806602478,0.10208441317081451,-0.08311843127012253
1451662489894,1,-0.025932351127266884,-0.028841478750109673,-0.06709083914756775
1451662489912,1,-0.22823140025138855,-0.10380641371011734,0.07894085347652435
1451662489934,1,-0.2478666603565216,-0.1792290210723877,0.1410568207502365
1451662489954,1,-0.04084533080458641,-0.07247253507375717,0.14418986439704895
1451662489971,1,0.26713961362838745,-0.010595628060400486,-0.07167349010705948
1451662489997,1,-0.08385240286588669,-0.037659578025341034,0.0687432810664177
1451662490017,1,-0.27342209219932556,0.0029851533472537994,0.25279930233955383
1451662490036,1,0.07815313339233398,0.010372340679168701,0.30304187536239624
1451662490056,1,0.43807902932167053,0.11021803319454193,0.04916471987962723
1451662490077,1,0.03244863823056221,0.19188275933265686,0.11714637279510498
1451662490100,1,0.10036571323871613,0.17924363911151886,0.24464520812034607
1451662490117,1,0.2399761974811554,0.10677812248468399,0.1659422665834427
1451662490134,1,0.35933294892311096,0.13783085346221924,0.018572598695755005
1451662490155,1,0.42366766929626465,0.1216442659497261,0.017774727195501328
1451662490177,1,0.21171605587005615,0.15704350173473358,0.1595265418291092
1451662490197,1,-0.06859613209962845,0.06908756494522095,0.27601414918899536
1451662490216,1,0.12679970264434814,0.09456336498260498,0.1702466756105423
1451662490236,1,0.38344937562942505,0.05943535640835762,-0.09506488591432571
1451662490256,1,0.11628413200378418,0.028637481853365898,-0.060785602778196335
1451662490280,1,-0.057801105082035065,0.06014847382903099,0.13314589858055115
1451662490296,1,0.24099873006343842,0.0897989273071289,0.24830666184425354
1451662490320,1,0.28009623289108276,0.09984920173883438,0.16725042462348938
1451662490338,1,0.1337434947490692,0.15330898761749268,0.2102016806602478
1451662490357,1,0.10455778241157532,0.19013679027557373,0.14840953052043915
1451662490380,1,0.04878346621990204,0.09788286685943604,-0.01065934170037508
1451662490400,1,0.29705026745796204,0.04786883667111397,-0.06522738188505173
1451662490417,1,0.38245847821235657,0.07545827329158783,0.05487024039030075
1451662490437,1,0.2733096778392792,0.15870295464992523,0.1079530119895935
1451662490458,1,0.22012722492218018,0.15839959681034088,0.16366730630397797
1451662490482,1,0.12708760797977448,0.18251579999923706,0.3037830591201782
1451662490498,1,-0.14151045680046082,0.07348141819238663,0.40581777691841125
1451662490518,1,0.2914499342441559,0.030635377392172813,0.20597441494464874
1451662490538,1,0.3983108699321747,0.042324647307395935,0.13484394550323486
1451662490559,1,0.12238496541976929,-0.05740122124552727,0.1497223675251007
1451662490580,1,0.18567925691604614,-0.09411504119634628,0.9255384206771851
1451662490598,1,1.7464029788970947,0.12661971151828766,1.67416250705719
1451662490618,1,-4.19481897354126,-2.247076988220215,3.2975826263427734
1451662490638,1,-0.5108108520507813,-0.32276713848114014,-0.6146896481513977
1451662490662,1,1.095965027809143,0.6700088381767273,0.46320614218711853
1451662490682,1,1.8222821950912476,0.7361170649528503,-1.523899793624878
1451662490698,1,1.548647403717041,0.49094754457473755,-4.542020320892334
1451662490719,1,0.3806026577949524,0.31692367792129517,-2.3209307193756104
1451662490740,1,0.43964287638664246,0.32745909690856934,0.4325064718723297
1451662490763,1,-0.172641322016716,0.17396365106105804,2.1321051120758057
1451662490781,1,-0.5323768258094788,-0.03618131950497627,1.3870973587036133
1451662490800,1,0.0017030775779858232,-0.37192660570144653,0.10758183896541595
1451662490824,1,0.83009934425354,0.0893435850739479,-1.019155740737915
1451662490841,1,0.3025870621204376,0.3415887653827667,0.45879414677619934
1451662490861,1,0.33590537309646606,0.2532522976398468,0.5360521674156189
1451662490874,1,-0.12010663002729416,0.23512277007102966,0.9127373695373535
1451662490900,1,-0.12395825982093811,0.10593407601118088,0.8510235548019409
1451662490920,1,-0.03839707747101784,-0.10502631217241287,0.366428017616272
1451662490939,1,-0.1663637012243271,-0.04306698963046074,0.12616613507270813
1451662490960,1,-0.4314495027065277,-0.14407822489738464,-0.09150514751672745
1451662490976,1,-0.6100380420684814,-0.06259937584400177,-0.08761398494243622
1451662491001,1,-0.2819629907608032,-0.08431202173233032,0.056593410670757294
1451662491020,1,0.1881415843963623,-0.13683189451694489,0.14279110729694366
1451662491041,1,-0.4772399961948395,-0.10562310367822647,0.023855507373809814
1451662491062,1,-0.4424667954444885,-0.023210780695080757,0.06615268439054489
1451662491077,1,-0.04408818483352661,0.14680618047714233,0.21020694077014923
1451662491102,1,0.41364625096321106,0.21300795674324036,0.12076631933450699
1451662491121,1,0.3154405653476715,0.20292086899280548,-0.1613970249891281
1451662491142,1,-0.041506171226501465,0.20420682430267334,-0.11212649941444397
1451662491163,1,0.12668867409229279,0.23417992889881134,0.23859716951847076
1451662491182,1,0.5663654208183289,0.23085574805736542,0.04757891222834587
1451662491202,1,0.354873389005661,0.1830243319272995,-0.1532534658908844
1451662491223,1,-0.02755768597126007,0.1815028190612793,-0.18716566264629364
1451662491241,1,-0.1834447830915451,0.10970307141542435,0.047931965440511703
1451662491264,1,0.3314620852470398,0.12971943616867065,0.061788640916347504
1451662491285,2,0.07959321141242981,0.08121931552886963,0.013439912348985672
1451662491302,2,-0.20536640286445618,0.07630874961614609,0.05310790613293648
1451662491320,2,-0.18347181379795074,0.03559212386608124,0.17521628737449646
1451662491348,2,0.03818020224571228,0.08817512542009354,0.29905134439468384
1451662491366,2,0.04645319655537605,0.05802198126912117,-0.01588321290910244
1451662491383,2,-0.22582247853279114,0.07017185539007187,0.07717851549386978
1451662491400,2,-0.13089479506015778,0.04796119034290314,0.181894451379776
1451662491427,2,0.09270866215229034,0.10918869078159332,0.1919599175453186
1451662491446,2,0.2449541538953781,0.16776713728904724,0.08127075433731079
1451662491467,2,0.2583064138889313,0.1513613611459732,0.09165595471858978
1451662491485,2,-0.061877742409706116,0.10854396224021912,0.13355624675750732
1451662491505,2,0.1312059909105301,0.053345806896686554,0.05010930821299553
1451662491527,2,0.1887456774711609,0.13119418919086456,-0.0035737669095396996
1451662491546,2,0.22616510093212128,0.18479250371456146,0.009056582115590572
1451662491566,2,0.07586577534675598,0.12196750938892365,-0.019928105175495148
1451662491580,2,0.04284832254052162,0.10279227048158646,0.2230757623910904
1451662491605,2,0.15433797240257263,0.0666729062795639,0.0796487107872963
1451662491634,2,0.1093587875366211,0.134901225566864,0.07267477363348007
1451662491646,2,0.16558535397052765,0.09165771305561066,-0.02879471704363823
1451662491666,2,0.03302212804555893,0.035681553184986115,-0.010146715678274632
1451662491687,2,-0.15300361812114716,0.08250351250171661,0.223966583609581
1451662491706,2,0.023391982540488243,0.04061901196837425,0.36733752489089966
1451662491726,2,0.32384905219078064,0.16798517107963562,0.22084523737430573
1451662491748,2,0.2968597114086151,0.1435965746641159,-0.040679801255464554
1451662491767,2,0.006091156508773565,0.09232815355062485,-0.1723620593547821
1451662491786,2,0.24910135567188263,-0.03838438540697098,0.5836334228515625
1451662491802,2,-8.231529500335455E-4,0.09994331002235413,0.6194728016853333
1451662491828,2,0.012274120002985,0.2177811712026596,-0.12558744847774506
1451662491850,2,-0.16930179297924042,0.21846447885036469,-0.31752339005470276
1451662491868,2,-0.03841982036828995,0.08287292718887329,-0.06765665858983994
1451662491886,2,0.15314669907093048,0.09204290807247162,0.052977558225393295
1451662491907,2,0.5539660453796387,0.22487083077430725,0.08569207787513733
1451662491930,2,0.373587965965271,-0.13713234663009644,6.336217629723251E-4
1451662491950,2,-0.2220429927110672,0.3692798912525177,0.5131120085716248
1451662491966,2,-0.42482292652130127,-0.02024725452065468,0.23889292776584625
1451662491987,2,-0.38067537546157837,0.34220367670059204,0.337939590215683
1451662492003,2,-0.026676995679736137,0.12969547510147095,-0.7121674418449402
1451662492029,2,0.02884725108742714,-0.0011485855793580413,-0.515885591506958
1451662492050,2,0.09067973494529724,3.0278234044089913E-4,-0.11709259450435638
1451662492063,2,-0.0017959435936063528,0.015544774942100048,-0.004880758002400398
1451662492086,2,-0.09487053751945496,-0.08712591230869293,0.03749941661953926
1451662492108,2,0.5375857949256897,0.1643581986427307,0.2071118950843811
1451662492129,2,0.5320616364479065,0.19285306334495544,0.3221499025821686
1451662492148,2,0.19958488643169403,0.1504465788602829,0.37579965591430664
1451662492168,2,-0.0441959947347641,0.12997370958328247,0.3071604073047638
1451662492188,2,-0.10084033012390137,0.1757826805114746,0.2738163471221924
1451662492208,2,0.15130864083766937,0.17637071013450623,0.1710626780986786
1451662492228,2,0.271947979927063,0.09574293345212936,-0.11824118345975876
1451662492248,2,0.00172960024792701,-0.20937399566173553,-0.09028232842683792
1451662492270,2,-0.31875163316726685,-0.14452479779720306,0.33997488021850586
1451662492289,2,0.020279476419091225,-0.00399812962859869,0.4782622456550598
1451662492309,2,0.2201758772134781,0.16973230242729187,0.3040618598461151
1451662492330,2,-0.18114764988422394,-0.018761983141303062,0.26469841599464417
1451662492350,2,-0.09413126111030579,0.029191022738814354,0.1722942590713501
1451662492369,2,0.006186177954077721,0.05136369168758392,-0.046858783811330795
1451662492389,2,0.21353062987327576,-0.007437456864863634,-0.08091302961111069
1451662492408,2,0.2485344409942627,0.18466916680335999,0.003774842480197549
1451662492429,2,0.08970149606466293,0.31452539563179016,-0.0758645161986351
1451662492444,2,0.12236899882555008,0.09938450157642365,-0.39971184730529785
1451662492470,2,0.08203253149986267,0.12521687150001526,-0.3731815814971924
1451662492490,2,-0.23354199528694153,-0.4470633864402771,-0.5049164295196533
1451662492512,2,-0.09872143715620041,-0.5480325222015381,0.9403834939002991
1451662492534,2,8.08523178100586,-8.004789352416992,7.1972432136535645
1451662492551,2,-7.173029899597168,3.3863000869750977,0.732265055179596
1451662492571,2,-1.321975588798523,2.127991199493408,-1.615333914756775
1451662492591,2,1.1677031517028809,1.969956874847412,-1.3575425148010254
1451662492613,2,1.6266072988510132,0.5249485969543457,-1.2017455101013184
1451662492632,2,2.459444761276245,-0.4260673522949219,-1.7583234310150146
1451662492651,2,1.416058897972107,-0.15859539806842804,-1.840630292892456
1451662492671,2,1.317362904548645,-0.04431435838341713,-1.5718278884887695
1451662492696,2,1.4392794370651245,0.014381577260792255,-1.301893949508667
1451662492713,2,1.483249545097351,0.04065057635307312,-1.075374722480774
1451662492731,2,1.7646344900131226,0.09888648986816406,-0.7023194432258606
1451662492752,2,1.6968320608139038,0.5854647159576416,-0.8548551201820374
1451662492772,2,1.3483707904815674,0.665057897567749,-0.25518178939819336
1451662492795,2,0.8473582863807678,0.476681113243103,0.2611100375652313
1451662492814,2,0.7006559371948242,0.25446459650993347,0.8942267298698425
1451662492834,2,0.7180664539337158,0.05011164769530296,1.3675795793533325
1451662492851,2,0.41565680503845215,-0.19547171890735626,1.5113381147384644
1451662492873,2,0.4909324049949646,-0.04660626873373985,1.4025187492370605
1451662492895,2,0.3879103660583496,-0.04580722749233246,0.872660219669342
1451662492915,2,0.20113559067249298,-0.06311199814081192,0.708349347114563
1451662492932,2,0.17130312323570251,-0.09498071670532227,0.6555570960044861
1451662492951,2,0.2678424119949341,-0.1151098981499672,0.41489890217781067
1451662492973,2,0.4991539418697357,0.15041853487491608,-0.09594868868589401
1451662492995,2,0.6402515172958374,0.27799278497695923,-0.481129914522171
1451662493013,2,0.7442759871482849,0.3720680773258209,-0.544468104839325
1451662493033,2,0.717718780040741,0.3437117338180542,-0.409528911113739
1451662493053,2,0.6950017213821411,0.29013562202453613,-0.22276948392391205
1451662493073,2,0.7957502603530884,0.32318857312202454,0.017590602859854698
1451662493097,2,0.8400643467903137,0.37821781635284424,0.012357962317764759
1451662493116,2,0.7692247629165649,0.41070204973220825,0.10267419368028641
1451662493134,2,0.6840433478355408,0.3802478611469269,0.14661212265491486
1451662493155,2,0.6147235035896301,0.2894330322742462,0.22171150147914886
1451662493178,2,0.4596760869026184,0.20305706560611725,0.19896657764911652
1451662493191,2,0.4862971603870392,0.172796368598938,0.08817805349826813
1451662493217,2,0.5781579613685608,0.2003893107175827,-0.005312719382345676
1451662493234,2,0.5456210374832153,0.22312603890895844,-0.03153437376022339
1451662493256,2,0.41321590542793274,0.12798866629600525,0.05445405840873718
1451662493277,2,0.29197007417678833,0.02809913642704487,0.15970423817634583
1451662493297,2,0.43984535336494446,0.09250000864267349,0.07854337990283966
