1449239095111,0,0.005877440795302391,0.4466068744659424,-0.4050409495830536
1449239095119,0,0.005877440795302391,0.4466068744659424,-0.4050409495830536
1449239095133,1,0.005877440795302391,0.4466068744659424,-0.4050409495830536
1449239095153,1,0.005877440795302391,0.4466068744659424,-0.4050409495830536
1449239095175,1,0.005877440795302391,0.4466068744659424,-0.4050409495830536
1449239095193,1,0.005877440795302391,0.4466068744659424,-0.4050409495830536
1449239095213,1,0.005877440795302391,0.4466068744659424,-0.4050409495830536
1449239095233,1,1.1864382028579712,0.29590046405792236,-0.5881652235984802
1449239095253,1,0.22641108930110931,-0.004889233503490686,-0.07311083376407623
1449239095275,1,0.23085568845272064,-0.37496817111968994,0.3012210726737976
1449239095299,1,-0.11135127395391464,-0.28345251083374023,0.5322638750076294
1449239095318,1,0.21841128170490265,-0.2585030496120453,0.9100082516670227
1449239095338,1,-0.11517443507909775,0.03139291703701019,0.42313599586486816
1449239095361,1,0.18581081926822662,0.04462766274809837,0.5554232597351074
1449239095382,1,0.03912939503788948,0.07633300870656967,0.5346259474754333
1449239095401,1,0.29101064801216125,0.16033348441123962,0.3926718831062317
1449239095420,1,0.2638232409954071,-0.11074439436197281,0.5190507769584656
1449239095440,1,0.24948373436927795,-0.20617665350437164,0.2487666755914688
1449239095461,1,2.5445518493652344,-0.09674538671970367,3.579387664794922
1449239095480,1,3.1451547145843506,0.05476590245962143,4.022294044494629
1449239095498,1,0.05151449888944626,0.0713394358754158,-0.3482072949409485
1449239095519,1,-3.2377212047576904,-1.3739268779754639,-4.069172382354736
1449239095539,1,-2.2726919651031494,0.31206104159355164,2.3971097469329834
1449239095562,1,4.039186000823975,0.7743021249771118,-4.073736667633057
1449239095580,1,0.7407703995704651,0.686187207698822,-4.8642048835754395
1449239095600,1,-3.457770824432373,-0.48954907059669495,-3.3554134368896484
1449239095620,1,-5.385263442993164,-0.7677534222602844,-3.4027044773101807
1449239095636,1,-1.2697349786758423,-0.6585329174995422,-1.2456506490707397
1449239095661,1,1.808556318283081,0.048767831176519394,5.3276262283325195
1449239095681,1,-0.30426937341690063,-0.17480537295341492,1.175870418548584
1449239095701,1,-1.4044740200042725,-0.003368599805980921,-1.0193957090377808
1449239095721,1,-0.24689500033855438,0.5713385939598083,-0.6131395101547241
1449239095737,1,0.37689560651779175,0.9897770881652832,-0.02555997297167778
1449239095756,1,0.34634900093078613,0.31094256043434143,1.1201900243759155
1449239095781,1,-0.09627550840377808,0.1699243187904358,1.3507728576660156
1449239095801,1,-0.3102260231971741,-0.0313277430832386,1.237242341041565
1449239095821,1,-0.3973335027694702,-0.1784130334854126,0.24697978794574738
1449239095843,1,-0.7243855595588684,0.003468845272436738,-0.8963590860366821
1449239095862,1,-0.5136358141899109,0.09434212744235992,-1.0784528255462646
1449239095882,1,-0.31680577993392944,-0.06100216507911682,-0.1572749763727188
1449239095902,1,-0.3639596402645111,-0.19668051600456238,0.26382923126220703
1449239095921,1,-0.5026336908340454,0.012813889421522617,0.0798550471663475
1449239095943,1,-0.3457939028739929,0.27632132172584534,-0.08843173086643219
1449239095959,1,-0.055476680397987366,0.35531508922576904,-0.08977963775396347
1449239095982,1,-0.02197568491101265,0.25451311469078064,0.22215865552425385
1449239096001,1,-0.007680763956159353,0.09730974584817886,0.38189035654067993
1449239096023,1,-0.2063925862312317,0.2424924224615097,0.3092535734176636
1449239096044,1,0.033267296850681305,0.1938534677028656,0.5228641629219055
1449239096062,1,-0.22524119913578033,0.1381552517414093,-0.016021745279431343
1449239096081,1,-0.1828523874282837,0.12172756344079971,0.15580080449581146
1449239096102,1,-0.2893979549407959,0.08834084123373032,0.031123453751206398
1449239096123,1,-0.5880326628684998,0.22514526546001434,-0.023942016065120697
1449239096143,1,-0.1648566573858261,0.24911095201969147,0.5620277523994446
1449239096165,1,-0.013091390952467918,0.3376736342906952,0.7749141454696655
1449239096183,1,0.053988490253686905,0.4074702262878418,0.665071964263916
1449239096203,1,0.05920695513486862,0.08162818849086761,-0.11913900822401047
1449239096223,1,0.8894304633140564,-0.3501359224319458,0.3382055461406708
1449239096245,1,-1.14997136592865,0.8659098744392395,0.31607145071029663
1449239096262,1,-0.5414836406707764,-0.03382014483213425,0.03179214522242546
1449239096283,1,-0.02738335356116295,-0.26693975925445557,-0.0118108494207263
1449239096303,1,-0.3215698301792145,0.06998801976442337,0.2604869306087494
1449239096324,1,-0.22647878527641296,-0.028516776859760284,0.019731706008315086
1449239096345,1,-0.258277028799057,-0.033260758966207504,0.3752192258834839
1449239096364,1,-0.20940035581588745,-0.014988310635089874,0.5612567663192749
1449239096379,1,-0.20272576808929443,-0.04956073686480522,0.4219453036785126
1449239096404,1,-0.05483384430408478,0.2891758382320404,-0.1614566445350647
1449239096424,1,-0.009854929521679878,0.231820210814476,-0.13055238127708435
1449239096445,1,-0.1848883330821991,0.2826835513114929,0.023294366896152496
1449239096467,1,-0.05601191893219948,0.12263064831495285,0.10663199424743652
1449239096485,1,-0.012555457651615143,0.08531974256038666,0.05386076867580414
1449239096505,1,0.07729814201593399,0.04648147523403168,-0.19461365044116974
1449239096528,1,-0.07717108726501465,0.2095683515071869,-0.031312838196754456
1449239096548,1,0.12910720705986023,-0.05233721435070038,0.26392099261283875
1449239096565,1,-0.16637912392616272,-0.019177578389644623,-0.2621598243713379
1449239096585,1,-0.1898198276758194,0.12157090753316879,-0.1332271546125412
1449239096605,1,0.285981684923172,0.042386312037706375,0.10695523023605347
1449239096627,1,-0.3182584345340729,0.3833008110523224,0.2677905261516571
1449239096648,1,-0.022574089467525482,0.25155016779899597,0.8710048794746399
1449239096665,1,-0.12217821925878525,0.22281712293624878,0.8260328769683838
1449239096685,1,0.31558647751808167,0.3267272710800171,0.930525541305542
1449239096705,1,0.6003609895706177,0.3572244346141815,0.3490560054779053
1449239096727,1,-0.6223306655883789,-0.33761635422706604,-0.020146716386079788
1449239096746,1,-0.5512059330940247,-0.2356044054031372,0.15990357100963593
1449239096766,1,-0.14241327345371246,0.28413960337638855,0.23144671320915222
1449239096786,1,0.33630624413490295,0.24199937283992767,0.6355044841766357
1449239096807,1,0.11014094948768616,0.2835255563259125,0.7124252319335938
1449239096828,1,-0.2822000980377197,0.32814356684684753,0.33254969120025635
1449239096848,1,0.10296376794576645,0.3460594713687897,0.5861760973930359
1449239096867,1,0.26343491673469543,0.1389230340719223,0.8855196833610535
1449239096888,1,-0.1398354321718216,0.10948475450277328,0.6872685551643372
1449239096909,1,-0.05650437995791435,-0.13454057276248932,0.5461275577545166
1449239096929,1,-0.0077525232918560505,-0.04760434105992317,0.37243571877479553
1449239096948,1,-0.07298221439123154,0.2901218831539154,0.0996311753988266
1449239096968,1,0.1340300291776657,-0.39816930890083313,0.11657237261533737
1449239096988,1,-0.6580564975738525,-0.30137306451797485,-1.1930553913116455
1449239097009,1,-0.19856342673301697,-0.0015238486230373383,-1.061977505683899
1449239097031,1,0.052639447152614594,-0.0740828886628151,-0.4040875732898712
1449239097048,1,-0.19032734632492065,0.4330240488052368,0.854054868221283
1449239097067,1,0.19162221252918243,-0.23948387801647186,0.3831044137477875
1449239097090,1,-0.26266518235206604,0.20739947259426117,-0.45705872774124146
1449239097109,1,0.6424378156661987,0.28995266556739807,0.25961071252822876
1449239097131,1,0.2241920530796051,0.08649170398712158,-1.2856260538101196
1449239097151,2,-0.16155298054218292,0.18677958846092224,-0.7952437996864319
1449239097170,2,-0.1432122141122818,-0.2920610308647156,-0.1926923245191574
1449239097192,2,-0.2931135594844818,-0.11702537536621094,-0.05514730140566826
1449239097211,2,-0.07768471539020538,-0.047108959406614304,0.30997779965400696
1449239097225,2,-0.31269213557243347,0.007632979191839695,0.08443593978881836
1449239097249,2,-0.27011165022850037,0.0865112841129303,0.004818798508495092
1449239097269,2,0.13698339462280273,0.3493015170097351,0.28308045864105225
1449239097290,2,0.13192327320575714,0.27593904733657837,0.3009282350540161
1449239097310,2,0.097950778901577,0.20587795972824097,0.6887351274490356
1449239097330,2,0.16019071638584137,0.33599165081977844,0.45124155282974243
1449239097350,2,0.21560916304588318,0.547282874584198,0.16732290387153625
1449239097369,2,0.34958067536354065,0.38891661167144775,0.1357020139694214
1449239097392,2,-0.25124552845954895,0.16013240814208984,0.31265315413475037
1449239097412,2,-0.13544690608978271,0.08104103803634644,0.9986580014228821
1449239097431,2,-0.2003324031829834,-0.019653964787721634,0.6705395579338074
1449239097450,2,-0.21904729306697845,0.11394494771957397,0.6122475266456604
1449239097471,2,0.24627810716629028,0.37201574444770813,0.3952046036720276
1449239097492,2,-0.15944212675094604,0.12082885950803757,0.6209610104560852
1449239097511,2,-0.41257718205451965,-0.13279256224632263,0.6021949052810669
1449239097530,2,-0.15830400586128235,-0.041699498891830444,0.25466039776802063
1449239097549,2,0.4094814956188202,0.3587409555912018,0.31782034039497375
1449239097567,2,0.5525368452072144,0.500648558139801,0.08186463266611099
1449239097592,2,-0.18011189997196198,0.0035804889630526304,-0.15755319595336914
1449239097614,2,-0.2759745717048645,-0.15605302155017853,-0.3857768476009369
1449239097631,2,0.041104674339294434,-0.17721067368984222,-0.4975742697715759
1449239097651,2,0.041795726865530014,-0.14879150688648224,-0.5079074501991272
1449239097671,2,-0.13152746856212616,-0.1396712213754654,-0.27173545956611633
1449239097694,2,-0.43781736493110657,-0.20544658601284027,0.35823124647140503
1449239097714,2,-0.9756430387496948,-0.43429890275001526,0.19463585317134857
1449239097732,2,-1.0639039278030396,-0.534900963306427,0.32646307349205017
1449239097751,2,-0.7818282842636108,-0.4040434658527374,0.38140639662742615
1449239097771,2,-0.570639967918396,-0.220793217420578,0.3447960317134857
1449239097792,2,13.892518043518066,9.460926055908203,-1.058351755142212
1449239097807,2,-4.04763126373291,3.8643367290496826,-1.1369646787643433
1449239097832,2,-3.5245933532714844,0.5197545289993286,2.3566153049468994
1449239097852,2,-1.1795083284378052,0.0836661234498024,1.2137070894241333
1449239097873,2,-0.4845104217529297,-1.0377200841903687,1.4414747953414917
1449239097894,2,-0.36856356263160706,-1.6740578413009644,1.4210872650146484
1449239097915,2,0.02292049117386341,-0.6209425926208496,-1.6214526891708374
1449239097933,2,0.6521380543708801,-0.03595423325896263,-0.04668751731514931
1449239097953,2,0.7590718865394592,0.3685232400894165,0.11420915275812149
1449239097976,2,0.7614571452140808,0.6674792766571045,-0.013235913589596748
1449239097997,2,1.3954274654388428,0.9695438146591187,0.6013005971908569
1449239098015,2,1.4657398462295532,1.2301582098007202,-1.2403250932693481
1449239098033,2,1.1916053295135498,0.8689221739768982,-0.5106552839279175
1449239098053,2,0.7645437121391296,0.6435048580169678,-0.7261726260185242
1449239098076,2,0.5181338787078857,0.5802946090698242,-0.1094067171216011
1449239098096,2,0.9114500880241394,0.4343015253543854,0.6505851745605469
1449239098114,2,0.4018162488937378,0.3647080659866333,0.01962123066186905
1449239098134,2,0.3142440915107727,0.30350685119628906,0.8037076592445374
1449239098154,2,0.0893821120262146,0.24987347424030304,-0.08513444662094116
1449239098175,2,0.33641624450683594,0.26385027170181274,0.23128479719161987
1449239098195,2,0.5025882124900818,0.04935673624277115,0.2186567783355713
1449239098214,2,0.18480387330055237,0.04231821745634079,-0.6068085432052612
1449239098234,2,0.3282642066478729,0.11361673474311829,0.326140433549881
1449239098254,2,0.19898547232151031,0.24731414020061493,-0.27155601978302
1449239098277,2,0.31740978360176086,0.3191308379173279,0.08190847188234329
1449239098298,2,0.41797932982444763,0.39174512028694153,0.15161211788654327
1449239098315,2,0.3164558410644531,0.41450434923171997,-0.17043547332286835
1449239098334,2,0.6143960952758789,0.14495967328548431,0.15663199126720428
1449239098355,2,0.3149535655975342,0.24163375794887543,-0.36138591170310974
1449239098378,2,0.7283197045326233,0.3350760042667389,0.4174737334251404
1449239098396,2,0.3821885883808136,0.3133355975151062,0.028231238946318626
1449239098416,2,0.04540619999170303,0.3021937310695648,2.1919571736361831E-4
1449239098435,2,0.2876620590686798,0.20567075908184052,0.7147300243377686
1449239098452,2,0.1832352727651596,0.10015840828418732,-0.09354688227176666
1449239098479,2,0.360865980386734,0.1378287971019745,0.18762275576591492
1449239098499,2,0.30693677067756653,0.10423720628023148,-0.27433308959007263
1449239098516,2,0.14388173818588257,0.13048692047595978,0.029418403282761574
1449239098537,2,0.2798386514186859,-0.03357844427227974,0.5076894164085388
1449239098556,2,0.08494705706834793,0.3233321011066437,0.14868424832820892
1449239098578,2,0.42931464314460754,0.3691171109676361,0.8860720992088318
1449239098598,2,0.030241718515753746,0.31515637040138245,0.29323768615722656
1449239098616,2,-0.11033390462398529,0.30924510955810547,0.4458844065666199
1449239098637,2,0.28271880745887756,0.19833354651927948,0.5832231044769287
1449239098657,2,0.40020573139190674,0.06304974853992462,-0.030951019376516342
1449239098679,2,0.3291768729686737,-0.019757132977247238,-0.09486556798219681
1449239098696,2,0.027557672932744026,0.035725101828575134,-0.5791437029838562
1449239098712,2,-0.009349021129310131,0.06699468195438385,0.03922025114297867
1449239098738,2,-0.07793042063713074,0.010765139944851398,-0.14940145611763
1449239098758,2,-0.19048713147640228,0.2219555377960205,-0.6793208122253418
1449239098780,2,0.46769803762435913,-0.012069208547472954,0.43269994854927063
1449239098800,2,-0.5214827060699463,0.08392419666051865,-0.8553946018218994
1449239098814,2,0.11259415000677109,0.2969026267528534,1.4728052616119385
1449239098839,2,0.45423051714897156,0.12488222867250443,0.2270435094833374
1449239098860,2,-0.11015767604112625,0.3209820091724396,-0.697449803352356
1449239098881,2,0.36427801847457886,-0.032022155821323395,-0.4845172166824341
1449239098899,2,-0.24667690694332123,0.2350502908229828,-0.4423767030239105
1449239098914,2,0.41705071926116943,0.060453884303569794,0.9510036706924438
1449239098942,2,-0.17278601229190826,0.1339835226535797,-0.8642454147338867
1449239098960,2,0.1424843668937683,0.182369664311409,0.08010697364807129
1449239098981,2,-0.4718904197216034,-0.07551467418670654,-0.7198814153671265
1449239098998,2,0.10966701805591583,0.15130086243152618,0.7474340200424194
1449239099019,2,0.1654120683670044,-0.004059504717588425,0.5359902381896973
1449239099039,2,-0.2676871120929718,0.018398119136691093,-0.2558984160423279
1449239099061,2,0.43046873807907104,-0.0037464930210262537,0.6841291189193726
1449239099081,2,0.11916890740394592,-0.14684680104255676,-0.4330921471118927
1449239099098,2,-0.10017748922109604,-0.16775573790073395,-0.40389060974121094
1449239099119,2,-0.10810451209545135,-0.1876581311225891,-0.8041688799858093
1449239099143,2,0.06404606997966766,-0.10848492383956909,-0.6996610164642334
1449239099160,2,0.4373420476913452,-0.1126280203461647,-0.0365542471408844
1449239099186,1,0.12561459839344025,-0.01904372312128544,0.03404197096824646
1449239099200,1,-0.015927929431200027,-0.3090650737285614,0.6729267239570618
1449239099226,1,0.12515504658222198,0.6188312768936157,0.8559826612472534
1449239099242,1,0.8729424476623535,0.5203709006309509,-0.12060265243053436
1449239099260,1,0.9802765250205994,0.5860632658004761,-0.9156529903411865
1449239099276,1,0.29021552205085754,0.4896031320095062,-0.284687876701355
1449239099299,1,-0.2287043333053589,-0.2697048485279083,0.6020674705505371
1449239099321,1,0.13886496424674988,-0.16025280952453613,0.21905659139156342
1449239099341,1,0.8165901899337769,-0.28727293014526367,0.6146294474601746
1449239099356,1,0.20859161019325256,-0.044902972877025604,0.5056540966033936
1449239099381,1,-0.12522216141223907,-0.046241819858551025,0.7047954797744751
1449239099401,1,-0.5377447009086609,0.0012915011029690504,0.41366147994995117
1449239099421,1,-0.4803367257118225,0.1736418753862381,0.2228706032037735
1449239099445,1,0.35509273409843445,0.1485319882631302,0.36422786116600037
1449239099457,1,0.27223560214042664,0.060689739882946014,0.38515201210975647
1449239099481,1,0.07012904435396194,0.09354162216186523,0.6667343378067017
1449239099501,1,-0.10713870823383331,0.07162497192621231,0.6531664133071899
1449239099521,1,0.3942781090736389,-0.0324929878115654,-0.22953473031520844
1449239099545,1,0.9804884195327759,-0.1304796040058136,0.8642138838768005
1449239099563,1,1.6776783466339111,-0.10445552319288254,2.724905490875244
1449239099582,1,0.14513568580150604,-0.66180419921875,0.3582908809185028
1449239099602,1,-2.8804972171783447,-0.5466746687889099,-2.8856449127197266
1449239099622,1,-1.7711344957351685,1.0691472291946411,4.1835455894470215
1449239099645,1,4.9643168449401855,0.7968676090240479,-0.7540338635444641
1449239099665,1,5.388858795166016,2.0391438007354736,-3.774406909942627
1449239099682,1,2.8751633167266846,0.5025210976600647,-4.834329128265381
1449239099704,1,-0.9255340099334717,-0.43217065930366516,-3.510206937789917
1449239099722,1,-3.2990920543670654,0.3188362419605255,-2.13557767868042
1449239099744,1,1.2335734367370605,0.3463280498981476,1.1587707996368408
1449239099763,1,3.997615098953247,0.21728432178497314,2.291036605834961
1449239099783,1,3.055025339126587,0.42832303047180176,1.9596447944641113
1449239099803,1,0.16300895810127258,0.3461915850639343,0.5441460609436035
1449239099826,1,-1.3228936195373535,0.13836772739887238,0.6208131313323975
1449239099845,1,-0.31117528676986694,0.1572214812040329,1.7912509441375732
1449239099859,1,0.07139822095632553,0.07258622348308563,1.7221271991729736
1449239099883,1,-0.17920352518558502,-0.0033890579361468554,1.2291648387908936
1449239099902,1,-0.28319063782691956,-0.12742051482200623,0.7143704891204834
1449239099926,1,-0.49585145711898804,-0.43507805466651917,0.21609482169151306
1449239099945,1,-0.753950834274292,-0.14548048377037048,-0.8884721398353577
1449239099963,1,0.09171024709939957,0.10041589289903641,-0.45422378182411194
1449239099983,1,0.8679426908493042,0.015036826021969318,-0.12174831330776215
1449239100008,1,-0.034542933106422424,0.11478490382432938,-0.35331952571868896
1449239100026,1,-0.302484929561615,0.06711304932832718,-0.031702715903520584
1449239100049,1,-0.30810800194740295,0.4101502597332001,0.042039982974529266
1449239100064,1,0.13280822336673737,0.24258624017238617,0.9247791171073914
1449239100080,1,0.7301105260848999,-0.03765782341361046,1.4067198038101196
1449239100105,1,0.3040357530117035,6.16670586168766E-5,0.6045084595680237
1449239100126,1,0.08334184437990189,-0.10260609537363052,0.2302875965833664
1449239100146,1,-0.2986464202404022,-0.06220628321170807,-0.40369829535484314
1449239100164,1,-0.0030682741198688745,0.14335516095161438,-0.3568161427974701
1449239100184,1,0.054633911699056625,0.11908289045095444,-0.27095863223075867
1449239100204,1,0.24635905027389526,0.008524959906935692,0.018305473029613495
1449239100228,1,-0.061889518052339554,-0.14362697303295135,0.33668169379234314
1449239100246,1,-0.6516234278678894,0.04693126305937767,0.333199679851532
1449239100266,1,0.4789319336414337,0.13781185448169708,-0.7481599450111389
1449239100285,1,0.27735885977745056,-0.004324000794440508,-0.7269389033317566
1449239100306,1,-0.013659610413014889,-0.1428372710943222,-0.35765841603279114
1449239100329,1,-0.10639659315347672,-0.12646891176700592,-0.03945464268326759
1449239100343,1,-0.14084123075008392,0.009299451485276222,-0.027277883142232895
1449239100366,1,0.3658275604248047,0.12704496085643768,-0.22860418260097504
1449239100382,1,0.48882514238357544,0.023714637383818626,-0.4988602101802826
1449239100409,1,-0.01623809151351452,0.020922960713505745,-0.1955079585313797
1449239100430,1,-0.10297918319702148,0.2372998148202896,0.353313684463501
1449239100442,1,0.05567280575633049,0.3439844250679016,0.6661328673362732
1449239100466,1,-0.12154250591993332,0.29645344614982605,0.7937579154968262
1449239100486,1,0.38617271184921265,0.17798399925231934,0.8998235464096069
1449239100508,1,-0.04484076797962189,0.36886927485466003,-0.27812954783439636
1449239100529,1,0.1547795683145523,0.40014439821243286,0.6497563123703003
1449239100548,1,0.07380232214927673,-0.08514087647199631,0.47235098481178284
1449239100563,1,-0.6117548942565918,-0.19779255986213684,-0.9500006437301636
1449239100587,1,0.6100625991821289,0.17643646895885468,1.1656723022460938
1449239100611,1,-0.2075565606355667,0.07362140715122223,-0.0914788469672203
1449239100630,1,-0.19438563287258148,0.2773538827896118,0.9654694199562073
1449239100648,1,0.19569317996501923,0.011579378508031368,0.9062626361846924
1449239100670,1,-0.34689950942993164,0.02176555059850216,-0.5168798565864563
1449239100688,1,0.13433557748794556,-0.2500581741333008,-0.07251520454883575
1449239100711,1,-0.12437189370393753,0.042101066559553146,-1.136646032333374
1449239100730,1,0.4692757725715637,0.24565555155277252,0.3045510947704315
1449239100749,1,0.34072065353393555,-0.03450169786810875,0.10636720061302185
1449239100768,1,-0.27967047691345215,0.06302870064973831,-0.033093877136707306
1449239100788,1,0.019205452874302864,0.07582593709230423,0.996394157409668
1449239100811,1,0.1155865266919136,0.13395372033119202,0.07642097771167755
1449239100829,1,0.08297151327133179,-0.04318856820464134,-0.4455798864364624
1449239100850,1,-0.07126982510089874,0.033291738480329514,-0.8002572655677795
1449239100869,1,0.07965324819087982,-0.05062660947442055,-0.1498287469148636
1449239100890,1,0.06020377203822136,-0.2991285026073456,0.22068274021148682
1449239100909,1,0.31085005402565,0.01694704405963421,0.6251567006111145
1449239100932,1,0.3975175619125366,0.1307014375925064,0.015070728026330471
1449239100949,1,0.22760282456874847,0.18479688465595245,-0.32737258076667786
1449239100969,1,0.12310860306024551,0.1207858994603157,-0.44424891471862793
1449239100990,1,0.05693564936518669,0.06523936241865158,-0.22308628261089325
1449239101012,1,0.05372441187500954,-0.0036401101388037205,-0.09542085975408554
1449239101031,1,0.17186029255390167,0.07345014810562134,0.4753057360649109
1449239101050,1,0.2571263611316681,0.1240864023566246,0.8822574615478516
1449239101066,1,0.003349493257701397,0.009714169427752495,0.32789281010627747
1449239101091,1,-0.17882278561592102,0.16847732663154602,0.10663257539272308
1449239101113,1,0.16176080703735352,0.27693769335746765,-0.024784313514828682
1449239101132,1,-0.01907442882657051,0.09609569609165192,-0.010495674796402454
1449239101152,1,0.08069067448377609,-0.08882511407136917,0.40377604961395264
1449239101171,1,-0.05262206867337227,-0.1099073588848114,0.19296295940876007
1449239101191,1,-0.14770466089248657,0.1793181598186493,0.65529465675354
1449239101214,2,-0.13649481534957886,0.12442220747470856,0.7024392485618591
1449239101234,2,-0.008382921107113361,0.007183189503848553,-0.03660743683576584
1449239101253,2,0.08312533050775528,-0.09307985007762909,-0.790695071220398
1449239101272,2,-0.18523021042346954,-0.0872068703174591,-1.1143887042999268
1449239101292,2,-0.12098642438650131,-0.009380115196108818,-0.22273264825344086
1449239101313,2,0.03531648591160774,0.024944180622696877,0.39447277784347534
1449239101331,2,0.18851196765899658,-0.007491817232221365,0.5775076150894165
1449239101352,2,0.066812664270401,0.06782324612140656,0.19524317979812622
1449239101371,2,0.02438468299806118,0.04808773845434189,-0.3398515582084656
1449239101392,2,-0.12721742689609528,0.03391191363334656,-0.6789794564247131
1449239101415,2,-0.23724855482578278,0.03701280429959297,-0.5619003176689148
1449239101431,2,0.045526694506406784,0.05067921802401543,-0.026446109637618065
1449239101452,2,0.5391033887863159,0.3399699330329895,1.244516134262085
1449239101472,2,0.2795611619949341,0.3078773319721222,0.8775830864906311
1449239101495,2,0.18808498978614807,0.4686053693294525,0.21839842200279236
1449239101512,2,0.22072961926460266,0.5903455018997192,0.09515958279371262
1449239101533,2,0.18729254603385925,0.21824294328689575,0.13344810903072357
1449239101552,2,0.14466512203216553,-0.10465659946203232,-0.318611204624176
1449239101573,2,0.26195788383483887,0.10892214626073837,-0.1024509072303772
1449239101594,2,-0.004187898710370064,0.03567980229854584,-0.06451894342899323
1449239101614,2,-0.29494670033454895,-0.033283259719610214,-0.07723638415336609
1449239101633,2,-0.2841399908065796,-0.02169569954276085,-0.055910687893629074
1449239101653,2,-0.15541218221187592,0.007508476264774799,0.5988999605178833
1449239101673,2,-0.2043347954750061,-0.0807049423456192,0.48529052734375
1449239101695,2,-0.09555866569280624,0.08907002955675125,0.5247901678085327
1449239101714,2,0.035635869950056076,0.1604737639427185,0.33328619599342346
1449239101733,2,0.04114915430545807,0.0448266938328743,0.3734340965747833
1449239101753,2,0.09549109637737274,-0.06006313115358353,0.43935179710388184
1449239101776,2,-0.2680424749851227,0.1146262064576149,-0.16395020484924316
1449239101796,2,-0.056461069732904434,0.24141544103622437,0.09861352294683456
1449239101815,2,-0.11130774766206741,0.1471247524023056,0.03548340126872063
1449239101834,2,-0.4726886749267578,0.05374503508210182,0.31638824939727783
1449239101854,2,-0.39098817110061646,-0.0482502356171608,0.8560948371887207
1449239101878,2,0.08300956338644028,0.010842004790902138,0.3788917660713196
1449239101898,2,7.717645645141602,6.895827770233154,-1.1847347021102905
1449239101914,2,-1.9452943801879883,-2.8307132720947266,0.6068319082260132
1449239101934,2,-2.9859914779663086,0.8808212876319885,1.509724736213684
1449239101955,2,-2.341078281402588,-0.14301906526088715,2.2664363384246826
1449239101976,2,-0.5745375752449036,-1.227387547492981,-1.0070430040359497
1449239101999,2,-0.4605902135372162,-1.0760560035705566,-1.1522996425628662
1449239102017,2,0.007506540045142174,-0.8306918144226074,-0.8964309692382813
1449239102036,2,0.10023082047700882,-0.6401438117027283,-0.9532745480537415
1449239102057,2,-0.008104249835014343,-0.16282588243484497,-0.0884767398238182
1449239102077,2,0.027621837332844734,0.15347732603549957,0.44983401894569397
1449239102099,2,0.2729789614677429,0.3656269311904907,0.8277788758277893
1449239102115,2,0.2666333317756653,0.20003245770931244,0.7917179465293884
1449239102136,2,0.003577237483114004,0.0015235563041642308,0.54664546251297
1449239102156,2,-0.1605653166770935,-0.04559943079948425,0.5139397382736206
1449239102177,2,-0.44120582938194275,-0.1419406235218048,0.24435529112815857
1449239102192,2,-0.7104856371879578,-0.5421078205108643,0.23097090423107147
1449239102216,2,-0.8266184329986572,-0.5219017863273621,-0.6642910242080688
1449239102236,2,-0.43457600474357605,-0.2947062849998474,-0.2490805685520172
1449239102259,2,-0.06166720762848854,-0.4374760687351227,0.42206689715385437
1449239102280,2,-0.5287116169929504,-0.5041589140892029,-0.6347720623016357
1449239102297,2,0.006283281836658716,-0.08554185926914215,1.245232105255127
1449239102316,2,-0.0020094402134418488,-0.05403466522693634,0.5924310684204102
1449239102337,2,-0.2509891986846924,-0.037230830639600754,0.48879534006118774
1449239102360,2,0.3480863571166992,0.14287438988685608,1.42803955078125
1449239102378,2,-0.2068878561258316,0.1748521327972412,-0.13634032011032104
1449239102393,2,-0.29938530921936035,0.3799421489238739,0.3443973660469055
1449239102417,2,-0.5486316084861755,-0.11699790507555008,-0.49444296956062317
1449239102437,2,-0.4277957081794739,-0.0550944022834301,0.019545244053006172
1449239102460,2,-0.20456615090370178,-0.12938392162322998,0.4081903398036957
1449239102480,2,-0.41117578744888306,-0.09802023321390152,0.09130699932575226
1449239102493,2,-0.3812967836856842,-0.06842325627803802,0.6300520896911621
1449239102518,2,0.06433825194835663,-0.0632861852645874,0.17676936089992523
1449239102540,2,0.3760119080543518,0.0596618577837944,-0.0019920505583286285
1449239102559,2,0.09799998998641968,0.03129880875349045,0.15025252103805542
1449239102580,2,-0.17282946407794952,-0.06241174042224884,0.22993572056293488
1449239102601,2,-0.26064983010292053,-0.10742519050836563,0.08616437017917633
1449239102619,2,0.10409178584814072,0.10678163170814514,0.1027946025133133
1449239102639,2,0.15397730469703674,0.15549100935459137,0.11856734752655029
1449239102661,2,0.063417449593544,0.23397155106067657,0.1968131959438324
1449239102682,2,-0.12228267639875412,0.16410715878009796,0.30724284052848816
1449239102699,2,-0.07462934404611588,0.12085223942995071,0.3987123370170593
1449239102720,2,0.206605926156044,0.05781038478016853,0.7483329772949219
1449239102739,2,-0.11854609847068787,0.08622779697179794,0.16234219074249268
1449239102762,2,-0.13262377679347992,0.1320309340953827,-0.16737784445285797
1449239102780,2,-0.29286155104637146,0.04001490771770477,-0.07902034372091293
1449239102795,2,-0.48070576786994934,-0.3118859827518463,-0.1295773983001709
1449239102820,2,-0.4354756772518158,-0.38594138622283936,-0.06452186405658722
1449239102841,2,0.14051739871501923,-0.08158931881189346,-0.22608372569084167
1449239102863,2,0.1138559877872467,0.03718582168221474,-0.21833938360214233
1449239102882,2,-0.0366937629878521,0.10431699454784393,0.043550971895456314
1449239102900,2,-0.12721624970436096,0.20695669949054718,0.4335276186466217
1449239102921,2,0.06487204879522324,0.1019163578748703,0.9118494987487793
1449239102936,2,0.18893904983997345,0.052347734570503235,0.00639759236946702
1449239102963,2,0.15571606159210205,0.30094781517982483,0.09652736037969589
1449239102982,2,-0.03907842934131622,0.26531946659088135,0.11918284744024277
1449239103001,2,-0.2639519274234772,0.07257336378097534,0.3184054493904114
1449239103021,2,-0.38886159658432007,-0.2249477058649063,0.29070961475372314
1449239103044,2,-0.23265667259693146,-0.23916298151016235,0.029396776109933853
1449239103063,2,0.08940275013446808,0.0805070772767067,-0.4385451674461365
1449239103082,2,-0.05481597036123276,0.11390987783670425,-0.09644085168838501
1449239103100,2,-0.08800364285707474,-0.07072627544403076,-0.10074936598539352
1449239103117,2,-0.3106535077095032,-0.1652943193912506,-0.09990765154361725
1449239103144,2,-0.1517297476530075,-0.22587767243385315,0.135679230093956
1449239103164,2,-0.02981962263584137,0.13483108580112457,-0.20381459593772888
1449239103181,2,-0.038822975009679794,0.06435644626617432,-0.08732055872678757
1449239103201,2,-0.2871774435043335,-0.09533873945474625,-0.046136897057294846
1449239103222,2,-0.2706815004348755,-0.14129793643951416,0.22406244277954102
1449239103247,1,-0.02875363640487194,-0.16599516570568085,0.08176935464143753
1449239103267,1,0.3074680268764496,0.3233557641506195,-0.19927695393562317
1449239103282,1,0.44657427072525024,0.3591001629829407,0.3755892217159271
1449239103303,1,0.05911640822887421,0.15077771246433258,0.7710007429122925
1449239103322,1,-0.16790631413459778,0.071517713367939,0.8652437925338745
1449239103345,1,-0.0186876580119133,0.12137509882450104,0.9111953973770142
1449239103365,1,-0.1114678904414177,0.21354162693023682,-0.22356677055358887
1449239103382,1,0.08558697253465652,0.20213118195533752,-0.031343817710876465
1449239103403,1,0.6110673546791077,0.3610325753688812,0.4079045057296753
1449239103423,1,0.6222741007804871,-0.2412310242652893,1.1078507900238037
1449239103444,1,-0.5151194930076599,0.27403175830841064,0.3752391040325165
1449239103464,1,-0.11517118662595749,0.2093517780303955,-0.23969021439552307
1449239103484,1,0.25783056020736694,0.5018631815910339,0.5548398494720459
1449239103503,1,0.8769019246101379,0.33394524455070496,0.5061182379722595
1449239103523,1,0.42928168177604675,-0.3881906270980835,-0.3671954870223999
1449239103545,1,-0.6369289755821228,-0.5272440314292908,-0.5981085300445557
1449239103560,1,-0.35593196749687195,-0.2708253562450409,-0.021350247785449028
1449239103583,1,-0.3132992088794708,-0.17484921216964722,1.0940940380096436
1449239103603,1,-0.49019598960876465,-0.21899229288101196,0.970119297504425
1449239103623,1,-0.5685208439826965,-0.19030484557151794,0.6784194707870483
1449239103645,1,0.22132889926433563,0.05075374245643616,0.6936731934547424
1449239103664,1,0.31269967555999756,0.2831529378890991,-0.07331015169620514
1449239103684,1,0.056622929871082306,0.1772518754005432,0.1334831714630127
1449239103705,1,0.13017164170742035,0.004337736871093512,-0.2823871970176697
1449239103726,1,-0.15230639278888702,-0.23198562860488892,-0.04743161424994469
1449239103747,1,-0.09065575152635574,-0.42765316367149353,-0.34609073400497437
1449239103766,1,0.08864641934633255,-0.3928077816963196,-0.5359236001968384
1449239103785,1,0.8462252020835876,-0.13299860060214996,1.3250170946121216
1449239103805,1,-1.7092536687850952,-0.36702394485473633,-0.5542360544204712
1449239103826,1,-19.02458381652832,-2.789121627807617,7.117591857910156
1449239103848,1,0.5924601554870605,-1.640555739402771,4.869514465332031
1449239103868,1,-1.3521195650100708,1.973251223564148,0.5064601898193359
1449239103885,1,6.0590667724609375,0.8756850957870483,-3.5792884826660156
1449239103906,1,2.420456647872925,0.5924714207649231,-3.4356162548065186
1449239103930,1,-0.4926320016384125,-0.9148057103157043,-1.8193740844726563
1449239103948,1,-1.0370887517929077,-0.9928472638130188,-0.8153998851776123
1449239103970,1,1.7569044828414917,0.4610007405281067,2.056300640106201
1449239103986,1,4.298740863800049,0.7209393978118896,2.074047327041626
1449239104006,1,1.4452190399169922,0.8234540224075317,-0.6080120801925659
1449239104027,1,1.415550947189331,-0.5893503427505493,-0.030087096616625786
1449239104048,1,0.23879970610141754,-0.02355915494263172,0.5077297687530518
1449239104065,1,0.645622730255127,-0.40377077460289,1.7021868228912354
1449239104087,1,0.8802156448364258,-0.6924790143966675,1.3418115377426147
1449239104109,1,0.44086527824401855,0.07798311114311218,0.9545459151268005
1449239104129,1,-0.06421411782503128,-0.2346753180027008,-0.19888591766357422
1449239104148,1,0.10080536454916,-0.021140696480870247,-0.2750672399997711
1449239104168,1,0.8182905912399292,-0.3738160729408264,-0.24491408467292786
1449239104183,1,0.4946713149547577,0.18268589675426483,-0.635359525680542
1449239104208,1,0.9535180330276489,0.32907676696777344,-0.2490454912185669
1449239104229,1,0.7287989854812622,0.4185357987880707,0.20807401835918427
1449239104249,1,0.9062575101852417,0.18849223852157593,0.4120107889175415
1449239104268,1,1.1681569814682007,0.4205778241157532,0.6535235643386841
1449239104288,1,1.3553272485733032,0.2645522654056549,0.2436211258172989
1449239104309,1,0.7410681247711182,0.25137510895729065,-0.11347615718841553
1449239104331,1,0.6704798340797424,-0.10376286506652832,0.13572247326374054
1449239104348,1,0.4650362730026245,0.013505086302757263,-0.23138707876205444
1449239104367,1,0.615985095500946,0.13530805706977844,0.11455869674682617
1449239104388,1,0.6064310669898987,0.16657237708568573,0.268801748752594
1449239104404,1,0.32389354705810547,0.32705724239349365,0.12307985126972198
1449239104430,1,0.3466266989707947,0.15386807918548584,0.5796785354614258
1449239104450,1,0.6062542796134949,0.08607669174671173,0.6355763673782349
1449239104469,1,0.7350744009017944,0.05835165083408356,-0.038197338581085205
1449239104489,1,0.4027269184589386,0.04772328957915306,-0.7467209100723267
1449239104512,1,0.2139543741941452,-0.043474987149238586,-0.7168781161308289
1449239104532,1,0.2377568781375885,-0.08653057366609573,-0.3963771462440491
1449239104550,1,0.4949115514755249,0.113179512321949,0.3212134838104248
1449239104570,1,0.7127258777618408,0.3093716502189636,0.6256348490715027
1449239104593,1,0.4907355010509491,0.33814767003059387,1.1082757711410522
1449239104611,1,0.3232603967189789,0.10888415575027466,1.0832581520080566
1449239104633,1,0.24372141063213348,0.13335107266902924,0.49179917573928833
1449239104650,1,0.5700671672821045,-0.003681611269712448,-0.34326866269111633
1449239104670,1,0.24545061588287354,-0.05111819505691528,-0.6223515868186951
1449239104693,1,0.07228420674800873,-0.0743146538734436,-0.43051499128341675
1449239104712,1,0.19296960532665253,0.022016309201717377,-0.11681143939495087
1449239104732,1,0.41016918420791626,0.07705050706863403,0.07776537537574768
1449239104751,1,0.2128159999847412,-0.031086044386029243,-0.001669394550845027
1449239104766,1,0.2605990767478943,0.022692017257213593,0.7809826135635376
1449239104793,1,0.18129980564117432,0.02142009697854519,0.6099205613136292
1449239104812,1,0.3069983422756195,0.2103516012430191,0.37357965111732483
1449239104830,1,0.6270179748535156,0.08152969926595688,0.21153321862220764
1449239104850,1,0.4776504635810852,0.03259674087166786,0.04327508062124252
1449239104867,1,0.31760480999946594,0.07784955203533173,0.06097206473350525
1449239104892,1,0.4479079246520996,0.3440867066383362,-0.0665343776345253
1449239104911,1,0.6618440747261047,0.46269088983535767,0.26107552647590637
1449239104934,1,0.4713389277458191,0.23922640085220337,0.47765785455703735
1449239104951,1,0.038618650287389755,0.16207419335842133,0.32666006684303284
1449239104968,1,0.42171910405158997,0.0742184966802597,0.39005380868911743
1449239104994,1,0.13544580340385437,0.2652738690376282,-0.23436522483825684
1449239105013,1,0.13620227575302124,0.1827244609594345,0.18052491545677185
1449239105033,1,0.3470647633075714,-0.09024053812026978,0.34178632497787476
1449239105052,1,-0.012993287295103073,-0.04041121527552605,-0.2768956124782562
1449239105072,1,0.24216759204864502,-0.09711334854364395,0.2783949077129364
1449239105094,1,-0.3237648606300354,0.12483984977006912,-0.7128770351409912
1449239105112,1,-0.10337167233228683,0.04048866406083107,0.0034340661950409412
1449239105132,1,-0.034084632992744446,-0.061429742723703384,0.1161632090806961
1449239105153,1,-0.08755716681480408,0.09659866988658905,0.12121055275201797
1449239105172,1,0.30287420749664307,-0.007747253403067589,0.5489332675933838
1449239105196,1,0.11716385185718536,0.258022278547287,0.08160451799631119
1449239105215,1,0.2864226996898651,0.005237316247075796,0.28527942299842834
1449239105233,1,0.06526891887187958,0.08229600638151169,-0.3716174066066742
1449239105254,2,0.2750498354434967,0.22894757986068726,-0.30697745084762573
1449239105270,2,0.3633413016796112,0.12112930417060852,0.06967325508594513
1449239105299,2,-0.08944781869649887,-0.06658405810594559,-0.1836778223514557
1449239105319,2,0.0886690691113472,-0.027863575145602226,-0.020974399521946907
1449239105333,2,0.20354731380939484,0.20134763419628143,-0.348788321018219
1449239105353,2,0.46995049715042114,0.2844219207763672,-0.2518991231918335
1449239105376,2,0.629804253578186,0.28195905685424805,0.2600157856941223
1449239105397,2,0.19643300771713257,0.1716281920671463,0.31563714146614075
1449239105414,2,-0.18358632922172546,-0.11648615449666977,0.7867933511734009
1449239105434,2,-0.3987557590007782,-0.232258602976799,0.3959557116031647
1449239105455,2,-0.06888995319604874,-0.06310994923114777,0.3690706491470337
1449239105477,2,0.3014307916164398,-0.038360126316547394,0.15999943017959595
1449239105496,2,0.09179992228746414,0.291458398103714,-0.4073474705219269
1449239105510,2,-0.00949813425540924,-0.26518237590789795,0.5812450647354126
1449239105534,2,-0.6688507795333862,0.2752951979637146,-0.8773136138916016
1449239105555,2,-0.19014011323451996,0.3334384858608246,0.39845922589302063
1449239105577,2,0.5158119201660156,-0.08385170996189117,0.850570559501648
1449239105595,2,0.10872117429971695,0.37370559573173523,-0.3195382356643677
1449239105614,2,0.09243651479482651,-0.47904083132743835,0.10576923936605453
1449239105634,2,-0.25696036219596863,0.1981298327445984,-1.0242507457733154
1449239105655,2,0.061529889702796936,-0.2662731111049652,-0.06314122676849365
1449239105678,2,-0.054998062551021576,-0.2891451418399811,-0.06291209161281586
1449239105696,2,-0.17014774680137634,0.2021712213754654,-0.2945902645587921
1449239105713,2,0.3892618715763092,-0.35884034633636475,0.6332143545150757
1449239105735,2,-0.05750107765197754,0.2007528841495514,-0.03933306410908699
1449239105757,2,0.0205882266163826,-0.1323462724685669,0.6396101713180542
1449239105778,2,-0.10674767196178436,0.15180151164531708,0.3062678575515747
1449239105797,2,0.016355251893401146,0.2098030298948288,0.12632979452610016
1449239105817,2,0.16045020520687103,0.057538874447345734,0.5891857743263245
1449239105833,2,-0.12091832607984543,0.07639320939779282,0.1725841760635376
1449239105857,2,-0.266859769821167,0.18718408048152924,0.476245641708374
1449239105878,2,0.01921665109694004,0.175190269947052,0.3075917959213257
1449239105893,2,0.19079357385635376,0.23916620016098022,0.36211249232292175
1449239105917,2,16.168025970458984,4.189833164215088,-2.914796829223633
1449239105938,2,-3.1147148609161377,3.639763116836548,0.984897792339325
1449239105959,2,-4.82474946975708,0.365098237991333,0.6195885539054871
1449239105981,2,-2.9792864322662354,0.6311039328575134,1.8319494724273682
1449239106000,2,0.6527368426322937,0.3766206204891205,2.8450405597686768
1449239106017,2,-0.13843385875225067,-1.5341780185699463,2.597998857498169
1449239106034,2,-1.17619788646698,-1.496422529220581,2.095449686050415
1449239106058,2,-0.5695478916168213,-0.8294386267662048,-0.48782384395599365
1449239106079,2,-0.23950690031051636,-0.26537877321243286,-0.9738163948059082
1449239106099,2,-0.24825817346572876,0.07047317177057266,-0.8798813819885254
1449239106118,2,-0.19118410348892212,0.19759821891784668,-0.7102782726287842
1449239106138,2,-0.27406108379364014,0.15792758762836456,-0.6073579788208008
1449239106162,2,-0.11732497811317444,0.06316664814949036,0.040889643132686615
1449239106180,2,-0.5033351182937622,-0.2975131571292877,0.09274082630872726
1449239106200,2,-0.6506564617156982,-0.22026948630809784,0.2433791309595108
1449239106214,2,-0.524052619934082,-0.3691027760505676,0.2610948383808136
1449239106239,2,-0.5458660125732422,-0.0994827076792717,-0.27327975630760193
1449239106262,2,-0.517364501953125,-0.4354255497455597,0.11680500954389572
1449239106280,2,-0.8065956234931946,-0.1662307232618332,-0.3623001277446747
1449239106300,2,-0.6726874113082886,-0.37461423873901367,0.23315176367759705
1449239106319,2,-0.635530412197113,-0.5384942889213562,-0.26354163885116577
1449239106339,2,-0.8018589615821838,-0.17094606161117554,-0.6557207703590393
1449239106360,2,-0.15755495429039001,-0.2872965931892395,0.3276888132095337
1449239106380,2,-0.4431791603565216,-0.03739800304174423,0.1784060150384903
1449239106400,2,-0.5169894695281982,-0.2531365752220154,0.7421534061431885
1449239106420,2,-0.5882878303527832,0.058912795037031174,0.2165495753288269
1449239106440,2,-0.36917704343795776,0.25277385115623474,0.19177871942520142
1449239106463,2,-0.06949185580015182,0.04598082974553108,0.8122685551643372
1449239106482,2,-0.09496131539344788,-0.03798457235097885,0.3146533966064453
1449239106500,2,-0.12120909243822098,-0.1581760048866272,0.63712477684021
1449239106520,2,-0.22233650088310242,-0.04327332600951195,-0.03004208765923977
1449239106541,2,-0.3415546715259552,0.035970307886600494,-0.4941296875476837
1449239106562,2,-0.1291336566209793,0.14506255090236664,-0.4992541968822479
1449239106576,2,0.10386102646589279,0.12982435524463654,0.1720283031463623
1449239106600,2,-0.4041329026222229,-0.11499767005443573,0.21472236514091492
1449239106621,2,-0.8209312558174133,-0.09528554230928421,0.6196914315223694
1449239106644,2,-0.46942514181137085,-0.13743337988853455,0.8772603869438171
1449239106663,2,-0.4160168170928955,-0.2605620324611664,0.8613853454589844
1449239106681,2,-0.43744179606437683,-0.07221534103155136,0.47148996591567993
1449239106700,2,-0.02320612221956253,0.0697018951177597,0.08933774381875992
1449239106721,2,-0.377514123916626,-0.12025602906942368,-0.5163929462432861
1449239106745,2,-0.4866268038749695,-0.09442892670631409,-0.2894307076931
1449239106762,2,-0.14255772531032562,0.10040245205163956,-0.13270868360996246
1449239106782,2,0.17579908668994904,0.2283630669116974,0.025898411870002747
1449239106801,2,-0.12376593053340912,0.0025479309260845184,0.1230202317237854
1449239106822,2,-0.2958810329437256,0.07918664067983627,0.5138227939605713
1449239106844,2,-0.15750592947006226,-0.22156506776809692,0.6246656775474548
1449239106864,2,-0.3871644139289856,-0.08435381948947906,0.01211889274418354
1449239106883,2,-0.30636224150657654,0.07657879590988159,-0.018473230302333832
1449239106901,2,-0.12218374758958817,-0.12273352593183517,0.3092237710952759
1449239106922,2,-0.3017953336238861,-0.12230390310287476,0.22133740782737732
1449239106944,2,-0.3271021842956543,0.14713701605796814,0.15975743532180786
1449239106966,2,-0.06781170517206192,0.36611878871917725,-0.02307400107383728
1449239106983,2,-0.012689413502812386,0.17237229645252228,0.11298749595880508
1449239107003,2,-0.0502241849899292,-0.1077566146850586,0.6182821393013
1449239107023,2,0.2128748893737793,0.20766134560108185,0.3213631212711334
1449239107047,2,0.43357568979263306,-0.07131897658109665,0.697830319404602
1449239107065,2,-0.32535651326179504,-0.11466624587774277,-0.6487357020378113
1449239107084,2,-0.5227880477905273,0.11434826254844666,-0.33495032787323
1449239107103,2,0.20478272438049316,-0.10572393983602524,0.7517068386077881
1449239107124,2,0.010975120589137077,0.14167816936969757,-0.08939327299594879
1449239107145,2,0.0901239812374115,-0.1372249871492386,0.2982236444950104
1449239107165,2,-0.14374004304409027,0.31525224447250366,-0.34391340613365173
1449239107183,2,0.2700965702533722,0.24173779785633087,1.0207746028900146
1449239107204,2,0.11198078840970993,-0.014259704388678074,1.0707652568817139
1449239107223,2,0.35317713022232056,-0.02535363659262657,0.42375442385673523
1449239107245,2,-0.05545487627387047,0.06847060471773148,-0.4555675983428955
