1451266819625,0,-0.06149207055568695,0.10320903360843658,0.13999707996845245
1451266819640,0,-0.06149207055568695,0.10320903360843658,0.13999707996845245
1451266819649,1,-0.06149207055568695,0.10320903360843658,0.13999707996845245
1451266819666,1,-0.06149207055568695,0.10320903360843658,0.13999707996845245
1451266819687,1,-0.06149207055568695,0.10320903360843658,0.13999707996845245
1451266819707,1,-0.06149207055568695,0.10320903360843658,0.13999707996845245
1451266819727,1,-0.06149207055568695,0.10320903360843658,0.13999707996845245
1451266819747,1,-0.19964009523391724,0.17448504269123077,-0.047725629061460495
1451266819768,1,0.006397848017513752,0.0196954645216465,0.17125089466571808
1451266819788,1,0.23768749833106995,-0.027207156643271446,0.2366325855255127
1451266819815,1,0.18784578144550323,0.010793781839311123,0.300423800945282
1451266819833,1,0.04990686476230621,0.0636339783668518,0.2126508206129074
1451266819853,1,-0.04004413262009621,0.12226912379264832,0.09005436301231384
1451266819872,1,-0.12724778056144714,0.14091244339942932,-0.0754489153623581
1451266819895,1,0.13471408188343048,0.11853986978530884,-0.1425613909959793
1451266819914,1,-0.0035549160093069077,0.05359130725264549,0.16725976765155792
1451266819932,1,-0.12642258405685425,0.00976619217544794,0.4365098476409912
1451266819954,1,0.13239151239395142,-0.02578267641365528,0.5417460203170776
1451266819978,1,0.39913836121559143,-0.09234043210744858,0.5644161105155945
1451266819995,1,0.3689902126789093,-0.0845060870051384,0.5988993644714355
1451266820015,1,0.23203390836715698,-5.371756269596517E-4,0.4848164916038513
1451266820035,1,0.247938334941864,0.03212006390094757,0.32706454396247864
1451266820054,1,0.20952600240707397,-0.05782382935285568,0.13658465445041656
1451266820074,1,-0.018482692539691925,0.14711949229240417,0.24196459352970123
1451266820097,1,-0.14933843910694122,0.2503846287727356,0.5575801134109497
1451266820114,1,0.14584919810295105,0.169184610247612,0.708781898021698
1451266820134,1,0.20323435962200165,0.0900648906826973,0.7657546401023865
1451266820153,1,0.13217079639434814,0.10501053184270859,0.5503835082054138
1451266820178,1,0.04770063981413841,0.16435527801513672,0.3014794588088989
1451266820194,1,-0.11220329254865646,0.24883915483951569,0.22388064861297607
1451266820217,1,0.1080435961484909,0.6404337286949158,0.6701993942260742
1451266820236,1,-0.18574516475200653,0.7268149852752686,0.7902812361717224
1451266820255,1,-0.6707045435905457,0.6096890568733215,0.3957178294658661
1451266820278,1,-0.47474291920661926,0.6955611705780029,-0.13762041926383972
1451266820297,1,-0.24904093146324158,0.6612445116043091,-0.2343529462814331
1451266820311,1,0.20674097537994385,0.21841304004192352,0.17498481273651123
1451266820339,1,0.406375914812088,0.18211305141448975,0.3162842094898224
1451266820355,1,0.023131635040044785,0.31337854266166687,0.5632505416870117
1451266820375,1,-0.5591598153114319,0.6178179979324341,0.6645382642745972
1451266820392,1,-0.5170741081237793,0.7273106575012207,0.24942192435264587
1451266820415,1,0.19250375032424927,0.4914484918117523,-0.66111820936203
1451266820446,1,-0.10744810104370117,0.4615057706832886,-0.5300175547599792
1451266820459,1,-0.3591088354587555,0.4142904281616211,-0.20830489695072174
1451266820476,1,-0.3630240559577942,0.24941608309745789,0.025433717295527458
1451266820498,1,-0.22037257254123688,0.10344050079584122,0.261069118976593
1451266820516,1,-0.31427425146102905,0.04393734037876129,0.28802725672721863
1451266820537,1,-0.7550175786018372,0.1278068870306015,-0.30775487422943115
1451266820556,1,-0.6248513460159302,0.14335457980632782,-0.5065385103225708
1451266820579,1,-0.24548855423927307,0.12477964162826538,-0.29368191957473755
1451266820601,1,-0.23584988713264465,-0.015043839812278748,0.33544719219207764
1451266820617,1,-0.5122496485710144,-0.22799627482891083,0.6440051794052124
1451266820637,1,-0.11650482565164566,-0.18406535685062408,0.046780455857515335
1451266820653,1,-0.18019287288188934,-0.0865367129445076,-0.014087562449276447
1451266820679,1,-0.3888627588748932,-0.019644612446427345,0.015268880873918533
1451266820698,1,-0.4350869059562683,0.05615443363785744,0.24120354652404785
1451266820718,1,-0.722303569316864,-0.0798041895031929,0.5937409996986389
1451266820738,1,-0.3221050202846527,-0.2648024559020996,0.3329997956752777
1451266820759,1,-0.3946106731891632,-0.3069722056388855,0.10198095440864563
1451266820779,1,0.11869021505117416,-0.16718320548534393,-0.29110828042030334
1451266820800,1,0.05435701087117195,-0.07313830405473709,-0.2262772023677826
1451266820818,1,-0.5638013482093811,-0.09968027472496033,-0.1309293955564499
1451266820839,1,-0.4429267346858978,0.23255321383476257,-0.15674012899398804
1451266820860,1,-0.8141336441040039,0.7168512344360352,0.4976595938205719
1451266820881,1,-0.7649370431900024,-0.4738192856311798,0.6943529844284058
1451266820900,1,2.731748580932617,-2.1669256687164307,0.09377426654100418
1451266820919,1,-0.4309083819389343,-4.326565742492676,7.205532550811768
1451266820936,1,0.8408809304237366,2.8594934940338135,1.6854794025421143
1451266820962,1,-7.957906246185303,2.4488515853881836,-3.248776912689209
1451266820976,1,-3.1988940238952637,1.9350948333740234,-1.5499567985534668
1451266821000,1,0.2146206945180893,-0.22066344320774078,-0.7514987587928772
1451266821019,1,4.130584239959717,-1.5729098320007324,-0.172394797205925
1451266821040,1,4.326718807220459,-1.4693547487258911,-0.4349532723426819
1451266821061,1,-1.9685055017471313,0.8938456177711487,1.4618629217147827
1451266821083,1,-3.426356077194214,1.2914421558380127,2.1218104362487793
1451266821099,1,-1.8581619262695313,0.5407832860946655,1.653569221496582
1451266821119,1,0.24598807096481323,-0.31351417303085327,1.0223411321640015
1451266821140,1,0.9045344591140747,-0.45936405658721924,0.6157242655754089
1451266821161,1,0.13703568279743195,0.2561953663825989,0.8328431844711304
1451266821183,1,-0.20092976093292236,0.2626379728317261,0.6791355609893799
1451266821199,1,-0.14166180789470673,0.2015519142150879,0.367940753698349
1451266821220,1,-0.2338663786649704,0.13124796748161316,0.18813714385032654
1451266821241,1,-0.13106003403663635,0.15184243023395538,0.06100362911820412
1451266821262,1,0.19483888149261475,0.19808629155158997,0.054785482585430145
1451266821282,1,0.5023576617240906,0.1524602621793747,0.28903496265411377
1451266821300,1,0.1194266676902771,0.31153732538223267,0.380990207195282
1451266821321,1,-0.38986894488334656,0.46075114607810974,0.14095628261566162
1451266821340,1,-0.23582205176353455,0.5262462496757507,-0.34797874093055725
1451266821356,1,0.19131764769554138,0.4092009961605072,-0.44520869851112366
1451266821381,1,0.3388543128967285,0.38254502415657043,0.1937543898820877
1451266821397,1,0.3123440146446228,0.22835282981395721,0.45028117299079895
1451266821421,1,0.33204296231269836,0.2607797682285309,0.46548810601234436
1451266821441,1,-0.08396852761507034,0.21664310991764069,0.1976052224636078
1451266821464,1,8.688552770763636E-4,0.2149234414100647,-0.3879512846469879
1451266821482,1,0.20362718403339386,0.0773889422416687,-0.18894261121749878
1451266821501,1,0.20014066994190216,0.027070961892604828,0.4029483497142792
1451266821524,1,0.30044883489608765,-0.024075288325548172,0.7659662365913391
1451266821544,1,0.35889166593551636,-0.09985680133104324,0.6954694390296936
1451266821564,1,0.475858598947525,-0.2082715779542923,0.38254034519195557
1451266821578,1,0.3794252574443817,-0.16377544403076172,0.1830722540616989
1451266821603,1,0.10895711183547974,-0.06640344113111496,0.09155015647411346
1451266821624,1,0.05507974699139595,-0.13808277249336243,-0.03165712207555771
1451266821646,1,0.2248106151819229,-0.14576981961727142,-0.14628362655639648
1451266821663,1,0.15904444456100464,-0.1388636976480484,-0.09515198320150375
1451266821680,2,0.212593212723732,-0.14838965237140656,-0.03050152212381363
1451266821707,2,0.36053839325904846,-0.05265431851148605,-0.0602671317756176
1451266821724,2,0.3868694603443146,0.030740590766072273,0.01762918010354042
1451266821747,2,0.07950459420681,0.16934125125408173,-0.048041269183158875
1451266821769,2,-0.047427982091903687,0.40327510237693787,-0.14570026099681854
1451266821779,2,-0.04366256296634674,0.5235024690628052,-0.13280220329761505
1451266821804,2,0.3639836013317108,0.58131343126297,0.4167395532131195
1451266821824,2,0.3017277121543884,0.515487551689148,0.6635147929191589
1451266821845,2,0.07553653419017792,0.5663146376609802,1.0372966527938843
1451266821864,2,-0.027206864207983017,0.356515109539032,1.1806793212890625
1451266821884,2,0.09419430047273636,0.18660219013690948,0.9541285634040833
1451266821904,2,0.29632943868637085,0.21404723823070526,0.6159083843231201
1451266821926,2,0.16178104281425476,0.08808686584234238,0.05835399031639099
1451266821947,2,0.1102743148803711,-0.16233809292316437,-0.20174188911914825
1451266821967,2,0.16316595673561096,-0.3243792653083801,-0.18735212087631226
1451266821984,2,-0.0021014316007494926,-0.26876142621040344,0.1758960783481598
1451266822005,2,-0.1487376093864441,-0.2627449333667755,0.30526891350746155
1451266822028,2,0.17981292307376862,-0.697726845741272,-0.812193751335144
1451266822048,2,0.5029301047325134,-0.502912700176239,-0.9899147152900696
1451266822067,2,0.12684281170368195,-0.32288405299186707,-0.50875324010849
1451266822080,2,-0.24088947474956512,-0.3705185055732727,-0.04180734604597092
1451266822106,2,-0.02703433483839035,-0.6557458639144897,-0.18388591706752777
1451266822128,2,0.32241448760032654,-0.8212193846702576,-0.5434212684631348
1451266822142,2,0.05447123572230339,-0.45471593737602234,-0.5061667561531067
1451266822165,2,-0.14927034080028534,-0.29514265060424805,-0.4376753866672516
1451266822184,2,-0.23944760859012604,-0.4097697138786316,-0.41988489031791687
1451266822206,2,-0.4630778431892395,-0.5089970231056213,-0.5347165465354919
1451266822228,2,-0.7263575196266174,-0.4628331959247589,-0.643487274646759
1451266822250,2,-0.5344244241714478,-0.20713059604167938,-0.9985674023628235
1451266822262,2,-0.7501590847969055,-0.3114607334136963,-1.0832558870315552
1451266822286,2,-1.1587516069412231,-0.4980202615261078,-1.0664730072021484
1451266822308,2,-1.084105372428894,-0.6651473641395569,-1.0478156805038452
1451266822328,2,-0.9020556211471558,-0.22194764018058777,-0.747513473033905
1451266822351,2,-0.3096226453781128,-0.47710782289505005,-0.1454845815896988
1451266822368,2,-0.09812619537115097,-0.5317284464836121,-0.02851882390677929
1451266822388,2,0.0879380851984024,-0.238525852560997,-0.04379764199256897
1451266822408,2,0.08484388887882233,0.27412673830986023,0.016882745549082756
1451266822430,2,-0.24635501205921173,0.5518044829368591,0.21630525588989258
1451266822449,2,-0.727005124092102,0.2540642023086548,0.2183201014995575
1451266822467,2,-0.3025563657283783,0.08144260197877884,-0.03647007420659065
1451266822487,2,0.3590536415576935,-0.04474632069468498,-0.11871639639139175
1451266822508,2,0.5591264963150024,-0.1111474260687828,0.0134434187784791
1451266822529,2,0.3975486159324646,-0.06029226630926132,0.31880468130111694
1451266822550,2,0.3795609772205353,0.02503390423953533,0.540819525718689
1451266822568,2,1.0533332824707031,0.5491548180580139,0.9239718914031982
1451266822588,2,0.39460131525993347,0.6015361547470093,1.6067291498184204
1451266822608,2,-0.4663364589214325,0.3950193226337433,1.9767138957977295
1451266822630,2,-0.8440800309181213,0.2146872878074646,1.6502420902252197
1451266822648,2,-1.0098209381103516,0.2897247076034546,0.9214461445808411
1451266822668,2,0.04589296877384186,-0.02097381465137005,-0.7067729234695435
1451266822687,2,0.5476123094558716,0.10810206830501556,-0.7425421476364136
1451266822708,2,0.5300604701042175,0.28553369641304016,-0.15148645639419556
1451266822731,2,0.4957030713558197,0.2813374102115631,0.594271719455719
1451266822749,2,0.3862432539463043,0.3543599843978882,0.9021434783935547
1451266822768,2,-0.03847089409828186,0.5017758011817932,0.2898421883583069
1451266822789,2,0.17703962326049805,0.4754302501678467,-0.16573767364025116
1451266822812,2,0.48017334938049316,0.32309332489967346,-0.2693628966808319
1451266822831,2,0.6868661046028137,0.09057576209306717,-0.10313771665096283
1451266822848,2,0.6589153409004211,-0.12084288895130157,0.28447920083999634
1451266822871,2,0.38567665219306946,-0.21440613269805908,0.5694751143455505
1451266822892,2,-0.2232646495103836,-0.21848376095294952,-0.03133738785982132
1451266822909,2,-0.4215664863586426,-0.11256080120801926,-0.4653840661048889
1451266822927,2,-0.4039827287197113,0.07636310905218124,-0.7554174065589905
1451266822948,2,-0.04927811771631241,0.40704819560050964,-0.8011024594306946
1451266822966,2,0.26627859473228455,0.88595050573349,-0.4910176992416382
1451266822989,2,-0.2644788324832916,0.9711743593215942,0.5263584852218628
1451266823011,2,-0.42660579085350037,0.7202882170677185,0.5925514698028564
1451266823030,2,-0.36003372073173523,0.5425959229469299,0.4675503075122833
1451266823050,2,-0.2026507407426834,0.2997381389141083,0.3620031774044037
1451266823069,2,8.287059026770294E-4,0.08103109896183014,0.3495791554450989
1451266823092,2,0.14309987425804138,-0.041904959827661514,0.2896896302700043
1451266823113,2,-0.22023682296276093,0.17574936151504517,0.19190730154514313
1451266823134,2,-0.44309931993484497,0.25165656208992004,-0.03878244385123253
1451266823152,2,-0.4135732054710388,0.1744704395532608,-0.31228432059288025
1451266823172,2,-0.23550087213516235,0.09027180820703506,-0.5992115139961243
1451266823192,2,-0.04522533714771271,0.05894085019826889,-0.7665531039237976
1451266823214,2,0.046097662299871445,0.08804711699485779,-0.20149055123329163
1451266823234,2,-0.12631137669086456,0.049892451614141464,0.35699909925460815
1451266823251,2,-0.14024858176708221,0.08911094814538956,0.5616378784179688
1451266823273,2,0.15043474733829498,0.04066051170229912,0.4531044363975525
1451266823296,2,0.06626381725072861,0.052435122430324554,0.3042459785938263
1451266823315,2,0.12840940058231354,0.16858722269535065,-0.11316578090190887
1451266823334,2,0.19727416336536407,0.03132043778896332,-0.15790098905563354
1451266823352,2,0.24318504333496094,-0.04398234933614731,-0.056124623864889145
1451266823370,2,0.16403834521770477,-9.32896975427866E-4,0.12244506180286407
1451266823396,2,0.030684422701597214,0.060811903327703476,0.22453415393829346
1451266823415,2,-0.07086560875177383,0.0896802693605423,0.1435427963733673
1451266823434,2,-0.06531314551830292,0.10715396702289581,0.1125064343214035
1451266823454,2,-0.1342518925666809,0.12649346888065338,0.046626728028059006
1451266823474,2,-0.24843814969062805,0.1865297108888626,0.02081599459052086
1451266823498,2,-0.16159409284591675,0.09544950723648071,-0.10341303050518036
1451266823517,2,0.19971847534179688,-0.12411913275718689,-0.13659633696079254
1451266823533,2,0.8256057500839233,-0.40025779604911804,0.25482699275016785
1451266823554,2,0.6709167957305908,-0.39654842019081116,0.37432432174682617
1451266823574,2,0.35582563281059265,-0.26516425609588623,0.39949968457221985
1451266823596,2,-5.795043468475342,3.4719386100769043,-2.2057652473449707
1451266823617,2,1.7030069828033447,-1.006263256072998,2.8529677391052246
1451266823635,2,4.826693534851074,1.1730892658233643,-1.5310341119766235
1451266823655,2,1.9893537759780884,0.05021686106920242,-0.7609078288078308
1451266823675,2,-1.443150281906128,-0.02186637930572033,0.4678507447242737
1451266823696,2,-2.3060317039489746,0.18120120465755463,1.3773136138916016
1451266823716,2,-1.7236237525939941,0.28534138202667236,1.4893378019332886
1451266823741,1,0.9087507724761963,-0.3147568702697754,0.19700609147548676
1451266823754,1,0.7815456986427307,-0.3794909119606018,-0.08838614076375961
1451266823780,1,0.11231640726327896,-0.07409048825502396,-0.11091887205839157
1451266823799,1,-0.4380829334259033,0.19378946721553802,-0.19381342828273773
1451266823815,1,-0.5188376307487488,0.28177228569984436,-0.4000502824783325
1451266823835,1,-0.20414035022258759,0.21131928265094757,-0.5411977171897888
1451266823855,1,-0.10820239782333374,0.19796587526798248,-0.03271452337503433
1451266823876,1,-0.17992570996284485,0.10109949111938477,0.21868425607681274
1451266823900,1,-0.18542897701263428,0.020064298063516617,0.24546821415424347
1451266823917,1,-0.22648707032203674,-0.003977671731263399,0.24198095500469208
1451266823935,1,-0.23048992455005646,0.07036767154932022,0.16975976526737213
1451266823956,1,-0.14883293211460114,0.28832945227622986,-0.17266309261322021
1451266823978,1,0.17492303252220154,0.21598200500011444,-0.18608605861663818
1451266823997,1,0.3376811444759369,0.045914195477962494,0.13305529952049255
1451266824017,1,0.29834800958633423,-0.1339794397354126,0.41497430205345154
1451266824036,1,0.2182140052318573,-0.2252180427312851,0.4573878049850464
1451266824056,1,0.12225953489542007,-0.04841185733675957,-0.13577859103679657
1451266824079,1,0.06156402453780174,-0.013159926049411297,-0.1084989532828331
1451266824099,1,0.12840323150157928,-0.020214520394802094,0.009983633644878864
1451266824117,1,0.14215220510959625,-0.10725626349449158,0.17375673353672028
1451266824137,1,0.12983475625514984,-0.13802199065685272,0.3121224045753479
1451266824158,1,0.05387226864695549,-0.03210778906941414,0.169659823179245
1451266824179,1,-0.494784414768219,0.22471769154071808,-0.20617257058620453
1451266824201,1,-0.5086650848388672,0.29482290148735046,-0.1734340786933899
1451266824217,1,-0.3626266419887543,0.2225426882505417,-0.11463409662246704
1451266824238,1,-0.12639369070529938,0.22324293851852417,-0.020748188719153404
1451266824258,1,-0.03202337771654129,0.22807751595973969,0.07128653675317764
1451266824280,1,-0.28508469462394714,0.19937749207019806,0.08408639580011368
1451266824300,1,-0.49089881777763367,0.20657354593276978,0.03725976496934891
1451266824317,1,-0.5124832987785339,0.16436053812503815,-0.049983635544776917
1451266824340,1,-0.21328838169574738,0.11824410408735275,-0.28916415572166443
1451266824361,1,0.0024083214811980724,0.10206804424524307,-0.45056992769241333
1451266824381,1,-0.006863300688564777,0.11968377977609634,-0.04247486963868141
1451266824398,1,-0.21145907044410706,0.06993336975574493,0.22389350831508636
1451266824417,1,-0.17030379176139832,-0.022357963025569916,0.08424012362957001
1451266824439,1,0.04372246190905571,-0.06306347995996475,-0.20546704530715942
1451266824459,1,0.1403196007013321,-0.030259529128670692,-0.21142566204071045
1451266824480,1,0.14813414216041565,0.02739829570055008,0.22080840170383453
1451266824500,1,0.024317599833011627,0.10072831809520721,0.3469885587692261
1451266824519,1,-0.22017431259155273,0.05790507793426514,0.376600444316864
1451266824540,1,-0.2120036780834198,0.020661095157265663,0.09639760106801987
1451266824560,1,-0.07937973737716675,0.06791209429502487,-0.09224632382392883
1451266824581,1,0.4016370177268982,0.06505494564771652,0.12423545122146606
1451266824601,1,0.1430126279592514,-0.14413140714168549,0.2950976490974426
1451266824621,1,0.06042017787694931,-0.01935761235654354,0.11058861762285233
1451266824641,1,-0.03868992626667023,0.011686346493661404,-0.14884674549102783
1451266824662,1,0.13908065855503082,0.020808394998311996,-0.11831892281770706
1451266824681,1,0.1272602677345276,-0.04026595875620842,0.0029863223899155855
1451266824701,1,-0.07422146946191788,0.007370821200311184,0.1374129205942154
1451266824721,1,-0.18478775024414063,0.03456628695130348,-0.030682723969221115
1451266824741,1,-0.21286597847938538,0.08238193392753601,-0.061552494764328
1451266824763,1,-0.2486458271741867,0.18847499787807465,0.10365969687700272
1451266824781,1,-0.2660520374774933,0.19892917573451996,0.25633272528648376
1451266824801,1,-0.020825296640396118,0.1866261512041092,0.19441023468971252
1451266824820,1,-0.09677635133266449,0.23579438030719757,0.13321663439273834
1451266824841,1,-0.29173609614372253,0.2765554189682007,0.18130700290203094
1451266824863,1,-0.32156479358673096,0.24339082837104797,0.2311374992132187
1451266824881,1,-0.2715277671813965,0.15550678968429565,0.16693711280822754
1451266824896,1,-0.13888534903526306,0.11844927072525024,0.022600539028644562
1451266824923,1,-0.053118959069252014,0.009990648366510868,0.034101009368896484
1451266824943,1,-0.01919718272984028,-0.0350298136472702,0.08949205279350281
1451266824963,1,-0.006362474989145994,0.011483517475426197,0.13449439406394958
1451266824983,1,-0.22181248664855957,0.02570902742445469,0.07043372094631195
1451266825001,1,-0.08192295581102371,0.11155132949352264,-0.1811918467283249
1451266825023,1,0.07715962082147598,4.3839143472723663E-4,-0.12363982200622559
1451266825042,1,0.13082502782344818,-0.006165537051856518,0.10585515946149826
1451266825066,1,0.044600967317819595,0.03879179432988167,0.3816857933998108
1451266825078,1,-0.1964721381664276,-5.535422242246568E-4,0.5455775260925293
1451266825102,1,-0.30451080203056335,0.012743746861815453,0.4638157784938812
1451266825125,1,-0.021414434537291527,0.21514439582824707,-0.2297714650630951
1451266825142,1,0.039495907723903656,0.2022346407175064,-0.30709144473075867
1451266825164,1,0.012849051505327225,0.12844283878803253,-0.21127252280712128
1451266825182,1,-0.1358034908771515,0.10255787521600723,-0.039042554795742035
1451266825201,1,-0.7534911632537842,0.35527005791664124,0.49358490109443665
1451266825223,1,-0.5185531377792358,0.30337679386138916,0.9936527609825134
1451266825247,1,0.20406685769557953,-0.756287157535553,-0.932573139667511
1451266825264,1,-0.7767676711082458,-4.214961051940918,4.295384883880615
1451266825283,1,-0.4343932271003723,2.6352572441101074,2.996469736099243
1451266825303,1,-3.960813283920288,2.705305814743042,-2.605973482131958
1451266825324,1,-9.58109188079834,3.224783420562744,-3.475144386291504
1451266825346,1,2.5210471153259277,-2.0963871479034424,-0.8009703755378723
1451266825365,1,5.000520706176758,-2.0022237300872803,-2.057486057281494
1451266825379,1,3.2754628658294678,-0.7227753400802612,-1.1319646835327148
1451266825404,1,-1.1956514120101929,0.6350105404853821,0.7296931743621826
1451266825428,1,-3.4135074615478516,1.7310446500778198,1.4803005456924438
1451266825446,1,-1.0258827209472656,0.9344125986099243,-0.496380090713501
1451266825468,1,0.3473207354545593,0.4459036886692047,-0.4876333177089691
1451266825485,1,0.6346489787101746,0.0528431162238121,0.07387947291135788
1451266825507,1,0.6271536946296692,-0.1863221973180771,0.5674193501472473
1451266825524,1,0.4628075659275055,-0.2284562885761261,0.6269125938415527
1451266825541,1,0.1761162430047989,-0.14715689420700073,0.43817397952079773
1451266825567,1,0.4280639588832855,-0.02692541666328907,-0.45307520031929016
1451266825585,1,0.37117263674736023,0.05030220001935959,-0.525360107421875
1451266825605,1,0.4284774959087372,0.13462123274803162,-0.4153495728969574
1451266825625,1,0.3341081440448761,0.08153612911701202,-0.23737025260925293
1451266825647,1,0.12109507620334625,0.08837796002626419,-0.10009878873825073
1451266825667,1,-0.221872016787529,0.13672493398189545,-0.07100655138492584
1451266825684,1,-0.07736242562532425,0.20224516093730927,-0.27286359667778015
1451266825702,1,0.08707429468631744,0.2154606133699417,-0.40809565782546997
1451266825727,1,0.05561722069978714,0.2581815719604492,-0.3008434772491455
1451266825748,1,-0.03518858551979065,0.20402327179908752,-0.08777882158756256
1451266825771,2,-0.23057179152965546,0.27086570858955383,-0.07041794061660767
1451266825787,2,-0.17726492881774902,0.36558103561401367,-0.13104279339313507
1451266825811,2,-0.1465120166540146,0.32230129837989807,-0.08393734693527222
1451266825831,2,-0.038579631596803665,0.21433483064174652,0.037260934710502625
1451266825848,2,0.03418629243969917,0.06727437674999237,0.03202887624502182
1451266825866,2,0.16981884837150574,-0.035882044583559036,-0.03257891163229942
1451266825882,2,0.08799218386411667,0.025801965966820717,-0.03752630576491356
1451266825903,2,0.12988579273223877,0.10786708444356918,-0.14930033683776855
1451266825928,2,0.19450163841247559,0.09532617032527924,-0.15487083792686462
1451266825951,2,0.16925276815891266,0.05189385265111923,-0.006284779403358698
1451266825966,2,0.16162101924419403,-0.029047232121229172,0.08720248192548752
1451266825983,2,0.36227867007255554,-0.1442670226097107,0.12392565608024597
1451266826008,2,0.2170954942703247,-0.056269001215696335,0.06320785731077194
1451266826030,2,0.06549429893493652,0.07868365943431854,0.00924129132181406
1451266826048,2,0.009239866398274899,0.177445650100708,-0.055494509637355804
1451266826068,2,0.09338684380054474,0.13601474463939667,-0.007682955823838711
1451266826088,2,0.011985749006271362,0.09590601176023483,0.12434475868940353
1451266826109,2,-0.019634272903203964,0.12235387414693832,0.2011135220527649
1451266826130,2,-0.0013151377206668258,0.17206746339797974,0.12735679745674133
1451266826149,2,0.04074033722281456,0.20281507074832916,-0.006156184710562229
1451266826167,2,-0.13997210562229156,0.22856326401233673,0.01805354282259941
1451266826188,2,-0.12647680938243866,0.21223990619182587,0.05267652869224548
1451266826208,2,-0.06974159181118011,0.1231347993016243,0.14183658361434937
1451266826232,2,-0.015659505501389503,0.03495616465806961,0.006400514859706163
1451266826252,2,0.13575902581214905,-0.020440731197595596,-0.07352466881275177
1451266826272,2,-0.04184029623866081,0.11762626469135284,0.10286884009838104
1451266826295,2,-0.0610441230237484,0.0978296771645546,0.005554127041250467
1451266826314,2,0.10265227407217026,0.026371290907263756,-0.09906184673309326
1451266826333,2,0.20724394917488098,0.001037526410073042,-0.033186230808496475
1451266826352,2,0.01113106869161129,0.04746083915233612,0.11113514751195908
1451266826373,2,-0.022062378004193306,0.118102066218853,0.1255570501089096
1451266826392,2,0.12250543385744095,0.10079846531152725,0.08017419278621674
1451266826414,2,0.014505660161376,0.11780103296041489,0.14393150806427002
1451266826434,2,-0.10441373288631439,0.136225163936615,0.10083470493555069
1451266826453,2,-0.11084511876106262,0.16430851817131042,0.003607669146731496
1451266826473,2,-0.08493037521839142,0.12287644296884537,-0.07308101654052734
1451266826495,2,0.10954411327838898,0.005706102587282658,0.028819268569350243
1451266826515,2,0.04389123618602753,0.09791560471057892,0.17220774292945862
1451266826535,2,-0.1327340006828308,0.17116905748844147,0.18777941167354584
1451266826569,2,0.036706678569316864,0.11550386250019073,-0.0990472361445427
1451266826595,2,0.28880012035369873,-0.09241349995136261,0.13362638652324677
1451266826615,2,0.2832154631614685,-0.1688128411769867,0.15400457382202148
1451266826634,2,0.32709333300590515,-0.21994389593601227,0.1373112052679062
1451266826655,2,0.39863526821136475,-0.2968728244304657,0.21944472193717957
1451266826687,2,-16.999940872192383,-1.225305199623108,1.4947879314422607
1451266826710,2,-0.302452027797699,-3.235438346862793,-0.7215273976325989
1451266826727,2,7.1908464431762695,1.0019103288650513,-1.4725854396820068
1451266826747,2,10.2815523147583,1.3497107028961182,-3.05873441696167
1451266826762,2,-0.286068320274353,-0.2979080080986023,-1.7182111740112305
1451266826787,2,-2.3219265937805176,-0.14323124289512634,1.0733634233474731
1451266826807,2,-2.471536636352539,-0.508897066116333,2.6805343627929688
1451266826831,2,-0.6251883506774902,-0.5629454255104065,2.9388725757598877
1451266826851,2,0.9900941252708435,-0.5616741180419922,1.5775363445281982
1451266826868,2,0.9362378120422363,0.1970294713973999,-0.8184499144554138
1451266826884,2,0.06587974727153778,0.7928963303565979,-1.309491515159607
1451266826907,2,-0.49189192056655884,1.160287618637085,-1.391600489616394
1451266826929,2,-0.4799213409423828,1.0253607034683228,-1.0257587432861328
1451266826948,2,-0.19571995735168457,0.7004910707473755,-0.3559194803237915
1451266826967,2,0.11762771010398865,0.4231342375278473,0.24716976284980774
1451266826987,2,0.12251567840576172,0.17186404764652252,0.25219783186912537
1451266827007,2,0.1603793054819107,0.22493864595890045,-0.18689970672130585
1451266827030,2,0.24835453927516937,0.3198801875114441,-0.3658095896244049
1451266827052,2,0.18443121016025543,0.39385610818862915,-0.3351268768310547
1451266827067,2,0.3310815989971161,0.34545186161994934,-0.32134443521499634
1451266827085,2,0.5571332573890686,-0.023158174008131027,-0.08534896373748779
1451266827110,2,0.5509107708930969,-0.14261867105960846,0.09725158661603928
1451266827131,2,0.46296510100364685,-0.0918295606970787,0.08027181029319763
1451266827149,2,0.3760153353214264,0.04543956369161606,-0.09103577584028244
1451266827168,2,0.31402653455734253,0.15097324550151825,-0.3027823567390442
1451266827185,2,0.35150304436683655,0.1447135955095291,-0.20671676099300385
1451266827210,2,0.3649085462093353,0.06483341753482819,0.07561317086219788
1451266827230,2,0.46758902072906494,0.018595395609736443,0.236269012093544
1451266827249,2,0.5891855955123901,0.08118950575590134,0.11909925937652588
1451266827269,2,0.3952333927154541,0.15800094604492188,0.08025778084993362
1451266827291,2,0.18610315024852753,0.11804594844579697,-0.14472411572933197
1451266827312,2,0.21405835449695587,0.12734101712703705,-0.1599152535200119
1451266827333,2,0.2547602951526642,0.16540800034999847,-0.018368016928434372
1451266827345,2,0.3200267553329468,0.14053308963775635,0.00786532647907734
1451266827370,2,0.3320397138595581,0.1719832867383957,-0.09587562084197998
1451266827391,2,0.17094969749450684,0.2124842256307602,-0.12897475063800812
1451266827413,2,0.15216974914073944,0.10298749804496765,-0.16746728122234344
1451266827432,2,0.22286948561668396,0.032858315855264664,-0.2182832807302475
1451266827445,2,0.303313672542572,0.04270283132791519,-0.1642564982175827
1451266827467,2,0.2329525202512741,0.0680997222661972,-0.07417290657758713
1451266827491,2,0.14446590840816498,0.10900690406560898,0.03126607462763786
1451266827514,2,0.16754505038261414,0.1497223675251007,-0.04900631681084633
1451266827532,2,0.25935646891593933,0.10813771933317184,-0.09641747176647186
1451266827551,2,0.22828561067581177,0.11544249206781387,-0.027014264836907387
1451266827572,2,0.143252432346344,0.14431846141815186,0.08391396701335907
1451266827591,2,0.09329970180988312,0.12265607714653015,0.03708908334374428
1451266827614,2,0.07547681033611298,0.1493435949087143,0.19293898344039917
1451266827629,2,0.17840908467769623,0.1677536964416504,0.13450609147548676
1451266827651,2,0.29656532406806946,0.16006138920783997,0.045589786022901535
1451266827672,2,0.15034234523773193,0.1519300937652588,0.026279520243406296
1451266827692,2,0.0038766954094171524,0.16312777996063232,0.006846505217254162
1451266827714,2,0.06811552494764328,0.11420155316591263,-0.1218535304069519
1451266827736,2,0.07825066149234772,0.08273088932037354,-0.11497429013252258
1451266827753,2,0.10402968525886536,0.05985620990395546,-0.033230070024728775
1451266827775,1,0.21686777472496033,0.02134557068347931,-0.002214753534644842
1451266827798,1,0.22237513959407806,0.04757014662027359,-0.012918518856167793
1451266827818,1,0.1310397982597351,0.15197978913784027,0.05876023322343826
1451266827835,1,0.020011691376566887,0.20203298330307007,0.050496261566877365
1451266827853,1,0.15560220181941986,0.13274024426937103,0.03303659334778786
1451266827872,1,0.1762763112783432,0.06826747953891754,0.13297756016254425
1451266827893,1,0.10692544281482697,0.08685878664255142,0.18198153376579285
1451266827914,1,-0.02464103139936924,0.1395551860332489,0.13717734813690186
1451266827933,1,-0.06385262310504913,0.232187882065773,0.009600772522389889
1451266827949,1,-0.00403327401727438,0.1853746920824051,-0.01438216120004654
1451266827974,1,0.15359064936637878,0.13321779668331146,0.04820610582828522
1451266827997,1,0.010790128260850906,0.036281272768974304,0.1714215725660324
1451266828014,1,0.049156393855810165,0.08334755897521973,0.20246143639087677
1451266828033,1,-0.031921327114105225,0.1395043283700943,0.15903379023075104
1451266828054,1,-0.12905356287956238,0.31329146027565,-0.13214753568172455
1451266828074,1,0.09930214285850525,0.2314244955778122,-0.18289223313331604
1451266828095,1,0.04919891431927681,0.07042495161294937,-0.013603578321635723
1451266828118,1,0.3896338939666748,0.036709144711494446,0.14605507254600525
1451266828135,1,0.27107247710227966,-0.06352292001247406,0.3672223687171936
1451266828154,1,0.2137850821018219,0.01962941512465477,0.29938802123069763
1451266828171,1,0.032881107181310654,0.06732698529958725,0.12007833272218704
1451266828196,1,-0.03163217753171921,0.20621055364608765,0.0015969137893989682
1451266828217,1,-0.09136310964822769,0.17409692704677582,-0.06925298273563385
1451266828234,1,0.13524185121059418,0.11343757808208466,-0.11672727018594742
1451266828256,1,0.1674024909734726,-0.012081483379006386,-0.11076164245605469
1451266828276,1,0.19205717742443085,-0.04478782042860985,-0.24965748190879822
1451266828298,1,0.16179519891738892,-0.012165654450654984,-0.13304303586483002
1451266828318,1,-0.17049652338027954,0.0635422095656395,0.0908808782696724
1451266828335,1,-0.11994022876024246,0.11708616465330124,0.10027823597192764
1451266828357,1,0.031119707971811295,0.008868950419127941,0.09069851040840149
1451266828375,1,0.1643318235874176,-0.008058803156018257,0.13151100277900696
1451266828398,1,0.0314190573990345,0.05651625245809555,0.05789806321263313
1451266828412,1,-0.003399707144126296,0.0865636020898819,-0.1354401558637619
1451266828435,1,0.2795424163341522,-0.017823826521635056,-0.3780652582645416
1451266828456,1,0.22708939015865326,-0.012564882636070251,-0.09185586124658585
1451266828478,1,-0.0629625990986824,-0.11514262855052948,0.46318918466567993
1451266828501,1,-0.12442293763160706,-0.32915014028549194,0.1404968500137329
1451266828519,1,-0.002549246186390519,0.24622049927711487,0.06462123245000839
1451266828540,1,-2.3470139503479004,-3.8641560077667236,5.509338855743408
1451266828557,1,-0.8587762117385864,1.861619234085083,2.883319616317749
1451266828580,1,-7.943664073944092,2.285149097442627,-2.267904281616211
1451266828593,1,-2.1792166233062744,0.643389105796814,0.610725998878479
1451266828617,1,2.3356237411499023,-1.614589810371399,0.09349311143159866
1451266828637,1,4.637380123138428,-1.4077824354171753,-1.1056582927703857
1451266828657,1,2.6546785831451416,-0.8815285563468933,-0.8322060108184814
1451266828680,1,-0.5022332668304443,0.38786885142326355,-0.03969663754105568
1451266828700,1,-3.539090156555176,2.2828660011291504,-0.21798984706401825
1451266828717,1,-1.9689372777938843,1.386149287223816,-1.1847435235977173
1451266828736,1,0.13328121602535248,0.6742810606956482,-1.2772399187088013
1451266828757,1,0.9286479353904724,-0.026249708607792854,-0.36206161975860596
1451266828778,1,0.853423535823822,-0.33568158745765686,0.6238555312156677
1451266828798,1,0.2438749372959137,-0.27885201573371887,0.5239841341972351
1451266828818,1,0.21116426587104797,-0.06160919368267059,-0.05242810770869255
1451266828839,1,0.30974575877189636,0.06520342081785202,-0.36252692341804504
1451266828861,1,0.6684507727622986,0.13748832046985626,-0.5065647959709167
1451266828881,1,0.6953912973403931,0.07766776531934738,-0.28812721371650696
1451266828902,1,0.15648815035820007,-0.04904898628592491,0.2997615337371826
1451266828918,1,0.13734176754951477,-0.06699381023645401,0.09094926714897156
1451266828938,1,0.16861982643604279,0.0637754276394844,-0.21524609625339508
1451266828958,1,0.12179652601480484,0.1262035369873047,-0.3180927336215973
1451266828983,1,0.14056424796581268,0.2069973200559616,-0.3128957450389862
1451266829001,1,0.18426939845085144,0.16464754939079285,-0.19397126138210297
1451266829015,1,-0.04920444265007973,0.18799684941768646,0.24151860177516937
1451266829039,1,-0.023436030372977257,0.21406769752502441,0.0780266597867012
1451266829059,1,-0.028233129531145096,0.24269582331180573,-0.06420154869556427
1451266829082,1,0.03702888637781143,0.2893792688846588,-0.25395020842552185
1451266829099,1,0.03053291328251362,0.29773324728012085,-0.29838263988494873
1451266829120,1,0.0362599678337574,0.10327683389186859,0.10594342648983002
1451266829141,1,0.013768449425697327,0.03985854983329773,0.052465517073869705
1451266829164,1,0.07091529667377472,0.07805179059505463,-0.048255790024995804
1451266829182,1,-0.00812351331114769,0.12476444244384766,-0.15918050706386566
1451266829200,1,0.1604515016078949,0.13805530965328217,-0.29538580775260925
1451266829220,1,0.09127375483512878,0.032481297850608826,-0.017837271094322205
1451266829242,1,0.18950369954109192,-0.019290391355752945,-0.012450316920876503
1451266829262,1,0.29327404499053955,-0.016948211938142776,0.04451192542910576
1451266829282,1,0.042767059057950974,0.04478840529918671,0.24910978972911835
1451266829302,1,0.026062985882163048,0.11453472822904587,0.1489730030298233
1451266829321,1,0.16590377688407898,0.14797347784042358,0.05313888564705849
1451266829341,1,0.022746656090021133,0.12455752491950989,0.19353987276554108
1451266829364,1,0.015269789844751358,0.12548106908798218,0.046307578682899475
1451266829382,1,0.113333560526371,0.11170914769172668,-0.0748620554804802
1451266829401,1,0.0058684926480054855,0.10522270947694778,-0.09504384547472
1451266829422,1,-0.029702425003051758,0.11911503970623016,-0.13596154749393463
1451266829441,1,-0.0527464933693409,0.0889279916882515,-0.042076222598552704
1451266829463,1,0.014363717287778854,0.06303074955940247,-0.0192705187946558
1451266829484,1,0.041556112468242645,0.06751403212547302,-0.05805705487728119
1451266829502,1,0.16535264253616333,0.060623105615377426,-0.11090894043445587
1451266829522,1,0.10041734576225281,0.058601826429367065,0.013732757419347763
1451266829542,1,0.10418044030666351,0.041816696524620056,0.07015256583690643
1451266829557,1,0.05088284984230995,0.018740355968475342,0.07473813742399216
1451266829582,1,0.018585234880447388,0.06759294122457504,0.0413777194917202
1451266829602,1,0.04976002499461174,0.11358663439750671,0.13925649225711823
1451266829622,1,0.06299089640378952,0.09989538043737411,0.21536651253700256
1451266829646,1,0.04279445856809616,0.15147125720977783,0.2110404670238495
1451266829665,1,-0.08979079127311707,0.16720832884311676,0.19128596782684326
1451266829683,1,0.041248876601457596,0.11384382098913193,-0.0012286650016903877
1451266829704,1,0.05400298908352852,0.1228986531496048,-0.029453473165631294
1451266829724,1,-0.0035783632192760706,0.09542495012283325,0.046548400074243546
1451266829745,1,0.03262847289443016,0.06128653511404991,0.03873275965452194
1451266829766,1,0.068090058863163,0.004569792188704014,-0.031185412779450417
1451266829790,2,0.14647410809993744,0.0025181204546242952,-0.0654582679271698
1451266829808,2,0.16965055465698242,-0.012723288498818874,-0.05727846920490265
1451266829824,2,0.1755112111568451,-0.05201601982116699,0.033677227795124054
1451266829848,2,0.19676853716373444,-0.0839770957827568,0.047817982733249664
1451266829871,2,-0.0058640651404857635,0.09640403091907501,0.06490063667297363
1451266829884,2,-0.18649885058403015,0.23647534847259521,0.1005389392375946
1451266829904,2,-0.1266235113143921,0.255319744348526,0.03287351131439209
1451266829920,2,-0.03334108367562294,0.1449006348848343,0.019112112000584602
1451266829940,2,-0.05021136254072189,0.14345861971378326,0.10544073581695557
1451266829967,2,-0.18483969569206238,0.1744634211063385,0.12385668605566025
1451266829985,2,-0.16100215911865234,0.20751462876796722,-0.03115735575556755
1451266830004,2,0.01686154305934906,0.13781389594078064,-0.1274719536304474
1451266830025,2,0.05396366864442825,0.05482347682118416,-0.06060030683875084
1451266830047,2,-0.06280658394098282,0.010198153555393219,-0.025680385529994965
1451266830067,2,-0.09076441079378128,0.003788286354392767,-0.13485388457775116
1451266830084,2,-0.011931991204619408,-0.0028799395076930523,-0.1105395182967186
1451266830106,2,0.10635025054216385,-0.004809446167200804,0.0019768530037254095
1451266830126,2,0.15588998794555664,0.03315408155322075,0.14747078716754913
1451266830141,2,0.14010778069496155,0.043861355632543564,0.31216859817504883
1451266830163,2,0.12901070713996887,0.007438041269779205,0.39833179116249084
1451266830185,2,0.1644238978624344,-4.120879457332194E-4,0.16719898581504822
1451266830205,2,0.1493878811597824,0.0052419924177229404,0.07319441437721252
1451266830228,2,0.08581415563821793,-0.0015004677698016167,0.026123452931642532
1451266830248,2,0.08135171979665756,-0.0030482816509902477,0.04059329256415367
1451266830262,2,0.1111740916967392,-0.10960779339075089,-0.021027006208896637
1451266830282,2,0.27963775396347046,-0.23599311709403992,-0.04249824956059456
1451266830306,2,-22.41349220275879,7.736889839172363,-14.885116577148438
1451266830331,2,6.724003791809082,0.31381168961524963,6.131882667541504
1451266830349,2,1.7631728649139404,-3.138170003890991,-1.3026777505874634
1451266830362,2,5.524786472320557,0.3170785903930664,-0.4038894474506378
1451266830386,2,3.7282052040100098,0.4431734085083008,-1.5197744369506836
1451266830408,2,-2.353602647781372,0.20490531623363495,0.9728694558143616
1451266830429,2,-2.2592203617095947,-0.3720797598361969,1.4985761642456055
1451266830451,2,-0.4334535002708435,-0.7000316381454468,1.5938340425491333
1451266830468,2,0.8936057090759277,-0.5496323704719543,1.3434499502182007
1451266830488,2,0.9038200378417969,-0.18228782713413239,0.8548399209976196
1451266830508,2,-0.6444756984710693,0.11650222539901733,-0.41553544998168945
1451266830524,2,-0.9530245065689087,0.12651976943016052,-0.7009855508804321
1451266830548,2,-0.6726306080818176,0.2120201140642166,-0.6936825513839722
1451266830567,2,-0.3420342803001404,0.2831096649169922,-0.34438684582710266
1451266830588,2,-0.18730533123016357,0.3139011263847351,-0.01882920414209366
1451266830609,2,-0.3095887303352356,0.28632044792175293,0.11228782683610916
1451266830632,2,-0.7010237574577332,0.10954700410366058,-0.12917056679725647
1451266830651,2,-0.6003478765487671,0.06945756822824478,-0.2593120336532593
1451266830669,2,-0.40037521719932556,0.09007132053375244,-0.3171510696411133
1451266830689,2,-0.21126890182495117,0.14944355189800262,-0.2606067359447479
1451266830712,2,-0.20242133736610413,0.18412849307060242,-0.072848379611969
1451266830731,2,-0.29427188634872437,0.08348317444324493,0.3064998984336853
1451266830749,2,-0.17978984117507935,0.03851063922047615,0.2344266027212143
1451266830768,2,-0.10161092877388,0.02845803275704384,0.20288638770580292
1451266830789,2,-0.13058842718601227,0.047060441225767136,0.194101020693779
1451266830811,2,-0.048951655626297,0.03530278429389,0.10906360298395157
1451266830831,2,-0.07486513257026672,-0.06447568535804749,0.08767010271549225
1451266830845,2,-0.10041839629411697,-0.10632628947496414,0.02649579383432865
1451266830869,2,-0.21157878637313843,-0.05792495235800743,-0.02874094247817993
1451266830890,2,-0.2160784900188446,0.03614741936326027,-0.10856851190328598
1451266830910,2,-0.09739606082439423,0.06506313383579254,-0.21183891594409943
1451266830929,2,0.00405818922445178,-0.013614684343338013,-0.0323006808757782
1451266830949,2,-0.1609811782836914,0.02900923788547516,0.2523994743824005
1451266830969,2,-0.3251926600933075,0.030294016003608704,0.4018944501876831
1451266830991,2,-0.2876841425895691,0.047660745680332184,0.32133975625038147
1451266831012,2,-0.20574325323104858,0.11044950783252716,0.11892624199390411
1451266831033,2,-0.141810342669487,0.2296031266450882,0.04830138385295868
1451266831052,2,-0.12687939405441284,0.197876438498497,0.07587795704603195
1451266831072,2,-0.10446053743362427,0.09268529713153839,0.0021253216546028852
1451266831091,2,-0.2332874983549118,0.009776713326573372,0.051178399473428726
1451266831111,2,-0.25559237599372864,-0.028458617627620697,0.08265724033117294
1451266831134,2,-0.20676742494106293,-0.010696166194975376,0.06079787760972977
1451266831150,2,-0.01448374055325985,0.05572481080889702,-0.23996436595916748
1451266831173,2,0.001826082938350737,0.10009820759296417,-0.2542915642261505
1451266831194,2,-0.16131998598575592,0.10473229736089706,-0.06849193572998047
1451266831214,2,-0.17593121528625488,0.08084522187709808,0.16405659914016724
1451266831234,2,-0.16130122542381287,0.06284604221582413,0.3391992151737213
1451266831247,2,-0.05478363111615181,0.09127017110586166,0.3724591135978699
1451266831274,2,-0.11433158069849014,0.13149522244930267,0.20630641281604767
1451266831293,2,-0.18306632339954376,0.14927461743354797,0.05636310949921608
1451266831315,2,-0.22704185545444489,0.17084406316280365,-0.05601824074983597
1451266831335,2,-0.2673933804035187,0.16307809948921204,-0.02461070939898491
1451266831352,2,-0.22132787108421326,0.14669044315814972,0.03356558457016945
1451266831373,2,-0.2109299898147583,0.10309680551290512,0.13145780563354492
1451266831393,2,-0.17393817007541656,0.07285889983177185,-0.030382279306650162
1451266831415,2,-0.11482085287570953,0.0477326437830925,-0.25974342226982117
1451266831434,2,-0.29292821884155273,0.07930675894021988,-0.1442074030637741
1451266831453,2,-0.22577565908432007,0.04169511795043945,-0.020739421248435974
1451266831474,2,0.25298285484313965,-0.0023123687133193016,-0.10819733887910843
1451266831496,2,-0.07211382687091827,-0.011568857356905937,0.22123219072818756
1451266831515,2,-0.20302852988243103,0.0258884746581316,0.3456237018108368
1451266831534,2,-0.08178768306970596,0.11876842379570007,0.23010873794555664
1451266831553,2,-0.06260334700345993,0.18084581196308136,0.12153086811304092
1451266831575,2,-0.0885784700512886,0.14637714624404907,0.17232757806777954
1451266831595,2,-0.06390276551246643,0.13838380575180054,0.10411854833364487
1451266831616,2,-0.1600300371646881,0.10822364687919617,0.00803308468312025
1451266831636,2,-0.24236038327217102,0.08705401420593262,-0.061105333268642426
1451266831655,2,-0.28707167506217957,0.07232522964477539,-0.07151801139116287
1451266831676,2,-0.24680596590042114,0.09940847009420395,-0.10846154391765594
1451266831699,2,-0.0449199341237545,0.07336743175983429,-0.14572131633758545
1451266831718,2,0.022451505064964294,0.011769348755478859,-0.04954115301370621
1451266831734,2,-0.14256207644939423,0.014756839722394943,0.11015023291110992
1451266831756,2,-0.12823143601417542,-0.003549801418557763,-0.015547113493084908
1451266831775,2,0.06128832697868347,-0.0015109891537576914,-0.09073708951473236
1451266831796,2,-0.02097359485924244,0.08359890431165695,0.37184593081474304
