1451268657069,1,-0.6306218504905701,-0.027278760448098183,-0.37211892008781433
1451268657089,1,-0.6306218504905701,-0.027278760448098183,-0.37211892008781433
1451268657109,1,-0.6306218504905701,-0.027278760448098183,-0.37211892008781433
1451268657130,1,-0.6306218504905701,-0.027278760448098183,-0.37211892008781433
1451268657150,1,-0.6306218504905701,-0.027278760448098183,-0.37211892008781433
1451268657170,1,0.6881378889083862,-0.29270824790000916,-0.14340367913246155
1451268657190,1,-0.16816918551921844,-0.13072949647903442,-0.011429157108068466
1451268657210,1,-0.589937686920166,-0.24745383858680725,0.1672445684671402
1451268657240,1,-0.6273061037063599,0.06370367854833603,-0.1527145355939865
1451268657256,1,0.011064218357205391,0.3953508734703064,-0.11875322461128235
1451268657275,1,0.11547520756721497,0.48337623476982117,-0.18840894103050232
1451268657358,1,0.16357800364494324,0.18328005075454712,0.009786650538444519
1451268657368,1,0.19088804721832275,-0.0613793283700943,0.5121855735778809
1451268657373,1,0.2081422209739685,-0.02276698127388954,0.9215964078903198
1451268657385,1,0.06808245182037354,0.04715527966618538,0.9063163995742798
1451268657393,1,0.27701306343078613,0.2474043071269989,0.5396463871002197
1451268657400,1,0.6078987121582031,0.3944987952709198,0.3693085312843323
1451268657417,1,0.35428476333618164,0.2167731672525406,0.4106050133705139
1451268657437,1,-0.24132753908634186,0.19291605055332184,0.5691512823104858
1451268657455,1,-0.24076682329177856,0.3610159158706665,0.18547756969928741
1451268657476,1,-0.02979525551199913,0.35290756821632385,0.17723581194877625
1451268657496,1,-0.3303471803665161,0.2945193946361542,0.23482757806777954
1451268657518,1,-0.21972167491912842,0.3169986605644226,0.3191559612751007
1451268657537,1,-0.5015745759010315,0.17362433671951294,0.3274468183517456
1451268657557,1,-0.08687715977430344,0.1460106521844864,0.15531273186206818
1451268657577,1,-0.15938624739646912,0.06760141998529434,0.23458558320999146
1451268657596,1,-0.11364731192588806,-0.0028396074194461107,0.3404068350791931
1451268657618,1,-0.4609302282333374,0.07819967716932297,0.5189052224159241
1451268657637,1,-0.29837456345558167,0.1930466890335083,0.36003392934799194
1451268657656,1,-0.3049832880496979,0.21360637247562408,0.0024736966006457806
1451268657677,1,-0.030600260943174362,-0.024818360805511475,-0.0019593173637986183
1451268657697,1,-0.05920309200882912,-0.10953604429960251,0.1607721596956253
1451268657719,1,-0.05992021784186363,-0.07733181118965149,0.2675192952156067
1451268657733,1,-0.17734965682029724,-0.05081731081008911,0.15055179595947266
1451268657757,1,0.008867763914167881,-0.20100510120391846,-0.39579030871391296
1451268657778,1,0.28203171491622925,-0.32855331897735596,-0.671051025390625
1451268657798,1,0.12609617412090302,-0.05166413635015488,-0.016024667769670486
1451268657819,1,-0.4859931766986847,-0.43735945224761963,0.6986317038536072
1451268657839,1,0.4401020407676697,-1.3276432752609253,-0.5321913957595825
1451268657857,1,0.8282940983772278,-1.134834885597229,-2.104205846786499
1451268657878,1,-1.7071106433868408,-2.333207845687866,3.740293025970459
1451268657901,1,-3.8106136322021484,2.458604335784912,3.419492244720459
1451268657922,1,-3.091348171234131,2.826646089553833,-2.818918228149414
1451268657940,1,-1.1930453777313232,1.1792489290237427,-1.2764228582382202
1451268657955,1,-0.3466106057167053,-0.35128962993621826,0.22616204619407654
1451268657979,1,1.7333077192306519,-0.7913658022880554,1.2886183261871338
1451268658001,1,0.704862654209137,-0.4183090031147003,1.7140789031982422
1451268658022,1,-0.44749969244003296,0.06017638370394707,1.5778244733810425
1451268658038,1,-1.0880229473114014,0.40617799758911133,0.8102484941482544
1451268658059,1,-0.9863288402557373,0.43873265385627747,-0.1944599151611328
1451268658082,1,-0.3692663013935089,0.20688305795192719,-0.7132435441017151
1451268658102,1,0.01759389042854309,-0.15048062801361084,-0.2991553843021393
1451268658120,1,0.30232101678848267,-0.36077773571014404,0.1478758603334427
1451268658140,1,0.35174062848091125,-0.3984757363796234,0.45585402846336365
1451268658160,1,0.19878943264484406,-0.25181275606155396,1.0654653310775757
1451268658180,1,-0.27431774139404297,-0.2112397849559784,0.873831570148468
1451268658202,1,0.06040628254413605,-0.14539967477321625,0.21772097051143646
1451268658217,1,0.14591343700885773,-0.3725416660308838,-0.05558277294039726
1451268658240,1,0.404552698135376,-0.30720338225364685,0.038942016661167145
1451268658260,1,0.3733224868774414,-0.18656288087368011,0.09085165709257126
1451268658283,1,0.19656679034233093,-0.07636880874633789,0.23552492260932922
1451268658302,1,0.007267945446074009,0.019758448004722595,0.44999417662620544
1451268658322,1,0.23429815471172333,0.04735168069601059,0.3876081705093384
1451268658341,1,0.25475040078163147,0.06631474196910858,0.36976680159568787
1451268658361,1,0.4051142930984497,0.030486617237329483,0.23438100516796112
1451268658383,1,0.49386346340179443,0.027304479852318764,0.210490420460701
1451268658403,1,-0.4283442199230194,0.3791382908821106,0.683709979057312
1451268658424,1,-0.20085370540618896,0.401082843542099,0.6011942028999329
1451268658441,1,-0.08270115405321121,0.22206440567970276,0.5191524624824524
1451268658461,1,0.1753062605857849,0.09423442929983139,0.4750994145870209
1451268658483,1,0.42438599467277527,0.020394114777445793,0.372092604637146
1451268658505,1,0.17157398164272308,0.02203238382935524,0.2669488191604614
1451268658521,1,0.1856711208820343,0.13809271156787872,-0.021792730316519737
1451268658542,1,0.34214064478874207,0.025290362536907196,0.006181903649121523
1451268658562,1,0.49083560705184937,-0.10644260793924332,0.19096797704696655
1451268658584,1,0.45924854278564453,-0.22305618226528168,0.20715513825416565
1451268658606,1,0.4777848720550537,-0.2241678088903427,0.0980757623910904
1451268658622,1,0.4049389064311981,-0.023083645850419998,0.08706103265285492
1451268658638,1,0.43125441670417786,-0.025789983570575714,0.1560620814561844
1451268658659,1,0.5161232352256775,-0.15192323923110962,0.38664135336875916
1451268658684,1,0.7399354577064514,-0.2173980176448822,0.6579775810241699
1451268658703,1,0.7928628325462341,-0.30056115984916687,0.7304694056510925
1451268658723,1,0.8022364377975464,-0.2687460780143738,-0.20461305975914001
1451268658743,1,0.5656595826148987,-0.09044628590345383,-0.41559040546417236
1451268658766,1,0.5159777998924255,0.05740969628095627,-0.3415028154850006
1451268658785,1,0.5988497734069824,-0.020764118060469627,-0.0766436830163002
1451268658804,1,0.7949179410934448,-0.20996436476707458,0.14111235737800598
1451268658823,1,0.9536518454551697,-0.35096681118011475,0.3830389678478241
1451268658845,1,0.7981598377227783,-0.16545432806015015,0.4678402245044708
1451268658866,1,0.4766470789909363,0.028536943718791008,0.23195114731788635
1451268658884,1,0.3459465205669403,0.12741553783416748,-0.097756028175354
1451268658906,1,0.3818473219871521,0.10539324581623077,-0.23447160422801971
1451268658924,1,0.4774305522441864,-0.026079613715410233,-0.08547697216272354
1451268658944,1,0.4222150444984436,-0.2748439610004425,0.6703904867172241
1451268658967,1,0.30754998326301575,-0.1430542767047882,0.8294272422790527
1451268658987,1,0.2249862253665924,-0.09406404197216034,0.6653227210044861
1451268659004,1,0.13803768157958984,-0.11768851429224014,0.34696927666664124
1451268659025,1,0.14006274938583374,-0.11297010630369186,0.0443190336227417
1451268659045,1,0.2512608766555786,-0.0015735329361632466,0.2058802992105484
1451268659067,1,0.3718968331813812,-0.07495704293251038,0.2847808301448822
1451268659086,1,0.38817763328552246,-0.12802256643772125,0.6038268804550171
1451268659109,2,0.11810535192489624,-0.11791326105594635,1.0654443502426147
1451268659126,2,-0.05099548026919365,-0.09140665829181671,1.2453806400299072
1451268659149,2,7.886661915108562E-4,-0.26816198229789734,1.0273176431655884
1451268659169,2,-0.25237536430358887,0.05844590812921524,-0.12310557067394257
1451268659186,2,-0.10389142483472824,0.13819442689418793,0.39223816990852356
1451268659205,2,-0.04895485192537308,0.27907443046569824,0.5463520288467407
1451268659226,2,0.5246134400367737,0.5526407361030579,0.7782278060913086
1451268659247,2,0.25654980540275574,0.2277626097202301,0.4121224284172058
1451268659268,2,0.023449886590242386,0.06580036133527756,-0.8817769885063171
1451268659287,2,0.28219014406204224,-0.01567775383591652,-0.9541542530059814
1451268659302,2,0.6748371124267578,-0.17106413841247559,-0.649948000907898
1451268659326,2,0.8038198947906494,-0.2490219622850418,-0.2531985342502594
1451268659343,2,0.5884510278701782,-0.3612624406814575,-0.06453881412744522
1451268659368,2,-0.6047330498695374,0.31475260853767395,-0.45647186040878296
1451268659388,2,-0.81705641746521,0.6001099348068237,-0.7491612434387207
1451268659406,2,-0.5267194509506226,0.5582011938095093,-0.46016836166381836
1451268659427,2,-0.2119174301624298,0.3873058259487152,0.181495800614357
1451268659443,2,-0.16203758120536804,0.19235490262508392,0.8435089588165283
1451268659463,2,-0.11439473181962967,0.10496654361486435,1.255993127822876
1451268659488,2,-0.20204073190689087,0.2591806650161743,1.0254080295562744
1451268659507,2,-0.07081937789916992,0.1329924613237381,0.6891635656356812
1451268659528,2,0.09653528779745102,-0.1000927984714508,0.6081833243370056
1451268659548,2,0.1870567947626114,-0.06261836737394333,0.5619710683822632
1451268659569,2,0.06938406825065613,0.05079466104507446,0.39508888125419617
1451268659588,2,-0.2299177050590515,0.3090190589427948,-0.0627998635172844
1451268659608,2,-0.08816573023796082,0.11169292777776718,-0.08983458578586578
1451268659628,2,0.2141423523426056,-0.30295228958129883,0.10417992621660233
1451268659649,2,0.3820571303367615,-0.6395195722579956,0.4209311604499817
1451268659672,2,0.24657291173934937,-0.6204419136047363,0.31478843092918396
1451268659689,2,-0.13165801763534546,-0.37647420167922974,-0.19609306752681732
1451268659709,2,-0.17861421406269073,-0.5383009910583496,-0.21523207426071167
1451268659729,2,-0.2300041764974594,-0.6974198222160339,-0.2264297604560852
1451268659750,2,-0.19596199691295624,-0.8814005851745605,-0.11441490054130554
1451268659772,2,-0.13204561173915863,-1.099958896636963,0.1707201451063156
1451268659789,2,-0.11401190608739853,-0.9559475779533386,0.29943886399269104
1451268659805,2,-0.3828454315662384,-0.7587842345237732,0.2640729546546936
1451268659829,2,-0.4415235221385956,-0.7072396278381348,0.5059586763381958
1451268659852,2,-0.6177100539207458,-0.4985814094543457,1.0694226026535034
1451268659866,2,-13.258049011230469,5.041750907897949,-8.48157787322998
1451268659890,2,4.089544773101807,0.6281468272209167,3.2236721515655518
1451268659910,2,1.3739495277404785,-0.7784940600395203,-1.3781688213348389
1451268659931,2,-0.12633097171783447,-0.6632672548294067,-0.7992512583732605
1451268659953,2,-2.6799709796905518,-0.46592795848846436,0.8089268803596497
1451268659970,2,-3.1290605068206787,-0.033642303198575974,1.5096207857131958
1451268659990,2,-1.020002007484436,0.27772417664527893,0.7471808791160583
1451268660010,2,1.2668031454086304,-0.2526813745498657,-0.7798065543174744
1451268660031,2,0.9908480048179626,-0.4429756700992584,-0.6503665447235107
1451268660053,2,0.3778063952922821,-0.13012056052684784,-0.20356909930706024
1451268660072,2,-0.09570128470659256,0.24544118344783783,0.18003390729427338
1451268660090,2,-0.2987714409828186,0.4107033610343933,0.4304267168045044
1451268660111,2,0.06764832884073257,0.06867913156747818,0.17774902284145355
1451268660133,2,0.4226853847503662,0.048062168061733246,0.28416356444358826
1451268660153,2,0.20095288753509521,0.2518675625324249,0.2629798948764801
1451268660172,2,0.058575741946697235,0.518739640712738,0.13340193033218384
1451268660191,2,-0.08576280623674393,0.6488838791847229,0.035921208560466766
1451268660212,2,0.006084763444960117,0.6197517514228821,-0.0023275662679225206
1451268660232,2,0.2177269160747528,0.4825468063354492,-0.06431786715984344
1451268660253,2,0.6164658665657043,0.4684617221355438,-0.0037432783283293247
1451268660272,2,0.8362630605697632,0.45805591344833374,0.1643921136856079
1451268660293,2,0.6214404702186584,0.3559982478618622,0.6247743964195251
1451268660313,2,-0.20734453201293945,0.36811041831970215,0.41017946600914
1451268660334,2,-1.367240309715271,1.3221468925476074,0.7367068529129028
1451268660354,2,-0.843899130821228,0.9960054159164429,1.3408008813858032
1451268660373,2,-1.0970916748046875,0.22243382036685944,1.3081845045089722
1451268660393,2,0.5805337429046631,0.7935884594917297,0.6303530931472778
1451268660413,2,0.8010780811309814,0.7378130555152893,0.09567980468273163
1451268660434,2,-0.19246932864189148,1.1231751441955566,0.14669044315814972
1451268660456,2,-0.5761496424674988,1.1512751579284668,0.22750762104988098
1451268660477,2,-0.9026134014129639,1.0406978130340576,0.549396812915802
1451268660495,2,-0.8918983936309814,0.9164483547210693,0.8316355347633362
1451268660517,2,-0.8371143341064453,0.8299193978309631,0.8167629837989807
1451268660543,2,-0.7711417078971863,0.4390430152416229,0.5153507590293884
1451268660550,2,-0.6171734929084778,0.133524090051651,-0.33805006742477417
1451268660578,2,-0.8226604461669922,0.20530425012111664,0.04938333109021187
1451268660594,2,-1.4504765272140503,0.10991378873586655,0.3579998016357422
1451268660616,2,-1.600151777267456,-0.3971133530139923,0.7131763100624084
1451268660630,2,-1.3322029113769531,-0.4712205231189728,2.4077048301696777
1451268660655,2,0.005451068747788668,-0.7295429706573486,3.406264066696167
1451268660675,2,0.3918127119541168,-1.2579460144042969,1.0828204154968262
1451268660694,2,0.8076595067977905,-1.6359150409698486,-0.9800485968589783
1451268660714,2,0.6424596905708313,-1.6460487842559814,-2.0141468048095703
1451268660736,2,0.1957983374595642,-1.2193305492401123,-2.583054780960083
1451268660754,2,-0.01268390566110611,-1.20833158493042,-1.154587984085083
1451268660774,2,0.05233067646622658,-1.1041673421859741,-0.36839374899864197
1451268660795,2,-0.4973154664039612,-1.1638602018356323,-0.03459902107715607
1451268660817,2,-0.3261834681034088,-1.043494462966919,0.3548375368118286
1451268660837,2,-0.2082863450050354,-0.6689047813415527,0.9620763063430786
1451268660856,2,-0.08776962012052536,-0.6310049891471863,0.9156213998794556
1451268660875,2,0.49211111664772034,-0.773371696472168,-0.7061415910720825
1451268660895,2,0.7225362062454224,-0.6716023683547974,-1.1643354892730713
1451268660918,2,0.8622692227363586,-0.5432508587837219,-0.9255728721618652
1451268660937,2,0.9009789824485779,-0.4661737382411957,-0.049568042159080505
1451268660956,2,0.8171741962432861,-0.494608998298645,0.2998591363430023
1451268660976,2,0.5059813857078552,-0.011470365338027477,-0.34213000535964966
1451268660996,2,0.6037513613700867,0.25484833121299744,-0.534372866153717
1451268661017,2,0.7918002605438232,0.45866674184799194,-0.4132721722126007
1451268661039,2,1.1406630277633667,0.3867477476596832,0.11597323417663574
1451268661056,2,1.1889615058898926,0.3199753165245056,0.4397977888584137
1451268661077,2,0.7449408173561096,0.6515157222747803,0.3101309537887573
1451268661097,2,0.5575271844863892,0.8195661902427673,-0.11860650777816772
1451268661117,2,0.5218295454978943,0.9399746060371399,-0.21373218297958374
1451268661138,1,0.7641229629516602,0.9795286655426025,0.28187984228134155
1451268661159,1,1.124406099319458,0.8739847540855408,1.1827560663223267
1451268661177,1,1.2899889945983887,0.7720546722412109,1.7056998014450073
1451268661199,1,1.1616253852844238,0.9505431056022644,1.068287968635559
1451268661219,1,1.0727555751800537,1.1248348951339722,0.5855167508125305
1451268661238,1,0.9225412607192993,1.2739900350570679,0.36851298809051514
1451268661258,1,0.8365854024887085,1.2660441398620605,0.20293548703193665
1451268661278,1,0.7604030966758728,1.190030813217163,-0.08531389385461807
1451268661300,1,0.46420443058013916,1.076525330543518,-0.4291174113750458
1451268661319,1,0.34146371483802795,0.8782314658164978,-0.23322774469852448
1451268661339,1,0.15345902740955353,0.6198264360427856,-0.024300329387187958
1451268661358,1,-0.1398618370294571,0.32642361521720886,-0.12931028008460999
1451268661378,1,-0.16719967126846313,0.24900223314762115,-0.31325989961624146
1451268661399,1,-0.016670819371938705,0.20469197630882263,-0.6417196989059448
1451268661421,1,0.10213928669691086,0.044285718351602554,-0.4702683389186859
1451268661439,1,0.18195673823356628,-0.1007864773273468,0.100454181432724
1451268661459,1,-0.014887060038745403,-0.17983707785606384,0.5565758943557739
1451268661479,1,0.05878288298845291,-0.21741336584091187,0.5849421620368958
1451268661501,1,-0.09027869254350662,-0.16397622227668762,-0.14116379618644714
1451268661523,1,-0.8472892642021179,-0.19295594096183777,-0.8960399031639099
1451268661539,1,0.46350470185279846,0.08254297077655792,-0.11673486977815628
1451268661559,1,-0.7364293336868286,-0.08760229498147964,-0.023653263226151466
1451268661576,1,-0.6067719459533691,0.019567163661122322,0.8262158632278442
1451268661601,1,-0.6233416199684143,0.06968231499195099,1.1059492826461792
1451268661622,1,-0.6092543601989746,0.011467442847788334,0.8498165011405945
1451268661639,1,-1.2081130743026733,0.057017773389816284,0.8852256536483765
1451268661660,1,-0.9768821597099304,0.08270049840211868,0.8472142219543457
1451268661680,1,-0.8618296384811401,-0.06998202949762344,1.0753040313720703
1451268661703,1,-0.7303411364555359,-0.2568725347518921,1.203964352607727
1451268661722,1,-0.6980839371681213,-0.24438261985778809,0.3586614727973938
1451268661740,1,-1.0529738664627075,-0.27441462874412537,0.1946183145046234
1451268661760,1,-1.1268560886383057,-0.08995675295591354,-0.17327508330345154
1451268661781,1,-1.5652742385864258,0.022370237857103348,-0.12010464072227478
1451268661803,1,-1.455185055732727,-0.3775898814201355,0.9222545623779297
1451268661817,1,-2.4666755199432373,-1.2521111965179443,0.656765878200531
1451268661841,1,28.716686248779297,-4.634923934936523,-4.684615612030029
1451268661861,1,-2.2027604579925537,-0.43794748187065125,6.434829235076904
1451268661881,1,-1.7927744388580322,3.8306729793548584,-1.1587573289871216
1451268661904,1,-7.722731590270996,1.933570146560669,-3.1021039485931396
1451268661922,1,-5.900751113891602,1.626819133758545,-0.9975006580352783
1451268661942,1,1.0983996391296387,-1.295078992843628,-1.2758797407150269
1451268661962,1,1.4757555723190308,-1.3060028553009033,-0.5240314602851868
1451268661983,1,-0.6632680296897888,-0.44133639335632324,0.42353931069374084
1451268662005,1,-2.578462600708008,0.653333842754364,0.6063175797462463
1451268662022,1,-3.8727505207061768,1.4745149612426758,0.2295452505350113
1451268662042,1,-3.6245548725128174,1.2436343431472778,-0.42060384154319763
1451268662063,1,-2.753796100616455,1.1607810258865356,-0.3585556745529175
1451268662085,1,-2.0657389163970947,1.0083084106445313,-0.11189619451761246
1451268662106,1,-1.8093526363372803,0.8200111389160156,-0.031602177768945694
1451268662125,1,-1.5934441089630127,0.7551923394203186,-0.2207014411687851
1451268662142,1,-1.4833275079727173,0.6287512183189392,-0.34067338705062866
1451268662164,1,-0.9686228036880493,0.5703326463699341,0.0731891542673111
1451268662185,1,-1.207729697227478,0.7564035058021545,0.5336158871650696
1451268662205,1,-1.3166543245315552,0.8947304487228394,0.4667500853538513
1451268662223,1,-1.0902131795883179,0.8743109107017517,0.5613269209861755
1451268662244,1,-1.1937839984893799,0.882408857345581,0.5410884022712708
1451268662264,1,-0.6779363751411438,1.0321812629699707,0.3521569073200226
1451268662285,1,-0.5893093347549438,0.9303814768791199,0.08399404585361481
1451268662305,1,-0.35713163018226624,0.8067010045051575,0.050977908074855804
1451268662324,1,-0.4814353883266449,0.7662512063980103,-0.17036767303943634
1451268662344,1,-0.727888822555542,0.8077951073646545,-0.19124504923820496
1451268662364,1,-0.7424525618553162,0.05704276263713837,1.0759814977645874
1451268662386,1,-0.7107911109924316,-0.4098058342933655,2.209571123123169
1451268662406,1,-0.9370038509368896,-0.24737054109573364,1.8853075504302979
1451268662424,1,-0.735962986946106,0.3476499617099762,1.298133134841919
1451268662441,1,-0.4848043918609619,0.4866892993450165,0.9413853883743286
1451268662461,1,-0.564030110836029,0.11948490142822266,0.7923054099082947
1451268662485,1,-0.6577712893486023,-0.3098940849304199,1.7480770349502563
1451268662506,1,-0.9383005499839783,-0.14640754461288452,2.0247862339019775
1451268662525,1,-0.9199222922325134,-0.3591356575489044,1.8508803844451904
1451268662546,1,-0.3150593042373657,-0.8117642998695374,1.2078572511672974
1451268662569,1,0.2505606710910797,-1.088090181350708,1.1902549266815186
1451268662587,1,0.7210774421691895,-1.2649928331375122,1.0939899682998657
1451268662606,1,0.49475589394569397,-1.4246824979782104,-0.10851883143186569
1451268662626,1,0.27346670627593994,-1.3759756088256836,-1.2892869710922241
1451268662646,1,-0.011389819905161858,-1.3136317729949951,-2.0095973014831543
1451268662668,1,-0.22606225311756134,-1.2933634519577026,-2.360691547393799
1451268662687,1,-0.09937124699354172,-0.828401505947113,-1.046907901763916
1451268662706,1,0.1501331776380539,-0.8856757879257202,0.2197030782699585
1451268662726,1,0.4532492160797119,-1.1091268062591553,1.2337795495986938
1451268662743,1,0.67989182472229,-1.216790795326233,1.723188042640686
1451268662769,1,0.8621565699577332,-1.0606132745742798,1.4696120023727417
1451268662789,1,0.7873097062110901,-0.7355255484580994,-0.1651630997657776
1451268662802,1,0.7461808323860168,-0.5694782137870789,-0.8261381387710571
1451268662827,1,0.7114786505699158,-0.42894071340560913,-0.9094342589378357
1451268662847,1,0.6078680157661438,-0.19880057871341705,-0.6501689553260803
1451268662869,1,0.33015385270118713,0.062235213816165924,-0.48945173621177673
1451268662883,1,0.2201465666294098,0.15194427967071533,-0.3665957748889923
1451268662909,1,0.1392970234155655,0.18574103713035583,-0.6218430399894714
1451268662930,1,0.2988417148590088,0.13290683925151825,-0.5720815062522888
1451268662950,1,0.473069965839386,0.18881212174892426,-0.3014414608478546
1451268662970,1,0.6857231259346008,0.28340691328048706,-0.11048457771539688
1451268662988,1,0.7675245404243469,0.306277334690094,0.14033961296081543
1451268663008,1,0.39013972878456116,0.5446630716323853,0.06725158542394638
1451268663027,1,0.32746246457099915,0.48013243079185486,-0.20882336795330048
1451268663048,1,0.4083656370639801,0.5025526285171509,-0.4193161427974701
1451268663070,1,0.4684983193874359,0.5419438481330872,-0.21828268468379974
1451268663084,1,0.5511170029640198,0.6977882385253906,0.037606969475746155
1451268663109,1,0.6115944981575012,0.8331590890884399,0.3951578438282013
1451268663128,1,0.5710790753364563,0.8383705615997314,0.6312071084976196
1451268663149,1,0.33093947172164917,0.8186925053596497,0.867725670337677
1451268663170,2,0.16132427752017975,0.8450338244438171,0.5648007392883301
1451268663191,2,0.31124964356422424,0.7015743255615234,0.5350795388221741
1451268663209,2,0.5571604371070862,0.4029809534549713,0.5818997621536255
1451268663230,2,0.448395311832428,0.5318406820297241,0.2144102305173874
1451268663252,2,0.19514325261116028,0.5004334449768066,-0.013803484849631786
1451268663271,2,-0.15119929611682892,0.29671967029571533,-0.1458960771560669
1451268663289,2,-0.32148438692092896,-0.0626598671078682,0.4927484393119812
1451268663308,2,-0.20632226765155792,-0.47554683685302734,1.2284966707229614
1451268663331,2,-0.1534224897623062,-0.7051844596862793,1.5969161987304688
1451268663351,2,-0.2769913971424103,-0.5951582789421082,1.723764419555664
1451268663370,2,-0.4121626019477844,-0.5471987128257751,2.026359796524048
1451268663389,2,-0.46633288264274597,-0.7064714431762695,1.7280209064483643
1451268663411,2,-0.373236745595932,-0.8676676750183105,0.6080828309059143
1451268663430,2,-0.459367573261261,-0.5304860472679138,-1.3404489755630493
1451268663451,2,-0.6622735857963562,-0.4952890872955322,-1.4496551752090454
1451268663472,2,-0.866358757019043,-0.37770357728004456,-0.7506465315818787
1451268663489,2,-1.04838228225708,-0.293101042509079,0.20369185507297516
1451268663511,2,-1.1920273303985596,-0.34032195806503296,0.6805272698402405
1451268663531,2,-0.8784744739532471,-0.45420682430267334,0.7161960005760193
1451268663553,2,-0.21910510957241058,-0.4260498285293579,0.1867307871580124
1451268663572,2,0.10634809732437134,-0.2030208259820938,-0.3334299921989441
1451268663592,2,0.14992931485176086,-0.1438598930835724,-0.6190940141677856
1451268663611,2,0.24243323504924774,-0.2795421779155731,-0.49464112520217896
1451268663635,2,0.2482704520225525,-0.3629910349845886,-0.1404956877231598
1451268663653,2,0.17519907653331757,-0.3133084177970886,-0.19734744727611542
1451268663673,2,0.0402601882815361,-0.20726342499256134,-0.48387306928634644
1451268663692,2,-0.09842471778392792,-0.15538184344768524,-0.5354998111724854
1451268663712,2,-0.06999803334474564,-0.01509951613843441,-0.6633832454681396
1451268663735,2,0.004106120206415653,0.15408727526664734,-0.6402899622917175
1451268663753,2,0.0840209349989891,0.10464183986186981,-0.09118541330099106
1451268663772,2,-0.005656637717038393,-0.011592823080718517,0.012179098092019558
1451268663792,2,-0.1706053614616394,0.19164793193340302,0.010053192265331745
1451268663812,2,-34.23524475097656,-0.19663682579994202,11.026413917541504
1451268663834,2,6.8611063957214355,2.75517201423645,4.214777946472168
1451268663855,2,3.836871385574341,1.4382779598236084,1.0110124349594116
1451268663872,2,4.879176616668701,0.16628171503543854,-2.2501871585845947
1451268663893,2,1.6619659662246704,-1.1105000972747803,-0.4478215277194977
1451268663914,2,-0.3981107175350189,-0.6457340717315674,2.2285068035125732
1451268663935,2,-0.6484262347221375,0.8901371359825134,3.3893046379089355
1451268663956,2,0.8765332102775574,1.8845934867858887,2.1575393676757813
1451268663973,2,2.471273183822632,1.2732696533203125,-0.06374737620353699
1451268663993,2,1.7099910974502563,0.8476551175117493,0.35893911123275757
1451268664014,2,1.2107408046722412,1.0459824800491333,0.717206597328186
1451268664035,2,0.8978596329689026,1.1898066997528076,0.5462807416915894
1451268664055,2,0.6571705937385559,0.9616086483001709,0.29717209935188293
1451268664069,2,1.029068946838379,0.6595062613487244,0.6346072554588318
1451268664095,2,1.1355087757110596,0.28256678581237793,0.8476964831352234
1451268664110,2,1.2091480493545532,0.057507019490003586,1.3212217092514038
1451268664135,2,1.0867037773132324,-0.053847912698984146,1.8970822095870972
1451268664155,2,1.1694588661193848,-0.1373196840286255,2.3634886741638184
1451268664174,2,1.6758891344070435,-0.33293768763542175,2.1259775161743164
1451268664196,2,2.7558906078338623,-1.0981920957565308,-0.17699439823627472
1451268664217,2,2.511864185333252,-1.2534645795822144,-1.4110534191131592
1451268664236,2,2.0481576919555664,-1.152766466140747,-2.438934564590454
1451268664255,2,1.4231762886047363,-0.6362281441688538,-2.9197816848754883
1451268664275,2,0.9902259111404419,-0.14712722599506378,-2.2772107124328613
1451268664295,2,0.6465009450912476,-0.55081707239151,0.8729413747787476
1451268664319,2,0.9477149248123169,-1.0019601583480835,1.901175618171692
1451268664338,2,1.4717233180999756,-1.2825132608413696,1.934787392616272
1451268664356,2,1.8060097694396973,-0.8885184526443481,1.5091583728790283
1451268664377,2,2.164912462234497,-0.3139183521270752,0.25979894399642944
1451268664395,2,0.9444464445114136,0.31097573041915894,-1.6616326570510864
1451268664418,2,0.7301557660102844,0.6021493077278137,-1.481467843055725
1451268664434,2,0.602174699306488,0.6160857677459717,-0.665499210357666
1451268664456,2,0.631998598575592,0.5538043975830078,0.3561515212059021
1451268664476,2,0.8066799640655518,0.3211165964603424,0.08775778114795685
1451268664497,2,0.787615954875946,0.38542965054512024,-0.7122668027877808
1451268664518,2,0.6653556227684021,0.708433210849762,-1.2629361152648926
1451268664538,2,0.39437028765678406,0.6928471326828003,-0.28013914823532104
1451268664556,2,0.5447390675544739,0.6032974720001221,0.45497313141822815
1451268664577,2,0.8136035799980164,0.39164531230926514,1.2183973789215088
1451268664597,2,0.29142919182777405,0.2899830639362335,0.4462064802646637
1451268664618,2,0.6905960440635681,0.4227408468723297,0.10621289163827896
1451268664639,2,0.8591035604476929,0.5685954093933105,-0.24058745801448822
1451268664656,2,1.0268323421478271,0.6560185551643372,-0.40712711215019226
1451268664678,2,0.6144524812698364,0.8120995163917542,-0.47626084089279175
1451268664697,2,0.49279898405075073,0.48951956629753113,0.12039397656917572
1451268664718,2,0.07918690145015717,0.12591347098350525,1.1685879230499268
1451268664739,2,-0.27549803256988525,-0.1406286656856537,1.4113707542419434
1451268664758,2,0.05646015703678131,-0.3221716582775116,1.0557295083999634
1451268664773,2,0.3094959855079651,1.1353470087051392,0.6746253371238708
1451268664798,2,0.36593055725097656,1.4700489044189453,0.1721358597278595
1451268664820,2,-0.2881624698638916,1.2407783269882202,0.9472948908805847
1451268664838,2,-0.2872999608516693,-0.22426804900169373,1.7790403366088867
1451268664858,2,0.15424823760986328,-0.7821493148803711,2.4898879528045654
1451268664878,2,0.17258337140083313,-0.8942534923553467,2.375931978225708
1451268664899,2,0.1898418664932251,-0.7960377335548401,1.541987419128418
1451268664920,2,0.34848567843437195,-0.6375934481620789,0.21511107683181763
1451268664938,2,0.04720847308635712,-1.0844404697418213,-1.5899533033370972
1451268664960,2,-0.12531696259975433,-1.0047156810760498,-2.2849924564361572
1451268664980,2,-0.19288645684719086,-0.7786999344825745,-2.4461827278137207
1451268665001,2,-0.8868860006332397,-0.23862916231155396,-1.5804040431976318
1451268665021,2,-1.3350239992141724,0.08502162992954254,-0.33719316124916077
1451268665040,2,-1.0882062911987305,0.1202959194779396,1.2851263284683228
1451268665059,2,-0.43986865878105164,-0.18876536190509796,1.0284966230392456
1451268665079,2,0.2202414721250534,-0.25499314069747925,0.6782616972923279
1451268665102,2,0.3268890380859375,-0.13234759867191315,0.1712140589952469
1451268665117,2,-0.0416131354868412,-0.06228606775403023,-0.33763739466667175
1451268665141,2,-0.2336980700492859,0.15655674040317535,-0.7361334562301636
1451268665161,2,-0.2806074917316437,0.4474247694015503,-1.262833833694458
1451268665180,2,-0.19218052923679352,0.32488617300987244,-1.071102499961853
1451268665203,1,-0.050045378506183624,0.07777385413646698,-0.38271746039390564
1451268665221,1,6.069163791835308E-4,0.21138036251068115,0.09847849607467651
1451268665243,1,-0.015716606751084328,0.5304946899414063,0.1214081197977066
1451268665261,1,-0.10741682350635529,0.7726783156394958,-0.2865361273288727
1451268665283,1,-0.046671971678733826,0.7229428291320801,-0.291596919298172
1451268665303,1,0.07702331244945526,0.6593348383903503,-0.19675707817077637
1451268665324,1,0.08994818478822708,0.6682701706886292,-0.14648762345314026
1451268665341,1,-0.04006585106253624,0.7547779083251953,0.09473171085119247
1451268665357,1,-0.13535363972187042,0.8574419021606445,0.2628185749053955
1451268665381,1,-0.0794573500752449,0.8333631157875061,0.38625675439834595
1451268665403,1,0.096189945936203,0.7770575881004333,0.6440905332565308
1451268665422,1,5.083148716948926E-4,0.6508250832557678,1.1958593130111694
1451268665441,1,-0.02877170220017433,0.42852702736854553,1.8897500038146973
1451268665461,1,-0.4039003252983093,0.1217164546251297,1.3322148323059082
1451268665484,1,-0.43629270792007446,0.21948373317718506,1.1183067560195923
1451268665504,1,-0.6335375905036926,0.21169906854629517,1.207483172416687
1451268665518,1,-0.5062136650085449,0.2170955240726471,1.0159457921981812
1451268665538,1,-0.6416717171669006,0.17747808992862701,1.009961485862732
1451268665564,1,-0.31921467185020447,-0.14257687330245972,1.227006196975708
1451268665584,1,0.8472775220870972,-1.0410722494125366,2.455209493637085
1451268665604,1,0.6689196825027466,-1.3885295391082764,1.999839425086975
1451268665623,1,0.5441390872001648,-1.5360392332077026,0.6409311890602112
1451268665644,1,0.15056519210338593,-1.4593992233276367,-1.1722517013549805
1451268665664,1,0.17651531100273132,-1.235641360282898,-2.634608507156372
1451268665685,1,0.7176618576049805,-0.5924839377403259,-3.3461410999298096
1451268665706,1,-0.07229498028755188,-0.35923370718955994,-0.5825251936912537
1451268665724,1,-1.6441011428833008,-1.3211114406585693,1.2092770338058472
1451268665744,1,-0.2539447247982025,-2.682387590408325,-0.19208791851997375
1451268665764,1,1.3173099756240845,-1.4341129064559937,-0.4686877727508545
1451268665785,1,0.867087721824646,2.5329391956329346,2.851261615753174
1451268665805,1,-2.8539910316467285,1.8932217359542847,-4.495281219482422
1451268665825,1,-4.6599907875061035,1.74177885055542,-4.280255317687988
1451268665844,1,-2.272742986679077,0.8306880593299866,-1.4747346639633179
1451268665865,1,-0.12292685359716415,-0.7787109017372131,-1.0985381603240967
1451268665887,1,3.049612045288086,-0.6793719530105591,-0.5048521757125854
1451268665905,1,1.5241934061050415,-0.4251531660556793,0.6522480845451355
1451268665924,1,0.9462877511978149,0.11056728661060333,0.8825135231018066
1451268665941,1,0.02315320447087288,0.5084998607635498,0.7460135817527771
1451268665966,1,-0.41864168643951416,0.7439680695533752,0.4317512512207031
1451268665986,1,0.11600027233362198,0.6590694785118103,-0.10461656004190445
1451268666006,1,1.2693135738372803,0.19731633365154266,0.0983119085431099
1451268666025,1,1.3114029169082642,0.1687568724155426,0.24154432117938995
1451268666045,1,0.9702209830284119,0.4022986590862274,0.3526560962200165
1451268666067,1,0.515224277973175,0.7526909112930298,0.2349807322025299
1451268666088,1,0.4647866487503052,0.7164663076400757,-0.13311667740345
1451268666107,1,0.8089708685874939,0.5326052308082581,-0.12716975808143616
1451268666126,1,0.916745662689209,0.4756266474723816,0.3823930621147156
1451268666147,1,0.7900915145874023,0.5336610674858093,0.9059440493583679
1451268666168,1,0.4132866859436035,0.5387506484985352,1.2046879529953003
1451268666186,1,0.15683628618717194,0.520634651184082,0.9619722366333008
1451268666206,1,0.16314144432544708,0.4334734082221985,0.6948749423027039
1451268666226,1,0.1537545770406723,0.10633374005556107,0.3257072865962982
1451268666247,1,0.04548793286085129,-0.07088657468557358,0.432700514793396
1451268666269,1,-0.5697388052940369,-0.21645736694335938,0.7900742888450623
1451268666289,1,-1.1491063833236694,-0.18273499608039856,0.6007418036460876
1451268666307,1,-1.3507757186889648,0.1268579065799713,0.8681453466415405
1451268666326,1,0.2849859893321991,-0.6355029940605164,2.6430912017822266
1451268666377,1,1.0728086233139038,-1.349483609199524,2.981308937072754
1451268666380,1,1.3371506929397583,-1.9816464185714722,2.1195499897003174
1451268666393,1,1.1157935857772827,-1.7286720275878906,0.5328349471092224
1451268666408,1,0.31605517864227295,-1.1035189628601074,-1.311224102973938
1451268666427,1,-0.8485840559005737,-0.08348433673381805,-2.9847419261932373
1451268666451,1,-1.3372780084609985,-0.04508388042449951,-2.311117649078369
1451268666469,1,-1.449057936668396,-0.29339608550071716,-1.2014923095703125
1451268666487,1,-1.568202257156372,-0.46803414821624756,0.28481003642082214
1451268666507,1,-1.3012545108795166,-0.4959771931171417,1.7889760732650757
1451268666528,1,-0.8537853956222534,-0.4145943820476532,2.5797500610351563
1451268666548,1,0.00416121119633317,-0.2983585298061371,0.5819348096847534
1451268666571,1,0.44220462441444397,-0.28857189416885376,-0.6001684069633484
1451268666589,1,0.4099999666213989,-0.17277225852012634,-0.9509814977645874
1451268666608,1,0.059709642082452774,-0.07097440212965012,-1.1098002195358276
1451268666628,1,-0.487575501203537,0.18321532011032104,-1.4420634508132935
1451268666648,1,-0.7728568911552429,0.6612564921379089,-1.4306501150131226
1451268666670,1,-0.49142563343048096,0.5533148646354675,-0.6466524600982666
1451268666684,1,-0.11897000670433044,0.48322996497154236,0.01765080727636814
1451268666709,1,0.11034070700407028,0.38279491662979126,0.28653907775878906
1451268666729,1,0.057015545666217804,0.42107701301574707,0.33706164360046387
1451268666750,1,-0.34047627449035645,0.7220023274421692,0.8494231104850769
1451268666773,1,-0.22513821721076965,0.8067993521690369,0.5568699240684509
1451268666790,1,-0.1535099893808365,0.8653116226196289,0.2362310141324997
1451268666809,1,-0.10241217911243439,0.8418509364128113,0.11456278711557388
1451268666830,1,-0.09293437749147415,0.7928288578987122,0.17437048256397247
1451268666852,1,-0.19331201910972595,0.7368795871734619,0.25077685713768005
1451268666873,1,-0.1447555273771286,0.6452820897102356,0.7650006413459778
1451268666886,1,-0.05766264721751213,0.4618997275829315,0.860719621181488
1451268666910,1,-0.15420114994049072,0.31577277183532715,0.9010521769523621
1451268666930,1,-0.21816560626029968,0.30193743109703064,0.8921838402748108
1451268666952,1,-0.3266429603099823,0.30562400817871094,0.9151713252067566
1451268666972,1,-0.26346898078918457,-0.015493045561015606,0.4315285384654999
1451268666990,1,-0.2263471931219101,-0.30991703271865845,0.3211813271045685
1451268667011,1,-0.08326397836208344,-0.3682458698749542,0.6862825155258179
1451268667031,1,-0.03471468389034271,-0.44352906942367554,1.114653468132019
1451268667052,1,0.048753730952739716,-0.7471231818199158,1.2268191576004028
1451268667071,1,0.13106530904769897,-0.875470757484436,0.6162059307098389
1451268667090,1,0.07054249197244644,-0.8134335279464722,0.5994564294815063
1451268667111,1,0.08420459926128387,-0.6992365121841431,1.1494009494781494
1451268667132,1,0.43918925523757935,-0.7934120297431946,1.8022359609603882
1451268667154,1,0.9433001279830933,-1.278385043144226,1.7513608932495117
1451268667173,1,1.173828125,-1.6378719806671143,0.9652467370033264
1451268667192,1,0.4280772805213928,-1.2046072483062744,-1.4392436742782593
1451268667212,1,0.022318506613373756,-0.9066152572631836,-1.9230402708053589
1451268667234,2,-0.5852092504501343,-0.7009900808334351,-1.5339795351028442
1451268667260,2,-0.7484368085861206,-0.6668192148208618,-0.47010523080825806
1451268667272,2,-0.4727244973182678,-0.9015981554985046,0.6700432896614075
1451268667294,2,0.13388387858867645,-1.1258376836776733,1.2601094245910645
1451268667313,2,0.2690553069114685,-1.0932013988494873,0.693795919418335
1451268667334,2,0.29202377796173096,-1.0389739274978638,-0.07154256105422974
1451268667354,2,0.21580611169338226,-0.915432870388031,-0.5538157820701599
1451268667373,2,0.12767070531845093,-0.7303333878517151,-0.6633586883544922
1451268667393,2,0.13904939591884613,-0.3569495379924774,-0.6728513240814209
1451268667413,2,0.1329919397830963,-0.1872808188199997,-0.47782737016677856
1451268667435,2,0.1805587261915207,-0.04134630411863327,-0.28019699454307556
1451268667455,2,0.2535521984100342,-0.0861322209239006,-0.2712894678115845
1451268667473,2,0.3761819899082184,-0.09739640355110168,-0.3393307328224182
1451268667495,2,0.4321718215942383,-0.01555237453430891,-0.24547289311885834
1451268667514,2,0.4299210011959076,0.1336195170879364,0.16880115866661072
1451268667535,2,0.6359535455703735,0.08558671921491623,0.5850433111190796
1451268667554,2,0.761733889579773,-0.010228840634226799,1.023320198059082
1451268667572,2,0.7267314791679382,0.03720657154917717,0.8906739950180054
1451268667594,2,0.6740168929100037,0.16859613358974457,0.5678939819335938
1451268667614,2,0.6339395642280579,0.11936550587415695,0.17609775066375732
1451268667636,2,0.8668277263641357,0.015297961421310902,0.13680851459503174
1451268667655,2,0.8875250220298767,-0.11691504716873169,-0.11126841604709625
1451268667674,2,0.6130303740501404,-0.08480360358953476,-0.4467144310474396
1451268667695,2,0.42262741923332214,-0.25481662154197693,0.05451485142111778
1451268667718,2,0.5482221841812134,-0.3035324215888977,1.1272300481796265
1451268667737,2,0.9291476607322693,-0.32981252670288086,1.7034376859664917
1451268667755,2,0.9057786464691162,-0.4170795977115631,1.8725334405899048
1451268667775,2,0.5974367260932922,-0.5103058815002441,1.3194622993469238
1451268667795,2,0.2858067452907562,-0.5916286706924438,0.4587900638580322
1451268667815,2,0.19689585268497467,-0.4272608160972595,-0.1959773302078247
1451268667838,2,-0.2609859108924866,0.05589022859930992,-1.0695961713790894
1451268667856,2,-0.3580044209957123,-0.021010201424360275,-1.2386831045150757
1451268667876,2,-0.33125993609428406,-0.3317776918411255,-0.8981932997703552
1451268667897,2,-0.23368798196315765,-0.5630673170089722,-0.3699386417865753
1451268667918,2,-0.34953612089157104,-0.5926739573478699,0.14441081881523132
1451268667939,2,-38.27903747558594,-3.1167984008789063,10.1476411819458
1451268667956,2,14.445657730102539,1.129143476486206,4.0159149169921875
1451268667976,2,4.225213527679443,0.4293658137321472,2.7629637718200684
1451268667996,2,3.026405096054077,1.8020230531692505,-3.5567128658294678
1451268668019,2,5.064564228057861,-0.3464440703392029,-1.359513759613037
1451268668039,2,-0.3091862201690674,-0.7924525141716003,2.3826520442962646
1451268668058,2,-0.3642813563346863,-0.055467765778303146,2.2820589542388916
1451268668077,2,1.8314169645309448,0.5529638528823853,0.6834428906440735
1451268668097,2,3.550964117050171,0.7684726715087891,-0.6159937381744385
1451268668118,2,3.7212302684783936,0.5918428897857666,-1.0716946125030518
1451268668138,2,2.822826862335205,0.4685698449611664,-0.7615513801574707
1451268668157,2,1.7708958387374878,0.9959781169891357,-0.35453182458877563
1451268668177,2,1.554221272468567,1.0296995639801025,-0.10575754940509796
1451268668198,2,1.8018428087234497,0.7020942568778992,0.012216507457196712
1451268668218,2,2.262465238571167,0.38945436477661133,0.19141046702861786
1451268668239,2,2.5307796001434326,0.2518818974494934,0.7478981018066406
1451268668258,2,2.033198118209839,0.2571260631084442,1.138954997062683
1451268668277,2,1.6112338304519653,0.2887823283672333,0.5253127813339233
1451268668298,2,1.419045329093933,0.3903296887874603,0.09700608253479004
1451268668320,2,1.5242332220077515,0.332807332277298,0.3103291094303131
1451268668334,2,1.7620915174484253,0.09504106640815735,0.4024135172367096
1451268668358,2,2.0040457248687744,-0.27301380038261414,0.33655717968940735
1451268668378,2,1.7935272455215454,-0.2722799479961395,-0.0370195247232914
1451268668401,2,1.1604357957839966,-0.1720864623785019,-0.7029396295547485
1451268668421,2,0.7805846929550171,0.2955399751663208,-0.8892746567726135
1451268668438,2,0.6959904432296753,0.4801994860172272,-0.7166969180107117
1451268668459,2,1.3153928518295288,0.12558774650096893,-0.1182306632399559
1451268668479,2,1.9904428720474243,0.15364274382591248,0.26676294207572937
1451268668500,2,1.405173659324646,0.1107197031378746,0.4238426685333252
1451268668520,2,0.05459434539079666,-0.09024316817522049,-0.14938801527023315
1451268668540,2,0.5071361660957336,0.41132310032844543,0.12213701754808426
1451268668559,2,1.3141496181488037,0.9505056738853455,0.23264439404010773
1451268668580,2,1.592612862586975,0.7500371932983398,1.0345640182495117
1451268668603,2,1.8760333061218262,0.24781741201877594,2.2218642234802246
1451268668622,2,1.419421911239624,-0.3192424774169922,1.8429216146469116
1451268668639,2,0.7540370225906372,8.379121427424252E-4,0.8649427890777588
1451268668660,2,0.6334723830223083,0.44925183057785034,0.370700865983963
1451268668680,2,0.6245521306991577,0.6729261875152588,0.5577408671379089
1451268668703,2,0.7882565855979919,0.26381227374076843,0.6151525974273682
1451268668722,2,0.9332175850868225,-0.1834188848733902,0.6097434163093567
1451268668736,2,0.9558418989181519,-0.5257951021194458,1.3179548978805542
1451268668761,2,0.8376742601394653,-1.0426312685012817,1.8294618129730225
1451268668781,2,0.8661525845527649,-0.8513978123664856,0.8418401479721069
1451268668803,2,0.613369345664978,-0.5192837119102478,0.4813029170036316
1451268668816,2,0.38090887665748596,-0.3398999273777008,0.6285428404808044
1451268668840,2,0.1443481594324112,-0.4448375403881073,1.0515245199203491
1451268668861,2,0.3378525972366333,-0.7326154708862305,1.4176549911499023
1451268668883,2,0.4346209168434143,-1.063693642616272,1.3744879961013794
1451268668898,2,0.507358193397522,-1.2063413858413696,-0.23901742696762085
1451268668923,2,0.11929971724748611,-0.9352344274520874,-1.1865700483322144
1451268668941,2,0.027095403522253036,-0.7759535312652588,-1.7744722366333008
1451268668962,2,0.5205758810043335,-0.6852980256080627,-1.5275859832763672
1451268668983,2,0.5236268639564514,-0.7807457447052002,-0.7819991111755371
1451268669003,2,0.8240523934364319,-1.6803908348083496,0.3361491858959198
1451268669018,2,0.9461880922317505,-1.572659969329834,-0.10743103176355362
1451268669042,2,0.7265177369117737,-1.0102818012237549,-0.45489248633384705
1451268669063,2,0.4778953790664673,-0.47140243649482727,-0.5669271945953369
1451268669085,2,0.23819713294506073,-0.18514132499694824,-0.40061846375465393
1451268669104,2,-0.13744041323661804,-0.4574512243270874,0.5226280689239502
1451268669122,2,-0.027221422642469406,-0.44963863492012024,1.5372464656829834
1451268669143,2,0.12457455694675446,-0.43203869462013245,2.3015310764312744
1451268669163,2,0.29453229904174805,-0.3623201251029968,2.3961336612701416
1451268669185,2,0.3436492383480072,-0.3717508018016815,1.563745141029358
1451268669204,2,0.3908759355545044,-0.3732036352157593,0.09639175236225128
1451268669224,2,0.4226868450641632,0.292789489030838,-0.7162129282951355
