1451268739245,1,0.6313886642456055,-0.4656972289085388,-1.239821195602417
1451268739254,1,0.6313886642456055,-0.4656972289085388,-1.239821195602417
1451268739264,1,0.6313886642456055,-0.4656972289085388,-1.239821195602417
1451268739285,1,0.6313886642456055,-0.4656972289085388,-1.239821195602417
1451268739303,1,0.6313886642456055,-0.4656972289085388,-1.239821195602417
1451268739325,1,0.6313886642456055,-0.4656972289085388,-1.239821195602417
1451268739345,1,0.6313886642456055,-0.4656972289085388,-1.239821195602417
1451268739366,1,0.7314571142196655,1.0013941526412964,0.6477361917495728
1451268739385,1,-0.11923030018806458,0.12602116167545319,0.7206114530563354
1451268739405,1,0.09777995944023132,-0.36642712354660034,0.968582034111023
1451268739431,1,0.37452012300491333,-0.2800052762031555,0.48725512623786926
1451268739449,1,0.7221029996871948,-0.5113321542739868,1.1151163578033447
1451268739472,1,0.7641538977622986,-0.5491787791252136,0.9986451268196106
1451268739489,1,1.1243984699249268,-0.8746737241744995,0.13072247803211212
1451268739507,1,0.16536016762256622,-0.854465663433075,-1.0317413806915283
1451268739531,1,0.48594406247138977,-0.2011997401714325,-1.9312474727630615
1451268739554,1,-0.709682047367096,1.1849364042282104,-1.7163748741149902
1451268739572,1,-0.939740002155304,0.6399868726730347,0.21048983931541443
1451268739591,1,-0.6641017198562622,-0.17446604371070862,1.7656810283660889
1451268739610,1,-0.04026471823453903,-0.7266334891319275,2.4913339614868164
1451268739630,1,0.24850356578826904,-0.7275362610816956,2.1562187671661377
1451268739653,1,0.21635490655899048,-0.3879191279411316,1.02910578250885
1451268739672,1,0.4007914364337921,0.2990139424800873,-0.4487742781639099
1451268739690,1,0.038335852324962616,0.5662477016448975,-1.5218605995178223
1451268739710,1,0.2699962854385376,0.5946002006530762,-1.4386323690414429
1451268739731,1,0.2962600290775299,0.45522040128707886,-1.0890145301818848
1451268739755,1,0.20642617344856262,0.5433902740478516,-0.6582996845245361
1451268739768,1,6.53998926281929E-4,0.8064780235290527,-0.30077508091926575
1451268739792,1,-0.23798209428787231,0.8312655687332153,-0.1359960287809372
1451268739812,1,-0.16314950585365295,0.7743097543716431,-0.544853925704956
1451268739832,1,-0.14239753782749176,0.7633011341094971,-0.8605880737304688
1451268739853,1,0.22560729086399078,0.5618427395820618,-1.1601380109786987
1451268739873,1,0.024895701557397842,0.48148733377456665,-0.7609300017356873
1451268739893,1,-0.4468417763710022,-0.5221335291862488,1.1007493734359741
1451268739911,1,1.6419275999069214,-0.4580763578414917,-0.11299743503332138
1451268739934,1,25.51340675354004,-2.757890462875366,-2.0130810737609863
1451268739954,1,0.4445970058441162,-0.5496674180030823,6.834437370300293
1451268739979,1,2.1472344398498535,3.205817937850952,1.1509066820144653
1451268739990,1,-3.859379529953003,2.8367228507995605,-3.2207210063934326
1451268740013,1,-1.5640175342559814,1.6841262578964233,-0.9713871479034424
1451268740034,1,1.8135173320770264,0.01801964081823826,0.8125970959663391
1451268740056,1,1.9591692686080933,-2.0708425045013428,-0.050745267421007156
1451268740069,1,5.463730335235596,-0.5386272668838501,0.800994336605072
1451268740094,1,1.7813271284103394,-0.3900020718574524,1.9485633373260498
1451268740110,1,-3.268442153930664,1.2774547338485718,1.933316707611084
1451268740135,1,-3.794179916381836,1.3140060901641846,1.61212956905365
1451268740154,1,-1.919019103050232,0.5302452445030212,0.8752180933952332
1451268740173,1,-0.26648691296577454,-0.5372767448425293,0.6789029240608215
1451268740195,1,0.6922564506530762,-1.1012203693389893,1.180412769317627
1451268740214,1,0.30388548970222473,-1.0715608596801758,2.011488914489746
1451268740235,1,-0.06298718601465225,-0.8978111743927002,1.3739771842956543
1451268740255,1,-0.135122612118721,-0.7292676568031311,-0.08905483037233353
1451268740277,1,0.033390142023563385,-0.5029337406158447,-1.6226929426193237
1451268740295,1,0.19210897386074066,-0.3720528781414032,-2.3766708374023438
1451268740310,1,0.06266923993825912,-0.30528321862220764,-2.2156810760498047
1451268740335,1,-0.9778231382369995,-0.4185100793838501,-0.492228239774704
1451268740356,1,-0.9518765807151794,-0.5967673659324646,-0.23005028069019318
1451268740375,1,-0.5050217509269714,-0.5290152430534363,-0.09503741562366486
1451268740395,1,-0.12925192713737488,-0.3995090425014496,-0.12588848173618317
1451268740418,1,0.28654223680496216,-0.197306826710701,-0.19659225642681122
1451268740432,1,-0.06652180850505829,-0.2486697882413864,0.399998277425766
1451268740457,1,-0.05136405676603317,-0.18401509523391724,0.3586527109146118
1451268740474,1,0.21076281368732452,-0.16399507224559784,-0.05147416889667511
1451268740496,1,0.40665167570114136,0.030789107084274292,-0.36387014389038086
1451268740518,1,0.3197161555290222,0.5046274065971375,-0.41907238960266113
1451268740537,1,-0.13003602623939514,1.0822490453720093,0.010959201492369175
1451268740555,1,-0.1984480768442154,1.2300302982330322,-0.010499767027795315
1451268740576,1,-0.2124774008989334,1.1229971647262573,0.20529168844223022
1451268740596,1,0.09555073827505112,0.7863497138023376,0.6390437483787537
1451268740620,1,0.5821592807769775,0.7257645726203918,0.6887584924697876
1451268740633,1,0.5928006768226624,1.07887601852417,0.6743932962417603
1451268740655,1,-0.33321109414100647,1.35086989402771,-0.030528409406542778
1451268740676,1,-0.5928972959518433,1.4182140827178955,-0.2883908450603485
1451268740696,1,-0.2526285648345947,1.033219337463379,0.4393342435359955
1451268740719,1,0.2069070190191269,0.560483992099762,1.3156495094299316
1451268740733,1,0.30473801493644714,0.3107107877731323,2.0472991466522217
1451268740757,1,-0.1633213311433792,0.24059301614761353,2.630018949508667
1451268740777,1,-0.28725767135620117,0.31372925639152527,2.3399364948272705
1451268740797,1,-0.20006121695041656,0.31722500920295715,1.5200520753860474
1451268740818,1,0.0010223835706710815,0.04658931866288185,0.6590133905410767
1451268740839,1,0.3507170081138611,-0.2692478895187378,0.30239421129226685
1451268740856,1,0.5023650527000427,-0.1180921271443367,0.9484657049179077
1451268740876,1,0.35422345995903015,-0.41483211517333984,1.2402876615524292
1451268740898,1,0.10193991661071777,-0.5587224364280701,1.361019492149353
1451268740920,1,-0.13370327651500702,-0.6039280295372009,1.62660813331604
1451268740939,1,-0.054697733372449875,-0.7266438603401184,1.6095179319381714
1451268740959,1,0.12046018987894058,-0.9214453101158142,0.995903730392456
1451268740977,1,0.20874716341495514,-0.9831392168998718,-1.3943665027618408
1451268740999,1,0.015036826021969318,-0.9356021285057068,-2.379976272583008
1451268741021,1,-0.3007067143917084,-0.8836250901222229,-2.5898048877716064
1451268741039,1,-0.5762661695480347,-0.8597229719161987,-2.037458658218384
1451268741059,1,-0.6117870211601257,-0.9963573217391968,-0.8984423279762268
1451268741080,1,-0.0794486552476883,-1.057563066482544,1.1893612146377563
1451268741102,1,0.0461508184671402,-0.8492149114608765,1.3077304363250732
1451268741121,1,0.1488489806652069,-0.7138590812683105,0.44113868474960327
1451268741141,1,0.3674851059913635,-0.5862436294555664,-0.8972317576408386
1451268741159,1,0.3697182834148407,-0.29850831627845764,-1.7380460500717163
1451268741176,1,-0.16008798778057098,0.27264294028282166,-1.7531887292861938
1451268741202,1,-0.29848018288612366,0.40391311049461365,-1.699350118637085
1451268741223,1,-0.011760653927922249,0.3496887683868408,-1.4815741777420044
1451268741241,1,0.31500306725502014,0.30340924859046936,-0.9076461791992188
1451268741260,1,0.3066134452819824,0.3708283007144928,-0.2362111508846283
1451268741281,2,0.17596276104450226,0.42170652747154236,0.33123335242271423
1451268741303,2,0.07500212639570236,0.5663567185401917,0.398621141910553
1451268741326,2,0.19059684872627258,0.7396805882453918,0.20812253654003143
1451268741342,2,0.49595513939857483,0.7688172459602356,0.09799042344093323
1451268741360,2,0.7880758047103882,0.585515022277832,0.2574678659439087
1451268741381,2,0.7811368107795715,0.4398442506790161,0.3232452869415283
1451268741403,2,0.3949313461780548,0.7917486429214478,0.3739660084247589
1451268741417,2,0.1798759400844574,0.7415487170219421,0.7300345301628113
1451268741442,2,-0.0014419424114748836,0.7702054977416992,0.9293594360351563
1451268741461,2,-0.05015285685658455,0.793576717376709,0.8774848580360413
1451268741481,2,0.1811501681804657,0.6653463840484619,0.7656033039093018
1451268741503,2,0.2773587703704834,0.4727475643157959,0.4180418848991394
1451268741523,2,0.12435410916805267,0.14233137667179108,0.48237085342407227
1451268741541,2,0.03962378948926926,0.0464881956577301,0.9450100064277649
1451268741563,2,-0.11065766960382462,0.04997896030545235,1.525550127029419
1451268741583,2,-0.25971344113349915,-0.025173312053084373,1.695646047592163
1451268741603,2,-0.29831331968307495,-0.2844456136226654,2.197948455810547
1451268741623,2,-0.3139694333076477,-0.26621317863464355,2.0939574241638184
1451268741643,2,-0.2452002912759781,-0.4113822877407074,1.7700790166854858
1451268741663,2,-0.22575075924396515,-0.6302632093429565,0.9573848843574524
1451268741682,2,-0.4154030680656433,-0.447270005941391,-0.3203168213367462
1451268741705,2,-0.6820436716079712,-0.32364481687545776,-1.4536702632904053
1451268741718,2,-0.6081593036651611,-0.5171234607696533,-1.4361340999603271
1451268741743,2,-0.4464017152786255,-0.6410890221595764,-0.42536360025405884
1451268741764,2,-0.30444639921188354,-0.8033257126808167,0.6811480522155762
1451268741782,2,-0.2769227921962738,-0.8430045247077942,1.2662036418914795
1451268741805,2,-0.545403003692627,-0.40549716353416443,0.7275386452674866
1451268741823,2,-0.2918910086154938,-0.25124722719192505,-0.9111819863319397
1451268741843,2,0.1660536825656891,-0.230001762509346,-1.085849404335022
1451268741862,2,0.4224664866924286,-0.3290124833583832,-0.657489538192749
1451268741886,2,0.30961284041404724,-0.2823180854320526,-0.2128010392189026
1451268741905,2,-0.21655797958374023,0.07312865555286407,-0.21918928623199463
1451268741923,2,-0.49640893936157227,0.28937721252441406,-0.776083767414093
1451268741943,2,-0.06146145612001419,0.2370411604642868,-0.7475006580352783
1451268741963,2,0.26003509759902954,0.14677461981773376,-0.43813422322273254
1451268741986,2,0.29788097739219666,0.26183950901031494,-0.13018471002578735
1451268742005,2,0.2875479459762573,0.4183811843395233,0.11455635726451874
1451268742024,2,0.08596023172140121,0.5037664175033569,0.5347720980644226
1451268742044,2,8.889904022216797,-0.1979648470878601,1.9776889085769653
1451268742065,2,5.197046279907227,0.10315028578042984,-0.11212299019098282
1451268742087,2,5.7640604972839355,0.7566478252410889,-0.21638241410255432
1451268742106,2,1.5050654411315918,-0.13042408227920532,-0.3731587827205658
1451268742125,2,-1.4808799028396606,-0.29993951320648193,0.5252256393432617
1451268742144,2,-1.0765835046768188,1.5510308742523193,1.3297393321990967
1451268742161,2,1.1303573846817017,1.2900439500808716,0.9960749745368958
1451268742188,2,2.0471742153167725,0.7095622420310974,1.309341311454773
1451268742208,2,1.4771097898483276,0.43099868297576904,1.5825474262237549
1451268742229,2,0.7846297025680542,0.7963324785232544,1.141839623451233
1451268742246,2,0.10456907004117966,0.5143600106239319,0.15536007285118103
1451268742261,2,0.13437749445438385,0.21560879051685333,0.5058300495147705
1451268742287,2,0.37387555837631226,0.016208207234740257,0.9324673414230347
1451268742306,2,0.5791148543357849,-0.07853490114212036,1.2044085264205933
1451268742325,2,0.520031213760376,-0.20019377768039703,1.5392168760299683
1451268742346,2,0.5747231245040894,-0.31083470582962036,2.1475841999053955
1451268742367,2,1.5882935523986816,-0.9180216193199158,1.462397813796997
1451268742387,2,1.712914228439331,-1.2020149230957031,0.2777390778064728
1451268742408,2,1.6313798427581787,-1.2735215425491333,-1.1708961725234985
1451268742426,2,1.392172932624817,-1.0290617942810059,-2.225818395614624
1451268742446,2,0.7765331268310547,-0.6845711469650269,-2.303180456161499
1451268742469,2,-0.03823774307966232,-0.24657121300697327,-0.7469471096992493
1451268742489,2,0.271893709897995,-0.4416474997997284,0.002780570648610592
1451268742508,2,0.7548471689224243,-0.7312436103820801,0.7133347392082214
1451268742526,2,0.8182045221328735,-1.1141036748886108,1.016491174697876
1451268742549,2,0.7719054222106934,-1.031556487083435,0.8900871276855469
1451268742571,2,1.0201268196105957,-0.027484511956572533,-0.9101958870887756
1451268742590,2,1.0499250888824463,0.18650661408901215,-1.4106261730194092
1451268742602,2,0.9196248650550842,0.1599295735359192,-1.260742425918579
1451268742627,2,1.0308820009231567,-0.062296297401189804,-0.6685323119163513
1451268742647,2,1.691941499710083,-0.8835062980651855,1.7984657287597656
1451268742669,2,0.7743263840675354,-0.6387551426887512,1.3258295059204102
1451268742684,2,0.004987140651792288,1.164884090423584,0.2658896744251251
1451268742709,2,0.08082360029220581,1.5387868881225586,-0.7445540428161621
1451268742728,2,0.615441620349884,1.1690025329589844,-1.1273983716964722
1451268742751,2,0.8397693634033203,0.5840724110603333,-1.0394506454467773
1451268742772,2,0.45835134387016296,-0.4437519311904907,0.19127777218818665
1451268742790,2,-1.054753303527832,0.6718465685844421,-0.5451040863990784
1451268742809,2,-0.8753047585487366,0.7227849960327148,-0.12325754761695862
1451268742827,2,-0.18016813695430756,0.6402756571769714,0.1291629672050476
1451268742848,2,0.43450960516929626,0.455646812915802,0.3466816842556
1451268742871,2,0.726002037525177,0.33668431639671326,0.8271697759628296
1451268742889,2,-0.30788496136665344,0.5061094760894775,0.19742752611637115
1451268742908,2,-0.6452488303184509,0.4639958143234253,-0.05056698992848396
1451268742927,2,-0.8132257461547852,0.5424497723579407,-1.0093629360198975
1451268742952,2,-0.6180973052978516,0.40005701780319214,-1.3416045904159546
1451268742971,2,-0.38523077964782715,0.593129575252533,0.20693887770175934
1451268742991,2,-0.5926005840301514,0.05449380725622177,1.529604434967041
1451268743009,2,-0.11442578583955765,-1.2972460985183716,4.5347514152526855
1451268743027,2,0.5504962801933289,-1.7333953380584717,3.329786777496338
1451268743054,2,0.7066218256950378,-1.56382155418396,1.2858622074127197
1451268743073,2,0.47575855255126953,-0.9453135132789612,-0.5142109394073486
1451268743091,2,0.13970811665058136,-0.20766031742095947,-1.265640139579773
1451268743110,2,-0.5550293326377869,0.03924655541777611,0.3112736940383911
1451268743131,2,-0.599529504776001,-0.3775799572467804,1.3728724718093872
1451268743153,2,-0.3506590723991394,-0.5876197218894958,1.79262113571167
1451268743174,2,-0.1495758593082428,-0.5016039609909058,1.5601667165756226
1451268743192,2,-0.19263605773448944,-0.5143781304359436,0.5103092193603516
1451268743211,2,0.10545878112316132,0.5190455317497253,-1.3190099000930786
1451268743231,2,-0.24872973561286926,0.5882612466812134,-1.8008850812911987
1451268743253,2,-0.03393036499619484,0.4959723949432373,-1.5193454027175903
1451268743273,2,-0.0640784353017807,0.27373072504997253,-0.7996920347213745
1451268743294,1,-0.44297486543655396,0.15158113837242126,-0.13376842439174652
1451268743312,1,-0.5153339505195618,0.3180290162563324,0.09783785790205002
1451268743336,1,-0.3599187433719635,0.5230404138565063,-0.23647476732730865
1451268743357,1,-0.14634542167186737,0.5918363332748413,-0.5896709561347961
1451268743373,1,0.07365334033966064,0.6580311059951782,-0.6253677010536194
1451268743392,1,0.12568704783916473,0.6525266170501709,-0.49333006143569946
1451268743413,1,0.03119620867073536,0.6569502949714661,-0.10311375558376312
1451268743432,1,0.06795258820056915,0.6372647881507874,0.49335286021232605
1451268743453,1,-0.5856387615203857,0.5448015928268433,0.30842649936676025
1451268743472,1,-0.6311272978782654,0.7743868827819824,0.2033575028181076
1451268743492,1,-0.2485664039850235,1.0385682582855225,1.0340461730957031
1451268743512,1,-0.7973886728286743,0.7133642435073853,1.628664493560791
1451268743533,1,0.19621676206588745,0.31872808933258057,1.6136562824249268
1451268743556,1,0.4375438988208771,0.23733751475811005,0.9380278587341309
1451268743568,1,0.42842066287994385,0.1372758448123932,-0.18373452126979828
1451268743592,1,0.5283140540122986,0.03868161514401436,-0.8624088764190674
1451268743613,1,0.5005109906196594,-0.02716974727809429,-0.43379297852516174
1451268743635,1,0.0295620858669281,0.03710661828517914,0.20135493576526642
1451268743655,1,0.3686685562133789,-0.578342616558075,1.5931886434555054
1451268743673,1,0.46895337104797363,-1.4329860210418701,1.9329659938812256
1451268743689,1,1.009874939918518,-1.6301134824752808,1.7136253118515015
1451268743715,1,0.6901114583015442,-1.448106288909912,1.2068991661071777
1451268743736,1,0.2852382957935333,-0.9378905296325684,-0.2500058710575104
1451268743749,1,-0.13252952694892883,-0.18620091676712036,-1.6825124025344849
1451268743774,1,-0.17513751983642578,-0.4879729151725769,-0.5437947511672974
1451268743794,1,-0.027149800211191177,-0.782091498374939,0.8382388949394226
1451268743814,1,0.2801762819290161,-0.7840718030929565,1.294469952583313
1451268743836,1,0.07787643373012543,-0.7543407082557678,0.7883172035217285
1451268743857,1,0.6397085189819336,-0.3112657964229584,-0.8779863715171814
1451268743875,1,0.5466142892837524,-0.3186699450016022,-1.3532453775405884
1451268743895,1,0.6689929366111755,-0.26337388157844543,-1.6175497770309448
1451268743914,1,0.4606033265590668,-0.25288286805152893,-1.6167495250701904
1451268743937,1,0.3181192874908447,-0.08309125155210495,-1.0467272996902466
1451268743957,1,0.2625564932823181,-0.08493191003799438,-0.8104074597358704
1451268743975,1,-0.5782828330993652,0.2619219124317169,1.4172680377960205
1451268743996,1,-0.034696344286203384,-1.142696499824524,0.8838345408439636
1451268744015,1,1.563665509223938,-0.7764520049095154,-1.8878285884857178
1451268744037,1,8.961625099182129,-0.9801480770111084,-1.5812989473342896
1451268744051,1,-0.5024203658103943,-0.9065582752227783,8.431390762329102
1451268744076,1,-6.357885837554932,2.355391502380371,-4.259850025177002
1451268744095,1,-5.516855716705322,1.7490274906158447,-2.9557950496673584
1451268744119,1,-0.2313316911458969,1.0157569646835327,-1.8876982927322388
1451268744140,1,2.109722375869751,-1.087456464767456,-2.1589808464050293
1451268744158,1,5.516476631164551,-0.09883154928684235,-1.0546966791152954
1451268744177,1,-0.8941306471824646,0.3619885742664337,2.990581750869751
1451268744197,1,-3.9870927333831787,1.843399167060852,4.199886798858643
1451268744216,1,-4.05312442779541,2.3979034423828125,3.6161160469055176
1451268744238,1,-1.8394901752471924,1.811881422996521,2.0621120929718018
1451268744256,1,-0.1171908900141716,1.0402151346206665,1.1146599054336548
1451268744272,1,0.43377405405044556,0.06234686076641083,0.7607149481773376
1451268744298,1,0.5352574586868286,-0.6331431865692139,0.3370768427848816
1451268744320,1,0.2879810333251953,-0.5518414378166199,0.4381687343120575
1451268744333,1,0.021209698170423508,-0.2091461718082428,0.7279115319252014
1451268744357,1,-0.42972657084465027,0.043479662388563156,1.2652654647827148
1451268744377,1,-0.5963883399963379,-0.02210705727338791,1.4473680257797241
1451268744397,1,0.08646536618471146,-0.8805052042007446,1.092855453491211
1451268744420,1,0.34507596492767334,-1.108197569847107,0.504409670829773
1451268744433,1,0.10657627880573273,-0.9631766676902771,-0.15281331539154053
1451268744457,1,-0.5853998064994812,-0.6850904822349548,-0.821276068687439
1451268744478,1,-1.1575405597686768,-0.4783722758293152,-1.5098533630371094
1451268744498,1,-1.3499675989151,-0.1761130839586258,-1.5882892608642578
1451268744521,1,-1.1217429637908936,-0.4134054481983185,-1.3021920919418335
1451268744541,1,-0.45570188760757446,-0.33467036485671997,-0.7864280343055725
1451268744558,1,-0.21897336840629578,-0.22060075402259827,-0.08208382874727249
1451268744578,1,-0.3226829767227173,-0.30211278796195984,0.18720950186252594
1451268744599,1,0.251201331615448,0.05712006613612175,-0.12195698916912079
1451268744621,1,0.2922607958316803,0.40707114338874817,-0.0485825389623642
1451268744641,1,0.4573975205421448,0.709151029586792,-0.06907295435667038
1451268744660,1,0.3830302357673645,0.7998778820037842,-0.13536415994167328
1451268744679,1,0.03595405071973801,0.6245241165161133,-0.07646715641021729
1451268744699,1,-0.09247202426195145,0.6754692792892456,-0.06682955473661423
1451268744720,1,0.09922274202108383,1.0655319690704346,-0.23440322279930115
1451268744735,1,-0.01254994049668312,1.2423646450042725,-0.07013911753892899
1451268744756,1,-0.22581747174263,1.3376569747924805,0.3262041509151459
1451268744779,1,-0.3252463936805725,1.1835341453552246,1.00034499168396
1451268744803,1,0.09717943519353867,1.069631576538086,1.3130956888198853
1451268744822,1,-0.604649007320404,0.902938723564148,1.2517279386520386
1451268744841,1,-0.775428295135498,0.6620562672615051,0.863517701625824
1451268744861,1,-0.6843350529670715,0.7765066623687744,0.41647887229919434
1451268744881,1,-0.6169626712799072,0.817226231098175,0.08355799317359924
1451268744904,1,-0.8359119892120361,1.0133461952209473,0.26349252462387085
1451268744921,1,-1.1795119047164917,0.6638995409011841,1.4053186178207397
1451268744942,1,-0.9837403297424316,1.008764624595642,2.0034377574920654
1451268744962,1,-0.7560930848121643,-0.3712346851825714,1.082074522972107
1451268744982,1,0.5549668073654175,-0.8084211349487305,-0.7131377458572388
1451268745003,1,0.7667075991630554,-0.3272353708744049,-0.4368862807750702
1451268745023,1,0.6829342842102051,-0.17281974852085114,0.20180034637451172
1451268745037,1,-0.019120734184980392,-1.035739779472351,1.818925142288208
1451268745062,1,-0.08709573745727539,-1.1003658771514893,2.1750264167785645
1451268745081,1,-0.09194061905145645,-0.9153066277503967,1.695629596710205
1451268745103,1,-0.178598552942276,-0.8882885575294495,0.8578922748565674
1451268745124,1,-0.19400735199451447,-0.8767908811569214,-0.6711737513542175
1451268745142,1,-0.12038334459066391,-0.09301891177892685,-2.87599515914917
1451268745158,1,-0.07730444520711899,0.021303631365299225,-2.259852170944214
1451268745182,1,0.09320124983787537,0.027764059603214264,-0.5946493148803711
1451268745203,1,0.39145374298095703,-0.37156304717063904,0.717068076133728
1451268745224,1,0.2099096179008484,-0.7977664470672607,0.9825479984283447
1451268745242,1,0.2195253074169159,-0.7421973943710327,0.04688859358429909
1451268745262,1,0.415497750043869,-0.5195717215538025,0.039663903415203094
1451268745284,1,0.6523096561431885,-0.4024316370487213,-0.20095570385456085
1451268745304,1,0.6595428586006165,-0.40379270911216736,-0.4092635214328766
1451268745327,2,0.519026517868042,-0.3225548267364502,-0.7091314196586609
1451268745344,2,0.2425757646560669,0.19693449139595032,-1.293025016784668
1451268745360,2,-0.0035898047499358654,0.850863516330719,-1.2121715545654297
1451268745387,2,0.364284873008728,0.5965287089347839,-0.46254387497901917
1451268745405,2,0.6853973865509033,0.11667495220899582,0.07578150928020477
1451268745425,2,0.7092267274856567,-0.08677417784929276,0.2435346245765686
1451268745445,2,0.41006946563720703,0.16072160005569458,0.16299393773078918
1451268745465,2,-0.23737061023712158,0.6719850897789001,-0.8218915462493896
1451268745486,2,-0.03170347958803177,0.6057999730110168,-1.0703870058059692
1451268745506,2,0.07011756300926208,0.436575323343277,-0.5770663022994995
1451268745524,2,0.11570605635643005,0.28430530428886414,0.06961538642644882
1451268745543,2,0.029627004638314247,0.6140247583389282,0.467877060174942
1451268745565,2,-0.6964756846427917,0.7208338379859924,1.0839005708694458
1451268745588,2,-0.7265234589576721,0.7912591099739075,0.8375251889228821
1451268745607,2,-0.44904953241348267,0.7883207201957703,0.45239365100860596
1451268745625,2,-0.23848354816436768,0.5966016054153442,0.17945757508277893
1451268745645,2,-0.1644769310951233,0.35074383020401,0.1845657080411911
1451268745660,2,-0.29574528336524963,-0.18387174606323242,1.1462866067886353
1451268745688,2,-0.6325326561927795,-0.34252268075942993,3.557925224304199
1451268745707,2,-0.52470862865448,-0.1634865403175354,4.230950355529785
1451268745725,2,-0.14910255372524261,-0.5488314032554626,3.6416666507720947
1451268745744,2,0.1454649269580841,-0.9203842282295227,1.9020681381225586
1451268745765,2,0.2201748937368393,-1.054621696472168,0.1883966624736786
1451268745788,2,-0.3451062738895416,-0.4289465844631195,-1.042131781578064
1451268745806,2,-0.9848495721817017,-0.03976619243621826,-0.9275071024894714
1451268745826,2,-1.2864794731140137,0.06485270708799362,-0.6080904006958008
1451268745845,2,-0.939987063407898,-0.07605696469545364,-0.33792147040367126
1451268745868,2,-0.5166510343551636,-0.38252589106559753,-0.12399463355541229
1451268745889,2,-0.138349249958992,-0.2606051564216614,-1.0798264741897583
1451268745908,2,-0.04831782355904579,-0.2250787764787674,-1.3469985723495483
1451268745927,2,-0.08293971419334412,-0.19386091828346252,-1.3320167064666748
1451268745948,2,-0.20323322713375092,-0.1313088983297348,-1.1708611249923706
1451268745971,2,-0.03788761422038078,-0.006227788515388966,-0.8679466247558594
1451268745988,2,0.15957191586494446,-0.03559036925435066,-0.29550445079803467
1451268746008,2,-0.08003325015306473,-0.0449298620223999,0.09161971509456635
1451268746026,2,-0.48785263299942017,0.21843846142292023,-0.1431780606508255
1451268746048,2,-0.6381945013999939,0.5481806993484497,-0.2871294319629669
1451268746071,2,-0.511906623840332,0.6747802495956421,-0.22295010089874268
1451268746090,2,-0.19854748249053955,0.5115653872489929,-0.007993921637535095
1451268746108,2,0.28618142008781433,0.17347031831741333,0.09034311771392822
1451268746129,2,0.15186113119125366,0.2573758065700531,0.3099164366722107
1451268746148,2,-23.33275032043457,6.821224212646484,-5.9767680168151855
1451268746171,2,8.724410057067871,-1.3639980554580688,0.6359761953353882
1451268746190,2,5.795028209686279,-2.1339900493621826,2.17008376121521
1451268746203,2,0.8788794279098511,0.6778703331947327,1.8342764377593994
1451268746228,2,-1.9626903533935547,-0.6957565546035767,1.8005285263061523
1451268746247,2,-3.8495688438415527,0.2925856411457062,1.7806203365325928
1451268746271,2,-3.324406385421753,1.2729206085205078,0.9535837769508362
1451268746289,2,-1.4422649145126343,1.5230311155319214,-0.2454226315021515
1451268746304,2,-0.09939765930175781,1.301375150680542,-0.5436801910400391
1451268746328,2,-0.6059238314628601,0.16944704949855804,1.437247633934021
1451268746350,2,-0.9810469150543213,0.08813450485467911,2.196491241455078
1451268746371,2,-1.090755820274353,0.22386106848716736,2.7394587993621826
1451268746389,2,-0.9649724364280701,-0.032275836914777756,2.0733797550201416
1451268746410,2,-0.754431426525116,-0.8295487761497498,0.4258785545825958
1451268746426,2,1.0523301362991333,-0.9620832800865173,-1.7822937965393066
1451268746452,2,0.9036889672279358,-0.7460687160491943,-1.9865193367004395
1451268746466,2,0.24559496343135834,-0.42257601022720337,-1.6717180013656616
1451268746491,2,-0.5054888129234314,-0.06136135384440422,-0.9875217080116272
1451268746510,2,-0.6767828464508057,-0.11143705248832703,-0.07620470225811005
1451268746531,2,-0.18826128542423248,-0.76634281873703,1.3850486278533936
1451268746553,2,0.3064730167388916,-0.9274031519889832,1.169499158859253
1451268746572,2,0.5370286107063293,-0.6221462488174438,0.20224282145500183
1451268746591,2,0.5138250589370728,-0.24502471089363098,-1.2673113346099854
1451268746610,2,0.510349452495575,0.025570787489414215,-1.931909203529358
1451268746631,2,0.28519681096076965,0.17972061038017273,-2.3150510787963867
1451268746653,2,0.350435346364975,0.3418284058570862,-1.2777169942855835
1451268746672,2,0.12568563222885132,0.017573943361639977,-0.36524084210395813
1451268746687,2,0.04016341269016266,-0.15644130110740662,0.10729367285966873
1451268746711,2,0.02649926394224167,0.14582359790802002,0.24219372868537903
1451268746732,2,-0.25019019842147827,0.3712095320224762,0.18313421308994293
1451268746752,2,-0.05462057515978813,1.0078734159469604,0.8788894414901733
1451268746774,2,-0.36788660287857056,0.7699130773544312,0.9694611430168152
1451268746791,2,-0.25572672486305237,0.47170302271842957,0.9235001802444458
1451268746810,2,-0.09299115091562271,0.2904115319252014,1.374312162399292
1451268746830,2,-0.041616059839725494,0.08432576060295105,0.9680050611495972
1451268746851,2,-0.9574397802352905,0.7329708933830261,-0.025002339854836464
1451268746872,2,-0.48798173666000366,1.1653332710266113,0.7567302584648132
1451268746888,2,-0.6358965039253235,0.8867603540420532,0.7453577518463135
1451268746911,2,-0.3096310496330261,-3.097965964116156E-4,0.5809510350227356
1451268746932,2,-0.09465685486793518,-0.43441739678382874,0.2645411789417267
1451268746953,2,-0.1986490786075592,-0.29508155584335327,0.03299567848443985
1451268746973,2,-1.0050729513168335,0.5881903767585754,1.0994797945022583
1451268746992,2,-0.6825665235519409,0.1694023311138153,2.511852502822876
1451268747013,2,-0.6854058504104614,-0.26492828130722046,2.897418260574341
1451268747033,2,-0.2458103895187378,-1.1525115966796875,2.7847845554351807
1451268747054,2,-0.005556611344218254,-1.662645697593689,1.6850848197937012
1451268747073,2,0.4606110751628876,-1.3667305707931519,-1.122729778289795
1451268747093,2,-0.06561093777418137,-0.6306911110877991,-2.2639386653900146
1451268747113,2,-0.39976298809051514,-0.31253188848495483,-2.174161434173584
1451268747133,2,-0.8249754309654236,-0.1950666457414627,-1.4982506036758423
1451268747155,2,-0.8499747514724731,-0.4686911404132843,-0.7235504388809204
1451268747174,2,-0.37686917185783386,-0.5726802349090576,0.16410043835639954
1451268747194,2,-0.024575090035796165,-0.44856706261634827,-0.10867957025766373
1451268747209,2,0.17473730444908142,-0.30607569217681885,-0.33823710680007935
1451268747236,2,0.19692251086235046,-0.4432978928089142,0.1849193423986435
1451268747257,2,-0.17252002656459808,-0.01589212752878666,-0.1814180612564087
1451268747276,2,-0.23103557527065277,0.2663235068321228,0.0794365257024765
1451268747293,2,-0.3294258415699005,0.527408242225647,0.011274842545390129
1451268747313,2,-0.26649442315101624,0.648055911064148,-0.1336626261472702
1451268747335,2,-0.13698391616344452,0.7408527135848999,-0.2121007889509201
1451268747358,1,-0.12974606454372406,0.8137363195419312,-0.19055062532424927
1451268747375,1,-0.3083032965660095,0.8683445453643799,0.07008066773414612
1451268747395,1,-0.1478896290063858,0.9701836109161377,0.13050152361392975
1451268747419,1,-0.06116615980863571,1.0111836194992065,0.35345396399497986
1451268747438,1,0.04219195991754532,0.9454894661903381,0.49539050459861755
1451268747457,1,-0.2677013576030731,0.9021360278129578,0.48752808570861816
1451268747471,1,-0.4126574695110321,0.9780688285827637,0.2667115032672882
1451268747495,1,-0.2298663854598999,1.151003360748291,0.2109130322933197
1451268747515,1,-0.5237998962402344,0.9872618913650513,0.6900362968444824
1451268747537,1,-0.7061071395874023,0.6435142159461975,1.642889380455017
1451268747557,1,-0.6321699619293213,0.2749769389629364,2.7166800498962402
1451268747576,1,-0.7439489364624023,0.12455284595489502,2.3311095237731934
1451268747592,1,-0.42834970355033875,0.5439215898513794,-0.04434533789753914
1451268747619,1,-0.2568930983543396,0.5684130787849426,-0.06697043031454086
1451268747638,1,-0.039022427052259445,0.2020665854215622,0.2870873510837555
1451268747657,1,-0.20058991014957428,-0.2942188084125519,0.6250479817390442
1451268747673,1,-0.07204867899417877,-0.6456405520439148,0.786302924156189
1451268747697,1,-0.014743871055543423,-0.6222957372665405,1.5887579917907715
1451268747720,1,0.23884136974811554,-0.8796071410179138,1.9244004487991333
1451268747739,1,0.0863291323184967,-1.1467533111572266,0.7433862090110779
1451268747758,1,-0.09742694348096848,-1.1033754348754883,-0.8447586297988892
1451268747775,1,-0.3371458351612091,-0.8222435712814331,-2.092904567718506
1451268747797,1,-0.3566225469112396,-0.49288755655288696,-2.577615261077881
1451268747820,1,-0.34544068574905396,-0.45642098784446716,-1.4339579343795776
1451268747840,1,-0.2578836977481842,-0.8447608351707458,-0.5077770948410034
1451268747858,1,-0.0965886116027832,-0.7757681012153625,1.1831868886947632
1451268747879,1,-0.6503149271011353,-1.4367114305496216,1.6802140474319458
1451268747898,1,0.2223159819841385,-1.219441533088684,-0.2612462043762207
1451268747919,1,-0.7554267644882202,-2.6607868671417236,4.575103759765625
1451268747940,1,-0.7633748054504395,2.062702178955078,1.4258710145950317
1451268747958,1,-3.432828664779663,2.3299875259399414,-5.808436393737793
1451268747977,1,-4.247538089752197,2.2948720455169678,-3.2499825954437256
1451268747998,1,-1.3418943881988525,0.3539622128009796,-0.768080472946167
1451268748020,1,2.1761724948883057,-0.9016888737678528,-0.8233826756477356
1451268748040,1,2.1625592708587646,-0.3284481167793274,0.9287702441215515
1451268748059,1,0.1891733855009079,0.6748808026313782,1.8249621391296387
1451268748079,1,-1.3654720783233643,1.3108484745025635,1.7902835607528687
1451268748098,1,-1.828719139099121,1.157939076423645,0.9369009137153625
1451268748120,1,-1.0414097309112549,0.7489239573478699,0.03378010541200638
1451268748138,1,0.8630871176719666,0.09931524097919464,-0.5847375988960266
1451268748157,1,1.0536301136016846,0.24140052497386932,-0.3784598112106323
1451268748180,1,0.8855052590370178,0.5503317713737488,-0.10064589977264404
1451268748202,1,0.17853599786758423,0.6968269944190979,0.050579849630594254
1451268748221,1,-0.4279068410396576,0.4962228536605835,0.15849953889846802
1451268748238,1,-0.6234323382377625,0.6136062741279602,0.8424398303031921
1451268748259,1,-0.7108256220817566,0.41150838136672974,0.7997101545333862
1451268748281,1,-0.05001256987452507,0.238091841340065,0.6130208373069763
1451268748302,1,0.14944756031036377,0.2506546676158905,0.694632351398468
1451268748321,1,-0.1688217669725418,0.1304907202720642,0.4236065149307251
1451268748340,1,-0.33402153849601746,0.30254238843917847,0.3300842046737671
1451268748361,1,-0.9217326045036316,-0.0059597850777208805,0.6250146627426147
1451268748380,1,-0.33410438895225525,-0.2867906987667084,1.0887380838394165
1451268748401,1,0.013921411707997322,-0.4162451922893524,2.0839486122131348
1451268748423,1,0.37455031275749207,-0.5220277309417725,2.9755146503448486
1451268748436,1,0.5274232029914856,-0.7108755111694336,3.1722335815429688
1451268748461,1,0.26284825801849365,-0.9525614380836487,0.30709728598594666
1451268748484,1,0.4025682210922241,-0.6447511911392212,-1.3524199724197388
1451268748501,1,0.4911227822303772,-0.4697141945362091,-2.15617036819458
1451268748523,1,0.21178893744945526,-0.48035746812820435,-2.2145512104034424
1451268748541,1,-0.21665924787521362,-0.5857664942741394,-1.8385604619979858
1451268748560,1,-0.5964617133140564,-0.26608461141586304,-0.5994189977645874
1451268748582,1,-0.2848812937736511,-0.19302228093147278,0.37338265776634216
1451268748603,1,0.1618107110261917,-0.37187913060188293,1.4032909870147705
1451268748623,1,0.7020688056945801,-0.5833010077476501,1.7038216590881348
1451268748642,1,1.0376944541931152,-0.6799800395965576,1.2985814809799194
1451268748662,1,0.8322754502296448,-0.3836592733860016,0.8028402328491211
1451268748685,1,0.32989194989204407,0.4747007489204407,-0.37657180428504944
1451268748704,1,-0.05884038656949997,0.6322668194770813,-0.7728378772735596
1451268748718,1,-0.08310944586992264,0.6527692079544067,-0.9823492765426636
1451268748741,1,0.12081651389598846,0.6246446371078491,-0.8736392855644226
1451268748763,1,0.24321751296520233,0.638913094997406,-0.6165624856948853
1451268748784,1,0.03383767977356911,0.8946434855461121,-0.13808803260326385
1451268748806,1,-0.1642608791589737,0.9341504573822021,-0.19089607894420624
1451268748824,1,-0.18604682385921478,0.9227093458175659,-0.11329144984483719
1451268748843,1,-0.15989932417869568,0.8186831474304199,0.07810673862695694
1451268748862,1,0.06591193377971649,0.7541533708572388,0.39722004532814026
1451268748885,1,-0.16122625768184662,0.4473389983177185,1.0166993141174316
1451268748905,1,-0.5781906247138977,0.39873600006103516,1.0841022729873657
1451268748923,1,-0.777256965637207,0.45595425367355347,1.3527718782424927
1451268748942,1,-0.6458150744438171,0.4493681490421295,1.7289327383041382
1451268748960,1,-0.2692732512950897,0.1681055724620819,1.894858717918396
1451268748986,1,-0.04813165217638016,-0.2925198972225189,1.4085615873336792
1451268749004,1,0.4808672070503235,-0.2833227217197418,1.3989421129226685
1451268749025,1,0.24768418073654175,-0.5388833284378052,1.9145857095718384
1451268749042,1,0.057719893753528595,-0.6995920538902283,1.5086504220962524
1451268749061,1,0.19294396042823792,-0.3557029068470001,0.3782680928707123
1451268749086,1,0.4281025826931,-0.2275046855211258,0.3605278432369232
1451268749104,1,0.32891368865966797,-1.4163542985916138,0.37708500027656555
1451268749123,1,0.4083022177219391,-1.7923184633255005,0.0030067807529121637
1451268749141,1,0.1839706301689148,-1.6396981477737427,-0.6266910433769226
1451268749164,1,-0.23629969358444214,-1.0538322925567627,-1.3159621953964233
1451268749187,1,-0.39127910137176514,-0.8552300930023193,-1.3245651721954346
1451268749202,1,-0.14201098680496216,-0.1992623507976532,-0.6744751334190369
1451268749225,1,0.02678600884974003,-0.13911737501621246,-0.11893793195486069
1451268749246,1,0.1359282284975052,-0.20745179057121277,0.59002286195755
1451268749270,1,0.42433100938796997,-0.7925909161567688,0.484793096780777
1451268749289,1,0.5925754904747009,-0.9396987557411194,-0.03562953323125839
1451268749307,1,0.43112310767173767,-0.8205816745758057,-0.7485878467559814
1451268749325,1,-0.22864538431167603,-0.08220803737640381,-1.7256442308425903
1451268749346,1,-0.5621860027313232,0.10786416381597519,-1.4133751392364502
1451268749369,1,-0.3695047199726105,0.3030626177787781,-0.683842122554779
1451268749389,2,0.06612666696310043,0.2590489983558655,-0.17294658720493317
1451268749412,2,0.4046439826488495,0.18075989186763763,0.13912205398082733
1451268749429,2,0.24173472821712494,0.2619616687297821,0.028888240456581116
1451268749453,2,-0.10895225405693054,0.641539990901947,-0.3535696864128113
1451268749469,2,-0.3389918804168701,0.9636118412017822,-0.28878363966941833
1451268749481,2,-0.3673805594444275,1.154737949371338,-0.1082020178437233
1451268749507,2,0.055809639394283295,0.8037588000297546,0.2370569407939911
1451268749525,2,0.48738840222358704,0.8083329796791077,0.4068108797073364
1451268749547,2,0.33410540223121643,1.0444997549057007,0.5158662796020508
1451268749570,2,-0.3824312090873718,1.270681619644165,0.2990022301673889
1451268749589,2,-0.8653062582015991,1.3181003332138062,0.0626186653971672
1451268749602,2,-0.5454224944114685,1.0565738677978516,0.4283861517906189
1451268749626,2,-0.16334201395511627,0.5848448276519775,1.445918321609497
1451268749649,2,0.17888116836547852,0.3596192002296448,0.9535019397735596
1451268749670,2,0.05359218269586563,0.1559077799320221,0.3760691285133362
1451268749688,2,-0.1912812888622284,0.06597878783941269,1.0125725269317627
1451268749706,2,-0.30769363045692444,-0.03288198634982109,2.223851442337036
1451268749727,2,-0.1039440706372261,-0.30351123213768005,3.3437318801879883
1451268749748,2,0.7082508206367493,-0.9163413643836975,3.5871102809906006
1451268749769,2,0.8293479681015015,-1.1051175594329834,2.0294430255889893
1451268749790,2,0.8150266408920288,-1.0920931100845337,0.2000754177570343
1451268749808,2,0.522581934928894,-0.8992686867713928,-1.0404402017593384
1451268749827,2,0.34604206681251526,-0.8095881342887878,-1.5965911149978638
1451268749845,2,0.09191738069057465,-0.7951253056526184,-0.26485973596572876
1451268749871,2,-0.004531944636255503,-0.8939940929412842,0.391044557094574
1451268749885,2,-0.09202157706022263,-0.9150446057319641,0.4097200334072113
1451268749911,2,-0.22941184043884277,-0.7418218851089478,-0.163460373878479
1451268749931,2,-0.0585765466094017,-0.6215569376945496,-0.7946048974990845
1451268749951,2,0.2246440351009369,-0.5872331857681274,-1.1828742027282715
1451268749971,2,0.37784773111343384,-0.7153441905975342,-0.46628889441490173
1451268749991,2,0.4868578016757965,-0.629594087600708,-0.29131871461868286
1451268750010,2,0.44340646266937256,-0.4344896078109741,-0.32680562138557434
1451268750030,2,0.27514922618865967,-0.252102255821228,-0.5203840732574463
1451268750050,2,0.16801424324512482,-0.19216537475585938,-0.8692074418067932
1451268750073,2,-0.07865823805332184,0.0625537782907486,-1.2183126211166382
1451268750091,2,-0.3541647493839264,0.3215641975402832,-0.7792816758155823
1451268750110,2,-0.6547347903251648,0.5220122337341309,-0.09639234095811844
1451268750130,2,2.1270699501037598,10.216177940368652,-15.653351783752441
1451268750152,2,5.827897071838379,-3.109952211380005,7.074134826660156
1451268750173,2,2.403162956237793,1.763649821281433,-1.16774320602417
1451268750186,2,0.2755230963230133,-0.3106502890586853,-0.7763286828994751
1451268750211,2,-1.7049156427383423,-0.7483281493186951,0.666817307472229
1451268750235,2,-2.6287829875946045,0.32185062766075134,2.524603843688965
1451268750253,2,-1.8652958869934082,1.4640151262283325,2.8445348739624023
1451268750273,2,-0.20740415155887604,1.5957026481628418,1.9042654037475586
1451268750286,2,0.5409467220306396,0.6520987749099731,0.9486019015312195
1451268750311,2,-0.21817615628242493,0.6439753770828247,1.1782500743865967
1451268750333,2,-0.5520731210708618,0.8487874865531921,1.0224766731262207
1451268750353,2,-0.4285537600517273,0.7350044250488281,0.539085865020752
1451268750375,2,-0.3850991725921631,0.45763182640075684,0.6840004920959473
1451268750391,2,-0.28855961561203003,0.2719879746437073,1.1611346006393433
1451268750413,2,-0.24619631469249725,0.040067221969366074,0.9742968678474426
1451268750433,2,-0.32551315426826477,-0.09562953561544418,1.2548288106918335
1451268750454,2,-0.2243979573249817,-0.22044630348682404,2.122063398361206
1451268750474,2,0.11285620182752609,-0.7891415357589722,2.2619221210479736
1451268750492,2,1.0647722482681274,-1.8627549409866333,0.13542203605175018
1451268750513,2,1.3744611740112305,-1.7842618227005005,-1.283236026763916
1451268750533,2,1.261879324913025,-1.119504690170288,-2.492032051086426
1451268750555,2,-0.3227444291114807,-0.9990413188934326,-2.9352502822875977
1451268750574,2,0.035130057483911514,-0.40938305854797363,-2.232773780822754
1451268750592,2,0.4174784719944,-0.9413305521011353,0.396626740694046
1451268750613,2,0.3801153302192688,-1.2580235004425049,2.2312819957733154
1451268750633,2,0.6562193632125854,-1.1088005304336548,2.704645872116089
1451268750655,2,1.2766318321228027,-0.8336650133132935,1.7874059677124023
1451268750675,2,1.107789397239685,-0.7033610343933105,-0.34635961055755615
1451268750693,2,0.9586495161056519,-0.39444518089294434,-1.8491718769073486
1451268750713,2,0.44715234637260437,0.6133291721343994,-2.6159183979034424
1451268750735,2,0.10586347430944443,0.9584738612174988,-2.126457452774048
1451268750757,2,0.13255412876605988,0.7566437125205994,-1.3331512212753296
1451268750774,2,0.4422207772731781,0.23359043896198273,-0.11562544852495193
1451268750790,2,0.5532154440879822,-0.1938328742980957,0.6012696027755737
1451268750813,2,0.3573180139064789,-0.004278992768377066,1.055251955986023
1451268750836,2,0.2185906171798706,0.21334494650363922,0.6611971259117126
1451268750855,2,0.21020656824111938,0.36773353815078735,0.23261399567127228
1451268750873,2,0.23686529695987701,0.3665422797203064,-0.047029461711645126
1451268750894,2,0.18422158062458038,0.31825757026672363,-0.09430266916751862
1451268750916,2,-0.05578501522541046,0.4901406168937683,0.7628291249275208
1451268750938,2,-0.2573797404766083,0.6106675863265991,1.3892465829849243
1451268750956,2,-0.38956090807914734,0.6766296625137329,1.7060827016830444
1451268750975,2,-0.36814817786216736,0.6021162867546082,1.6390812397003174
1451268750994,2,-0.11742313951253891,0.4097861051559448,1.4425106048583984
1451268751014,2,-0.011265343986451626,0.08205752074718475,0.980046808719635
1451268751039,2,-0.4542677700519562,0.20417934656143188,0.5345628261566162
1451268751057,2,-0.9793352484703064,0.40048548579216003,1.0110077857971191
1451268751071,2,-1.37172269821167,0.33515286445617676,1.89447820186615
1451268751096,2,-0.9776622653007507,-0.05059884488582611,2.8462517261505127
1451268751116,2,-0.4414199888706207,-0.7762145400047302,3.0008277893066406
1451268751140,2,0.26597633957862854,-1.3305163383483887,0.37669456005096436
1451268751158,2,0.10636910051107407,-0.8320869207382202,-0.5957844853401184
1451268751176,2,-0.3300255835056305,-0.36307767033576965,-0.6293430328369141
1451268751197,2,-0.6743355393409729,-0.2080560326576233,-0.04722586274147034
1451268751212,2,-0.8242564797401428,-0.33288243412971497,0.3585550785064697
1451268751239,2,-0.2918778657913208,-0.46040305495262146,-0.03980185091495514
1451268751257,2,-0.1319751739501953,-0.2659568786621094,-0.6647107005119324
1451268751276,2,-0.15390585362911224,-0.0820462703704834,-1.2040338516235352
1451268751297,2,-0.21402546763420105,0.06640899181365967,-1.4585037231445313
1451268751319,2,-0.2951411008834839,0.15031740069389343,-1.406482458114624
1451268751339,2,-0.20442703366279602,0.08987900614738464,-1.107801079750061
1451268751358,2,0.20690762996673584,0.06585662066936493,-0.7601058483123779
1451268751378,2,0.3170931935310364,0.11464198678731918,-0.7688181400299072
