1451546825648,1,0.6288767457008362,0.2911714017391205,1.679073691368103
1451546825655,1,0.6288767457008362,0.2911714017391205,1.679073691368103
1451546825669,1,0.6288767457008362,0.2911714017391205,1.679073691368103
1451546825688,1,0.6288767457008362,0.2911714017391205,1.679073691368103
1451546825707,1,0.6288767457008362,0.2911714017391205,1.679073691368103
1451546825727,1,0.6288767457008362,0.2911714017391205,1.679073691368103
1451546825748,1,0.6288767457008362,0.2911714017391205,1.679073691368103
1451546825766,1,2.5690579414367676,-0.5812006592750549,-0.1663379818201065
1451546825788,1,0.0565628707408905,0.20028291642665863,1.987017273902893
1451546825808,1,0.03269713371992111,0.0612315908074379,1.0775363445281982
1451546825834,1,0.3122245669364929,0.0206803847104311,0.9703063368797302
1451546825854,1,0.11611951142549515,0.3428478240966797,0.6450660824775696
1451546825872,1,0.3895435035228729,0.3764110505580902,0.4138689637184143
1451546825894,1,-0.8058906197547913,1.5804636478424072,-0.3186720013618469
1451546825915,1,-0.506547749042511,0.9185889959335327,-2.842372179031372
1451546825933,1,5.249074459075928,-0.030761050060391426,-2.1850826740264893
1451546825952,1,1.928248643875122,-0.295960396528244,0.722196102142334
1451546825973,1,1.4700199365615845,-0.6673153638839722,0.293350487947464
1451546825992,1,-0.9242450594902039,-0.003943769261240959,0.33289632201194763
1451546826015,1,-0.3573446273803711,0.33281272649765015,0.6004664897918701
1451546826036,1,0.4514879882335663,0.28189152479171753,0.7073889970779419
1451546826053,1,0.8621184825897217,-0.12277297675609589,0.42071372270584106
1451546826072,1,0.9562435746192932,-0.5689362287521362,0.19863222539424896
1451546826093,1,1.050524115562439,-0.2437000423669815,-0.6888859272003174
1451546826113,1,0.47705963253974915,0.709528923034668,2.8102235794067383
1451546826133,1,-0.4236818552017212,-0.6340945959091187,1.255167841911316
1451546826154,1,-0.19123592972755432,-0.05980711057782173,1.4688462018966675
1451546826174,1,-0.576419472694397,0.7033662796020508,0.8588911890983582
1451546826194,1,-0.6332425475120544,0.9008394479751587,0.022554947063326836
1451546826215,1,-0.4874875247478485,1.242249846458435,0.6200584769248962
1451546826231,1,0.575564444065094,-0.8338491320610046,-0.4136258065700531
1451546826250,1,0.42519477009773254,-0.7735796570777893,-0.1329232007265091
1451546826274,1,0.7316063046455383,-0.7143412828445435,0.4502525329589844
1451546826294,1,0.2312382459640503,-0.3924398124217987,0.5047481060028076
1451546826317,1,-0.5357457399368286,0.5312415361404419,-0.24167291820049286
1451546826330,1,-0.2562241852283478,0.7577309608459473,-0.2658575177192688
1451546826354,1,-0.18049101531505585,0.17792846262454987,0.036105915904045105
1451546826374,1,-0.04436691105365753,-0.6234493255615234,1.3213199377059937
1451546826395,1,-0.38261136412620544,-0.29854103922843933,0.2147439867258072
1451546826416,1,-0.16750513017177582,-0.0696101263165474,0.29753100872039795
1451546826434,1,-0.6137173175811768,0.5965981483459473,-0.8116028308868408
1451546826450,1,-0.5298795700073242,0.73137366771698,-0.6652180552482605
1451546826476,1,-0.00983763113617897,0.4773755371570587,-0.14777706563472748
1451546826498,1,-0.2659873962402344,0.01574702002108097,1.2844231128692627
1451546826519,1,0.3680335581302643,-0.08824761211872101,1.5953700542449951
1451546826537,1,-0.02096862718462944,-0.3799351453781128,1.336775302886963
1451546826556,1,-2.1902453899383545,-0.7295172214508057,0.08259879052639008
1451546826576,1,2.5269625186920166,1.339756965637207,-0.07333996146917343
1451546826599,1,1.3181984424591064,0.4378139078617096,-0.3046177327632904
1451546826618,1,0.3292583227157593,-0.09127017110586166,0.062146954238414764
1451546826637,1,0.6236457824707031,0.26211950182914734,0.8420032262802124
1451546826656,1,-0.5784545540809631,0.9545686841011047,-1.2476234436035156
1451546826677,1,-0.6953180432319641,0.6117068529129028,-1.4033862352371216
1451546826698,1,-0.2941043972969055,0.15863339602947235,-0.9286644458770752
1451546826717,1,-0.09673044830560684,0.012353286147117615,-0.40479135513305664
1451546826737,1,-0.43089592456817627,0.09603168815374374,-0.46135321259498596
1451546826755,1,-0.7998144626617432,0.16150632500648499,-0.2879997789859772
1451546826773,1,-0.42954450845718384,0.08200199156999588,0.11696984618902206
1451546826800,1,-0.5883381366729736,0.29592064023017883,0.9615116119384766
1451546826817,1,-0.2978776693344116,0.3242945075035095,0.8236719965934753
1451546826833,1,-0.027837928384542465,0.1053624078631401,0.1398182213306427
1451546826856,1,0.07970503717660904,0.0666390061378479,0.041926003992557526
1451546826878,1,-0.5425841212272644,-0.29952481389045715,0.06552022695541382
1451546826899,1,-1.1855828762054443,-0.4461357593536377,1.3251053094863892
1451546826920,1,-1.4573711156845093,-0.004269932396709919,3.1964166164398193
1451546826938,1,-2.5247910022735596,-0.7133095860481262,4.248376369476318
1451546826958,1,-0.765903115272522,-0.3057365119457245,2.075495719909668
1451546826978,1,0.6797102093696594,-0.13453999161720276,0.3421253561973572
1451546827001,1,-2.5596237182617188,2.5852012634277344,-3.1503489017486572
1451546827019,1,-6.542611122131348,2.6308722496032715,-9.17144775390625
1451546827040,1,-4.727776050567627,1.7135785818099976,-4.424513816833496
1451546827059,1,-0.1718875765800476,-0.5262900590896606,-0.6886208653450012
1451546827081,1,0.2816973924636841,-2.457836866378784,-0.006810849066823721
1451546827101,1,3.4223856925964355,0.5956395268440247,-1.647409200668335
1451546827120,1,1.1734340190887451,0.4341244101524353,-0.4250035285949707
1451546827139,1,-2.4962317943573,0.40449559688568115,0.06371697783470154
1451546827158,1,-1.5686308145523071,0.6880623698234558,0.3638339042663574
1451546827181,1,-0.7341006398200989,-0.13751520216464996,0.8478519320487976
1451546827201,1,0.987167477607727,-0.346469521522522,1.806551456451416
1451546827218,1,0.4060328006744385,-0.21580898761749268,1.7057698965072632
1451546827239,1,-0.19977277517318726,-0.06290391087532043,1.2089654207229614
1451546827256,1,-0.07223638892173767,0.04693710803985596,0.7079267501831055
1451546827282,1,0.04183562099933624,-0.1590203493833542,0.16615794599056244
1451546827303,1,0.4518701434135437,-0.24189093708992004,0.3139595687389374
1451546827321,1,-0.6988179087638855,-0.15863631665706635,0.4638186991214752
1451546827340,1,-0.8784281611442566,-0.0010509704006835818,0.6707219481468201
1451546827360,1,-0.6514490842819214,0.40124446153640747,0.5487684607505798
1451546827383,1,-0.15071067214012146,0.20536592602729797,0.42290452122688293
1451546827402,1,0.14941687881946564,-0.011196517385542393,0.2390238642692566
1451546827421,1,0.6570420861244202,-0.20473405718803406,0.5823363661766052
1451546827440,1,0.28885215520858765,-0.25884032249450684,-0.16462241113185883
1451546827461,1,0.3617985248565674,0.06098433956503868,-0.6136731505393982
1451546827483,1,0.5652937889099121,-0.01429448276758194,-0.22789573669433594
1451546827498,1,0.36625656485557556,-0.294948011636734,0.3910626769065857
1451546827522,1,-0.8023973703384399,0.28593993186950684,-0.5986544489860535
1451546827542,1,-0.5145197510719299,0.3472627103328705,-0.07760346680879593
1451546827562,1,0.12335022538900375,-0.313093900680542,0.49448564648628235
1451546827583,1,0.36898863315582275,-0.5502092838287354,0.9781617522239685
1451546827605,1,0.2862667441368103,-0.2133849859237671,0.7877204418182373
1451546827622,1,-0.11737167090177536,0.21953707933425903,-0.507697582244873
1451546827642,1,-0.05567698925733566,0.029320787638425827,-0.3019295334815979
1451546827664,1,-0.08195515722036362,0.09522855281829834,-0.027903322130441666
1451546827686,2,-0.05248286947607994,-0.11193302273750305,0.3248264193534851
1451546827707,2,-0.2995530664920807,-0.20220132172107697,0.45690733194351196
1451546827723,2,-0.38352856040000916,0.1287175714969635,-0.2839280068874359
1451546827744,2,-0.13397856056690216,0.0441875159740448,-0.046451371163129807
1451546827765,2,0.13772539794445038,0.26379767060279846,0.590164303779602
1451546827785,2,0.21277619898319244,-0.2159627228975296,0.8632652163505554
1451546827805,2,0.31196606159210205,-0.18987901508808136,0.21849662065505981
1451546827823,2,-0.2370184361934662,-0.05610474944114685,0.4550999701023102
1451546827843,2,0.11798738688230515,-0.18065817654132843,0.5009796619415283
1451546827866,2,0.16549508273601532,-0.26623043417930603,0.3672381639480591
1451546827885,2,0.03424710035324097,-0.303557425737381,0.4405202567577362
1451546827905,2,0.11998447775840759,-0.2120019942522049,0.5321609973907471
1451546827924,2,0.10775847733020782,-0.1800532042980194,0.4177835285663605
1451546827944,2,-0.35628318786621094,0.053424131125211716,-0.12320844829082489
1451546827965,2,-0.43152233958244324,0.11481296271085739,-0.7490841150283813
1451546827986,2,-0.5271676778793335,0.2305927276611328,-0.9265314936637878
1451546827999,2,-0.48316308856010437,0.37090545892715454,-0.40231356024742126
1451546828024,2,-1.0594810247421265,-0.08116554468870163,1.8780910968780518
1451546828044,2,-0.27374717593193054,-0.20531974732875824,1.0478448867797852
1451546828061,2,-0.11096972972154617,0.04928279668092728,0.9473305344581604
1451546828087,2,0.10323306918144226,0.2578016221523285,0.6010106801986694
1451546828104,2,0.04047127440571785,0.46683016419410706,-0.5928344130516052
1451546828124,2,0.22767913341522217,0.33414018154144287,-0.2747398912906647
1451546828144,2,0.24311445653438568,0.0876566544175148,0.4726315438747406
1451546828166,2,-0.082609161734581,-0.12372399866580963,0.30646833777427673
1451546828185,2,0.23673272132873535,-0.17114917933940887,0.1341220587491989
1451546828204,2,0.03954681381583214,0.20916356146335602,-0.15097616612911224
1451546828222,2,0.271528035402298,-0.1940869837999344,-0.33286651968955994
1451546828246,2,0.3725338578224182,-0.17812485992908478,0.22748832404613495
1451546828267,2,0.07731650024652481,-0.05615910887718201,0.34724223613739014
1451546828287,2,-0.14136625826358795,0.05681786686182022,0.5570750832557678
1451546828305,2,-0.01284779142588377,0.13110125064849854,0.3153489828109741
1451546828334,2,0.1437528282403946,-0.063323013484478,0.2744523286819458
1451546828346,2,0.2069861888885498,-0.038648586720228195,0.2793441712856293
1451546828369,2,-0.08864186704158783,0.35524141788482666,-0.40118250250816345
1451546828387,2,-0.20769663155078888,0.15886136889457703,-0.7725620269775391
1451546828407,2,-0.4305596947669983,-0.032092589884996414,0.07414017617702484
1451546828426,2,-0.3330116868019104,-0.7685381770133972,1.8166362047195435
1451546828449,2,0.013248261995613575,-0.3278571665287018,1.5024948120117188
1451546828470,2,-0.16193412244319916,0.39985039830207825,-0.07791560143232346
1451546828486,2,-0.033050037920475006,0.3075023591518402,-0.20651860535144806
1451546828505,2,0.29508811235427856,-0.0042950669303536415,0.2282072901725769
1451546828527,2,0.2868468463420868,-0.22088555991649628,0.21639935672283173
1451546828550,2,0.012611735612154007,-0.0651683434844017,0.1916559636592865
1451546828570,2,-0.31050705909729004,0.11898761242628098,0.11514262855052948
1451546828586,2,-0.7155354022979736,0.15471768379211426,-1.1938492059707642
1451546828606,2,-0.2322179526090622,-0.8914894461631775,-0.6752718687057495
1451546828628,2,0.6547535061836243,-2.993311882019043,-0.1908937394618988
1451546828649,2,1.1616694927215576,-1.303754448890686,-0.6632885336875916
1451546828667,2,-3.889289379119873,0.9580793380737305,-2.0941338539123535
1451546828687,2,2.820678234100342,3.830312490463257,-3.0263569355010986
1451546828707,2,-0.16960757970809937,0.9419330954551697,-2.310901403427124
1451546828727,2,-1.4666146039962769,-0.5469909310340881,0.2187994122505188
1451546828744,2,-0.6688140034675598,-1.9287773370742798,-0.5602385401725769
1451546828771,2,-0.43157634139060974,-0.7359265089035034,-0.32483986020088196
1451546828791,2,-0.06102839857339859,0.11269406974315643,-0.20310264825820923
1451546828812,2,0.008317527361214161,0.19650398194789886,0.06776946783065796
1451546828834,2,-0.026690512895584106,-0.4101695418357849,0.9735995531082153
1451546828848,2,-0.045716919004917145,-0.9859890937805176,1.7894401550292969
1451546828872,2,0.01994187757372856,-0.5595207214355469,1.5249924659729004
1451546828892,2,0.35778146982192993,0.14108312129974365,1.5703619718551636
1451546828913,2,0.3375418484210968,0.14012685418128967,1.5220868587493896
1451546828933,2,0.21156063675880432,-0.177884042263031,1.2437924146652222
1451546828954,2,0.22219917178153992,-0.4641735255718231,0.6993640661239624
1451546828973,2,0.13234028220176697,-0.585391640663147,0.41129356622695923
1451546828992,2,-0.19911490380764008,-0.21603812277317047,-0.1358785480260849
1451546829013,2,-0.12879067659378052,0.05291325971484184,-0.5014958381652832
1451546829034,2,-0.21190153062343597,0.30014264583587646,-0.8714309930801392
1451546829052,2,-0.12579748034477234,0.1352168619632721,-0.14054886996746063
1451546829109,2,-0.6725797653198242,0.22481296956539154,0.39794719219207764
1451546829155,2,-0.18028949201107025,0.28862816095352173,-0.09676409512758255
1451546829168,2,0.06312549859285355,4.325462214183062E-5,0.40212416648864746
1451546829193,2,0.015008586458861828,-0.06279226392507553,-0.05782558396458626
1451546829216,2,-0.036586396396160126,-0.18757659196853638,-0.3297726511955261
1451546829235,2,-0.20361889898777008,-0.021781623363494873,-0.25021103024482727
1451546829255,2,-0.2643304765224457,0.15485738217830658,0.31119245290756226
1451546829276,2,-0.19478246569633484,0.3081856667995453,0.6549404263496399
1451546829296,2,0.7075463533401489,0.3263590335845947,0.5431126356124878
1451546829316,2,0.04151829704642296,-0.2105921357870102,0.07888590544462204
1451546829337,2,-0.04993490129709244,-0.04173252731561661,-0.03294716030359268
1451546829357,2,0.16017742455005646,-0.11574351787567139,0.048806995153427124
1451546829378,2,1.0036016702651978,-0.22820495069026947,0.5861650109291077
1451546829398,2,-0.19479933381080627,-0.16514438390731812,0.45943713188171387
1451546829418,2,-0.13566869497299194,0.0707949548959732,0.8841647505760193
1451546829437,2,-0.009944690391421318,0.060247842222452164,0.34329673647880554
1451546829454,2,0.3855965733528137,-0.1649889051914215,-0.12541911005973816
1451546829478,2,0.1830778270959854,0.04197977855801582,-0.3991612493991852
1451546829500,2,-0.16160930693149567,0.0450882650911808,-0.013505962677299976
1451546829518,2,0.4102528989315033,0.2888140380382538,0.7572387456893921
1451546829543,2,-0.09651355445384979,-0.12025661021471024,-0.09303075075149536
1451546829558,2,-0.2745820879936218,0.032407648861408234,-0.33525311946868896
1451546829573,2,-0.09371256083250046,0.1372106671333313,-0.14900048077106476
1451546829601,2,-0.2093709260225296,-0.11982055753469467,0.5167635083198547
1451546829620,2,0.026465289294719696,-0.1894090622663498,0.575890839099884
1451546829637,2,0.12940892577171326,-0.09937983006238937,0.4722580313682556
1451546829658,2,0.12845389544963837,0.12187223136425018,0.7000094056129456
1451546829678,2,0.0949644073843956,0.2854921817779541,0.882908046245575
1451546829701,2,0.30802711844444275,0.18174831569194794,0.1253846287727356
1451546829726,1,0.36466071009635925,-0.22942250967025757,-0.24271336197853088
1451546829739,1,0.13129302859306335,0.20199498534202576,0.22493746876716614
1451546829762,1,-0.05076707899570465,0.38494566082954407,0.328297883272171
1451546829780,1,-0.036196518689394,0.26829612255096436,0.1751110702753067
1451546829800,1,0.4207417368888855,0.19051498174667358,0.16324877738952637
1451546829815,1,0.7975330948829651,0.05308511108160019,-0.14743220806121826
1451546829835,1,0.5841115713119507,-0.2398281693458557,-0.3640437424182892
1451546829861,1,-0.012872560881078243,-0.4518921375274658,-0.4118330776691437
1451546829882,1,-0.8137391209602356,-0.0350058488547802,0.03518705070018768
1451546829902,1,-0.5648674368858337,0.018533436581492424,0.7901052832603455
1451546829921,1,-0.45077788829803467,-0.45489540696144104,0.73487788438797
1451546829940,1,0.35499387979507446,-0.3894803822040558,0.11849018931388855
1451546829960,1,0.4908083379268646,0.4559265077114105,0.5822983980178833
1451546829983,1,-0.37790408730506897,-0.4826379716396332,-0.03773907199501991
1451546830003,1,-1.1216620206832886,0.03415302932262421,0.3202332556247711
1451546830023,1,-1.3284099102020264,-0.24237142503261566,0.8071633577346802
1451546830041,1,-1.2066943645477295,-0.40781334042549133,0.8558622002601624
1451546830061,1,0.34609395265579224,-0.10848142206668854,0.8908832669258118
1451546830083,1,0.6024156808853149,0.05777239054441452,0.8416963219642639
1451546830103,1,0.4405100345611572,0.21211013197898865,0.3351578414440155
1451546830120,1,-0.35732510685920715,0.215976744890213,0.6690315008163452
1451546830142,1,-0.5285086035728455,0.16447335481643677,0.27800095081329346
1451546830161,1,-0.3376263380050659,-0.22409576177597046,-0.11290332674980164
1451546830184,1,-0.33736974000930786,-0.2886310815811157,0.06332184374332428
1451546830198,1,-0.2750934660434723,-0.08249065279960632,-0.22745324671268463
1451546830221,1,0.2306448221206665,-0.038027241826057434,-1.6061521768569946
1451546830241,1,0.5646140575408936,-0.20108138024806976,-1.6349135637283325
1451546830261,1,-0.7170716524124146,0.06410101056098938,1.1396393775939941
1451546830284,1,-0.4733467102050781,-0.6572171449661255,1.0381921529769897
1451546830301,1,0.11805800348520279,-0.38890522718429565,1.185465931892395
1451546830322,1,0.10048530250787735,-0.26360884308815,1.171526312828064
1451546830343,1,-0.40223100781440735,-0.15817572176456451,1.2427098751068115
1451546830363,1,-0.7358377575874329,-0.16538462042808533,0.6217653155326843
1451546830384,1,0.15167659521102905,0.16869711875915527,0.12603051960468292
1451546830404,1,-0.11526274681091309,0.04157938063144684,-0.14642272889614105
1451546830422,1,-0.387594997882843,0.2583867311477661,-0.6412672996520996
1451546830443,1,-0.515476644039154,0.2807224988937378,-0.7753875851631165
1451546830459,1,-0.2761651575565338,0.37690556049346924,-0.7672709226608276
1451546830486,1,-1.4503297805786133,0.1722106784582138,0.9041174054145813
1451546830503,1,-2.570556402206421,-0.168344646692276,2.1127328872680664
1451546830523,1,-2.3938465118408203,0.22997955977916718,3.3509395122528076
1451546830543,1,-2.614657163619995,-0.2797708809375763,2.1056015491485596
1451546830566,1,31.12584114074707,-3.7700295448303223,-4.534364223480225
1451546830584,1,2.6927754878997803,0.9928209781646729,1.0805063247680664
1451546830603,1,-1.2592743635177612,1.1246224641799927,-0.8548276424407959
1451546830623,1,-3.567150115966797,0.8465449213981628,-2.508017063140869
1451546830645,1,-3.110198974609375,-0.26529461145401,-3.0302634239196777
1451546830665,1,-0.972563624382019,-1.4202935695648193,-2.107598304748535
1451546830688,1,-1.6161353588104248,-2.297638177871704,-1.3914812803268433
1451546830705,1,2.3500723838806152,-0.8196089863777161,-2.1418089866638184
1451546830725,1,0.8133793473243713,0.38831600546836853,-0.4187941551208496
1451546830746,1,-2.392718553543091,0.486087828874588,2.59785795211792
1451546830767,1,-2.725674629211426,0.4953443109989166,2.653824806213379
1451546830787,1,-0.984534502029419,-0.0871814414858818,1.3156179189682007
1451546830804,1,0.9434069395065308,-0.5316904783248901,0.8326333165168762
1451546830824,1,-0.032915450632572174,-0.27272212505340576,0.31656068563461304
1451546830844,1,-0.5090476870536804,-0.15807752311229706,0.08502104878425598
1451546830867,1,-0.6124702095985413,0.06733867526054382,0.1300935298204422
1451546830885,1,-1.103447437286377,0.03096095658838749,0.9090390801429749
1451546830904,1,-0.07479878515005112,-0.34082654118537903,1.345254898071289
1451546830924,1,-0.03525828942656517,-0.5173591375350952,0.3901818096637726
1451546830948,1,-0.1846902221441269,-0.33191725611686707,-0.14093992114067078
1451546830967,1,-0.6659109592437744,-0.15350714325904846,-0.07492869347333908
1451546830985,1,-0.6699846982955933,0.015380525030195713,-0.06580489128828049
1451546831004,1,-0.5527363419532776,0.05435001477599144,-0.3025502860546112
1451546831026,1,-0.5457730889320374,0.23149171471595764,0.5693663954734802
1451546831047,1,2.7955150604248047,-0.593809962272644,0.7161042094230652
1451546831071,1,-0.25456252694129944,-0.4326280355453491,1.2288163900375366
1451546831088,1,0.0026061274111270905,-0.13954466581344604,0.8834861516952515
1451546831106,1,-0.5949738025665283,-0.19665829837322235,1.2700427770614624
1451546831127,1,-1.9601829051971436,-0.8573252558708191,-0.6504992246627808
1451546831146,1,-0.06693751364946365,0.16439035534858704,-0.8840367794036865
1451546831169,1,-0.7673174142837524,-0.2567307949066162,-0.12051497399806976
1451546831186,1,-0.6714214086532593,-0.5026707053184509,0.8564981818199158
1451546831205,1,-0.3095715045928955,-0.12576456367969513,1.0770704746246338
1451546831223,1,-0.23395361006259918,-0.6262082457542419,0.6092056632041931
1451546831251,1,0.391745924949646,-0.3928782045841217,0.21832478046417236
1451546831267,1,0.506274402141571,-0.32462766766548157,-0.042159225791692734
1451546831288,1,-0.4398990869522095,0.09050561487674713,-0.21500176191329956
1451546831306,1,-0.7753497958183289,0.4600462019443512,-0.3387567400932312
1451546831323,1,-0.7797319293022156,0.2884387671947479,-0.847614049911499
1451546831352,1,0.41797423362731934,-0.0966658964753151,-0.44407063722610474
1451546831370,1,0.538874089717865,-0.22805063426494598,0.4875982403755188
1451546831388,1,0.37380775809288025,-0.31513211131095886,0.14409340918064117
1451546831409,1,-0.3870515823364258,-1.0685756206512451,-0.5137825012207031
1451546831429,1,0.8689531087875366,0.24304069578647614,0.9413567185401917
1451546831449,1,-1.0660172700881958,0.16124387085437775,0.26433834433555603
1451546831470,1,-1.1281310319900513,0.6353659629821777,0.27243924140930176
1451546831489,1,-1.1424564123153687,0.5445207357406616,0.6409990191459656
1451546831508,1,3.1362617015838623,-0.4764917194843292,0.9301777482032776
1451546831528,1,0.010710377246141434,-0.3900386095046997,0.61394202709198
1451546831549,1,-0.7208232879638672,0.27482524514198303,0.008412439376115799
1451546831569,1,-0.5124436020851135,0.2174941748380661,0.03549801558256149
1451546831588,1,-0.45568954944610596,0.006924246437847614,0.23442192375659943
1451546831609,1,-0.34450551867485046,-0.11546236276626587,0.39668402075767517
1451546831629,1,-0.2153937667608261,-0.2567717134952545,0.41138944029808044
1451546831651,1,-0.009115764871239662,-0.4391273260116577,0.39718788862228394
1451546831671,1,-0.5365613698959351,0.45601651072502136,-0.0917249321937561
1451546831690,1,0.27235838770866394,-0.21233166754245758,-0.14306758344173431
1451546831709,1,0.6610961556434631,-0.6402058005332947,0.22462943196296692
1451546831730,1,0.5551430583000183,-0.6769640445709229,0.2881786525249481
1451546831752,2,0.01931510679423809,-0.3706219494342804,0.31317806243896484
1451546831772,2,-0.29472124576568604,0.023707039654254913,0.24462826550006866
1451546831785,2,-0.21514256298542023,0.03635843098163605,0.6182657480239868
1451546831810,2,-0.02571801282465458,-0.11882687360048294,0.6030085682868958
1451546831831,2,0.13200455904006958,-0.2601759433746338,0.4017612040042877
1451546831852,2,0.008577384054660797,-0.2549368739128113,0.5853671431541443
1451546831870,2,-0.24907435476779938,0.03075578808784485,0.20681436359882355
1451546831891,2,-0.23766127228736877,0.18687982857227325,0.2201215922832489
1451546831911,2,-0.3922800123691559,0.058382630348205566,0.19049568474292755
1451546831931,2,-0.2824499011039734,0.07844050228595734,0.3125859498977661
1451546831954,2,-0.15299838781356812,-0.06093290075659752,0.19378362596035004
1451546831967,2,-0.03734112158417702,-0.031242694705724716,0.10164894163608551
1451546831991,2,-0.24814094603061676,-0.0032154549844563007,0.4048725962638855
1451546832011,2,-0.41660258173942566,0.16510872542858124,0.3955985903739929
1451546832032,2,-0.435198038816452,0.21430501341819763,0.35051673650741577
1451546832051,2,-0.26444011926651,0.015568156726658344,0.22236675024032593
1451546832067,2,0.08439436554908752,-0.1989426165819168,0.20864567160606384
1451546832091,2,-0.1263902187347412,-0.0928279235959053,0.20653554797172546
1451546832112,2,-0.18763993680477142,-0.04632628336548805,0.128569096326828
1451546832133,2,-0.20217172801494598,-0.0077794017270207405,0.0397486574947834
1451546832153,2,-0.03896152600646019,0.13530629873275757,0.06521628051996231
1451546832172,2,-0.2265336513519287,0.1622656136751175,0.13305413722991943
1451546832193,2,0.5934190154075623,-1.6000235080718994,-0.050675127655267715
1451546832216,2,0.7070351243019104,-1.7355992794036865,-0.3640151023864746
1451546832234,2,-9.425542831420898,-5.214238166809082,13.117827415466309
1451546832248,2,0.6969704627990723,1.8799211978912354,3.806424617767334
1451546832269,2,3.1121115684509277,2.8597910404205322,-2.176896333694458
1451546832293,2,0.8002027273178101,3.2200019359588623,-3.60892653465271
1451546832315,2,-1.1471115350723267,-0.03203004598617554,-1.2257020473480225
1451546832335,2,-1.3046849966049194,-1.494028091430664,-0.11292203515768051
1451546832357,2,-1.3455826044082642,-0.9330196976661682,-0.162549689412117
1451546832374,2,-1.182638168334961,-0.09421323984861374,-0.1419663429260254
1451546832394,2,-0.7295660376548767,0.11979425698518753,0.2869032323360443
1451546832419,2,-0.9144921898841858,-0.35482874512672424,0.8043208122253418
1451546832430,2,-0.3768886923789978,-1.4393600225448608,1.9861533641815186
1451546832454,2,-0.18917521834373474,-1.3032418489456177,2.4897007942199707
1451546832474,2,-0.23439142107963562,-0.4430448114871979,2.2525177001953125
1451546832494,2,-0.2603852152824402,-0.2003483921289444,1.0834697484970093
1451546832516,2,-0.6242303252220154,0.14142917096614838,0.03618248924612999
1451546832536,2,-0.8556073307991028,0.05607493966817856,0.09275427460670471
1451546832553,2,-0.6251114010810852,-0.32031333446502686,-0.04756897687911987
1451546832574,2,-0.37310588359832764,-0.42370298504829407,-0.24110417068004608
1451546832594,2,-0.40962037444114685,-0.3638397455215454,-0.13027998805046082
1451546832617,2,-0.4153670370578766,-0.14875204861164093,0.13771511614322662
1451546832631,2,-0.6887269616127014,-0.0728922188282013,0.764873206615448
1451546832654,2,-0.3951886296272278,-0.2391892820596695,0.5795716047286987
1451546832674,2,-0.1384449601173401,-0.3009568750858307,0.29957157373428345
1451546832695,2,-0.1661139577627182,-0.23323768377304077,0.14416180551052094
1451546832718,2,-0.24085462093353271,-0.11935235559940338,0.15304945409297943
1451546832737,2,-0.09074066579341888,0.029588498175144196,0.382005512714386
1451546832755,2,-0.3408954441547394,-0.16071955859661102,0.32016777992248535
1451546832776,2,-0.5156328082084656,-0.11080723255872726,0.18787352740764618
1451546832795,2,-0.1790076047182083,0.23472003638744354,0.34495675563812256
1451546832817,2,-0.2838653028011322,0.20356501638889313,0.11850830912590027
1451546832835,2,-0.5499352216720581,-0.05971475690603256,0.7855173349380493
1451546832855,2,-0.6878861784934998,-0.17752104997634888,0.6689683794975281
1451546832876,2,-0.4880123734474182,-0.040893152356147766,0.1657850295305252
1451546832898,2,-0.16062164306640625,0.12754443287849426,-0.03819616883993149
1451546832918,2,0.16464723646640778,-0.09923428297042847,-0.17831775546073914
1451546832939,2,0.3747565448284149,-0.26062193512916565,0.6136597394943237
1451546832957,2,0.2079325020313263,0.3154144585132599,0.8893898129463196
1451546832977,2,-0.3136233985424042,-0.20455752313137054,0.21241700649261475
1451546832999,2,0.0305081345140934,-0.344351202249527,-0.07818097621202469
1451546833017,2,-0.29669126868247986,-0.01352583710104227,0.42662501335144043
1451546833036,2,-0.1723260134458542,-0.03165361285209656,0.7318775057792664
1451546833056,2,0.30413898825645447,0.025015784427523613,0.24231180548667908
1451546833073,2,0.31820914149284363,0.10812953859567642,-0.11264964193105698
1451546833099,2,0.005625950172543526,0.009234276600182056,-0.2044236809015274
1451546833117,2,-0.4952341318130493,-0.14521920680999756,-0.04866320267319679
1451546833138,2,-0.18535101413726807,-0.06047463417053223,0.12259586900472641
1451546833159,2,-0.12437091767787933,7.762450841255486E-4,0.23328620195388794
1451546833178,2,0.30016469955444336,0.2553326189517975,0.28245851397514343
1451546833200,2,-0.3669646680355072,0.0762082114815712,0.6327356100082397
1451546833218,2,-0.5436103343963623,-0.4899117648601532,0.663347601890564
1451546833237,2,0.23120756447315216,-0.24277591705322266,0.6265116333961487
1451546833257,2,-0.13156448304653168,-0.06922726333141327,0.2490554302930832
1451546833279,2,-0.06906875222921371,-0.2094084769487381,-0.32599663734436035
1451546833300,2,0.14510761201381683,-0.4472019374370575,-0.6261222958564758
1451546833318,2,-0.4634345471858978,0.08469196408987045,0.1076490581035614
1451546833337,2,-0.9164268970489502,-0.15733283758163452,0.6439403295516968
1451546833359,2,-0.7276651859283447,-0.0478711761534214,0.5596329569816589
1451546833380,2,-1.2266037464141846,0.734578013420105,2.2397937774658203
1451546833402,2,0.1517181396484375,-0.39178165793418884,1.636356234550476
1451546833420,2,1.3147376775741577,-0.9698808193206787,0.9147218465805054
1451546833438,2,0.649207592010498,-1.0971137285232544,0.03244330361485481
1451546833459,2,-0.5572926998138428,-0.8370669484138489,-0.2919599115848541
1451546833481,2,-1.1731687784194946,0.18287761509418488,-1.0429191589355469
1451546833501,2,-0.6959880590438843,0.559906542301178,-0.5239291787147522
1451546833519,2,-0.6124187707901001,0.6662497520446777,0.2951987683773041
1451546833540,2,-0.14419227838516235,0.4331880211830139,1.2116273641586304
1451546833560,2,0.16333018243312836,-0.29133856296539307,1.0837292671203613
1451546833582,2,-0.0777851790189743,-0.6499415636062622,-0.6453811526298523
1451546833602,2,-0.4448712170124054,-0.2836351692676544,-0.557567834854126
1451546833621,2,-0.6962146759033203,0.08931202441453934,-0.3733697831630707
1451546833640,2,-0.8743676543235779,0.1958995908498764,-0.4265788197517395
1451546833660,2,-1.2941639423370361,0.20289456844329834,0.13887539505958557
1451546833683,2,-1.1394147872924805,0.27582886815071106,1.0212082862854004
1451546833701,2,0.2099067121744156,0.2414700835943222,-0.16077275574207306
1451546833720,2,-0.29367417097091675,0.341947078704834,0.07023615390062332
1451546833740,2,-0.3684467375278473,0.21334348618984222,0.5961819291114807
1451546833762,2,-0.012787329964339733,-0.23599311709403992,0.8434627652168274
1451546833787,1,0.5530619025230408,-0.91534024477005,0.7662070989608765
1451546833803,1,1.5350953340530396,-1.3296855688095093,-1.0727531909942627
1451546833826,1,0.5088245868682861,0.12459902465343475,-1.505890965461731
1451546833840,1,-0.09021876007318497,1.1512696743011475,-1.3239076137542725
1451546833865,1,-0.33497554063796997,1.6173896789550781,0.09735972434282303
1451546833884,1,-0.5679709911346436,0.9842361211776733,1.0364397764205933
1451546833903,1,0.24856223165988922,-0.1825362592935562,1.7228572368621826
1451546833923,1,1.173046350479126,-0.7491799592971802,1.4812953472137451
1451546833939,1,-0.5071123242378235,-0.290134459733963,1.437674880027771
1451546833964,1,-0.09731610119342804,0.2816214859485626,1.0732815265655518
1451546833984,1,0.43679890036582947,0.20110943913459778,-0.46123161911964417
1451546834004,1,0.07270089536905289,0.12153846770524979,-1.017371416091919
1451546834023,1,-0.48675060272216797,0.4020926058292389,-0.4202607274055481
1451546834044,1,-0.12152086198329926,-0.17290624976158142,-0.19373276829719543
1451546834065,1,0.061574194580316544,0.1233849748969078,-0.04687339439988136
1451546834085,1,0.012852760031819344,-0.041047465056180954,0.2189408540725708
1451546834104,1,-0.28903406858444214,0.22296062111854553,0.4142097532749176
1451546834119,1,-0.7879111170768738,0.46463003754615784,-0.14807049930095673
1451546834143,1,-0.41758406162261963,0.28454527258872986,-0.2634638845920563
1451546834166,1,-0.03145677596330643,0.06574702262878418,-0.16165128350257874
1451546834185,1,-0.01644020900130272,0.186889186501503,-0.18574820458889008
1451546834203,1,-0.10927295684814453,-0.04837210848927498,-0.43070554733276367
1451546834223,1,-0.8985400199890137,-0.11576046794652939,0.7922703623771667
1451546834244,1,-0.2970712184906006,-0.9588778018951416,4.235037803649902
1451546834266,1,-0.7677186727523804,-1.5201754570007324,5.186470985412598
1451546834287,1,30.181039810180664,-4.833531379699707,2.6980350017547607
1451546834304,1,0.26389577984809875,-1.5955466032028198,7.071389198303223
1451546834319,1,0.40636664628982544,1.1984750032424927,-2.7587506771087646
1451546834351,1,-5.1734418869018555,2.8480162620544434,-3.4089953899383545
1451546834367,1,-1.0574946403503418,0.40741878747940063,-3.237295389175415
1451546834386,1,1.1469308137893677,-1.4651544094085693,-2.8212320804595947
1451546834403,1,3.4801738262176514,-2.1271214485168457,-2.0250136852264404
1451546834425,1,2.396775960922241,-0.9484540224075317,-1.236951231956482
1451546834445,1,-3.6963677406311035,1.642906904220581,0.4588695764541626
1451546834467,1,-3.0000157356262207,1.4908839464187622,-0.2394593358039856
1451546834487,1,-1.1554927825927734,0.44254738092422485,-0.26979660987854004
1451546834505,1,-0.34114688634872437,-0.31551849842071533,0.09124796092510223
1451546834522,1,0.28030189871788025,-0.5046312212944031,0.4315864145755768
1451546834545,1,0.08290005475282669,0.061359602957963943,0.9998703002929688
1451546834568,1,0.6837307810783386,0.3023398518562317,0.8434633612632751
1451546834588,1,0.2844434678554535,0.45969900488853455,-0.2569558322429657
1451546834605,1,-0.18859486281871796,0.009093991480767727,0.5019342303276062
1451546834625,1,0.017474282532930374,-0.32132336497306824,0.9938281178474426
1451546834648,1,0.32509645819664,-0.7086685299873352,0.7534528374671936
1451546834667,1,0.7476020455360413,-0.27481532096862793,-0.13710545003414154
1451546834686,1,0.6615146994590759,0.14713935554027557,0.27747488021850586
1451546834702,1,0.3443288505077362,-0.029952656477689743,0.0209907665848732
1451546834725,1,0.24890531599521637,-0.4561345875263214,0.5215431451797485
1451546834748,1,0.03959310054779053,-0.22888240218162537,1.696731448173523
1451546834768,1,0.09722396731376648,-0.16931436955928802,0.3513590395450592
1451546834786,1,-0.6385830640792847,-0.887260377407074,0.4480839669704437
1451546834806,1,0.46792128682136536,-0.586250901222229,0.7915922999382019
1451546834827,1,-0.8442581295967102,-0.49832597374916077,0.6003390550613403
1451546834847,1,0.30728381872177124,0.29763972759246826,0.09873919188976288
1451546834868,1,-0.005253902170807123,0.45686817169189453,-0.06799275428056717
1451546834887,1,0.38121655583381653,-0.007689970079809427,0.1581038236618042
1451546834906,1,-0.154008150100708,0.04214227572083473,0.3630962371826172
1451546834927,1,0.06880787014961243,0.011468904092907906,0.5481231212615967
1451546834951,1,-0.1815500110387802,0.15910452604293823,0.17101708054542542
1451546834969,1,2.4644905352033675E-4,-0.02796761877834797,-0.08654840290546417
1451546834987,1,0.28568756580352783,-0.03575286641716957,0.05279635637998581
1451546835008,1,0.22632089257240295,0.25810208916664124,-0.5436661839485168
1451546835028,1,-0.11943638324737549,0.44286301732063293,-0.21367080509662628
1451546835051,1,-0.3003377914428711,0.3195517063140869,0.4182978868484497
1451546835070,1,-0.47782233357429504,0.06304652988910675,0.6186585426330566
1451546835088,1,-0.2217201143503189,-0.028034839779138565,0.2949579358100891
1451546835109,1,0.06514555215835571,-0.019285131245851517,-0.21572598814964294
1451546835129,1,-0.3386588394641876,0.02444353699684143,-0.12104162573814392
1451546835153,1,-0.47956815361976624,0.3420230448246002,-0.2927788496017456
1451546835170,1,-0.5358518362045288,0.3669850528240204,-0.07138941437005997
1451546835189,1,0.03316628560423851,-0.05621405690908432,0.3268418610095978
1451546835210,1,-0.03368870168924332,-0.09403613209724426,0.20566578209400177
1451546835228,1,-0.045144159346818924,-0.07028817385435104,0.2333505004644394
1451546835252,1,-0.030184783041477203,-0.050540100783109665,0.3840741515159607
1451546835265,1,-0.6050319075584412,0.11917699873447418,0.28132161498069763
1451546835289,1,0.22124606370925903,-0.3272995352745056,-0.1676034778356552
1451546835310,1,0.07971716672182083,-0.07980301976203918,0.2846943140029907
1451546835332,1,0.3382483124732971,-0.10571897029876709,0.4843120574951172
1451546835352,1,0.2325436770915985,-0.16150632500648499,0.4272404909133911
1451546835371,1,0.2378084659576416,-0.38433894515037537,0.07922609895467758
1451546835390,1,-0.6467503905296326,0.6009680032730103,0.32718613743782043
1451546835411,1,0.4300176799297333,-0.6440309286117554,0.33285364508628845
1451546835433,1,0.4643233120441437,-0.5722364187240601,0.41973933577537537
1451546835455,1,0.1591511070728302,-0.3225368559360504,0.9189531803131104
1451546835473,1,0.10344788432121277,-0.16015315055847168,0.5533008575439453
1451546835492,1,0.17535872757434845,-0.25036534667015076,0.1563701331615448
1451546835511,1,-0.2683905363082886,-0.2434428483247757,-0.12537702918052673
1451546835533,1,-0.5490167737007141,-0.08858195692300797,0.4705968201160431
1451546835554,1,-0.46203336119651794,0.3252677321434021,0.3948609232902527
1451546835571,1,-0.2772877514362335,0.37650924921035767,0.2330167293548584
1451546835591,1,-0.16620369255542755,0.07348024845123291,0.4226783215999603
1451546835611,1,0.4699929356575012,0.02197451703250408,0.557253360748291
1451546835633,1,-0.03734079375863075,-0.049498483538627625,0.5175281167030334
1451546835654,1,-0.23832228779792786,0.15154607594013214,0.2956535220146179
1451546835671,1,-0.3848663866519928,0.14094050228595734,-0.04176350682973862
1451546835692,1,-0.15005700290203094,0.031058570370078087,-0.15656360983848572
1451546835712,1,-0.03266702964901924,-0.01785714365541935,0.017460253089666367
1451546835734,1,0.2673112154006958,-0.16990765929222107,0.3317682147026062
1451546835749,1,0.20310178399085999,-0.2615601122379303,0.3671662509441376
1451546835773,1,-0.16110709309577942,-0.006311082746833563,0.5446411371231079
1451546835793,2,-0.23688510060310364,0.019339490681886673,0.12010522186756134
1451546835816,2,0.06422120332717896,0.019044307991862297,-0.0513385571539402
1451546835842,2,0.21578218042850494,-0.07550211250782013,0.6094236969947815
1451546835853,2,-0.10842785984277725,0.04644903168082237,0.3593757450580597
1451546835873,2,-0.23773564398288727,0.22370412945747375,0.3857452869415283
1451546835889,2,-0.03162285313010216,0.06675590574741364,0.4781845211982727
1451546835913,2,0.13933709263801575,0.0843815803527832,0.4696037173271179
1451546835934,2,-0.0893964171409607,-0.0013315408723428845,0.20197978615760803
1451546835954,2,-0.25604915618896484,-0.07660510390996933,-0.5319991111755371
1451546835972,2,-0.3155723512172699,-0.03030804544687271,-0.4501374065876007
1451546835994,2,-0.19624240696430206,-0.37620648741722107,0.6252806186676025
1451546836016,2,-0.3397468626499176,-0.09710428863763809,1.7228385210037231
1451546836029,2,0.14100825786590576,0.003359247464686632,1.9737334251403809
1451546836055,2,0.34232228994369507,-0.3123427927494049,0.046155016869306564
1451546836071,2,0.29582950472831726,-0.3806365728378296,-0.623681366443634
1451546836094,2,-0.18186254799365997,0.0845598578453064,-1.0898101329803467
1451546836117,2,-0.6859683990478516,0.5929349064826965,-0.6875567436218262
1451546836136,2,-0.6455235481262207,0.3958393931388855,-0.5882377028465271
1451546836149,2,0.16078142821788788,-0.5101251006126404,0.08675941824913025
1451546836174,2,-0.22104452550411224,-0.554648756980896,-0.33798810839653015
1451546836194,2,0.13884687423706055,-0.6792565584182739,0.06686053425073624
1451546836217,2,0.6429720520973206,-2.4385175704956055,0.0076303486712276936
1451546836235,2,1.965795636177063,-3.269634485244751,-0.5253536701202393
1451546836254,2,-8.318617820739746,-4.005855560302734,20.838191986083984
1451546836274,2,-2.2396435737609863,4.121525287628174,-12.690515518188477
1451546836290,2,0.8078545928001404,6.583089828491211,-5.713400363922119
1451546836320,2,0.08460574597120285,3.582929849624634,-4.467738628387451
1451546836334,2,-1.6565629243850708,0.40969139337539673,-1.9250439405441284
1451546836358,2,-1.8246582746505737,-2.283085584640503,0.5981249213218689
1451546836375,2,-1.4707870483398438,0.05989595875144005,-0.23413316905498505
1451546836395,2,-0.8281199336051941,0.7495417594909668,-0.5833370685577393
1451546836412,2,-0.504431962966919,1.0800883769989014,-0.38359832763671875
1451546836437,2,-0.4864622950553894,0.3849240243434906,0.37862932682037354
1451546836455,2,-0.6581454873085022,0.004601356573402882,0.9732213616371155
1451546836476,2,-0.3442385494709015,-0.1638888418674469,0.9457616806030273
1451546836497,2,-0.4930778443813324,-0.15948446094989777,0.9862550497055054
1451546836518,2,-0.5407527089118958,-0.11884265393018723,0.9430360794067383
1451546836539,2,0.04786480963230133,-1.3311667442321777,0.8639666438102722
1451546836555,2,-0.3358031213283539,-0.3757224977016449,1.360540747642517
1451546836577,2,-0.33046475052833557,-0.13462533056735992,-0.7142804861068726
1451546836600,2,-0.568173885345459,0.1078273355960846,-0.44529345631599426
1451546836619,2,-0.46721383929252625,0.14560148119926453,-0.20980887115001678
1451546836638,2,-0.26098349690437317,-0.060291681438684464,0.33966392278671265
1451546836653,2,-0.13472901284694672,-0.19872049987316132,0.42343583703041077
1451546836676,2,-0.19078122079372406,-0.35105100274086,0.16838380694389343
1451546836698,2,-0.6812868714332581,0.15684008598327637,-0.4326508343219757
1451546836721,2,-0.8448177576065063,0.35431963205337524,-0.027193712070584297
1451546836737,2,-0.6524003744125366,0.4252279996871948,0.03219371289014816
1451546836757,2,-0.5004214644432068,0.1369587481021881,0.34379589557647705
1451546836777,2,-0.12735438346862793,-0.2476993352174759,0.3530418872833252
1451546836801,2,-0.1874266117811203,-0.4089548885822296,0.06855389475822449
1451546836818,2,-0.2898986041545868,-0.0727338120341301,0.1808411329984665
1451546836839,2,-1.2714651823043823,-0.054504912346601486,1.9417980909347534
1451546836858,2,-0.7341338396072388,0.11368074268102646,0.02701309509575367
1451546836880,2,-0.19550032913684845,-0.02154255472123623,-0.016200024634599686
1451546836900,2,-0.22661051154136658,0.08389584720134735,-0.27877894043922424
1451546836920,2,-0.29836058616638184,0.04692249372601509,-0.1793535351753235
1451546836938,2,-0.5196036696434021,0.10449615120887756,-0.008426467888057232
1451546836961,2,-0.30930450558662415,-0.036866381764411926,0.38310733437538147
1451546836982,2,-0.3456777334213257,-0.017485972493886948,0.5467150211334229
1451546837001,2,-0.08766575157642365,-0.22574937343597412,0.746953547000885
1451546837021,2,0.01845753937959671,-0.27139878273010254,0.7144441604614258
1451546837042,2,-0.15761011838912964,-0.02579670585691929,0.2899971008300781
1451546837065,2,-0.3209478259086609,0.016235679388046265,0.08255378156900406
1451546837084,2,-0.3632120192050934,-0.05406710505485535,0.18433891236782074
1451546837105,2,0.03212921321392059,-0.2821013629436493,0.26391515135765076
1451546837143,2,-0.026185156777501106,-0.2185591608285904,0.3402630686759949
1451546837163,2,-0.05871816724538803,-0.13300737738609314,0.3170645534992218
1451546837183,2,-0.17969664931297302,-0.03224047273397446,0.243551567196846
1451546837204,2,-0.20835550129413605,0.05937865749001503,0.164809450507164
1451546837223,2,-0.13413195312023163,-0.11600831151008606,0.29641807079315186
1451546837243,2,-0.34218522906303406,-0.05729074403643608,0.33568039536476135
1451546837264,2,-0.28721824288368225,-0.033698856830596924,0.3446393609046936
1451546837283,2,-0.174033060669899,-0.01933247782289982,0.32484978437423706
1451546837305,2,-0.0492330938577652,-0.0924900695681572,0.3529413342475891
1451546837324,2,-0.020029665902256966,-0.11238076537847519,0.28076866269111633
1451546837344,2,-0.028817586600780487,-0.09344517439603806,0.36423957347869873
1451546837365,2,-0.12721893191337585,-0.062418755143880844,0.2932686507701874
1451546837387,2,-0.23871706426143646,-0.014933365397155285,0.16831950843334198
1451546837404,2,-0.21280641853809357,-0.03597206249833107,0.02382745034992695
1451546837430,2,-0.18771742284297943,-0.15857961773872375,0.1588560938835144
1451546837443,2,-0.18800771236419678,-0.14555588364601135,0.0665004700422287
1451546837467,2,-0.3042377531528473,-0.06202069669961929,0.03073766827583313
1451546837487,2,-0.23366661369800568,-0.003518237266689539,0.10921324044466019
1451546837507,2,-0.13234843313694,-0.04201192781329155,0.2613525986671448
1451546837527,2,-0.08638089895248413,-0.08653437346220016,0.5089531540870667
1451546837549,2,-0.08957936614751816,-0.023572014644742012,0.6275742650032043
1451546837568,2,-0.09622202068567276,-0.03136076778173447,0.5082786083221436
1451546837587,2,-0.12480083107948303,-0.03471183404326439,0.4650391936302185
1451546837606,2,-0.1474335640668869,0.010014614090323448,0.359925776720047
1451546837626,2,-0.11693715304136276,0.007238719146698713,0.06932780146598816
1451546837651,2,-0.15327131748199463,-0.06443418562412262,0.03990764915943146
1451546837663,2,-0.22628618776798248,-0.07802782952785492,0.07133680582046509
1451546837687,2,-0.2286626696586609,-0.1303425431251526,-0.05825286731123924
1451546837708,2,-0.23767179250717163,-0.04104454442858696,0.09047872573137283
1451546837728,2,-0.1952703893184662,3.267477441113442E-4,0.19793489575386047
1451546837752,2,-0.20668314397335052,0.04395370930433273,0.19610358774662018
1451546837769,2,-0.2875356674194336,0.0475672222673893,0.13206571340560913
1451546837789,2,-0.19195421040058136,0.042464930564165115,0.2010568231344223
1451546837809,2,-0.05398717150092125,-0.0346650704741478,0.3185539245605469
