1449336206307,0,0.6148778796195984,0.3036756217479706,0.48530223965644836
1449336206316,0,-3.2024943828582764,5.729136943817139,0.12694530189037323
1449336206326,1,-0.04243994131684303,0.09657119959592819,1.0490975379943848
1449336206348,1,0.006526040844619274,-0.08347031474113464,0.5258271098136902
1449336206368,1,-0.33617278933525085,-0.03132511302828789,-0.1299111545085907
1449336206388,1,-0.7895143628120422,-0.10476678609848022,0.360278844833374
1449336206407,1,0.38482043147087097,-0.7983163595199585,1.1698901653289795
1449336206427,1,1.664574146270752,1.7837018966674805,0.09489654749631882
1449336206447,1,-0.3160305917263031,0.8028486967086792,0.972628653049469
1449336206476,1,-0.3997103273868561,0.43219462037086487,0.44771337509155273
1449336206490,1,-0.5262083411216736,0.609185516834259,0.4268020987510681
1449336206511,1,-0.6599149107933044,0.3150689899921417,1.2588058710098267
1449336206532,1,-0.5354976058006287,0.2935480773448944,0.21233926713466644
1449336206551,1,-0.6277520656585693,0.4238567054271698,-0.49700668454170227
1449336206571,1,-0.8592544794082642,0.31956103444099426,-0.3632160723209381
1449336206604,1,-0.6708466410636902,0.2841372787952423,0.20159809291362762
1449336206645,1,0.39919981360435486,-0.04615794122219086,-0.8445435166358948
1449336206667,1,-0.22011157870292664,-0.029530631378293037,-0.3856546878814697
1449336206686,1,-0.6564855575561523,-0.2839972674846649,0.6763345003128052
1449336206705,1,-1.2657594680786133,0.12552666664123535,0.9298562407493591
1449336206724,1,-1.2625198364257813,0.7793155908584595,2.1163392066955566
1449336206747,1,-1.0505986213684082,0.5442439317703247,0.30129823088645935
1449336206767,1,-0.95326167345047,-0.4556058943271637,-1.0849088430404663
1449336206787,1,0.7960828542709351,0.2532385587692261,-0.9171277284622192
1449336206807,1,1.6288762092590332,0.6776692867279053,-0.21073651313781738
1449336206821,1,1.6010220050811768,0.6287900805473328,0.5235153436660767
1449336206848,1,-0.665799617767334,-0.789125919342041,0.9905384182929993
1449336206868,1,-0.3523993492126465,-0.6242974400520325,0.4030202627182007
1449336206887,1,0.3735387325286865,-0.6754077672958374,0.4257955551147461
1449336206907,1,0.11879969388246536,-0.32183367013931274,0.21541503071784973
1449336206926,1,-0.11236341297626495,0.23345980048179626,0.8596978783607483
1449336206948,1,-0.5743921995162964,0.033453356474637985,2.0353262424468994
1449336206966,1,-1.3681550025939941,-0.3004360795021057,0.6244891881942749
1449336206986,1,-1.044419288635254,0.8443360328674316,0.0815717875957489
1449336207009,1,-1.1777838468551636,0.9169254899024963,-2.414109230041504
1449336207031,1,-0.24668000638484955,2.543140172958374,-2.9495577812194824
1449336207050,1,3.087827205657959,-3.040527105331421,4.064846992492676
1449336207070,1,-5.190001010894775,2.0211048126220703,-1.3832067251205444
1449336207089,1,-5.302650451660156,2.043999433517456,-2.0769810676574707
1449336207110,1,-0.5768941044807434,0.04694061726331711,-3.0133590698242188
1449336207133,1,3.546801805496216,-1.8266029357910156,-3.822927474975586
1449336207150,1,4.484399795532227,-1.9371614456176758,-1.903924584388733
1449336207169,1,-2.0705959796905518,0.37866321206092834,1.6092191934585571
1449336207187,1,-2.84942364692688,0.5727402567863464,0.8192711472511292
1449336207211,1,-1.2224295139312744,0.65590900182724,0.11671441048383713
1449336207243,1,-0.2271098792552948,0.6234270930290222,-1.132598876953125
1449336207253,1,0.1500193327665329,0.1997884213924408,-1.1444693803787231
1449336207271,1,-0.14194872975349426,0.2154495120048523,-0.39662033319473267
1449336207291,1,-0.40432673692703247,0.19834406673908234,2.037393093109131
1449336207309,1,0.157639741897583,-0.21202771365642548,1.6188825368881226
1449336207332,1,0.6278619170188904,-0.5713397860527039,0.500008225440979
1449336207347,1,0.7271233797073364,-0.23961831629276276,0.6363421082496643
1449336207371,1,0.23303161561489105,0.09909984469413757,0.49494215846061707
1449336207391,1,0.578284740447998,-0.11372809112071991,0.6139905452728271
1449336207411,1,0.8022019267082214,-0.20414836704730988,0.6080681681632996
1449336207434,1,0.4747750759124756,-0.1887795329093933,1.5078730583190918
1449336207451,1,-0.032760296016931534,0.09425590932369232,0.4318009316921234
1449336207471,1,-0.39802491664886475,0.4762941598892212,-0.14776188135147095
1449336207493,1,-0.1738932728767395,0.4949497580528259,-0.48940908908843994
1449336207513,1,-0.21494098007678986,0.4047299921512604,-0.14856910705566406
1449336207534,1,-0.09671459347009659,0.2837047278881073,0.18447043001651764
1449336207552,1,-0.23517701029777527,0.23371289670467377,0.42170798778533936
1449336207572,1,-0.31008923053741455,-0.018735095858573914,0.36278408765792847
1449336207593,1,-0.06794515252113342,0.027671266347169876,0.22835107147693634
1449336207615,1,0.6253001689910889,-0.05243687331676483,0.11087503284215927
1449336207636,1,0.9069794416427612,-0.25835108757019043,0.06627075374126434
1449336207653,1,0.8323284983634949,-0.23516397178173065,0.19369710981845856
1449336207669,1,0.2620640993118286,-0.13012509047985077,0.3345639705657959
1449336207693,1,-0.29325756430625916,0.264803022146225,0.6134539842605591
1449336207715,1,-0.08010932803153992,0.3922556936740875,0.7803198099136353
1449336207736,1,0.07753974199295044,0.24656537175178528,0.41050389409065247
1449336207749,1,0.5663998126983643,0.15192367136478424,0.11737257987260818
1449336207774,1,-0.19673343002796173,0.24028116464614868,-0.16143734753131866
1449336207794,1,-0.13633444905281067,0.3776812255382538,-0.4139958322048187
1449336207815,1,0.10027781873941422,0.04129881039261818,-0.05155015364289284
1449336207834,1,-0.056015919893980026,0.17282675206661224,0.05525251850485802
1449336207854,1,-0.03890475630760193,0.3161170482635498,0.21197979152202606
1449336207875,1,0.21657340228557587,0.2908797264099121,0.22837679088115692
1449336207894,1,0.12679356336593628,0.1960352063179016,0.29943594336509705
1449336207916,1,0.2034287303686142,0.13033844530582428,0.22917701303958893
1449336207934,1,0.21342220902442932,-0.027995675802230835,0.11148060113191605
1449336207953,1,0.4793928861618042,-0.45002663135528564,0.2120838314294815
1449336207974,1,0.3558160066604614,-0.09216507524251938,0.4249924421310425
1449336207995,1,-0.0963740348815918,0.03854921832680702,0.2811369001865387
1449336208017,1,-0.6309512257575989,0.7874684929847717,-0.09244506061077118
1449336208035,1,-0.022530706599354744,0.15626081824302673,0.26695990562438965
1449336208055,1,0.15645554661750793,-0.021383564919233322,0.7134189009666443
1449336208076,1,0.3276498317718506,-0.010999533347785473,0.8520920872688293
1449336208101,1,0.25816643238067627,0.18440672755241394,0.4159054458141327
1449336208116,1,-0.06414848566055298,0.25406011939048767,0.06083528697490692
1449336208137,1,-0.0887291356921196,0.2522837519645691,0.06232055649161339
1449336208156,1,0.48766395449638367,0.3052443563938141,0.25592240691185
1449336208177,1,0.3640822768211365,0.2096247524023056,0.0031201778911054134
1449336208199,1,0.14655646681785583,0.18542321026325226,0.0464005172252655
1449336208220,1,-0.15879154205322266,0.10326631367206573,-0.0785287618637085
1449336208238,1,-0.1321370154619217,0.16959844529628754,-0.178325355052948
1449336208257,1,0.20257331430912018,0.039309099316596985,0.20001345872879028
1449336208276,1,0.2948797643184662,0.03437631577253342,0.24313539266586304
1449336208299,1,0.18769091367721558,0.03219020366668701,0.13661621510982513
1449336208319,1,0.04913496598601341,0.13495032489299774,0.11523732542991638
1449336208337,1,-0.13252532482147217,0.2475169599056244,0.18864157795906067
1449336208353,2,0.0033095995895564556,0.07190203666687012,-0.18814532458782196
1449336208378,2,0.12490326911211014,-0.07663257420063019,-0.0890595093369484
1449336208404,2,0.22348633408546448,-0.11509177833795547,-0.07855097204446793
1449336208421,2,0.12164174765348434,0.0627630352973938,0.08244213461875916
1449336208437,2,-0.0800662636756897,0.28379708528518677,0.2994605004787445
1449336208457,2,0.07649130374193192,0.04781681299209595,0.1387111395597458
1449336208473,2,0.2144131362438202,-0.06588730961084366,0.23091596364974976
1449336208498,2,0.282981276512146,-0.056916650384664536,0.18019114434719086
1449336208520,2,0.0930296778678894,-0.056247957050800323,0.24888241291046143
1449336208539,2,0.01242867112159729,0.06108955293893814,0.09464578330516815
1449336208557,2,0.023680608719587326,0.25932371616363525,-0.019561609253287315
1449336208578,2,0.2551901042461395,0.16976210474967957,0.15240824222564697
1449336208600,2,0.011416598223149776,-0.07080313563346863,0.210408017039299
1449336208618,2,-0.1610327512025833,-0.059288639575242996,0.39565935730934143
1449336208638,2,-0.16598708927631378,0.08300386369228363,0.38977497816085815
1449336208658,2,-0.08785276114940643,0.1373421847820282,0.06091010570526123
1449336208680,2,0.34670543670654297,-0.12060323357582092,-0.007221768144518137
1449336208700,2,0.3498347997665405,-0.17895722389221191,0.16179390251636505
1449336208719,2,0.1718621402978897,0.023283259943127632,0.4963532090187073
1449336208734,2,0.11688694357872009,0.15410393476486206,0.6251175403594971
1449336208760,2,0.03785593807697296,0.2435954064130783,0.5731325149536133
1449336208784,2,0.27540427446365356,0.16695231199264526,0.24272681772708893
1449336208800,2,0.6814820170402527,-0.07638648897409439,0.22644495964050293
1449336208819,2,0.8775980472564697,-0.5187330842018127,0.20722997188568115
1449336208836,2,0.9430710077285767,-0.733095109462738,0.1165139228105545
1449336208860,2,-16.75222396850586,1.0978671312332153,-5.621297836303711
1449336208882,2,-1.2840371131896973,-3.139695167541504,1.348781943321228
1449336208901,2,7.900044918060303,-0.1845160275697708,0.32604748010635376
1449336208920,2,6.313087463378906,-0.7755047678947449,-0.5562567710876465
1449336208939,2,3.074023723602295,-1.6402076482772827,0.03777122125029564
1449336208960,2,0.17135822772979736,-1.8338193893432617,1.038863182067871
1449336208983,2,-0.8850997090339661,-1.1070094108581543,1.6918442249298096
1449336209004,2,-0.8923952579498291,0.16430091857910156,-0.4804401695728302
1449336209020,2,-0.7305306196212769,0.6061673164367676,-1.2236802577972412
1449336209036,2,-0.7645137310028076,1.1477649211883545,-1.1092349290847778
1449336209061,2,-0.789093554019928,1.1365245580673218,-0.39475217461586
1449336209084,2,-0.5478063821792603,0.7972329258918762,0.4276707172393799
1449336209102,2,0.6065813302993774,-0.3697913587093353,0.5385270118713379
1449336209122,2,0.93095463514328,-0.5028297305107117,0.3495972752571106
1449336209141,2,1.040370225906372,-0.3924696445465088,0.1930956393480301
1449336209162,2,0.9057546257972717,-0.23194004595279694,0.010052607394754887
1449336209183,2,0.777745246887207,-0.15208500623703003,-0.0036912558134645224
1449336209204,2,0.624710202217102,-0.0937754362821579,0.21299977600574493
1449336209222,2,0.16631855070590973,0.04111877828836441,0.3938713073730469
1449336209237,2,0.09675463289022446,0.2135205864906311,0.20035481452941895
1449336209263,2,0.20955777168273926,0.27949732542037964,0.25692251324653625
1449336209283,2,0.13419148325920105,0.19927053153514862,0.3426496684551239
1449336209305,2,0.18129771947860718,0.05455693602561951,0.27491524815559387
1449336209324,2,0.35892125964164734,-0.10898878425359726,0.019488545134663582
1449336209344,2,0.3529997766017914,-0.04830138385295868,0.04670213162899017
1449336209366,2,0.34513434767723083,0.016931261867284775,0.0586310550570488
1449336209384,2,0.2779875695705414,0.055131521075963974,0.20875439047813416
1449336209402,2,0.2741982042789459,-0.014243044890463352,0.276078462600708
1449336209422,2,0.13671380281448364,0.18051321804523468,0.1299310326576233
1449336209444,2,0.07491663843393326,0.13282032310962677,0.044562194496393204
1449336209466,2,0.14382502436637878,0.10579729825258255,0.04918810352683067
1449336209484,2,0.04354983940720558,0.14986498653888702,0.17231062054634094
1449336209503,2,0.20903214812278748,0.07230009883642197,0.2057715803384781
1449336209523,2,0.3050987124443054,0.018674304708838463,0.31367841362953186
1449336209544,2,0.25410696864128113,0.12975743412971497,0.18078503012657166
1449336209566,2,0.25705164670944214,0.13158756494522095,-0.2001940757036209
1449336209586,2,0.3438580632209778,0.09820260107517242,-0.25258827209472656
1449336209600,2,0.3720972239971161,0.05536416172981262,-0.053743865340948105
1449336209624,2,0.4393903315067291,-0.0056008887477219105,0.20075170695781708
1449336209645,2,0.2426437884569168,0.08348960429430008,0.43603289127349854
1449336209666,2,0.058032501488924026,0.12525369226932526,0.3194441497325897
1449336209682,2,0.07335417717695236,0.16280746459960938,-0.01870645396411419
1449336209705,2,0.13749344646930695,0.1956026554107666,-0.18064415454864502
1449336209726,2,0.15346524119377136,0.11759645491838455,-0.012397709302604198
1449336209746,2,0.22915925085544586,0.04717325419187546,0.6034101247787476
1449336209767,2,-0.024671519175171852,0.05056991055607796,0.6548112630844116
1449336209787,2,-0.03411662578582764,0.11769874393939972,0.30795711278915405
1449336209805,2,0.18152005970478058,0.18265549838542938,0.09111761301755905
1449336209826,2,-0.04277564212679863,0.22371698915958405,-0.09912147372961044
1449336209848,2,0.11549174785614014,0.014002806507050991,-0.2860042154788971
1449336209867,2,0.21944375336170197,-0.04718085378408432,0.07277531176805496
1449336209887,2,0.03639039769768715,0.05513210594654083,0.04820902645587921
1449336209905,2,0.19737689197063446,0.1212964802980423,-0.16383564472198486
1449336209922,2,0.30050840973854065,0.11525135487318039,0.13147416710853577
1449336209949,2,0.2829439043998718,0.004047814290970564,0.4549117684364319
1449336209970,2,0.09620893746614456,0.056636665016412735,0.16305705904960632
1449336209987,2,0.1228131502866745,0.09447042644023895,-0.04612170159816742
1449336210007,2,0.16017790138721466,0.15579846501350403,0.016992051154375076
1449336210027,2,0.14288967847824097,0.09340309351682663,-0.011287118308246136
1449336210050,2,0.23722881078720093,-0.011665303260087967,-0.068764328956604
1449336210070,2,0.05869659408926964,-0.02045300602912903,0.20788754522800446
1449336210087,2,0.12406286597251892,0.03885667771100998,0.4112304449081421
1449336210109,2,0.20008964836597443,0.1069575697183609,0.4559060335159302
1449336210128,2,0.11490437388420105,0.08768296241760254,0.27579379081726074
1449336210149,2,0.11878146976232529,0.017094342038035393,-0.09664484858512878
1449336210169,2,0.13384661078453064,-0.011381225660443306,-0.16059798002243042
1449336210186,2,0.018743233755230904,-0.03493161499500275,0.12229776382446289
1449336210207,2,-0.007012600544840097,-0.05255553126335144,0.2869838774204254
1449336210228,2,0.21515779197216034,-0.006399345584213734,0.2564268410205841
1449336210250,2,0.3253695070743561,0.015286416746675968,0.18566110730171204
1449336210268,2,0.27124476432800293,0.08997136354446411,0.23242461681365967
1449336210288,2,-0.14287923276424408,0.13670681416988373,0.041663553565740585
1449336210309,2,-0.1566098928451538,0.09720423817634583,-0.0483364537358284
1449336210328,2,-0.03338225558400154,0.11292904615402222,-0.05776362493634224
1449336210349,2,0.020442329347133636,0.1113286241889,-0.034485623240470886
1449336210373,1,0.1253097802400589,0.11742226779460907,0.051707975566387177
1449336210390,1,0.23119662702083588,-0.05064765363931656,0.2746165692806244
1449336210412,1,0.2362978756427765,-0.0825163722038269,0.2482125461101532
1449336210434,1,0.17336182296276093,-0.01532265730202198,0.10268354415893555
1449336210450,1,0.04625004902482033,0.12601883709430695,-0.04238543659448624
1449336210471,1,0.030430428683757782,0.13732758164405823,-0.12167290598154068
1449336210489,1,0.06592172384262085,0.05806640535593033,0.1453162431716919
1449336210510,1,0.0399579182267189,0.022637948393821716,0.18648295104503632
1449336210532,1,0.026350082829594612,0.12842939794063568,0.1612614095211029
1449336210554,1,0.012709807604551315,0.13615210354328156,0.06769640743732452
1449336210571,1,0.16185049712657928,0.040859248489141464,0.09132862091064453
1449336210590,1,0.1860017329454422,0.0631207674741745,0.28939035534858704
1449336210610,1,-0.0556323267519474,0.1739671677350998,0.2836497724056244
1449336210633,1,-0.06459780782461166,0.1507405936717987,0.27342766523361206
1449336210652,1,-0.2885453999042511,0.02405424602329731,0.025509120896458626
1449336210671,1,-0.34136542677879333,0.21902386844158173,0.6001549363136292
1449336210691,1,-1.2807947397232056,0.24506139755249023,1.354325532913208
1449336210711,1,0.7811633348464966,-0.11006313562393188,-1.805492877960205
1449336210733,1,26.127687454223633,-2.1130220890045166,3.544623851776123
1449336210755,1,-0.8105423450469971,-0.16978316009044647,4.655749797821045
1449336210770,1,-2.1689653396606445,0.9104776382446289,-2.9400277137756348
1449336210807,1,-6.1268110275268555,1.332157015800476,-2.7299435138702393
1449336210818,1,-0.8919060230255127,-0.5116466283798218,-1.5705804824829102
1449336210833,1,-0.329008013010025,-1.06174635887146,-0.8070897459983826
1449336210876,1,-1.7301335334777832,-0.18573708832263947,0.05289163440465927
1449336210889,1,-2.661512851715088,0.8860755562782288,0.8173445463180542
1449336210898,1,-2.6241912841796875,1.0667495727539063,1.0808300971984863
1449336210912,1,-2.152440309524536,0.6080623269081116,1.0050877332687378
1449336210934,1,-0.7920957207679749,0.035991936922073364,1.1386469602584839
1449336210951,1,-0.9900230169296265,-0.08878770470619202,1.1651432514190674
1449336210971,1,-1.2731387615203857,-0.06462065130472183,0.5011024475097656
1449336210991,1,-1.3516530990600586,-0.004466916434466839,-0.2334393411874771
1449336211015,1,-1.104506254196167,0.026293547824025154,-0.5978922247886658
1449336211035,1,-0.874857485294342,-0.11787059158086777,-0.15216974914073944
1449336211052,1,-0.8194271326065063,-0.1308019757270813,0.2546674311161041
1449336211067,1,-0.7766613960266113,-0.12219137698411942,0.464013934135437
1449336211092,1,-0.6830866932868958,-0.029746320098638535,0.5030962228775024
1449336211113,1,-0.7968524694442749,0.015827683731913567,0.4506354033946991
1449336211134,1,-0.935149610042572,0.051261987537145615,0.2516612410545349
1449336211153,1,-0.8572463989257813,0.019808277487754822,-0.12814298272132874
1449336211174,1,-0.9044585227966309,0.03267068415880203,-0.3825128972530365
1449336211194,1,-1.1001856327056885,0.12527473270893097,-0.4138847589492798
1449336211216,1,-1.1363636255264282,0.15577274560928345,-0.18067863583564758
1449336211236,1,-1.0273098945617676,0.1580740064382553,0.04735971614718437
1449336211249,1,-0.6254010200500488,-0.07509060949087143,0.5024603009223938
1449336211274,1,-0.3424070477485657,-0.07920271903276443,0.5532090663909912
1449336211295,1,-0.3576546609401703,0.11269757896661758,0.3375801146030426
1449336211316,1,-0.5343551635742188,0.14785540103912354,0.1494552344083786
1449336211337,1,-0.5380704998970032,-0.028025487437844276,0.05874328315258026
1449336211350,1,-0.5227335691452026,-0.1482265740633011,0.26373395323753357
1449336211375,1,-0.6769598722457886,0.06761164963245392,0.06123919039964676
1449336211394,1,-0.7537580728530884,0.2202531099319458,0.051139820367097855
1449336211416,1,-0.7349189519882202,0.271126389503479,-0.03168751671910286
1449336211435,1,-0.6883296370506287,0.2521265149116516,-0.026050971820950508
1449336211449,1,-0.37651196122169495,0.11394552886486053,0.07969781011343002
1449336211474,1,-0.3580653667449951,-0.08206336945295334,0.06610124558210373
1449336211496,1,-0.28520911931991577,-0.13289164006710052,0.17971184849739075
1449336211517,1,-0.3659987449645996,-0.02681143581867218,0.337436318397522
1449336211538,1,-0.5453405976295471,-0.02987023815512657,0.3510311245918274
1449336211555,1,-0.4175119996070862,-0.016070259734988213,0.1904682219028473
1449336211577,1,-0.4061632752418518,0.12045125663280487,0.30382102727890015
1449336211595,1,-0.5705766081809998,0.11289981752634048,0.2854126989841461
1449336211617,1,-0.521282970905304,0.08709434419870377,0.2942413091659546
1449336211638,1,-0.5913403630256653,-0.006121697835624218,0.21137306094169617
1449336211656,1,-0.5333744883537292,0.05899696424603462,-0.0319938063621521
1449336211676,1,-0.3246978223323822,0.07022738456726074,-0.029290392994880676
1449336211698,1,-0.17738157510757446,-0.030386371538043022,0.06805296242237091
1449336211717,1,-0.1894550919532776,-0.09310030937194824,0.30758652091026306
1449336211738,1,-0.3169342279434204,-0.05799100175499916,0.3189449608325958
1449336211757,1,-0.4037063717842102,0.0639946237206459,0.13204233348369598
1449336211777,1,-0.20112895965576172,0.06119184568524361,-0.12147416919469833
1449336211799,1,-0.1612354815006256,0.015987258404493332,-0.151559516787529
1449336211817,1,-0.1287042647600174,-0.0061345575377345085,-0.03491349145770073
1449336211836,1,-0.20162451267242432,-0.0481073223054409,0.10728782415390015
1449336211857,1,-0.18096841871738434,-0.1486675888299942,0.1921691745519638
1449336211876,1,-0.17143355309963226,-0.09673545509576797,0.3938239812850952
1449336211899,1,-0.10236291587352753,0.06788169592618942,0.3259989619255066
1449336211920,1,-0.1645369976758957,0.10477379709482193,0.07127601653337479
1449336211937,1,-0.20509299635887146,0.14621932804584503,-0.009908230975270271
1449336211957,1,-0.28490856289863586,0.18713760375976563,0.059122636914253235
1449336211977,1,-0.21853817999362946,0.09068506211042404,0.20043255388736725
1449336211999,1,-0.1749889850616455,0.10213059186935425,0.10788403451442719
1449336212020,1,-0.2693691551685333,0.1992833912372589,-0.08677811920642853
1449336212037,1,-0.07608239352703094,0.15640227496623993,-0.10168693959712982
1449336212054,1,-0.05103573948144913,0.010139117017388344,-0.046110592782497406
1449336212079,1,-0.039002131670713425,-0.021211715415120125,0.12496493756771088
1449336212101,1,-0.10109209269285202,0.0172433964908123,0.32014089822769165
1449336212121,1,-0.1521371454000473,0.031304653733968735,0.2262374460697174
1449336212138,1,-0.22504793107509613,0.098703533411026,-0.04920622333884239
1449336212159,1,-0.2825450897216797,0.17642740905284882,-0.16233108937740326
1449336212178,1,-0.10955197364091873,0.08256138116121292,-0.018664369359612465
1449336212201,1,0.017819806933403015,-0.05700169876217842,0.21826282143592834
1449336212219,1,-0.10646934807300568,-0.10797084122896194,0.5106079578399658
1449336212239,1,-0.29931405186653137,0.09813538193702698,0.3186468482017517
1449336212259,1,-0.2891389727592468,0.20974983274936676,0.16456103324890137
1449336212282,1,-0.1601564586162567,0.1365106999874115,-0.007775894831866026
1449336212301,1,-0.032047856599092484,-0.049756258726119995,-0.051384150981903076
1449336212334,1,0.06435123831033707,-0.041142743080854416,0.2480231672525406
1449336212344,1,-0.12494455277919769,0.061149172484874725,0.2182961404323578
1449336212368,1,-0.23419344425201416,0.10957272350788116,0.13831600546836853
1449336212385,1,-0.14489713311195374,0.08256138116121292,0.055984921753406525
1449336212398,1,-0.06541205197572708,0.056308746337890625,-9.469254873692989E-4
1449336212436,2,-0.052211176604032516,0.06030629202723503,0.12278583645820618
1449336212443,2,-0.03220467269420624,-0.0015460604336112738,0.17550912499427795
1449336212461,2,0.029525991529226303,0.05017886683344841,0.14225158095359802
1449336212482,2,0.016533566638827324,0.10763152688741684,0.18287703394889832
1449336212503,2,-0.04221811890602112,0.027308862656354904,0.11799509823322296
1449336212520,2,0.01992872543632984,0.03565758839249611,-0.005240823142230511
1449336212539,2,-0.10131321102380753,0.10463643074035645,0.09127368032932281
1449336212560,2,-0.014915318228304386,0.0857645571231842,0.09274199604988098
1449336212583,2,-0.011498386040329933,0.03335048258304596,0.08004501461982727
1449336212602,2,-0.02838076651096344,-0.007839608006179333,0.11396072804927826
1449336212616,2,0.07497037947177887,-0.024541735649108887,0.23603053390979767
1449336212643,2,-0.11723240464925766,0.17720775306224823,0.31855565309524536
1449336212662,2,-0.09095325320959091,0.09886427968740463,0.24797990918159485
1449336212684,2,-0.025204073637723923,0.005402151495218277,0.07792963087558746
1449336212698,2,0.11648918688297272,-0.010524609126150608,0.09069149196147919
1449336212721,2,0.10239274799823761,0.0435907207429409,0.11327157914638519
1449336212742,2,0.14001257717609406,-0.00304068299010396,0.0882803425192833
1449336212763,2,0.14940348267555237,-0.06684095412492752,0.08567337691783905
1449336212784,2,0.18957394361495972,-0.037361469119787216,0.1753372848033905
1449336212802,2,5.024996280670166,1.9530420303344727,5.0659565925598145
1449336212821,2,-0.27883270382881165,0.8535656332969666,0.7886439561843872
1449336212843,2,2.4109315872192383,0.06884703785181046,-0.1662193238735199
1449336212864,2,1.8572458028793335,-0.3375619947910309,0.5899146795272827
1449336212885,2,1.1919231414794922,-0.3175655007362366,0.09481821954250336
1449336212904,2,0.7978411316871643,-0.27707070112228394,-0.06896715611219406
1449336212923,2,-0.21169620752334595,-0.5563228130340576,-0.21731822192668915
1449336212944,2,-0.7531225681304932,-1.3471672534942627,0.4441501200199127
1449336212966,2,-2.3037755489349365,1.885488748550415,-0.18324469029903412
1449336212985,2,-1.4998024702072144,1.4132702350616455,-1.987374525924679E-5
1449336213004,2,-0.6673702597618103,0.6263248324394226,0.21389059722423553
1449336213023,2,-0.05955341085791588,0.024245968088507652,0.5104618072509766
1449336213044,2,0.25063496828079224,-0.5093821883201599,0.31892916560173035
1449336213066,2,0.4731917977333069,-0.41808629035949707,-4.845686489716172E-4
1449336213085,2,0.2765200734138489,-0.11086539179086685,0.27696460485458374
1449336213104,2,-0.08456850051879883,0.13204467296600342,0.299034982919693
1449336213125,2,-0.40337929129600525,0.2552081048488617,0.0958060622215271
1449336213144,2,-0.4528510272502899,0.28073009848594666,0.08831833302974701
1449336213166,2,-0.31096455454826355,0.14264731109142303,0.11474574357271194
1449336213181,2,-0.1384769082069397,0.02711363323032856,0.0446697473526001
1449336213204,2,0.11185622960329056,-0.11576134711503983,0.16428865492343903
1449336213225,2,0.2024315893650055,-0.16681991517543793,0.27984103560447693
1449336213245,2,0.05222737789154053,-0.04287935793399811,0.3314940631389618
1449336213266,2,-0.12628144025802612,0.07668518275022507,0.3102373480796814
1449336213285,2,-0.21161708235740662,0.11976152658462524,0.1734650582075119
1449336213305,2,-0.20093309879302979,0.08461363613605499,0.1968839317560196
1449336213326,2,-0.14477437734603882,0.0894341915845871,0.142115980386734
1449336213346,2,-0.12723109126091003,0.07367197424173355,0.1703115552663803
1449336213367,2,-0.07746836543083191,0.04746142402291298,0.2211579531431198
1449336213386,2,-0.011803469620645046,-0.04836275801062584,0.14710311591625214
1449336213402,2,0.020761139690876007,-0.015623101033270359,0.024625906720757484
1449336213426,2,-0.06137702614068985,0.07869651913642883,0.06503098458051682
1449336213448,2,-0.17600592970848083,0.09819909185171127,0.22683307528495789
1449336213462,2,-0.18646778166294098,0.0916571244597435,0.36104923486709595
1449336213485,2,0.040294308215379715,-0.0646098330616951,0.2307598888874054
1449336213505,2,0.1385275423526764,-0.04492372274398804,0.05594868212938309
1449336213527,2,0.12140358984470367,-0.01737958937883377,0.037292495369911194
1449336213548,2,0.009156462736427784,0.01823766715824604,0.18590426445007324
1449336213567,2,-0.16938765347003937,0.09445756673812866,0.26405951380729675
1449336213586,2,-0.2934495806694031,0.18064941465854645,0.1477952003479004
1449336213606,2,-0.03709726780653,0.031216392293572426,0.11921265721321106
1449336213627,2,0.0908447876572609,-0.05597001686692238,0.21298165619373322
1449336213649,2,0.04906080290675163,-0.04134995490312576,0.243048295378685
1449336213670,2,-0.00900978408753872,-0.01931494101881981,0.18256430327892303
1449336213686,2,-0.034461695700883865,0.03399462625384331,0.17394787073135376
1449336213707,2,-0.14903993904590607,0.148015558719635,0.12439151853322983
1449336213727,2,-0.17038103938102722,0.11648586392402649,0.12075638025999069
1449336213749,2,-0.059242427349090576,0.020904840901494026,0.09536007046699524
1449336213764,2,0.03001541830599308,-0.011149170808494091,0.09733458608388901
1449336213788,2,0.03692377358675003,-0.04611760750412941,0.1369786113500595
1449336213807,2,-0.04071257263422012,0.085063137114048,0.16471125185489655
1449336213832,2,0.012056111358106136,0.046557169407606125,0.2517834007740021
1449336213849,2,0.057663269340991974,-0.02767302095890045,0.17898762226104736
1449336213870,2,-0.024561317637562752,-0.016646014526486397,-0.0019043723586946726
1449336213887,2,-0.1047540158033371,0.0029798925388604403,0.051163200289011
1449336213909,2,-0.08686832338571548,0.04321896657347679,0.23633331060409546
1449336213929,2,-0.05510704591870308,0.07780804485082626,0.12495148926973343
1449336213950,2,0.05874909088015556,0.0342266783118248,0.046513915061950684
1449336213971,2,0.17682291567325592,-0.03288228064775467,0.09130816906690598
1449336213989,2,0.16029727458953857,-0.08340630680322647,0.17136895656585693
1449336214009,2,0.0846938043832779,-0.008631634525954723,0.19376492500305176
1449336214032,2,-0.12550616264343262,0.0834878459572792,-0.05417407304048538
1449336214051,2,-0.09054200351238251,0.16491758823394775,0.21022096276283264
1449336214065,2,-0.0031370194628834724,0.1458633542060852,0.30836862325668335
1449336214090,2,0.08408970385789871,0.0941261425614357,0.2007388472557068
1449336214110,2,0.06889500468969345,0.002075052820146084,0.1404600292444229
1449336214133,2,0.03395414724946022,0.08212999999523163,0.1486363261938095
1449336214151,2,-0.09223897755146027,0.13915245234966278,0.08942074328660965
1449336214169,2,-0.04973598197102547,0.11923428624868393,0.03622165322303772
1449336214189,2,0.0560431182384491,0.0969897210597992,0.11798866838216782
1449336214210,2,0.07901450246572495,0.06215747445821762,0.19090719521045685
1449336214233,2,-0.014399039559066296,0.08005787432193756,0.211324542760849
1449336214251,2,-0.18701280653476715,0.20843759179115295,0.30467912554740906
1449336214266,2,-0.19731523096561432,0.31500178575515747,0.3303530812263489
1449336214290,2,-0.25429943203926086,-0.1392114907503128,0.05060848966240883
1449336214312,2,0.28987953066825867,0.28440263867378235,0.851677656173706
1449336214332,2,-0.4615045487880707,0.36118778586387634,0.7062678933143616
1449336214353,2,-0.1312618851661682,0.5176286101341248,0.04584639146924019
1449336214371,2,0.14648543298244476,0.06034311652183533,-0.19503158330917358
1449336214404,2,0.49189066886901855,-0.30542173981666565,-0.212747260928154
1449336214420,2,0.7194117307662964,-0.4626142978668213,-0.09206687659025192
1449336214447,2,0.6224759817123413,-0.5927817821502686,-0.13140520453453064
1449336214454,2,0.43319612741470337,-0.2279006987810135,-0.4148702621459961
1449336214475,1,0.37695568799972534,0.11662322282791138,0.07472293823957443
1449336214487,1,-0.50407475233078,0.5843108892440796,0.7248714566230774
1449336214513,1,-0.996752142906189,0.5815607309341431,0.5308318138122559
1449336214536,1,-0.5281250476837158,0.3945978879928589,0.0975666418671608
1449336214553,1,-0.12188857793807983,0.15994681417942047,-0.08373101055622101
1449336214572,1,-0.05062032863497734,-0.027699323371052742,0.05217500776052475
1449336214592,1,0.21914361417293549,-0.09022095799446106,-0.025382278487086296
1449336214616,1,0.4026378393173218,-0.10178922861814499,-0.028429390862584114
1449336214635,1,0.3385537266731262,-0.18707390129566193,-0.0034954410512000322
1449336214653,1,0.24684220552444458,-0.09423545002937317,-0.04919277876615524
1449336214672,1,-0.12633393704891205,0.18093056976795197,0.05748656019568443
1449336214694,1,-0.2034219652414322,0.18688276410102844,0.2513999342918396
1449336214714,1,-0.10590018332004547,0.17836277186870575,0.3691343367099762
1449336214731,1,-0.05681224912405014,0.10737492144107819,0.40886780619621277
1449336214754,1,-0.235782653093338,0.1169990748167038,0.6466361284255981
1449336214775,1,-1.141040325164795,-0.06601882725954056,1.7215467691421509
1449336214793,1,-0.2550373375415802,-1.1902154684066772,-0.36133038997650146
1449336214816,1,23.443248748779297,-4.2805914878845215,-1.9747323989868164
1449336214838,1,1.8710660934448242,-1.0413310527801514,4.876514911651611
1449336214856,1,-3.971526622772217,1.9113415479660034,-2.026379108428955
1449336214878,1,-7.496927261352539,2.841843843460083,-4.121253490447998
1449336214892,1,-3.9869637489318848,0.9839292168617249,-1.5266900062561035
1449336214919,1,-0.21529188752174377,-0.44479602575302124,-1.6568998098373413
1449336214932,1,2.000413656234741,-0.5445765256881714,-0.8953151106834412
1449336214956,1,-0.22151301801204681,0.6537660956382751,2.1414568424224854
1449336214977,1,-0.14205440878868103,1.0066121816635132,2.0393266677856445
1449336214998,1,0.17088648676872253,0.5361387133598328,1.362104892730713
1449336215020,1,0.5062450170516968,0.13348142802715302,0.6674562096595764
1449336215038,1,0.39658042788505554,0.2776414752006531,0.1969178318977356
1449336215057,1,-0.06538268178701401,0.4056997001171112,-0.11924480646848679
1449336215079,1,-0.7991175651550293,0.5441033840179443,-0.48343291878700256
1449336215100,1,-0.5569297075271606,0.44527241587638855,-0.1542319506406784
1449336215119,1,-0.17342768609523773,0.05934358760714531,-0.17300796508789063
1449336215138,1,0.2103673815727234,-0.14309300482273102,-0.06780453771352768
1449336215158,1,0.5627049803733826,-0.21988165378570557,0.00692950701341033
1449336215178,1,0.8527759313583374,-0.3460504114627838,-0.236642524600029
1449336215200,1,0.8257848620414734,-0.22461101412773132,-0.040713120251894
1449336215221,1,0.6821242570877075,-0.1431117057800293,0.16987550258636475
1449336215238,1,0.2730381488800049,-0.043445758521556854,0.5839981436729431
1449336215255,1,-0.15776146948337555,0.1706172674894333,0.717930257320404
1449336215275,1,-0.12997278571128845,0.2953077554702759,0.6143488883972168
1449336215297,1,0.16375182569026947,0.24855975806713104,0.1610819548368454
1449336215318,1,0.379531592130661,-0.0618508942425251,0.010866846889257431
1449336215336,1,0.2456759810447693,-0.034157413989305496,0.11584288626909256
1449336215352,1,0.163720965385437,-0.05280454084277153,0.002587093971669674
1449336215377,1,0.20945490896701813,-0.11346972733736038,-0.20530104637145996
1449336215397,1,0.17696444690227509,-0.02557750977575779,-0.2429676353931427
1449336215418,1,0.3216230273246765,0.18365034461021423,0.43095454573631287
1449336215437,1,0.08769909292459488,0.17665478587150574,0.4941670894622803
1449336215457,1,-0.18198344111442566,0.17514555156230927,0.10940379649400711
1449336215474,1,-0.1834341138601303,0.22668051719665527,-0.19604746997356415
1449336215499,1,0.0297674722969532,0.11905132979154587,-0.12787292897701263
1449336215520,1,0.2748126685619354,0.00112754269503057,0.10035598278045654
1449336215537,1,0.11995506286621094,0.06901274621486664,0.2291419357061386
1449336215558,1,-0.08035383373498917,0.17232933640480042,0.08133271336555481
1449336215578,1,-0.0731428861618042,0.2404348999261856,0.046863459050655365
1449336215600,1,0.0173578429967165,0.18856851756572723,0.18999533355236053
1449336215620,1,0.07571406662464142,0.10486088693141937,0.2489209920167923
1449336215633,1,0.10966019332408905,0.0354851558804512,0.20340192317962646
1449336215658,1,0.09132184833288193,-0.13399142026901245,0.10711012780666351
1449336215678,1,0.09784726798534393,-0.007336334325373173,-0.0958060622215271
1449336215701,1,0.05314573273062706,0.18870119750499725,-0.03569967672228813
1449336215718,1,0.022542040795087814,0.1555740088224411,0.12985095381736755
1449336215738,1,0.15076233446598053,0.03586684912443161,0.16682137548923492
1449336215758,1,0.1209997609257698,0.012098434381186962,0.15539689362049103
1449336215778,1,0.0679742619395256,0.049489714205265045,0.00609013345092535
1449336215801,1,-0.005662010051310062,0.1312163919210434,-0.017978724092245102
1449336215819,1,-0.0049059586599469185,0.16069266200065613,0.05806582048535347
1449336215834,1,0.037719711661338806,0.16212767362594604,0.30877310037612915
1449336215859,1,0.29322686791419983,0.032153964042663574,0.26235389709472656
1449336215880,1,0.26707446575164795,-0.004669161047786474,0.03399520739912987
1449336215901,1,0.05110928788781166,0.061932433396577835,0.013261048123240471
1449336215920,1,0.01781514845788479,0.08212649822235107,-0.04359539598226547
1449336215939,1,-0.1411968469619751,0.16042670607566833,-0.0023527005687355995
1449336215961,1,-0.06783545017242432,0.16631928086280823,0.24237902462482452
1449336215981,1,0.09568745642900467,0.11567512899637222,0.20234628021717072
1449336216003,1,0.184486985206604,0.04503916576504707,0.08868015557527542
1449336216020,1,0.12681427597999573,-0.016173720359802246,0.06017828360199928
1449336216041,1,0.1020996943116188,0.06735562533140182,-0.012087328359484673
1449336216061,1,0.04496196284890175,-0.07351765781641006,0.10820376873016357
1449336216084,1,0.12623217701911926,-0.024104513227939606,0.20116321742534637
1449336216104,1,0.0560147762298584,0.19436755776405334,0.1272597759962082
1449336216120,1,-0.09096924215555191,0.24214111268520355,0.14428222179412842
1449336216142,1,-0.02892034500837326,0.07916413992643356,0.20511575043201447
1449336216165,1,0.12311256676912308,0.09369067847728729,0.1144523099064827
1449336216185,1,-0.027581337839365005,0.006897943094372749,0.09262684732675552
1449336216202,1,0.1494189351797104,-0.023882396519184113,0.06048281863331795
1449336216222,1,0.20414891839027405,0.07478256523609161,0.031159108504652977
1449336216242,1,0.09240751713514328,0.08682020753622055,0.08279460668563843
1449336216266,1,0.02599736861884594,-0.028269818052649498,0.1702069342136383
1449336216283,1,-0.02839907445013523,0.1474725306034088,0.08522972464561462
1449336216304,1,-0.056427307426929474,0.19816052913665771,0.17983458936214447
1449336216318,1,-0.13232150673866272,0.17107494175434113,0.2643541097640991
1449336216342,1,0.018920909613370895,0.06935878098011017,0.14576631784439087
1449336216365,1,0.24065318703651428,-0.12786270678043365,0.02049100026488304
1449336216385,1,0.2300185114145279,-0.029777884483337402,0.13768471777439117
1449336216402,1,-0.029133548960089684,0.11435937136411667,0.2086789906024933
1449336216422,1,-0.16347312927246094,0.2378232628107071,0.10400865972042084
1449336216442,1,-0.1220817118883133,0.2019108086824417,0.129341259598732
1449336216466,1,0.018894324079155922,0.08401157706975937,0.23844167590141296
1449336216490,2,0.17430740594863892,-0.0655488669872284,0.04290507733821869
1449336216505,2,0.22317606210708618,-0.04182429611682892,-0.01627250574529171
1449336216526,2,0.1602662205696106,0.037916768342256546,0.07971768081188202
1449336216544,2,0.05216865986585617,-0.010128010995686054,0.07535071671009064
1449336216566,2,0.09562406688928604,0.018524084240198135,0.13254384696483612
1449336216585,2,0.20158983767032623,-0.01926174946129322,0.1015940010547638
1449336216604,2,-0.12829165160655975,0.1264110505580902,0.2199403941631317
1449336216620,2,-0.11328630149364471,0.0893365740776062,0.08428221195936203
1449336216645,2,-0.1335993856191635,0.11922726780176163,0.03854980319738388
1449336216666,2,0.016952797770500183,0.1003933921456337,0.1593611240386963
1449336216686,2,0.07277817279100418,-0.025143209844827652,0.2429535984992981
1449336216704,2,0.17475612461566925,0.026232173666357994,0.06601180881261826
1449336216724,2,0.0034809375647455454,0.10103870183229446,0.06870529055595398
1449336216744,2,-0.0626363605260849,0.07993219792842865,0.15905600786209106
1449336216767,2,-0.004880456253886223,0.010229717940092087,0.21141046285629272
1449336216785,2,0.048357196152210236,0.04910159483551979,0.1575140357017517
1449336216804,2,0.02302662841975689,0.03466390073299408,0.08215688914060593
1449336216825,2,0.038946233689785004,0.0640992596745491,0.1751478910446167
1449336216845,2,-0.017123861238360405,0.03887947276234627,0.2479366511106491
1449336216867,2,-0.06632129848003387,0.030065467581152916,0.14002865552902222
1449336216887,2,-0.04919799417257309,0.1409381628036499,0.045262452214956284
1449336216901,2,0.008764166384935379,0.09876666218042374,0.06473170965909958
1449336216925,2,0.15456421673297882,-0.038289692252874374,0.19218787550926208
1449336216948,2,0.08140013366937637,-0.034700144082307816,0.23855215311050415
1449336216968,2,0.12912686169147491,-0.0049579148180782795,0.13503742218017578
1449336216986,2,0.16241788864135742,0.03513619676232338,0.08891338109970093
1449336217005,2,0.11851675063371658,-0.017364976927638054,0.1459837555885315
1449336217022,2,-1.4654037952423096,0.9049983024597168,-0.5236790180206299
1449336217048,2,2.9576849937438965,0.5024462342262268,-0.5596019625663757
1449336217069,2,4.0351057052612305,-0.3313400447368622,-0.4461667239665985
1449336217103,2,3.410848379135132,-0.579314112663269,0.2176893949508667
1449336217114,2,1.7035340070724487,-0.3991399109363556,0.7361831068992615
1449336217127,2,-1.5330743789672852,-0.9641267657279968,1.1843127012252808
1449336217148,2,-1.9210871458053589,0.3060644268989563,-0.1132417619228363
1449336217168,2,-1.8064519166946411,1.4178619384765625,-1.062228798866272
1449336217186,2,-1.7071609497070313,1.4371178150177002,-1.0058856010437012
1449336217206,2,-1.082754135131836,0.7029694318771362,-0.16949674487113953
1449336217227,2,-0.024688424542546272,0.019408464431762695,0.6712088584899902
1449336217246,2,0.9411870241165161,-0.7123478055000305,0.5834960341453552
1449336217267,2,0.8161920309066772,-0.47813159227371216,0.08409984409809113
1449336217286,2,0.3172920048236847,-0.19441081583499908,-0.17915011942386627
1449336217307,2,-0.11409863829612732,0.08777531236410141,-0.22094109654426575
1449336217328,2,-0.29551535844802856,0.3252659738063812,0.06049450859427452
1449336217347,2,-0.32522323727607727,0.2775649130344391,0.2849351465702057
1449336217370,2,-0.16743747889995575,0.07086392492055893,0.1758504956960678
1449336217387,2,0.16719868779182434,-0.15928982198238373,0.08629881590604782
1449336217408,2,0.32605355978012085,-0.1736065149307251,0.049659810960292816
1449336217428,2,0.18479478359222412,-0.06132569909095764,0.09011808037757874
1449336217451,2,-0.2548799216747284,0.15831366181373596,0.04212474077939987
1449336217468,2,-0.24156175553798676,0.20014497637748718,0.07472878694534302
1449336217489,2,-0.15209375321865082,0.12292145192623138,0.16541443765163422
1449336217509,2,0.07044384628534317,-0.0222252756357193,0.22303076088428497
1449336217528,2,0.18504102528095245,-0.009269348345696926,0.0639507845044136
1449336217552,2,0.1387072652578354,-0.01727028377354145,0.009196867235004902
1449336217570,2,-0.049724556505680084,0.04072130098938942,0.18462592363357544
1449336217590,2,-0.06795644015073776,0.12004735320806503,0.24955636262893677
1449336217610,2,-0.11432069540023804,0.14704817533493042,0.28539106249809265
1449336217635,2,-0.12763039767742157,0.10755904018878937,0.2038876712322235
1449336217650,2,-0.13349184393882751,0.10549977421760559,0.018958967179059982
1449336217671,2,0.009814782999455929,-0.022704584524035454,0.11659341305494308
1449336217689,2,0.04628785699605942,0.012982231564819813,0.17492343485355377
1449336217710,2,-0.011789203621447086,0.14874504506587982,0.24292613565921783
1449336217732,2,-0.06440728902816772,0.153847336769104,0.20621873438358307
1449336217746,2,-0.03846915066242218,0.03057575598359108,-8.650924428366125E-5
1449336217770,2,0.0795208141207695,0.02448328398168087,0.12644845247268677
1449336217789,2,0.061237920075654984,0.007387187797576189,0.2683236002922058
1449336217811,2,0.06005832925438881,0.03818973898887634,0.27291619777679443
1449336217831,2,0.11073735356330872,0.026782209053635597,0.09413024038076401
1449336217854,2,0.05470995232462883,0.0032306525390595198,-0.05367547646164894
1449336217871,2,-0.06562712043523788,-0.018966566771268845,-0.04672258719801903
1449336217892,2,-0.16767258942127228,0.22810383141040802,0.22583237290382385
1449336217911,2,-0.05457136034965515,0.20427344739437103,0.2747404873371124
1449336217934,2,0.06136813759803772,0.04565700516104698,0.2833212614059448
1449336217954,2,0.1293003410100937,-0.009637597016990185,0.07619652152061462
1449336217971,2,0.1454491913318634,-0.029829321429133415,-0.08942600339651108
1449336217990,2,0.007531107868999243,-0.012087328359484673,0.16098083555698395
1449336218011,2,-0.006584686227142811,-0.051888301968574524,0.29971885681152344
1449336218033,2,0.01318217534571886,0.05359189212322235,0.27241525053977966
1449336218053,2,-0.030012618750333786,0.10384616255760193,0.06079670786857605
1449336218071,2,-0.09342195838689804,0.10986264795064926,-0.025867432355880737
1449336218093,2,-0.050654444843530655,0.1320265531539917,0.1515495777130127
1449336218114,2,-0.03026055172085762,0.08347615599632263,0.2187175750732422
1449336218134,2,0.0661318227648735,-0.055467329919338226,0.17895488440990448
1449336218153,2,0.13922689855098724,-0.08016455173492432,0.09607844799757004
1449336218174,2,0.13111989200115204,-0.007328735664486885,0.10488251596689224
1449336218193,2,0.038150083273649216,-0.0031686932779848576,0.12029518932104111
1449336218216,2,-0.050135448575019836,0.1378454566001892,0.17669804394245148
1449336218229,2,-0.0972958356142044,0.10533610731363297,0.07523264735937119
1449336218254,2,-0.05460648611187935,0.042242228984832764,-0.014468670822679996
1449336218274,2,0.013449127785861492,0.06463643163442612,0.06346797198057175
1449336218294,2,0.021301202476024628,0.08373919129371643,0.14333412051200867
1449336218316,2,0.1517108827829361,-0.08602993190288544,0.3565162718296051
1449336218337,2,0.024097708985209465,-0.03124912455677986,0.17364449799060822
1449336218354,2,-0.022615084424614906,0.1056722104549408,-0.006356091238558292
1449336218374,2,-0.05315094068646431,0.18019582331180573,-6.944120395928621E-4
1449336218395,2,-0.035450465977191925,0.12337971478700638,0.10149053484201431
1449336218416,2,0.12444555014371872,-0.033396072685718536,0.22648586332798004
1449336218437,2,0.08121073246002197,0.007491232827305794,0.20588381588459015
1449336218453,2,0.00996896531432867,0.08749415725469589,0.17570669949054718
1449336218473,2,-0.03581194579601288,0.12901392579078674,0.12823008000850677
1449336218494,2,-0.0852254182100296,0.07720949500799179,0.037146952003240585
1449336218516,2,-0.04866970330476761,0.0021124621853232384,0.0388818122446537
