x
-1 1
1 -3.136330753461304 3.1356536435117
2 0.264891726244241 6.630163827041785
3 0.1429705880892773 3.846849634250005
4 0.160646962809066 5.421693478524685
5 0.3211953880076003 11.4376684948935
6 0.106590962710314 8.777071411272395
7 0.1664437568428611 11.05072986074845
8 -3.405874841309806 3.359952035244915
9 -3.450966347784695 3.321976757177883
10 -3.425760954816318 3.313526956399739
11 -1.195140054817155 9.779321114042165
12 -1.495388902009529 9.971505873195307
13 -1.46062991345262 9.867586636781647
14 4.19926727284 99.4524574056
15 1.8168656677 83.1717453003
16 2.53670663708 55.6643681841
17 0.02930399960217377 1.803579759597778
18 0.02604799955151975 2.35880916317304
19 0.02344319943028192 1.298736993471781
20 0.0280331555862335 2.332397632216985
21 0.0294453819261978 3.872542951699161
22 0.02725163874274423 1.771650753289908
23 -3.020728465595022 2.675329301688659
24 -3.22854047083263 2.847216009874551
25 -2.743529260575941 2.869901599055352
26 -1.787320927963672 8.042890107457479
27 -1.788788348000834 9.040090744257142
28 -1.719294593064426 7.480520492682055
29 0.765566999558 35.3821374476
30 0.273503996432 13.3052367568
31 0.378035084583 14.6912082633
32 -0.967332158516 0.963316558283
33 -0.964520292913 0.943445892493
34 -0.970227620057 0.9949545922
35 -0.962659054442 0.960942848953
36 -0.987406027345 0.941239382739
37 -0.944214728346 0.989243081277
38 -0.975210109797 0.951619716489
39 -0.968940642708 0.980367034282
40 -0.957267899119 0.979339977326
