x
-1 1
1 0.04707266865298152 6.569814270734787
2 0.04734409099134306 4.69348072608312
3 0.09430232184628645 6.554109849532446
4 0.05012177661449487 11.47030044810709
5 0.03305389760796077 10.07567478229799
6 0.07606461587940648 14.78426631856833
7 -3.415125391333105 3.328853857046242
8 -3.432172930293994 3.395086718919904
9 -3.432474806221685 3.198390033487139
10 -1.708973466582677 9.817847041039487
11 -1.683402698489844 9.892134857022212
12 -1.74173122979893 9.893687585680304
13 1.99119762704 98.54721406100001
14 0.536964938045 86.41680240629999
15 0.9205968279 63.8342894961
16 0.008465599951644738 1.597230776151021
17 0.009360999893397092 2.570774753888448
18 0.007488799933344126 1.329261971265078
19 0.007274458470136708 1.839723160227006
20 0.008381772393678561 3.297157795411513
21 0.005030079621277619 2.259739502754072
22 -3.072679248240508 2.686217161130115
23 -3.127879413054022 3.296651297432149
24 -3.426645622681012 2.979407816190781
25 -1.747709691492897 8.382769054140262
26 -1.720506729382972 9.292278901575358
27 -1.822656036696546 9.869453533956746
28 0.216116995784 38.5616213083
29 0.06471299938860001 14.5421099663
30 0.102141593443 14.1515262253
