x
-1 1
1 1.448207974433899 49.11257266998291
2 0.4578600823879242 38.74210214614868
3 0.7291635870933533 42.77522754669189
4 -1 1
5 -1 1
6 -1 1
7 0.403137130030086 10.22390608946343
8 0.1690351052735879 8.774071751388984
9 0.2150790746798666 9.645545092539427
10 0.1257630009204149 6.862019777297974
11 0.2820509970188141 8.42612099647522
12 0.1269839964807034 7.797305822372437
13 -1 1
14 -1 1
15 -1 1
16 0.03792838136903375 2.01013269221624
17 0.06997015331893267 2.631763055890104
18 0.03898286630834825 2.270325072838567
