1451504302333,0,0.5757098197937012,-1.0755740404129028,1.4068682193756104
1451504302341,0,0.5757098197937012,-1.0755740404129028,1.4068682193756104
1451504302366,1,0.5757098197937012,-1.0755740404129028,1.4068682193756104
1451504302383,1,0.5757098197937012,-1.0755740404129028,1.4068682193756104
1451504302402,1,-0.14268997311592102,-0.2464291751384735,-0.05676935240626335
1451504302422,1,0.6188782453536987,-0.9397311806678772,-0.5622843503952026
1451504302444,1,-0.21572774648666382,-0.5885440111160278,-1.3270487785339355
1451504302461,1,-0.4093737006187439,0.4605763554573059,-1.3331693410873413
1451504302482,1,-0.16961978375911713,0.21610359847545624,-0.8979927897453308
1451504302511,1,-0.7402294874191284,-0.9611048102378845,1.08236563205719
1451504302527,1,0.44525209069252014,-0.5309142470359802,0.3656517565250397
1451504302548,1,0.411369264125824,-0.8944903612136841,1.041390061378479
1451504302568,1,1.2943819761276245,-0.6120195388793945,1.6969348192214966
1451504302587,1,0.677666425704956,-0.3430471420288086,1.8520792722702026
1451504302610,1,-0.9644514918327332,0.15776830911636353,1.912149429321289
1451504302629,1,-0.7238489985466003,0.16203005611896515,1.797647476196289
1451504302648,1,0.23599734902381897,0.13693127036094666,1.2817103862762451
1451504302667,1,0.7233256697654724,0.20319734513759613,1.1404659748077393
1451504302688,1,0.8527485728263855,0.006825462449342012,1.0595037937164307
1451504302709,1,0.7022334933280945,-0.08614274859428406,1.1206763982772827
1451504302729,1,0.04703326150774956,-0.17184710502624512,0.5927753448486328
1451504302749,1,-0.1772521734237671,0.15227554738521576,-0.01284545287489891
1451504302764,1,-0.35896265506744385,0.5214911699295044,-0.14891046285629272
1451504302788,1,-0.3593294322490692,0.5033218860626221,-0.34263738989830017
1451504302810,1,-0.16155877709388733,-0.05937514826655388,-0.5781044363975525
1451504302830,1,0.05626578629016876,0.2528618276119232,-0.5625011920928955
1451504302848,1,0.33540335297584534,0.4589513838291168,-0.05414075776934624
1451504302869,1,0.1774301677942276,0.2609066069126129,0.12875789403915405
1451504302892,1,-0.047968789935112,0.08387888967990875,0.37368425726890564
1451504302913,1,0.07131313532590866,0.05031973496079445,0.36528176069259644
1451504302925,1,0.6343645453453064,-0.07115326821804047,0.6065806150436401
1451504302950,1,1.0214766263961792,-0.04329787567257881,0.6351560950279236
1451504302970,1,1.1060371398925781,0.02794599160552025,0.4792723059654236
1451504302990,1,0.2967173457145691,-0.09681319445371628,-0.2933656871318817
1451504303010,1,-0.7341875433921814,-0.3771434724330902,-1.1076947450637817
1451504303032,1,-0.8268883228302002,-0.8231237530708313,-2.484203577041626
1451504303049,1,-10.370046615600586,-1.8337469100952148,0.9217185378074646
1451504303070,1,-0.15226532518863678,-0.11915537714958191,4.8310770988464355
1451504303091,1,0.41618236899375916,-1.2904810905456543,1.1142343282699585
1451504303112,1,4.400763511657715,0.9286784529685974,0.1693658083677292
1451504303133,1,7.637396812438965,1.1429572105407715,-0.3193482756614685
1451504303150,1,-2.576068878173828,0.5108750462532043,0.4780845642089844
1451504303171,1,-2.251366376876831,0.19371172785758972,2.6282122135162354
1451504303191,1,-0.3557834327220917,-0.27547699213027954,2.3245348930358887
1451504303213,1,0.46329498291015625,0.26422902941703796,1.435874581336975
1451504303234,1,1.1208055019378662,0.5619652271270752,0.038022566586732864
1451504303251,1,1.8097034692764282,0.010602057911455631,0.7713170051574707
1451504303272,1,1.0486302375793457,-0.2973012924194336,1.2734808921813965
1451504303295,1,0.26285994052886963,-0.44741877913475037,1.4917869567871094
1451504303314,1,-0.05595555156469345,-0.49963995814323425,1.2112188339233398
1451504303332,1,-0.06239259988069534,-0.5091255903244019,0.2661135196685791
1451504303351,1,-0.05083601549267769,-0.336618572473526,-0.8023603558540344
1451504303368,1,0.44605275988578796,-0.09480594843626022,0.0737193152308464
1451504303393,1,0.772551953792572,-0.0934048444032669,1.0565414428710938
1451504303414,1,0.46862858533859253,-0.36785659193992615,1.0675923824310303
1451504303432,1,0.06909355521202087,-0.48986852169036865,0.5258639454841614
1451504303452,1,-0.021767158061265945,-0.39621174335479736,0.018253449350595474
1451504303473,1,0.08825433254241943,-0.26863163709640503,-0.5242249369621277
1451504303494,1,0.40747717022895813,-0.027051089331507683,0.8095236420631409
1451504303514,1,0.5200278162956238,-0.05814122408628464,1.395744800567627
1451504303534,1,0.42507413029670715,-0.2618599534034729,1.4195517301559448
1451504303557,1,0.1256447285413742,-0.34446752071380615,0.9017290472984314
1451504303573,1,-0.4063691198825836,-0.29737845063209534,0.3259691596031189
1451504303595,1,0.03680763766169548,-0.1940373033285141,0.5458540320396423
1451504303615,1,0.21478278934955597,-0.09787819534540176,0.681096613407135
1451504303629,1,0.32741841673851013,-0.17353811860084534,0.7386193871498108
1451504303653,1,0.28205767273902893,-0.22221417725086212,0.5586702227592468
1451504303674,1,0.21184170246124268,-0.24019290506839752,0.338060587644577
1451504303696,1,0.08472089469432831,-0.10816635936498642,-0.0934048444032669
1451504303716,1,0.09744257479906082,0.1341717392206192,0.2026379555463791
1451504303734,1,0.2349294275045395,0.12175532430410385,0.7383569478988647
1451504303755,1,0.5585806965827942,-0.14514672756195068,0.7256219983100891
1451504303775,1,0.5933199524879456,-0.06527765095233917,0.1933516561985016
1451504303794,1,0.3514968454837799,0.013757307082414627,-0.1534925252199173
1451504303816,1,0.35543036460876465,-0.05351122468709946,-0.09459727257490158
1451504303837,1,0.36402636766433716,-0.05834639072418213,-0.07873158901929855
1451504303870,1,0.2520233988761902,-0.08313830196857452,0.21065819263458252
1451504303880,1,0.3649583160877228,-0.1618073582649231,1.0963491201400757
1451504303897,1,0.04628748446702957,-0.3741191625595093,0.29746201634407043
1451504303915,1,-0.0769004300236702,-0.18350596725940704,-0.09352876245975494
1451504303935,1,-0.03355192393064499,-0.03058803081512451,-0.04486673325300217
1451504303956,1,-0.08887480199337006,-0.08677811920642853,0.20218904316425323
1451504303976,1,-0.0893297791481018,-0.24622634053230286,0.5100193023681641
1451504303999,1,0.3344310522079468,-0.2535802125930786,0.757411777973175
1451504304018,1,0.11720431596040726,-0.15676526725292206,0.5248784422874451
1451504304032,1,-0.12896759808063507,-0.11386837065219879,0.35290277004241943
1451504304056,1,-0.25125542283058167,-0.1022048220038414,0.30905017256736755
1451504304072,1,-0.1659955233335495,-0.18648411333560944,0.4501672089099884
1451504304093,1,0.1935335248708725,-0.18666356801986694,0.7779167890548706
1451504304118,1,0.390835165977478,-0.1676969975233078,0.5299485921859741
1451504304136,1,0.06744147837162018,-0.1589706689119339,0.46503567695617676
1451504304157,1,-0.1409212201833725,-0.2065945863723755,0.46981823444366455
1451504304177,1,-0.18437348306179047,-0.17452187836170197,0.3144160807132721
1451504304199,1,-0.19717223942279816,-0.19441081583499908,0.2601841390132904
1451504304218,1,0.0801834687590599,-0.2616097927093506,0.293788880109787
1451504304237,1,-0.03829729184508324,-0.2599608600139618,0.2112748622894287
1451504304258,1,-0.14440664649009705,-0.2366723269224167,0.407354474067688
1451504304280,1,-0.12773141264915466,-0.21436288952827454,0.6261480450630188
1451504304300,1,-0.04143493250012398,-0.2769342064857483,0.5826403498649597
1451504304318,1,0.0955590307712555,-0.2621043026447296,0.42972296476364136
1451504304338,1,0.11607889086008072,-0.1757020205259323,0.37892916798591614
1451504304358,1,-0.045506782829761505,-0.13296353816986084,0.41543665528297424
1451504304380,1,-0.04956497251987457,-0.2098608911037445,0.5053297281265259
1451504304400,2,0.005541267804801464,-0.198688343167305,0.4880635142326355
1451504304421,2,0.13300999999046326,-0.17545652389526367,0.44335225224494934
1451504304434,2,-0.02537555620074272,-0.22633740305900574,0.1925426870584488
1451504304461,2,-0.27169257402420044,-0.28191548585891724,0.30608898401260376
1451504304479,2,-0.27612462639808655,-0.2674497365951538,0.4465864300727844
1451504304501,2,-0.06085340678691864,-0.20272855460643768,0.5053483843803406
1451504304519,2,0.22830680012702942,-0.1914069503545761,0.3525438606739044
1451504304539,2,0.18459026515483856,-0.17712299525737762,0.4433920085430145
1451504304559,2,-0.04290098324418068,-0.2317056506872177,0.4213409125804901
1451504304584,2,-0.10473894327878952,-0.20136545598506927,0.42064768075942993
1451504304600,2,0.012420286424458027,-0.13028642535209656,0.42129766941070557
1451504304619,2,0.09020327031612396,-0.09863631427288055,0.45847442746162415
1451504304639,2,0.3282373249530792,-0.1624351292848587,0.3709487020969391
1451504304659,2,0.38291481137275696,-0.1203659176826477,0.29941433668136597
1451504304682,2,0.0996263176202774,-0.09791092574596405,0.22150632739067078
1451504304703,2,-0.14134323596954346,-0.11771102249622345,0.40842121839523315
1451504304720,2,-0.10767427086830139,-0.21430793404579163,0.7053881883621216
1451504304740,2,-0.026109715923666954,-0.2277309000492096,0.7433949708938599
1451504304760,2,0.06690956652164459,-0.15692192316055298,0.3224181830883026
1451504304783,2,0.06588175892829895,-0.16113807260990143,0.4673030376434326
1451504304802,2,-0.15155594050884247,-0.27274084091186523,0.4823544919490814
1451504304821,2,-0.4259369373321533,-0.31810617446899414,0.452446848154068
1451504304841,2,-0.4218001365661621,-0.3063356578350067,0.4765233099460602
1451504304862,2,-0.1654723733663559,-0.3093944489955902,0.4342717230319977
1451504304888,2,0.0010479016928002238,-0.2892746329307556,0.3935837149620056
1451504304902,2,-0.1505948305130005,-0.2497749775648117,0.3379290699958801
1451504304921,2,-0.5003817081451416,-0.3462772071361542,0.49786126613616943
1451504304941,2,-0.6667014360427856,-0.48569267988204956,0.5410141944885254
1451504304962,2,-0.19754311442375183,-0.3031657934188843,0.26553836464881897
1451504304983,2,-0.17228125035762787,-0.2249830663204193,0.2214338481426239
1451504305004,2,-0.26130205392837524,-0.31924015283584595,0.27575990557670593
1451504305017,2,-0.3559841513633728,-0.3492904007434845,0.21880759298801422
1451504305043,2,-0.44530221819877625,-0.34368661046028137,0.2050701528787613
1451504305063,2,-0.42855918407440186,-0.35983285307884216,0.37542322278022766
1451504305084,2,-0.4576769173145294,-0.45808103680610657,0.3348310887813568
1451504305104,2,-0.6448001265525818,-0.4535737931728363,0.2945733070373535
1451504305122,2,-0.747040331363678,-0.5888304114341736,0.43393269181251526
1451504305142,2,-0.6686851382255554,-0.6192618012428284,0.6087965369224548
1451504305162,2,15.207655906677246,-4.378845691680908,-5.654820919036865
1451504305186,2,-5.357566833496094,2.184675693511963,-1.0170528888702393
1451504305198,2,-5.18110990524292,-0.426792174577713,1.3615490198135376
1451504305223,2,-1.0959696769714355,-0.07093056291341782,0.6550532579421997
1451504305239,2,1.9975700378417969,-0.21624387800693512,0.622657835483551
1451504305264,2,4.024099349975586,-0.5938917994499207,0.3066553771495819
1451504305286,2,0.8842650055885315,-0.5028022527694702,0.778552770614624
1451504305303,2,-0.7427276968955994,-0.3869704604148865,0.6250631809234619
1451504305324,2,-0.7056528329849243,-0.3360813856124878,0.45751112699508667
1451504305344,2,0.22694750130176544,-0.15051321685314178,0.5303542613983154
1451504305365,2,0.849118173122406,-0.014378653839230537,0.6520382761955261
1451504305387,2,1.0491734743118286,-0.07695522904396057,0.7446744441986084
1451504305404,2,0.9188830256462097,-0.07475216686725616,0.255548894405365
1451504305425,2,0.7882061004638672,-0.04728139191865921,0.16635844111442566
1451504305445,2,0.5321347117424011,-0.10404489934444427,0.028875965625047684
1451504305467,2,0.3069233298301697,-0.20302024483680725,0.11615794897079468
1451504305486,2,0.2738765776157379,-0.24586978554725647,0.1931166797876358
1451504305504,2,0.29724881052970886,-0.26673078536987305,0.4487392008304596
1451504305525,2,0.36553362011909485,-0.24585342407226563,0.5768944621086121
1451504305545,2,0.41358453035354614,-0.24684885144233704,0.6662959456443787
1451504305567,2,0.360211044549942,-0.241254985332489,0.40013036131858826
1451504305590,2,0.3940335810184479,-0.19313713908195496,0.24833938479423523
1451504305605,2,0.2041473388671875,-0.1484767496585846,0.33600538969039917
1451504305626,2,0.10579926520586014,-0.22320961952209473,0.36113691329956055
1451504305646,2,0.1678789258003235,-0.2447223663330078,0.5748340487480164
1451504305668,2,0.24156741797924042,-0.26265081763267517,0.585385799407959
1451504305686,2,0.2520650625228882,-0.24668461084365845,0.42524319887161255
1451504305706,2,0.09713993966579437,-0.10983692854642868,0.3994576036930084
1451504305726,2,0.20769932866096497,-0.10990355908870697,0.4483896791934967
1451504305746,2,0.19345775246620178,-0.1730056256055832,0.4122679829597473
1451504305768,2,0.3721241056919098,-0.11559972912073135,0.39248308539390564
1451504305790,2,0.4145709276199341,-0.01917816326022148,0.18199381232261658
1451504305807,2,0.9653376936912537,-0.12206219881772995,-0.012789923697710037
1451504305826,2,0.7675953507423401,-0.2171054631471634,0.30006900429725647
1451504305847,2,0.34354832768440247,-0.3814180791378021,0.6263456344604492
1451504305870,2,-0.002521116053685546,-0.0844324380159378,0.5988783240318298
1451504305891,2,0.248308002948761,-0.1805950552225113,0.6337123513221741
1451504305908,2,0.5492634773254395,-0.2580389380455017,0.5001648664474487
1451504305927,2,0.42260199785232544,-0.2972802519798279,0.48162150382995605
1451504305948,2,0.1654696762561798,-0.1083037257194519,0.23670506477355957
1451504305968,2,0.1799764186143875,0.006571195088326931,0.2610650062561035
1451504305990,2,0.16302630305290222,0.040285248309373856,0.504092276096344
1451504306007,2,0.30906835198402405,0.2372293770313263,0.43293726444244385
1451504306028,2,-0.45916956663131714,-1.1697189807891846,0.011086042039096355
1451504306048,2,-1.1650031805038452,-0.754660427570343,-0.25004035234451294
1451504306071,2,0.061135802417993546,-0.33036068081855774,1.2042396068572998
1451504306089,2,1.8544193506240845,-0.5797136425971985,1.919757604598999
1451504306108,2,1.7037636041641235,0.10562603175640106,1.4354524612426758
1451504306129,2,0.8035683631896973,0.4124731421470642,0.03211129456758499
1451504306152,2,-0.5935482382774353,-0.34239599108695984,-0.31647592782974243
1451504306165,2,-1.4718815088272095,-0.38451194763183594,0.33057108521461487
1451504306190,2,-1.085834264755249,-0.36014848947525024,0.9580267071723938
1451504306209,2,-0.1994771510362625,-0.3232184052467346,1.2191355228424072
1451504306229,2,0.6705935597419739,-0.24224048852920532,1.019802451133728
1451504306251,2,1.076733112335205,-0.07947861403226852,0.04635024815797806
1451504306271,2,-0.09017492085695267,-0.47390055656433105,-0.056391164660453796
1451504306289,2,-0.6037387251853943,-0.8290496468544006,0.11389701813459396
1451504306309,2,-0.6916698217391968,-0.39060908555984497,0.5908844470977783
1451504306330,2,-0.38783058524131775,-0.09065292030572891,1.400844693183899
1451504306350,2,-0.06663396209478378,0.1802244633436203,-0.09335633367300034
1451504306372,2,0.7066919207572937,0.07379589229822159,-0.38983985781669617
1451504306392,2,0.7015261650085449,-0.178288534283638,0.34575173258781433
1451504306411,1,0.3767347037792206,-0.2512853741645813,1.4598113298416138
1451504306431,1,-0.20174458622932434,-0.4965823292732239,1.409006953239441
1451504306455,1,-0.014275851659476757,-0.5319511890411377,0.6288023591041565
1451504306476,1,-0.2708092927932739,-0.17715221643447876,0.13015548884868622
1451504306501,1,-0.3257794678211212,0.28514206409454346,0.5682908892631531
1451504306512,1,0.7375816702842712,-0.20584698021411896,0.40224167704582214
1451504306532,1,0.4374760389328003,-0.5696429014205933,0.03368599712848663
1451504306553,1,0.12835319340229034,-0.4973427951335907,0.10739947110414505
1451504306573,1,-0.40373146533966064,-0.4533347189426422,0.68154376745224
1451504306593,1,0.32799220085144043,0.039720602333545685,0.43616849184036255
1451504306612,1,0.25587382912635803,-0.41623160243034363,0.3161866068840027
1451504306632,1,0.3459755778312683,-0.5453922748565674,0.7698130011558533
1451504306653,1,-0.2532428801059723,-0.1517290323972702,0.705300509929657
1451504306674,1,-0.7781771421432495,0.09501461684703827,-0.10707856714725494
1451504306691,1,-0.9273073673248291,-0.02173427864909172,-0.39557579159736633
1451504306713,1,-1.162198781967163,0.04460369795560837,0.07670798152685165
1451504306732,1,-0.47822168469429016,-0.12638825178146362,0.1991506963968277
1451504306754,1,0.7231355905532837,-0.06629589200019836,0.3726268708705902
1451504306775,1,1.3655399084091187,-0.07358896732330322,0.23741818964481354
1451504306794,1,0.2828332781791687,-0.16585399210453033,-0.1496077924966812
1451504306813,1,-0.717329204082489,-0.2858090102672577,0.37512919306755066
1451504306836,1,-1.2967731952667236,-0.674569845199585,1.483461618423462
1451504306849,1,-1.2582494020462036,-1.347596526145935,2.199838161468506
1451504306875,1,1.8887765407562256,-0.7855769991874695,-1.9313454627990723
1451504306896,1,1.491092562675476,0.1732189804315567,0.2087888866662979
1451504306913,1,0.6503472924232483,0.053998131304979324,-0.13963234424591064
1451504306935,1,-0.46532437205314636,0.19627602398395538,-0.028742695227265358
1451504306955,1,-1.426063060760498,-0.2228139042854309,-0.003238251432776451
1451504306969,1,-0.7159858345985413,-0.6172136068344116,0.8151835799217224
1451504306995,1,0.8982551097869873,0.09471593052148819,2.3996775150299072
1451504307014,1,1.1850512027740479,-0.1548854410648346,1.6216256618499756
1451504307037,1,-0.05379997938871384,0.011036357842385769,0.4239829480648041
1451504307050,1,-0.3745940625667572,-0.37941375374794006,-0.07498247176408768
1451504307075,1,-0.3430560529232025,-0.13033902645111084,0.028669629245996475
1451504307094,1,0.1905544251203537,-0.21157647669315338,0.24085283279418945
1451504307114,1,-0.506148636341095,-0.666817307472229,-0.5151520371437073
1451504307137,1,-0.4814227521419525,-1.0798720121383667,-0.5865262150764465
1451504307157,1,-1.2599488496780396,-1.4493833780288696,0.30773207545280457
1451504307176,1,-1.9891525506973267,-1.7703320980072021,0.28873568773269653
1451504307195,1,-2.433000326156616,-1.5970593690872192,-1.3007029294967651
1451504307215,1,0.5440024137496948,-3.5514447689056396,6.707388877868652
1451504307237,1,-1.7865240573883057,-0.7728478312492371,0.4232827126979828
1451504307255,1,3.7171316146850586,-0.1649976670742035,-0.5813941359519958
1451504307277,1,6.6798505783081055,1.7312089204788208,-3.7938008308410645
1451504307297,1,6.123007774353027,1.3721354007720947,-4.368828296661377
1451504307384,1,-2.323054313659668,0.2063935101032257,0.2786211371421814
1451504307396,1,-3.0532445907592773,-0.6381593942642212,0.9045417904853821
1451504307406,1,0.43964704871177673,-0.5910340547561646,4.842375755310059
1451504307411,1,1.5546965599060059,0.0805395171046257,4.736631870269775
1451504307423,1,1.565063238143921,0.2567015588283539,1.9891116619110107
1451504307435,1,1.404255747795105,0.48214346170425415,-0.5129851698875427
1451504307445,1,-0.16868089139461517,-0.25518354773521423,-1.2519938945770264
1451504307459,1,-0.09363292157649994,0.045409753918647766,0.6115688681602478
1451504307477,1,-0.612930417060852,0.2826823890209198,1.5234078168869019
1451504307497,1,-1.0117268562316895,-0.35667234659194946,0.6842524409294128
1451504307517,1,-1.1578017473220825,-0.49557870626449585,-0.4340677261352539
1451504307537,1,-0.33433133363723755,-0.35221654176712036,-0.12567220628261566
1451504307572,1,-0.4763214588165283,-0.7276386022567749,0.002027121838182211
1451504307582,1,-0.6601084470748901,-0.7776368260383606,-0.26082128286361694
1451504307598,1,-0.37639740109443665,-0.6464222073554993,0.9359416961669922
1451504307616,1,0.259959876537323,-0.27057987451553345,1.2146084308624268
1451504307641,1,-0.3426375985145569,-0.26893794536590576,1.959537148475647
1451504307658,1,-1.157129168510437,-0.6163339018821716,0.9601917862892151
1451504307677,1,-1.2633119821548462,-0.40034371614456177,-0.7129887342453003
1451504307697,1,-0.872473955154419,-0.18600890040397644,-1.3163918256759644
1451504307713,1,-0.3672330379486084,0.014400865882635117,-0.4403267800807953
1451504307740,1,0.5755270719528198,0.10694471001625061,0.2382347583770752
1451504307760,1,0.3301451802253723,-0.08283961564302444,0.7761936187744141
1451504307781,1,-0.25274842977523804,-0.5246171951293945,0.6355781555175781
1451504307798,1,-0.5868816375732422,-0.4168553054332733,0.6859791278839111
1451504307820,1,-0.3473120927810669,-0.3260258436203003,0.8132248520851135
1451504307841,1,-0.23610973358154297,-0.3166530430316925,0.5603390336036682
1451504307860,1,-0.25830885767936707,0.05367489159107208,0.7591425776481628
1451504307879,1,-0.08133746683597565,0.13873159885406494,0.4579121172428131
1451504307905,1,0.09227379411458969,0.1522977650165558,-0.015590367838740349
1451504307922,1,-0.12238828837871552,-0.19874036312103271,-0.20049451291561127
1451504307943,1,-0.67875075340271,-0.5209165811538696,-0.00201543141156435
1451504307960,1,-0.432932585477829,-0.5586690902709961,0.5750561356544495
1451504307982,1,-0.33422166109085083,-0.1554723083972931,0.5739747881889343
1451504308000,1,0.08323847502470016,0.041142743080854416,0.1041407585144043
1451504308020,1,0.2893460988998413,0.10728081315755844,-0.08483108133077621
1451504308041,1,0.38482773303985596,0.21917816996574402,0.7803805470466614
1451504308060,1,0.22317811846733093,-0.16042204201221466,0.3075023591518402
1451504308076,1,-0.06429930776357651,-0.20255495607852936,-0.15913374722003937
1451504308100,1,-0.4704993963241577,-0.4335574209690094,-0.2948877811431885
1451504308120,1,-0.29177284240722656,-0.38187283277511597,0.11413608491420746
1451504308140,1,-0.6610243320465088,-0.3823445439338684,0.49550390243530273
1451504308156,1,0.1902666985988617,-0.4275473654270172,0.6769178509712219
1451504308180,1,0.34074756503105164,0.9645832777023315,2.033609628677368
1451504308201,1,-0.08755222707986832,-0.36987727880477905,1.1420844793319702
1451504308224,1,-0.5120807886123657,-0.2947726547718048,0.2595721483230591
1451504308244,1,-0.325589120388031,0.2703390419483185,-0.7760352492332458
1451504308263,1,0.2574642598628998,-0.10008768737316132,-0.5338748097419739
1451504308282,1,-0.31326115131378174,-0.11919979751110077,1.092552661895752
1451504308302,1,-0.22999340295791626,-0.2722305655479431,0.5140379071235657
1451504308325,1,-1.3630330562591553,-0.6182523369789124,1.9714398384094238
1451504308342,1,0.025575079023838043,-0.15987901389598846,-0.6146867275238037
1451504308362,1,0.12732984125614166,-0.3329477608203888,0.5770897269248962
1451504308382,1,-0.1270068734884262,0.04165595397353172,-0.5291220545768738
1451504308403,1,-0.3489800989627838,-0.12004910409450531,-0.05919862538576126
1451504308423,1,-0.583286464214325,-0.3615776598453522,0.20260289311408997
1451504308440,2,-0.29638615250587463,-0.108610600233078,0.19546353816986084
1451504308463,2,0.27162379026412964,-0.025768063962459564,-0.21543607115745544
1451504308485,2,0.5441132187843323,0.16909867525100708,0.010000585578382015
1451504308506,2,-0.3918815553188324,-0.4010924994945526,0.5363368391990662
1451504308523,2,-0.32108408212661743,-0.19951018691062927,-0.14988134801387787
1451504308543,2,-0.452951580286026,-0.26906710863113403,-0.41547173261642456
1451504308563,2,-0.1735086441040039,-0.31894728541374207,-0.6680874824523926
1451504308583,2,0.06189567968249321,-0.11791735887527466,-0.2338695526123047
1451504308599,2,-0.1062963679432869,-0.3089812099933624,0.8137690424919128
1451504308625,2,0.2466379553079605,-0.66510409116745,1.447184443473816
1451504308644,2,-0.257844477891922,-0.8811363577842712,1.4568846225738525
1451504308663,2,-0.6338479518890381,-0.4006628692150116,0.5743511915206909
1451504308684,2,-0.6037649512290955,-0.1527981162071228,0.24855683743953705
1451504308704,2,-0.3171564042568207,-0.32139351963996887,0.01237725093960762
1451504308726,2,0.2120998352766037,-0.139864981174469,0.1210772842168808
1451504308746,2,0.2188541740179062,-0.29495149850845337,0.5789309740066528
1451504308765,2,-0.19814400374889374,-0.5227215886116028,1.0501724481582642
1451504308784,2,-0.4286939799785614,-0.3931733965873718,0.651248574256897
1451504308808,2,-0.18331870436668396,-0.30930736660957336,0.16836392879486084
1451504308826,2,0.4665032625198364,-0.056903205811977386,0.9266156554222107
1451504308845,2,0.12521767616271973,-0.056129299104213715,1.0805307626724243
1451504308865,2,-0.34294649958610535,-0.357730895280838,1.3752145767211914
1451504308886,2,-0.6334835290908813,-0.4895312488079071,1.2380273342132568
1451504308911,2,-0.4862944483757019,-0.38091596961021423,0.5367220640182495
1451504308929,2,0.2922496199607849,0.12206219881772995,0.014720599167048931
1451504308946,2,0.2411603480577469,-0.16002807021141052,0.4478524923324585
1451504308966,2,-0.17624351382255554,-0.5801052451133728,0.5070902705192566
1451504308986,2,-0.5882843136787415,-0.6450631618499756,0.16900749504566193
1451504309010,2,-0.3544009029865265,-0.5125222206115723,-0.13048282265663147
1451504309029,2,-0.07445632666349411,-0.6905115246772766,-0.94698566198349
1451504309048,2,-0.7270641922950745,-0.43751171231269836,-0.38090193271636963
1451504309066,2,2.2592806816101074,-1.0838385820388794,1.8436744213104248
1451504309086,2,0.6607404947280884,-5.420017719268799,3.526577949523926
1451504309108,2,-4.871160507202148,5.925915718078613,2.352091073989868
1451504309122,2,-0.8522306680679321,-0.8998925089836121,2.9391918182373047
1451504309147,2,-0.8249428272247314,0.7820078730583191,-1.8557322025299072
1451504309167,2,-1.3556766510009766,-0.1671300083398819,-0.4274410009384155
1451504309186,2,-1.4878429174423218,-0.4853332042694092,-0.7152742147445679
1451504309210,2,-0.9923877716064453,-0.8083704113960266,-1.150627851486206
1451504309229,2,-0.01331847719848156,-0.988661527633667,-0.6709727048873901
1451504309247,2,-0.4753723740577698,-1.3898890018463135,1.8369377851486206
1451504309267,2,-0.7467278838157654,-0.6416308283805847,-0.08871347457170486
1451504309288,2,-0.10747066885232925,-0.2946060597896576,-1.0581027269363403
1451504309311,2,0.2379876673221588,-0.004719429649412632,-1.2234376668930054
1451504309336,2,0.4024043083190918,0.2779483497142792,-0.7831406593322754
1451504309348,2,0.18379297852516174,0.1367851346731186,1.7112001180648804
1451504309368,2,-0.03012852370738983,-0.11580606549978256,1.7766793966293335
1451504309387,2,-0.18566173315048218,-0.21596038341522217,0.8582207560539246
1451504309409,2,-0.22806952893733978,-0.23949381709098816,0.16858196258544922
1451504309429,2,0.1328096240758896,-0.06848784536123276,-0.038294367492198944
1451504309448,2,0.19322942197322845,-0.3592413067817688,0.5388613939285278
1451504309469,2,-0.3978825807571411,-0.8322638869285583,1.1912333965301514
1451504309489,2,-0.8945165872573853,-0.9369587898254395,1.0519740581512451
1451504309513,2,-0.8335362076759338,-0.693019688129425,0.5519242882728577
1451504309529,2,-0.4800494611263275,-0.29514557123184204,0.07330021262168884
1451504309549,2,-0.35648858547210693,-0.10482874512672424,0.0849953293800354
1451504309569,2,-0.24090084433555603,-0.47070205211639404,0.4781096875667572
1451504309591,2,-0.0073911696672439575,-0.4819745421409607,0.3314969837665558
1451504309613,2,-0.1728350818157196,-0.47738954424858093,0.37893208861351013
1451504309630,2,-0.4425775110721588,-0.42065703868865967,0.6609171628952026
1451504309650,2,-0.3926420509815216,-0.39052727818489075,1.111611008644104
1451504309670,2,-0.20906566083431244,-0.2832096219062805,0.7159498929977417
1451504309692,2,0.020522819831967354,-0.11773381382226944,0.1455085426568985
1451504309712,2,0.1519065946340561,-0.06879296898841858,0.05086100473999977
1451504309731,2,-0.15126198530197144,-0.133014976978302,0.35607436299324036
1451504309750,2,-0.4435890316963196,-0.3254886865615845,0.6808066964149475
1451504309770,2,0.13625189661979675,-0.7736784219741821,1.4024468660354614
1451504309793,2,-0.5238173007965088,-0.5726140141487122,1.3235113620758057
1451504309812,2,-0.8251681327819824,-0.008608253672719002,0.0786912590265274
1451504309830,2,-0.17039236426353455,-0.13772505521774292,0.2462666779756546
1451504309850,2,-0.1725059300661087,-0.28891223669052124,0.15886545181274414
1451504309871,2,-0.30967891216278076,-0.49075931310653687,0.26424598693847656
1451504309886,2,-0.24901264905929565,-0.3528127372264862,0.6505523920059204
1451504309912,2,-0.3826346695423126,-0.14011691510677338,0.16432897746562958
1451504309933,2,-0.510689914226532,-0.03032616525888443,-0.38219374418258667
1451504309953,2,-0.33944472670555115,-0.31192076206207275,0.1982569694519043
1451504309972,2,-0.27885618805885315,-0.5653905272483826,0.6575719118118286
1451504309994,2,-0.8568707704544067,-0.4807891249656677,1.2010680437088013
1451504310012,2,0.4692763686180115,0.009857377037405968,0.485510915517807
1451504310032,2,0.6304947137832642,0.2055763453245163,0.038342881947755814
1451504310053,2,0.17566059529781342,-0.03023030422627926,0.013812252320349216
1451504310073,2,-0.5627474784851074,-0.19493278861045837,0.5251443982124329
1451504310094,2,-0.49737706780433655,0.3151905834674835,0.3636123836040497
1451504310113,2,0.14465251564979553,-0.05746902525424957,-0.17685002088546753
1451504310132,2,0.3621366620063782,-0.5605763792991638,-0.43262219429016113
1451504310153,2,0.4596721827983856,-0.4837473928928375,0.15406419336795807
1451504310174,2,0.15457601845264435,-0.742111325263977,0.8983569741249084
1451504310196,2,-0.2986202836036682,-0.884803056716919,1.1166683435440063
1451504310217,2,-0.2615251839160919,-0.313520610332489,0.6579390168190002
1451504310233,2,-0.49479955434799194,-0.24124738574028015,0.5159843564033508
1451504310253,2,-0.6089833974838257,-0.30776891112327576,0.25506722927093506
1451504310273,2,-0.4392266571521759,-0.16917115449905396,-0.0021311668679118156
1451504310295,2,-0.16284294426441193,-0.20746377110481262,-0.053162265568971634
1451504310314,2,-0.6595968008041382,-0.13957272469997406,0.575039803981781
1451504310333,2,-1.1170793771743774,-0.24089375138282776,0.7442524433135986
1451504310353,2,-1.4427400827407837,-0.4492495059967041,0.47668638825416565
1451504310374,2,-0.9193633794784546,-0.40602701902389526,0.3667798936367035
1451504310397,2,-1.2988686561584473,0.43331485986709595,0.09913082420825958
1451504310415,2,0.7742318511009216,-0.30463936924934387,0.36815643310546875
1451504310434,2,0.28412768244743347,0.012951252050697803,1.053002119064331
1451504310455,1,-0.3805830478668213,-0.1722363978624344,1.3510767221450806
1451504310478,1,-0.9126578569412231,-0.22391922771930695,1.9295114278793335
1451504310492,1,0.44950059056282043,-1.058251142501831,1.0590747594833374
1451504310520,1,1.1388071775436401,-1.3779478073120117,-0.823468029499054
1451504310535,1,-0.13068053126335144,0.25612813234329224,-0.7715367674827576
1451504310556,1,0.3340446949005127,0.18255729973316193,1.301593542098999
1451504310576,1,1.432984709739685,-0.9755845665931702,2.9260499477386475
1451504310598,1,-0.1725248545408249,-0.5839104652404785,1.859006404876709
1451504310616,1,-0.700851559638977,-0.5668962001800537,-0.21133096516132355
1451504310635,1,0.46194708347320557,0.07626432925462723,-0.7202584147453308
1451504310656,1,0.6754573583602905,0.018960721790790558,-0.724982500076294
1451504310676,1,0.4794999361038208,0.0579834021627903,0.10123451799154282
1451504310697,1,0.19941070675849915,-0.2182961404323578,0.7705927491188049
1451504310717,1,0.671009361743927,-0.29841071367263794,2.6518473625183105
1451504310736,1,-0.7451930046081543,-1.2894593477249146,1.996630311012268
1451504310756,1,-0.9217503666877747,-0.2918921113014221,0.5478373169898987
1451504310778,1,-0.13686488568782806,0.43750062584877014,0.08081015199422836
1451504310799,1,0.48063141107559204,0.4202157258987427,0.12300620228052139
1451504310817,1,0.6522377133369446,0.22172494232654572,0.622069239616394
1451504310837,1,0.2523110806941986,-0.18915478885173798,0.8099515438079834
1451504310857,1,0.24222616851329803,-0.21490824222564697,0.3961632251739502
1451504310879,1,0.7400197982788086,0.09705986082553864,0.5587596893310547
1451504310900,1,-0.30473509430885315,0.12055355310440063,-0.03614391013979912
1451504310918,1,-0.20780806243419647,-0.24264732003211975,-0.3869885802268982
1451504310938,1,0.0834745466709137,-0.4429512917995453,-0.2979138493537903
1451504310957,1,0.39404499530792236,0.2921668291091919,0.9097732901573181
1451504310979,1,0.41674262285232544,0.1475163698196411,0.2932470440864563
1451504311000,1,0.6500345468521118,-0.639723002910614,-0.3838339149951935
1451504311017,1,-0.13776202499866486,-0.9559750556945801,-0.4642997682094574
1451504311038,1,-1.4744956493377686,-0.8343360424041748,0.13403204083442688
1451504311062,1,-2.6437602043151855,-1.0613473653793335,-3.1153006553649902
1451504311081,1,-13.534339904785156,-3.4573097229003906,-2.39034366607666
1451504311098,1,0.8007242679595947,-0.5065343976020813,6.428865909576416
1451504311118,1,0.8515538573265076,-0.3642085790634155,1.2036112546920776
1451504311138,1,2.820362091064453,1.3277894258499146,0.15271101891994476
1451504311158,1,5.391279697418213,0.666419267654419,-2.127410888671875
1451504311180,1,-0.9272074103355408,0.04459434375166893,0.3674713969230652
1451504311203,1,-3.351013422012329,-0.5731909275054932,1.513154149055481
1451504311218,1,-1.9576175212860107,-0.6267582774162292,4.121810436248779
1451504311239,1,0.7010032534599304,-0.219511941075325,5.2408976554870605
1451504311260,1,2.0057804584503174,0.05583469942212105,4.131138324737549
1451504311281,1,0.7186630964279175,-0.21804186701774597,-0.35744509100914
1451504311300,1,-0.17361439764499664,-0.24846681952476501,-1.1220142841339111
1451504311319,1,-0.35489875078201294,-0.27163082361221313,-0.34025371074676514
1451504311339,1,-0.12852467596530914,-0.4466068744659424,0.6984574794769287
1451504311362,1,-0.08389627933502197,-0.6236316561698914,1.3295032978057861
1451504311382,1,0.08035627007484436,-0.4709627330303192,-1.14894437789917
1451504311402,1,-0.7798236012458801,0.5475590825080872,-1.401784062385559
1451504311420,1,-0.5918875336647034,-0.3560866415500641,-0.5872825980186462
1451504311440,1,-0.584672212600708,-0.9387462735176086,0.6631751656532288
1451504311461,1,0.006061930675059557,-0.838572084903717,0.998814046382904
1451504311482,1,2.7067201137542725,-0.6818565130233765,0.16261164844036102
1451504311501,1,2.1509644985198975,-0.5844628810882568,-0.08809913694858551
1451504311521,1,0.6276116967201233,-0.24115736782550812,0.10881751775741577
1451504311540,1,-0.04401886463165283,-0.5213479399681091,-0.585108757019043
1451504311564,1,-1.4465830326080322,-1.1032768487930298,1.6748762130737305
1451504311582,1,-2.2901768684387207,-0.09599719941616058,0.599809467792511
1451504311606,1,0.693919837474823,0.015819501131772995,-0.02514496259391308
1451504311621,1,0.47227439284324646,0.5090425610542297,-9.703063406050205E-4
1451504311641,1,-0.17810390889644623,0.07904548197984695,0.5710060000419617
1451504311663,1,-0.6194769144058228,-0.2602706551551819,0.8536387085914612
1451504311683,1,-0.5127359628677368,-0.11274433881044388,0.1572878360748291
1451504311702,1,-1.4410725831985474,-0.7993407249450684,3.934319257736206
1451504311722,1,-0.8158135414123535,-0.08442775905132294,0.8351414799690247
1451504311742,1,-0.5580779314041138,-0.3061363399028778,-0.014404958114027977
1451504311764,1,-0.37103861570358276,-0.1584954559803009,0.018374446779489517
1451504311783,1,0.07534666359424591,0.03207622468471527,-0.04244973510503769
1451504311804,1,-0.3505152761936188,-0.4678431451320648,-0.08000409603118896
1451504311823,1,-0.617138683795929,-0.6239151954650879,-0.41072073578834534
1451504311844,1,0.061977311968803406,-0.7427040338516235,0.3214876353740692
1451504311866,1,-0.20186537504196167,-0.4837561547756195,-0.5574211478233337
1451504311884,1,0.4173921048641205,-0.09036299586296082,0.9788894653320313
1451504311903,1,0.5998693108558655,-0.20662440359592438,1.916158676147461
1451504311923,1,0.23186428844928741,-0.2823164761066437,1.5946224927902222
1451504311947,1,-0.2824050784111023,-0.42101767659187317,0.339819997549057
1451504311965,1,-0.07482264190912247,-0.26354923844337463,-0.3249351382255554
1451504311985,1,0.19262157380580902,0.31137365102767944,-0.34031566977500916
1451504312004,1,0.14760765433311462,0.3240981101989746,-0.08833704143762589
1451504312024,1,-0.6611481308937073,-0.4453834891319275,0.12684416770935059
1451504312046,1,-0.7398623824119568,-0.7707856297492981,0.06486380845308304
1451504312066,1,-0.4411950707435608,-0.6626332998275757,0.20801731944084167
1451504312086,1,-0.11714337766170502,-0.623713493347168,0.5352595448493958
1451504312104,1,0.12103267759084702,0.06031856685876846,0.861025869846344
1451504312124,1,-0.23213867843151093,-0.41717034578323364,0.1533043086528778
1451504312147,1,-0.4411214590072632,-0.46484631299972534,-0.5892091989517212
1451504312166,1,-0.37461331486701965,-0.5771499276161194,-0.6112450957298279
1451504312185,1,-0.509752094745636,-0.4569832980632782,-0.32210955023765564
1451504312204,1,0.12168215960264206,-0.30368250608444214,1.0242723226547241
1451504312225,1,0.3760004937648773,-0.10583294928073883,1.650364875793457
1451504312247,1,0.35376566648483276,0.020686814561486244,-0.10828268527984619
1451504312266,1,0.7053678035736084,0.3407955467700958,-0.21538697183132172
1451504312285,1,-0.028053969144821167,0.18066051602363586,-0.4096832275390625
1451504312305,1,-0.34996268153190613,-0.5150403380393982,0.9138011932373047
1451504312325,1,-0.7057894468307495,-0.6690917015075684,1.4387410879135132
1451504312349,1,-0.22456856071949005,-0.4352174699306488,0.04346855729818344
1451504312366,1,-0.22023119032382965,0.064264677464962,-0.30884209275245667
1451504312395,1,-0.21771320700645447,0.12218436598777771,0.09719546884298325
1451504312407,1,-0.3113577961921692,-0.010216858237981796,0.5826566815376282
1451504312427,1,-0.5929763317108154,-0.06136603280901909,0.3190624415874481
1451504312448,1,-0.508928656578064,-0.3108680248260498,0.225889652967453
1451504312466,1,-0.4602321684360504,-0.41792964935302734,-0.28022095561027527
1451504312488,2,0.08899135887622833,-0.23616497218608856,0.3542693853378296
1451504312506,2,0.17949633300304413,-0.16448913514614105,-0.07541793584823608
1451504312527,2,-0.3095467984676361,-0.26834991574287415,-0.6481921076774597
1451504312552,2,-0.11904781311750412,-0.3341086208820343,-0.09910042583942413
1451504312567,2,-0.9730339050292969,-0.5440688729286194,3.604947090148926
1451504312587,2,0.5987943410873413,-0.04984627291560173,-0.27289339900016785
1451504312609,2,0.19128796458244324,-0.1525987982749939,0.7653834819793701
1451504312627,2,0.0551217682659626,-0.046536125242710114,0.13252688944339752
1451504312649,2,-0.3170243799686432,-0.2137906402349472,-0.14796645939350128
1451504312668,2,-0.09977556765079498,0.20942601561546326,0.3007037937641144
1451504312688,2,-0.09237676113843918,0.028697103261947632,0.7060813903808594
1451504312707,2,0.28172752261161804,-0.43480655550956726,0.8374866247177124
1451504312728,2,-0.4725809097290039,-0.44486382603645325,0.9541858434677124
1451504312743,2,-0.23325635492801666,-0.2251771241426468,0.7916706204414368
1451504312770,2,0.10230597853660583,-0.17390403151512146,-0.8795096278190613
1451504312789,2,0.03406628221273422,0.10969839245080948,-0.8407780528068542
1451504312808,2,-0.21395717561244965,-0.09430792927742004,-0.1606038212776184
1451504312832,2,-0.27313780784606934,-0.4275023639202118,0.487553209066391
1451504312851,2,-0.13677886128425598,-0.4881143569946289,1.1261457204818726
1451504312869,2,0.2483040690422058,-0.2390507459640503,0.8531266450881958
1451504312889,2,0.12657545506954193,0.11379238218069077,-0.2988315522670746
1451504312920,2,0.18144752085208893,0.13641396164894104,-0.1314975470304489
1451504312933,2,0.3202991485595703,0.21066519618034363,0.28818389773368835
1451504312952,2,0.294755756855011,0.22803661227226257,0.13299860060214996
1451504312971,2,0.0641675591468811,-0.05497252941131592,-0.0031570028513669968
1451504312990,2,-0.4081842005252838,-0.8673451542854309,0.21942134201526642
1451504313009,2,-0.38722530007362366,-1.4143325090408325,-0.18332068622112274
1451504313032,2,-0.6971188187599182,-0.32983461022377014,0.34013447165489197
1451504313052,2,8.649685859680176,-5.190896987915039,15.102848052978516
1451504313065,2,-4.980637550354004,3.7740187644958496,-1.384026288986206
1451504313089,2,0.7188788652420044,1.6465601921081543,2.3279647827148438
1451504313110,2,-0.8033387064933777,1.4024854898452759,-1.4609967470169067
1451504313132,2,-0.644206702709198,0.4524281322956085,-2.590074062347412
1451504313151,2,-0.5078300833702087,-0.23061785101890564,-2.0635952949523926
1451504313172,2,-0.41608694195747375,-0.5742886662483215,-1.543893575668335
1451504313191,2,-0.13642928004264832,-0.7226297855377197,-0.6770867705345154
1451504313211,2,-0.5445224046707153,-0.9578413963317871,-0.671795666217804
1451504313232,2,0.4028225243091583,-0.473844438791275,0.045493338257074356
1451504313252,2,0.6183761358261108,-1.4532313346862793,0.8870791792869568
1451504313272,2,0.534505307674408,0.07181844860315323,0.614942729473114
1451504313291,2,0.6922239065170288,0.634658694267273,0.43878304958343506
1451504313311,2,0.12149284034967422,0.13280746340751648,0.1421755999326706
1451504313333,2,0.0632166638970375,0.3080921471118927,0.3748877942562103
1451504313353,2,0.029972638934850693,0.31390345096588135,1.0073720216751099
1451504313371,2,0.4029984772205353,0.13895487785339355,0.8343144059181213
1451504313392,2,0.642233669757843,0.1318909376859665,0.189649298787117
1451504313412,2,0.6523553729057312,0.20924948155879974,0.037620414048433304
1451504313434,2,0.2506433427333832,-0.07578326761722565,0.33950668573379517
1451504313453,2,-0.16760137677192688,-0.3588210344314575,0.3183808922767639
1451504313473,2,-0.28483861684799194,-0.4978489875793457,0.2087012082338333
1451504313493,2,-0.1622723937034607,-0.4694669544696808,0.07969313114881516
1451504313513,2,0.19991235435009003,-0.20128127932548523,0.38010290265083313
1451504313536,2,0.1319095939397812,-0.19238077104091644,0.8453560471534729
1451504313555,2,-0.13014504313468933,-0.3077998757362366,0.640600323677063
1451504313573,2,-0.06505115330219269,-0.28193536400794983,0.21126258373260498
1451504313593,2,0.13037581741809845,-0.03129647299647331,-0.06325695663690567
1451504313614,2,0.3006111681461334,0.1423100382089615,0.23451076447963715
1451504313635,2,0.1709180772304535,0.11675766855478287,0.5854249596595764
1451504313650,2,0.1607326865196228,-0.026287702843546867,0.40664544701576233
1451504313669,2,0.06399950385093689,-0.10045184195041656,0.3834832012653351
1451504313694,2,0.03965464234352112,-0.06357143074274063,0.2520785629749298
1451504313714,2,0.23064635694026947,0.07034078240394592,0.012578911148011684
1451504313736,2,-0.11661036312580109,-0.08344342559576035,0.4015045762062073
1451504313756,2,-0.2191052883863449,-0.21850188076496124,0.5169488191604614
1451504313774,2,-0.06611764430999756,-0.36738720536231995,0.27071547508239746
1451504313795,2,0.03555230423808098,-0.24844694137573242,0.05461538955569267
1451504313818,2,0.20533299446105957,-0.11792027950286865,-0.059268768876791
1451504313836,2,-0.03706106171011925,-0.08710720390081406,0.34232935309410095
1451504313851,2,-0.05100541561841965,-0.18154841661453247,0.506990909576416
1451504313870,2,-0.036518845707178116,-0.28498074412345886,0.5849351286888123
1451504313897,2,-6.038111168891191E-4,-0.28555530309677124,0.5904746651649475
1451504313923,2,0.014748839661478996,-0.19456747174263,0.4655126631259918
1451504313940,2,-0.01143668219447136,-0.08049333840608597,0.037628013640642166
1451504313957,2,-0.03427497670054436,-0.25663843750953674,0.3780950605869293
1451504313975,2,-0.058818064630031586,-0.1667494773864746,0.5978624224662781
1451504313996,2,0.001352108782157302,-0.2383124977350235,0.6327964067459106
1451504314016,2,0.0019387861248105764,-0.2340519279241562,0.47319093346595764
1451504314037,2,-0.015735182911157608,-0.19652386009693146,0.4156763255596161
1451504314055,2,-0.12106193602085114,-0.21071487665176392,0.28320905566215515
1451504314076,2,-0.10893866419792175,-0.25586920976638794,0.350880891084671
1451504314096,2,-0.07976656407117844,-0.3303016424179077,0.3162544071674347
1451504314117,2,-0.06463395059108734,-0.3354068398475647,0.45355743169784546
1451504314132,2,-0.022243980318307877,-0.2810802161693573,0.48828327655792236
1451504314156,2,0.2645072340965271,-0.060351885855197906,0.13106033205986023
1451504314176,2,0.22924108803272247,-0.04427811875939369,0.25501230359077454
1451504314197,2,0.09001483768224716,-0.1134001687169075,0.288171648979187
1451504314219,2,2.3501433315686882E-4,-0.1493178755044937,0.3829910159111023
1451504314239,2,-0.04323672130703926,-0.18860943615436554,0.5640875697135925
1451504314257,2,0.041171930730342865,-0.19987142086029053,0.5881114602088928
1451504314277,2,-0.02313314750790596,-0.1550789177417755,0.3233873248100281
1451504314298,2,-0.07578081637620926,-0.1860053837299347,0.2611673176288605
1451504314320,2,-0.1438828408718109,-0.18382687866687775,0.31390461325645447
1451504314338,2,-0.12388240545988083,-0.18352234363555908,0.2522907555103302
1451504314357,2,-0.16191862523555756,-0.2599199414253235,0.2673638164997101
1451504314377,2,-0.15280327200889587,-0.2940472364425659,0.41080841422080994
1451504314397,2,-0.12135230004787445,-0.3088701367378235,0.3715706467628479
1451504314419,2,-0.16090966761112213,-0.36377018690109253,0.3088274598121643
1451504314442,2,-0.10636475682258606,-0.3345522880554199,0.36800915002822876
1451504314457,2,-0.09981939196586609,-0.26538756489753723,0.2975362539291382
1451504314478,2,-0.17987163364887238,-0.33389177918434143,0.3763584494590759
1451504314498,2,-0.09737451374530792,-0.2909142076969147,0.34461191296577454
