1449111460755,1,-0.08008978515863419,0.06337211281061172,0.031903788447380066
1449111460773,1,-0.08008978515863419,0.06337211281061172,0.031903788447380066
1449111460793,1,-0.08008978515863419,0.06337211281061172,0.031903788447380066
1449111460814,1,-0.08008978515863419,0.06337211281061172,0.031903788447380066
1449111460834,1,-0.08008978515863419,0.06337211281061172,0.031903788447380066
1449111460854,1,-0.9796525835990906,-0.8000865578651428,0.8975088000297546
1449111460873,1,-0.20248298346996307,0.2981938421726227,-0.1254991888999939
1449111460893,1,-0.3467708230018616,0.24747779965400696,-0.38611119985580444
1449111460918,1,-0.15864376723766327,0.13881956040859222,-0.2251443862915039
1449111460939,1,0.8477687239646912,-0.09648410975933075,0.8849480152130127
1449111460961,1,0.26816579699516296,0.002055471297353506,0.7252788543701172
1449111460980,1,0.11874357610940933,0.09634265303611755,0.2118167132139206
1449111460998,1,0.003335610730573535,0.39810997247695923,-0.26244625449180603
1449111461019,1,0.0027084187604486942,0.41349518299102783,-0.3325771689414978
1449111461040,1,0.26271793246269226,0.18667875230312347,0.20037177205085754
1449111461061,1,0.8016371726989746,0.07655249536037445,0.8337029814720154
1449111461079,1,0.20620858669281006,0.04852057993412018,0.38559097051620483
1449111461101,1,-0.18959785997867584,0.24089521169662476,0.14889000356197357
1449111461120,1,-0.2076585292816162,0.3265855312347412,0.08837912976741791
1449111461140,1,0.21390791237354279,0.28819239139556885,0.24546821415424347
1449111461161,1,0.7992044687271118,0.1298953741788864,0.11086393147706985
1449111461181,1,0.4015806019306183,0.07667612284421921,-0.05347323417663574
1449111461200,1,0.1589612364768982,0.19684827327728271,-0.11791794002056122
1449111461220,1,-0.04502192139625549,0.030621057376265526,-0.11399754881858826
1449111461242,1,-0.1342947781085968,-0.08636778593063354,0.08683423697948456
1449111461262,1,0.40572109818458557,-0.23696400225162506,3.430295944213867
1449111461281,1,1.300325632095337,-0.5331976413726807,4.369324207305908
1449111461300,1,-0.6156120300292969,-1.0116583108901978,-0.1396031230688095
1449111461321,1,-2.734633445739746,-0.23717327415943146,-3.7872021198272705
1449111461342,1,-9.583144187927246,0.43998366594314575,-0.25042322278022766
1449111461361,1,2.3335843086242676,1.5665494203567505,5.036180019378662
1449111461376,1,3.448796510696411,0.7481038570404053,-4.141892433166504
1449111461401,1,-0.33914777636528015,-0.448064386844635,-4.1116790771484375
1449111461420,1,-3.6261699199676514,-0.5928782224655151,-3.1218655109405518
1449111461442,1,-2.0369575023651123,-0.32927170395851135,-0.3080459535121918
1449111461464,1,0.804812490940094,-0.22224779427051544,3.3673207759857178
1449111461482,1,1.6760597229003906,-0.09022592008113861,2.1316051483154297
1449111461501,1,0.6574974656105042,0.35615795850753784,-0.5244663953781128
1449111461522,1,0.1684088110923767,0.6309162974357605,-1.6517502069473267
1449111461545,1,0.23192928731441498,0.7886027693748474,-1.1903811693191528
1449111461565,1,0.2942771911621094,0.5273512601852417,0.4409124553203583
1449111461582,1,-0.31713923811912537,-0.2510816752910614,2.1738171577453613
1449111461603,1,-0.15271879732608795,-0.3145011365413666,1.3232225179672241
1449111461623,1,-0.4408203661441803,-0.19205869734287262,0.1727355718612671
1449111461645,1,-0.20778660476207733,0.16130612790584564,-0.5291121602058411
1449111461664,1,0.2252683788537979,0.33127662539482117,-0.8141565918922424
1449111461681,1,0.19658298790454865,0.3456052839756012,-0.4192974269390106
1449111461703,1,-0.16731485724449158,0.08959434926509857,0.7776011824607849
1449111461726,1,-0.0681748017668724,0.11559271067380905,1.110780954360962
1449111461746,1,0.0434478223323822,0.12986703217029572,0.6244879961013794
1449111461765,1,-0.10747300833463669,0.23861119151115417,0.06689385324716568
1449111461782,1,-0.08373638242483139,0.24540099501609802,-0.40329790115356445
1449111461803,1,-0.060816653072834015,0.24131956696510315,-0.11577040702104568
1449111461824,1,0.3571116030216217,0.2484104037284851,0.4471592605113983
1449111461848,1,0.526552140712738,0.13617080450057983,1.0560258626937866
1449111461867,1,0.387909471988678,0.1943485587835312,1.0359528064727783
1449111461884,1,-0.06570103019475937,0.32888123393058777,0.49617433547973633
1449111461904,1,0.13384917378425598,0.33627426624298096,-0.18665596842765808
1449111461927,1,0.3813026249408722,0.34523850679397583,-0.15577858686447144
1449111461946,1,0.3407745361328125,0.15670622885227203,-0.014983049593865871
1449111461965,1,-0.08696389198303223,0.07954612374305725,0.04707622528076172
1449111461984,1,-0.13277681171894073,0.07787293195724487,0.164269357919693
1449111462005,1,-0.2473813146352768,0.11824381351470947,0.10685060173273087
1449111462027,1,-0.18137307465076447,0.09709405899047852,-0.10235211998224258
1449111462046,1,-0.2800733745098114,0.07977437973022461,0.005604980513453484
1449111462064,1,-0.18840178847312927,0.00828296784311533,0.21662557125091553
1449111462085,1,0.10995352268218994,0.07375409454107285,0.5688760280609131
1449111462105,1,-0.013556268066167831,0.14313508570194244,0.4640764892101288
1449111462127,1,0.007505151443183422,0.2638058364391327,0.2688567042350769
1449111462147,1,0.21924546360969543,0.18901100754737854,-0.30385902523994446
1449111462164,1,-0.0392022579908371,0.08122165501117706,-0.49524611234664917
1449111462182,1,-0.4703185260295868,-0.2679500877857208,0.33462825417518616
1449111462206,1,0.0675257220864296,0.2841518819332123,0.9936457276344299
1449111462228,1,0.2692943215370178,0.24199791252613068,0.29960897564888
1449111462248,1,0.5146926045417786,0.10614713281393051,-0.8263099789619446
1449111462267,1,0.4544845521450043,0.296050101518631,-0.979051411151886
1449111462287,1,0.3132230341434479,0.3743327856063843,-0.2601671814918518
1449111462306,1,0.23501116037368774,0.2373226135969162,0.3157254159450531
1449111462329,1,-0.10645583271980286,0.08656857162714005,0.43663960695266724
1449111462348,1,-1.1403045654296875,-0.20921207964420319,1.194348931312561
1449111462366,1,-0.16848303377628326,-0.16297639906406403,0.763552188873291
1449111462388,1,0.2667200565338135,0.05528232827782631,0.3886515200138092
1449111462406,1,0.39424610137939453,0.2564607262611389,-0.06000468134880066
1449111462427,1,0.11274923384189606,0.32733285427093506,-0.29316872358322144
1449111462442,1,-0.23592078685760498,0.12234248220920563,0.04294716194272041
1449111462467,1,0.2102191001176834,0.04449789971113205,0.34663259983062744
1449111462488,1,0.3031960427761078,-0.07676380127668381,0.3808031678199768
1449111462507,1,0.18763664364814758,0.10189823806285858,0.1323871910572052
1449111462528,1,0.13396218419075012,0.3195815086364746,-0.08568447828292847
1449111462543,1,0.07719287276268005,0.2852548658847809,0.17330898344516754
1449111462568,1,0.050081104040145874,0.23690877854824066,0.16094109416007996
1449111462590,1,0.3760072588920593,0.11379151046276093,0.24479542672634125
1449111462611,1,0.300925076007843,0.03061959519982338,0.2717898190021515
1449111462630,1,-0.009170673787593842,0.03771861270070076,0.05957914888858795
1449111462649,1,-0.20541571080684662,0.10292787849903107,0.05032441392540932
1449111462669,1,-0.34253934025764465,0.13345423340797424,0.232601135969162
1449111462689,1,-0.09589556604623795,-0.04896744713187218,-0.009910568594932556
1449111462711,1,0.2024739682674408,-0.05170242488384247,0.054176997393369675
1449111462730,1,0.13446733355522156,0.013595687225461006,0.24891281127929688
1449111462748,1,-0.013445574790239334,0.06135112792253494,0.4914443790912628
1449111462769,1,-0.29390886425971985,0.12296529114246368,0.5167144536972046
1449111462789,2,-0.10089947283267975,0.14013123512268066,0.2609376013278961
1449111462812,2,0.2503054141998291,0.19668635725975037,0.13179799914360046
1449111462833,2,0.27564969658851624,0.17196370661258698,0.28724634647369385
1449111462848,2,0.06356146186590195,0.11324089020490646,0.2175789177417755
1449111462869,2,-0.14240501821041107,0.08666384965181351,0.12907470762729645
1449111462890,2,0.17738625407218933,0.1992638111114502,-0.026766426861286163
1449111462910,2,0.34182247519493103,0.25737902522087097,-0.09166355431079865
1449111462930,2,0.48902586102485657,0.23664982616901398,-0.1448269933462143
1449111462951,2,0.18301118910312653,0.2286258041858673,0.05637538433074951
1449111462971,2,0.1428668349981308,0.18361878395080566,0.39645257592201233
1449111462992,2,0.12217877805233002,0.21269699931144714,0.5403823256492615
1449111463006,2,0.30617275834083557,0.27894437313079834,0.4338233768939972
1449111463032,2,0.31877022981643677,0.28439417481422424,0.07579845935106277
1449111463050,2,0.1162642389535904,0.2455313503742218,-2.1101240417920053E-4
1449111463070,2,-0.17808380722999573,0.08271335810422897,0.006706219632178545
1449111463087,2,-0.2587011754512787,-0.09075286984443665,0.35516661405563354
1449111463112,2,0.01375390961766243,0.009639935567975044,0.1335369497537613
1449111463132,2,0.14690814912319183,0.12130232155323029,-0.11863748729228973
1449111463151,2,0.0293309073895216,0.11111761629581451,-0.05893968045711517
1449111463171,2,-0.3624907433986664,0.03256313130259514,0.36085811257362366
1449111463194,2,-0.516349196434021,0.011410743929445744,0.37592649459838867
1449111463215,2,-0.21832601726055145,0.04960866644978523,0.4031669795513153
1449111463232,2,-0.17247074842453003,3.320084360893816E-4,0.07454816997051239
1449111463252,2,-0.28183549642562866,-0.08938275277614594,0.05178162455558777
1449111463271,2,-0.4401008188724518,-0.18111176788806915,0.15392741560935974
1449111463294,2,-0.7395760416984558,-0.2973720133304596,0.1879214495420456
1449111463314,2,-5.959279537200928,-4.015315532684326,-0.500420331954956
1449111463331,2,-7.2180376052856445,2.078625440597534,1.4849176406860352
1449111463351,2,-1.9245210886001587,1.1540697813034058,1.558597207069397
1449111463372,2,1.454590082168579,1.7346830368041992,1.8441197872161865
1449111463394,2,0.7809175848960876,-1.5719935894012451,1.5846645832061768
1449111463415,2,-3.3281333446502686,-1.635763168334961,0.995800256729126
1449111463432,2,-1.7855980396270752,-1.1985589265823364,0.4275882840156555
1449111463453,2,-0.8769772052764893,-0.3764265477657318,-0.18868717551231384
1449111463473,2,-0.7454834580421448,-0.3819675147533417,-0.5063309669494629
1449111463494,2,-1.034162163734436,-0.3933268189430237,-0.42061787843704224
1449111463515,2,-0.6137079000473022,-0.1165805533528328,0.24341712892055511
1449111463531,2,-0.4088367819786072,0.09889554977416992,0.21132512390613556
1449111463552,2,-0.4727516770362854,0.1586141139268875,0.03241758421063423
1449111463572,2,-0.6661069989204407,-0.011210253462195396,0.26291969418525696
1449111463596,2,-0.7945517897605896,-0.2507408857345581,0.5563842058181763
1449111463613,2,-0.7242895364761353,-0.3320186734199524,0.7234078049659729
1449111463629,2,-0.4769494831562042,-0.04308043420314789,0.3550894558429718
1449111463653,2,-0.18188290297985077,0.07678046077489853,-0.006891513243317604
1449111463675,2,-0.6446393728256226,0.04172404855489731,-0.14381109178066254
1449111463698,2,-0.8608400821685791,-0.2716778814792633,0.18863223493099213
1449111463716,2,-1.0045086145401,-0.2854381203651428,0.43121466040611267
1449111463734,2,-0.6467781066894531,-0.171519473195076,0.17861469089984894
1449111463755,2,-0.6190000176429749,-0.2492617666721344,0.1234288141131401
1449111463778,2,-0.9191481471061707,-0.29870733618736267,0.21909692883491516
1449111463797,2,-0.8851990699768066,-0.38735711574554443,0.22557343542575836
1449111463816,2,-0.8527169227600098,-0.21915186941623688,0.30403438210487366
1449111463835,2,-0.5599857568740845,-0.08458411693572998,0.48250529170036316
1449111463855,2,-0.3896327316761017,-0.08463701605796814,0.7024813294410706
1449111463878,2,-0.3318897485733032,0.004134615883231163,0.6773135662078857
1449111463897,2,-0.4556048512458801,0.0446782223880291,0.4196411371231079
1449111463915,2,-0.43399518728256226,-0.007355623412877321,0.366045743227005
1449111463935,2,-0.35004109144210815,-0.003995207138359547,0.39655134081840515
1449111463957,2,-0.14425475895404816,0.15279841423034668,0.23405776917934418
1449111463977,2,-0.19552475214004517,0.18594080209732056,0.2151823788881302
1449111463999,2,-0.3504413962364197,0.10666589438915253,0.10133680701255798
1449111464017,2,-0.44752243161201477,0.06483341753482819,0.02079845778644085
1449111464037,2,-0.22949838638305664,0.05388473719358444,-0.06113806739449501
1449111464060,2,-0.14662078022956848,0.05338847637176514,-0.19335691630840302
1449111464079,2,-0.1614498794078827,0.03232318535447121,-0.1016688197851181
1449111464098,2,-0.29488229751586914,-0.040647946298122406,0.2164846956729889
1449111464117,2,-0.4653169512748718,-0.08925386518239975,0.2888537645339966
1449111464132,2,-0.6227693557739258,-0.1091466024518013,0.398114949464798
1449111464156,2,-0.32589882612228394,0.03240443393588066,0.31114569306373596
1449111464178,2,-0.3044014573097229,0.04904548078775406,0.09878186136484146
1449111464198,2,-0.3530457019805908,0.03243248909711838,0.047192543745040894
1449111464217,2,-0.3832465708255768,-0.03303220868110657,0.3073071241378784
1449111464238,2,-0.2794657349586487,-0.05745675042271614,0.3589174747467041
1449111464258,2,-0.25582239031791687,-0.06645721942186356,0.3557868003845215
1449111464273,2,-0.2673613727092743,0.013251403346657753,0.0617646761238575
1449111464299,2,-0.04234907776117325,0.11755144596099854,-0.16982582211494446
1449111464319,2,0.03436310216784477,0.14529664814472198,-0.13660043478012085
1449111464339,2,0.05657947435975075,0.19436579942703247,0.22665829956531525
1449111464361,2,0.019209498539566994,0.2642933428287506,0.400071918964386
1449111464383,2,-0.3993702530860901,-0.05759907886385918,0.21806582808494568
1449111464398,2,-0.3111746609210968,-0.056321315467357635,0.3169838786125183
1449111464418,2,-0.030570631846785545,0.07229191809892654,0.18293839693069458
1449111464438,2,0.12304927408695221,0.12085369974374771,-0.003908697981387377
1449111464462,2,-0.04637020453810692,0.034853287041187286,-0.04695172235369682
1449111464481,2,-0.5621920824050903,-0.033019933849573135,0.48207274079322815
1449111464497,2,-0.6070159077644348,-0.04360445588827133,0.4508586823940277
1449111464519,2,-0.47240450978279114,-0.09356588125228882,0.26868951320648193
1449111464539,2,-0.08925820887088776,-0.02658347226679325,0.10586217790842056
1449111464561,2,0.03745649382472038,0.09956541657447815,0.04442717134952545
1449111464574,2,-0.2325173020362854,0.05958528444170952,0.2732827067375183
1449111464599,2,-0.23109278082847595,0.07145780324935913,0.5432365536689758
1449111464619,2,-0.13044194877147675,0.1298065334558487,0.611308217048645
1449111464640,2,-0.09064550697803497,0.10929127782583237,0.2363637089729309
1449111464661,2,0.02350262925028801,0.13343290984630585,-0.11668343096971512
1449111464682,2,0.27654609084129333,0.22069472074508667,-0.006671732757240534
1449111464700,2,0.016532115638256073,0.20814445614814758,-0.04964636638760567
1449111464721,2,-0.04578886553645134,0.12591595947742462,0.3880050480365753
1449111464740,2,-0.01437927782535553,0.09791940450668335,0.5453431606292725
1449111464762,2,0.050883740186691284,0.1232026070356369,0.2274310439825058
1449111464780,2,0.2542146146297455,0.24981121718883514,0.00895662885159254
1449111464801,1,-0.2659294009208679,0.18723346292972565,0.48190850019454956
1449111464821,1,-0.9982975125312805,0.05766396224498749,-0.5990326404571533
1449111464845,1,-1.024111270904541,-0.06684914231300354,-0.6724544763565063
1449111464863,1,-0.4870522916316986,0.1473158895969391,0.008273323066532612
1449111464881,1,0.24536500871181488,0.0997881144285202,-0.11069734394550323
1449111464901,1,0.7319353818893433,-0.08463584631681442,0.4207721948623657
1449111464920,1,0.21871620416641235,0.2617641091346741,0.8983569741249084
1449111464937,1,-0.28834667801856995,0.08355799317359924,0.49006083607673645
1449111464957,1,-0.6086634397506714,-0.02637888863682747,-0.010459435172379017
1449111464981,1,-0.6350014805793762,0.09334493428468704,-0.26903966069221497
1449111465001,1,-0.44018229842185974,0.05244096741080284,-0.208292618393898
1449111465020,1,0.5752139091491699,-0.044613633304834366,0.6754220724105835
1449111465043,1,0.3433002233505249,0.0077305943705141544,0.8654261827468872
1449111465066,1,-0.27376270294189453,0.05386953800916672,0.5373620986938477
1449111465082,1,-0.5903704762458801,0.041498132050037384,0.18140637874603271
1449111465103,1,-0.23757588863372803,0.14293372631072998,-0.04288344830274582
1449111465123,1,-0.13871024549007416,-0.07679156213998795,-0.18277707695960999
1449111465144,1,-0.23784656822681427,-0.24947892129421234,0.3706938624382019
1449111465166,1,0.6514278054237366,0.03880319371819496,2.590139865875244
1449111465177,1,1.724099040031433,-0.5391311645507813,4.022229194641113
1449111465201,1,-0.37361907958984375,-1.2895973920822144,1.0124404430389404
1449111465222,1,-13.284442901611328,1.2905287742614746,-0.4510089159011841
1449111465244,1,0.9891414046287537,1.6044600009918213,6.033553123474121
1449111465263,1,2.7961230278015137,0.8241460919380188,-0.8858458399772644
1449111465284,1,4.308784484863281,1.0868371725082397,-5.093364238739014
1449111465303,1,3.51177978515625,0.26542964577674866,-6.433369159698486
1449111465323,1,1.5159155130386353,-0.3372480869293213,-5.125909805297852
1449111465346,1,-1.7787325382232666,-1.2579317092895508,-1.6302216053009033
1449111465363,1,-1.8952760696411133,-1.0711095333099365,0.45008301734924316
1449111465384,1,-0.10457973927259445,-0.3859460651874542,4.052339553833008
1449111465403,1,2.1891987323760986,-0.4439525604248047,4.618597507476807
1449111465427,1,2.1375560760498047,-0.04164747893810272,2.982145309448242
1449111465446,1,0.14622600376605988,0.39594781398773193,-0.7570645809173584
1449111465464,1,-0.5515351295471191,0.3406900465488434,-0.7193693518638611
1449111465483,1,-0.5778375864028931,-0.019661562517285347,0.38912031054496765
1449111465503,1,-0.25628143548965454,-0.16294600069522858,1.5976176261901855
1449111465526,1,0.49206507205963135,-0.32918110489845276,2.453441858291626
1449111465548,1,0.12260456383228302,-0.32016077637672424,0.2410217672586441
1449111465567,1,-0.2885943055152893,-0.16785335540771484,-0.8890209794044495
1449111465582,1,-0.3612181544303894,0.0980558842420578,-1.2427386045455933
1449111465604,1,-0.17369616031646729,0.15673048794269562,-0.9076836109161377
1449111465626,1,0.26409387588500977,0.1118348240852356,-0.05323708429932594
1449111465643,1,0.6091578602790833,0.013059972785413265,0.8904706239700317
1449111465665,1,0.023598136380314827,-0.1732020229101181,0.2689116299152374
1449111465686,1,-0.40700021386146545,-0.010417349636554718,-0.28224459290504456
1449111465706,1,-0.303781121969223,0.09127485007047653,-0.4259738326072693
1449111465729,1,0.14932070672512054,0.1587017923593521,-0.04019172489643097
1449111465747,1,0.47865787148475647,0.22050006687641144,0.543982982635498
1449111465767,1,0.27386510372161865,-0.13272972404956818,0.6925315856933594
1449111465786,1,-0.13363361358642578,-0.038906946778297424,0.5197440385818481
1449111465806,1,-0.34082457423210144,0.05213058739900589,0.3061971068382263
1449111465828,1,-0.033468443900346756,0.0938362255692482,0.2234036922454834
1449111465846,1,0.3799086809158325,0.11183248460292816,0.04028349742293358
1449111465865,1,0.2020941972732544,0.08934563398361206,-0.31082186102867126
1449111465887,1,0.08099909871816635,0.045625150203704834,-0.18150398135185242
1449111465909,1,0.11466401815414429,0.11925386637449265,0.13592413067817688
1449111465928,1,0.2650426924228668,0.1405561864376068,0.1480412781238556
1449111465947,1,0.16355149447917938,0.05403086543083191,-0.018594225868582726
1449111465966,1,0.021749475970864296,-0.0018935586558654904,-0.02508709579706192
1449111465987,1,-0.05708667263388634,-0.015568740665912628,0.2858978509902954
1449111466009,1,-0.0526384636759758,0.026937691494822502,0.5868091583251953
1449111466029,1,0.1237257868051529,0.049099840223789215,0.7591390609741211
1449111466047,1,0.18991157412528992,0.014985972084105015,0.5477858781814575
1449111466066,1,-0.13281430304050446,-0.03849748894572258,0.18669921159744263
1449111466088,1,-0.1372433304786682,0.011113807559013367,0.15836744010448456
1449111466107,1,-0.1725522130727768,0.047988954931497574,0.11192893236875534
1449111466129,1,-0.03748564422130585,0.10740239173173904,0.1343839168548584
1449111466147,1,0.2845947742462158,0.12659429013729095,0.06084989756345749
1449111466168,1,0.41270712018013,0.09215367585420609,0.13351064920425415
1449111466189,1,-0.48796406388282776,-0.04442483186721802,-0.1796148121356964
1449111466212,1,-1.001096248626709,-0.46669134497642517,0.004958499222993851
1449111466230,1,-0.6159407496452332,-0.15517887473106384,0.15111644566059113
1449111466248,1,-0.06157291680574417,0.1827045977115631,0.09320026636123657
1449111466267,1,0.5347805023193359,0.07617197185754776,-0.12269991636276245
1449111466288,1,0.6337528824806213,-0.05124824866652489,-0.23002631962299347
1449111466311,1,0.047181036323308945,0.20081570744514465,-0.24638241529464722
1449111466326,1,-0.19326676428318024,0.17317834496498108,0.18035832047462463
1449111466347,1,-0.13342151045799255,0.1700049787759781,0.8066068887710571
1449111466371,1,0.3311420977115631,0.09785743802785873,0.7515817880630493
1449111466393,1,0.24565647542476654,0.134395033121109,0.4005775451660156
1449111466414,1,0.1450975090265274,0.13909341394901276,0.1856289505958557
1449111466432,1,0.06294440478086472,0.21911388635635376,0.19747430086135864
1449111466457,1,0.07012750208377838,0.1127341091632843,0.21934592723846436
1449111466472,1,0.06408258527517319,-0.07409603893756866,0.08860475569963455
1449111466494,1,-0.3872010409832001,-0.12357699126005173,-0.08486147224903107
1449111466515,1,-0.2855752110481262,-0.14011399447917938,-0.009434767998754978
1449111466533,1,-0.24937018752098083,-0.06571721285581589,0.039676763117313385
1449111466552,1,-0.006630761548876762,-0.016266075894236565,0.3544260263442993
1449111466576,1,0.10474409908056259,0.003032791893929243,0.47442251443862915
1449111466594,1,-0.11833952367305756,0.24902941286563873,0.1362181454896927
1449111466614,1,-0.06984112411737442,0.26718875765800476,0.051082536578178406
1449111466632,1,0.14222367107868195,0.21327129006385803,0.20685528218746185
1449111466653,1,0.2286447286605835,0.13654227554798126,0.3946130871772766
1449111466674,1,0.1405976265668869,0.024230770766735077,0.3444032371044159
1449111466696,1,-0.35699546337127686,0.026865795254707336,-0.10924831032752991
1449111466715,1,-0.35937613248825073,0.033829789608716965,0.010400397703051567
1449111466753,1,0.2691524922847748,0.21895693242549896,0.2420540302991867
1449111466787,1,0.04651307314634323,0.12060586363077164,-0.02021685801446438
1449111466808,1,-0.24523167312145233,0.09993863105773926,0.14427052438259125
1449111466829,1,-0.15981300175189972,-0.009299159049987793,0.3321264982223511
1449111466847,2,-0.06259951740503311,0.029697803780436516,0.30427637696266174
1449111466867,2,0.18628054857254028,0.12419366091489792,-0.12411855161190033
1449111466887,2,0.2401496320962906,0.161032572388649,-0.1081342101097107
1449111466910,2,0.13121968507766724,0.17311696708202362,-0.0012678280472755432
1449111466929,2,0.08364201337099075,0.13764671981334686,0.4184124767780304
1449111466943,2,0.10798756778240204,0.0453612357378006,0.6902554631233215
1449111466964,2,-0.009086904115974903,0.10479425638914108,0.08028174191713333
1449111466988,2,-0.02293667569756508,0.1384861022233963,-0.12928864359855652
1449111467011,2,0.08738455921411514,0.1634562909603119,-0.030131518840789795
1449111467030,2,0.043198395520448685,0.09454875439405441,0.12013795226812363
1449111467050,2,-0.19922417402267456,0.011432663537561893,0.28108665347099304
1449111467068,2,0.054529353976249695,-0.016689853742718697,0.1851087361574173
1449111467088,2,0.23870272934436798,0.18718816339969635,0.08387947827577591
1449111467111,2,0.17293915152549744,0.13449819386005402,-0.036193594336509705
1449111467132,2,-0.25718796253204346,0.022065408527851105,0.043725743889808655
1449111467148,2,-0.40460240840911865,-0.05051321163773537,0.24209201335906982
1449111467168,2,-0.3246004283428192,-0.04213964566588402,0.430011123418808
1449111467189,2,0.004321407061070204,0.07596329599618912,0.1253098100423813
1449111467211,2,-0.13263875246047974,0.01731003075838089,0.08943769335746765
1449111467225,2,-0.2739504277706146,-0.024989772588014603,0.05936988815665245
1449111467250,2,-0.4130549430847168,-0.10666881501674652,0.18540333211421967
1449111467268,2,-0.587266206741333,-0.25997108221054077,0.38156187534332275
1449111467289,2,-0.8891416788101196,-0.3713078796863556,0.5266226530075073
1449111467311,2,12.01220989227295,8.35692024230957,-2.126497745513916
1449111467330,2,-6.598213195800781,-4.168589115142822,-0.7645364999771118
1449111467345,2,-6.580129146575928,2.236538887023926,0.7049614787101746
1449111467369,2,-1.2561818361282349,0.24614626169204712,2.2961106300354004
1449111467391,2,1.1612931489944458,-1.1301813125610352,1.0153355598449707
1449111467411,2,-1.097456693649292,-1.8310692310333252,0.7448492646217346
1449111467432,2,-3.010498523712158,-1.1169912815093994,0.9650514721870422
1449111467449,2,-2.4905505180358887,-1.2926958799362183,0.7609487175941467
1449111467470,2,-1.120823621749878,-0.6591606736183167,0.2787625789642334
1449111467490,2,-0.12374377995729446,-0.14512977004051208,-0.345793217420578
1449111467506,2,0.0724077969789505,-0.057178810238838196,-0.7229606509208679
1449111467530,2,-0.31195205450057983,0.014564824290573597,-0.17013445496559143
1449111467549,2,-0.3589174449443817,-0.0590665228664875,0.6556453704833984
1449111467571,2,-0.28662580251693726,-0.07281126081943512,0.9475263357162476
1449111467594,2,-0.17321409285068512,-0.12329203635454178,0.6600818634033203
1449111467611,2,-0.10618019104003906,-0.05553951859474182,0.38584408164024353
1449111467632,2,-0.15131798386573792,-0.007294248789548874,0.38020753860473633
1449111467651,2,-0.24666821956634521,-0.04197334870696068,0.35562780499458313
1449111467672,2,-0.34205499291419983,-0.07669833302497864,0.35228490829467773
1449111467694,2,-0.275838702917099,-0.12152443826198578,0.3981728255748749
1449111467716,2,-0.2549384534358978,-0.0877542719244957,0.2616735100746155
1449111467731,2,-0.19335995614528656,-0.07513152062892914,0.18460720777511597
1449111467751,2,-0.33075013756752014,-0.04918050393462181,0.11483634263277054
1449111467772,2,-0.4349239766597748,-0.07879647612571716,0.15838906168937683
1449111467793,2,-0.5012434124946594,-0.14881284534931183,0.1989016979932785
1449111467815,2,-0.43593716621398926,-0.17235299944877625,0.186408132314682
1449111467833,2,-0.5278601050376892,-0.2249211072921753,0.005510872695595026
1449111467853,2,-0.47050273418426514,-0.24642273783683777,0.05232873931527138
1449111467873,2,-0.37409430742263794,-0.20594927668571472,0.2411404252052307
1449111467895,2,-0.4629043638706207,-0.19444209337234497,0.25014615058898926
1449111467915,2,-0.3868761658668518,-0.09341595321893692,0.23433014750480652
1449111467928,2,-0.25767281651496887,-0.04287000373005867,0.6785837411880493
1449111467953,2,-0.2279565930366516,-0.013330898247659206,0.6004133224487305
1449111467973,2,-0.13864105939865112,0.013398118317127228,0.3732037842273712
1449111467996,2,-0.07763262838125229,0.06689678132534027,0.21050269901752472
1449111468015,2,-0.04630228504538536,0.07755173742771149,0.08926993608474731
1449111468033,2,-0.18189188838005066,0.02125350944697857,-0.03280804678797722
1449111468054,2,-0.16036473214626312,-0.05822831764817238,0.10683131217956543
1449111468077,2,-0.08635016530752182,-0.09490151703357697,0.4910048246383667
1449111468098,2,-0.2959080636501312,-0.038696520030498505,0.3546779453754425
1449111468113,2,-0.36148571968078613,-0.004762392025440931,-0.22135668992996216
1449111468134,2,-0.2346348911523819,0.04292787238955498,-0.46870940923690796
1449111468151,2,-0.1782752275466919,-0.08153612911701202,0.1501198410987854
1449111468177,2,-0.29961490631103516,-0.143876850605011,0.4287450611591339
1449111468196,2,-0.24295251071453094,-0.15122634172439575,0.6091098189353943
1449111468217,2,0.011844240128993988,-0.013461247086524963,0.39095279574394226
1449111468231,2,0.0350511372089386,0.16493190824985504,0.1169721856713295
1449111468255,2,-0.12324056029319763,0.18311843276023865,0.2527332305908203
1449111468275,2,-0.14049361646175385,0.10134352743625641,0.31816813349723816
1449111468291,2,-0.10396555066108704,0.02062777802348137,0.1922737956047058
1449111468314,2,0.04751431941986084,0.009767653420567513,-0.006949965376406908
1449111468335,2,0.24516542255878448,0.06288433074951172,-0.17585399746894836
1449111468356,2,0.035648804157972336,0.06622399389743805,-0.3792717158794403
1449111468377,2,-0.04951651394367218,0.03029606305062771,-0.04934709146618843
1449111468399,2,-0.19368939101696014,0.010691490024328232,0.25778117775917053
1449111468417,2,-0.3238609731197357,-0.0037497079465538263,0.408234179019928
1449111468437,2,-0.15254566073417664,0.015761632472276688,0.4272136092185974
1449111468460,2,0.053548287600278854,0.06754472106695175,0.13820260763168335
1449111468479,2,-0.1732196807861328,0.05254092067480087,0.060116324573755264
1449111468500,2,-0.03148728236556053,0.10629355162382126,0.21628069877624512
1449111468515,2,0.057516906410455704,-0.0028232408221811056,0.22113515436649323
1449111468537,2,0.14174626767635345,0.014717092737555504,0.14249883592128754
1449111468559,2,-0.03878165781497955,0.04359978064894676,0.060496263206005096
1449111468578,2,-0.23916320502758026,-0.1710951179265976,0.0034995325841009617
1449111468596,2,-0.19337403774261475,-0.003704407485201955,-0.046885669231414795
1449111468617,2,-0.1094040498137474,0.04709376022219658,0.08903320878744125
1449111468638,2,-0.3311169445514679,0.12634295225143433,0.432768315076828
1449111468659,2,-0.11763863265514374,-0.13463672995567322,0.48654958605766296
1449111468679,2,0.15676753222942352,0.1252417117357254,0.08937398344278336
1449111468693,2,0.01623675599694252,0.11347031593322754,-0.1145230382680893
1449111468717,2,-0.2230941206216812,0.11260142177343369,0.18598434329032898
1449111468738,2,-0.1859685331583023,0.11281155794858932,0.7848726511001587
1449111468761,2,-0.0785403698682785,0.1785457283258438,0.9951093792915344
1449111468780,2,-0.06437090039253235,0.2072618156671524,0.22856560349464417
1449111468799,2,0.2306675910949707,0.10491729527711868,-0.22920799255371094
1449111468818,2,0.6525871157646179,0.22104835510253906,-0.03270107880234718
1449111468838,2,0.7091066837310791,0.23999884724617004,0.13256314396858215
1449111468859,2,0.5410916209220886,0.1193067654967308,0.4160252809524536
1449111468882,1,0.15513287484645844,0.06536883860826492,0.39227616786956787
1449111468903,1,-0.2487560212612152,0.07156331092119217,-0.048071082681417465
1449111468919,1,-0.1725887507200241,-0.02360854670405388,-0.10991934686899185
1449111468944,1,-0.20113061368465424,0.03832242637872696,-0.2609066069126129
1449111468959,1,-0.17351718246936798,-0.029326632618904114,-0.2934434413909912
1449111468981,1,-0.27771249413490295,-0.09194470942020416,-0.2073550522327423
1449111468994,1,-0.23861588537693024,-0.06564414501190186,0.4071902334690094
1449111469020,1,0.054766349494457245,-0.14326806366443634,0.5982014536857605
1449111469040,1,-0.09207069128751755,-0.20119214057922363,0.5336719751358032
1449111469062,1,-0.6571515202522278,-0.11257044225931168,0.5678145289421082
1449111469080,1,-0.07495009899139404,0.01497077476233244,0.7688280940055847
1449111469099,1,0.352630078792572,0.11462824791669846,0.9809487462043762
1449111469120,1,-0.06204869970679283,0.0645361840724945,0.025889059528708458
1449111469144,1,-0.3220897316932678,0.19486556947231293,-0.2783043086528778
1449111469162,1,-0.15188156068325043,0.14495237171649933,-0.3108879029750824
1449111469180,1,0.0994037613272667,0.08240969479084015,0.060317981988191605
1449111469199,1,-0.03807875141501427,-0.05374561995267868,0.04275543987751007
1449111469219,1,1.5881378650665283,0.09857728332281113,2.429619073867798
1449111469242,1,2.238586664199829,-0.9016618728637695,3.314775228500366
1449111469263,1,0.11676475405693054,-1.4382911920547485,-0.15020166337490082
1449111469283,1,-14.476282119750977,-2.302870035171509,0.10017068684101105
1449111469301,1,-2.581352710723877,0.21026626229286194,4.042392730712891
1449111469321,1,5.3750224113464355,2.2297918796539307,-2.542731523513794
1449111469344,1,6.0121235847473145,1.5658570528030396,-4.33151912689209
1449111469363,1,2.4922966957092285,-0.1267959475517273,-3.7407119274139404
1449111469381,1,-1.6273657083511353,-0.6811071038246155,-2.128767967224121
1449111469400,1,-3.1795167922973633,-0.7435004711151123,-0.7696031332015991
1449111469422,1,-2.2490880489349365,-0.8429828882217407,0.15586744248867035
1449111469443,1,2.884735107421875,0.2252224236726761,2.8012404441833496
1449111469463,1,3.4773190021514893,0.38513389229774475,1.9230653047561646
1449111469483,1,2.0404021739959717,0.7447162866592407,0.21872517466545105
1449111469503,1,0.41659942269325256,0.6624538898468018,-0.8935592174530029
1449111469523,1,-0.40939512848854065,0.5781555771827698,-0.5968605875968933
1449111469544,1,-0.08550875633955002,-0.006465104408562183,1.2065045833587646
1449111469557,1,0.4783795177936554,-0.17327158153057098,1.499989628791809
1449111469581,1,0.809309720993042,-0.3717334270477295,1.101052165031433
1449111469601,1,0.4329344630241394,-0.2569461762905121,0.09309037029743195
1449111469618,1,-0.09603274613618851,0.0804886668920517,-0.5960463285446167
1449111469639,1,-0.1907520741224289,0.2161439210176468,-0.5114519596099854
1449111469662,1,0.2630303204059601,0.2426891028881073,0.20889994502067566
1449111469682,1,0.40948083996772766,-0.02452332340180874,0.2600403428077698
1449111469703,1,0.2655043303966522,-0.09643150120973587,0.536553680896759
1449111469723,1,0.29593920707702637,-0.0019487959798425436,0.619644045829773
1449111469745,1,-0.10310707241296768,0.10839520394802094,0.22274550795555115
1449111469764,1,-0.05995802953839302,0.13084347546100616,0.14532208442687988
1449111469784,1,0.23538151383399963,0.2498714178800583,0.33101707696914673
1449111469804,1,0.5016061067581177,0.2866445779800415,0.33573418855667114
1449111469824,1,0.5952235460281372,0.15440788865089417,0.05765548720955849
1449111469839,1,0.3926786482334137,0.18135610222816467,-0.10711714625358582
1449111469864,1,0.29524093866348267,0.23429332673549652,-0.035725392401218414
1449111469883,1,0.4061148464679718,0.3039093017578125,0.08497194945812225
1449111469904,1,0.3659513592720032,0.22300474345684052,-0.07032324373722076
1449111469926,1,0.17901118099689484,0.119008369743824,-0.07134674489498138
1449111469946,1,-0.122606061398983,0.04235884174704552,0.039046648889780045
1449111469967,1,-0.24175654351711273,-0.06138269230723381,0.22868892550468445
1449111469985,1,0.005659195128828287,-0.059731706976890564,0.2865343987941742
1449111470005,1,-0.022500038146972656,-0.06231558695435524,0.18639759719371796
1449111470027,1,-0.10246014595031738,-0.05243190750479698,0.09419921040534973
1449111470046,1,-0.32143691182136536,-0.009873451665043831,0.2456149309873581
1449111470066,1,-0.18790599703788757,0.016751520335674286,0.6400631666183472
1449111470081,1,0.15624111890792847,0.03192512318491936,0.46963179111480713
1449111470106,1,0.16873158514499664,0.0627799928188324,0.13067863881587982
1449111470127,1,-0.008085070177912712,0.14367607235908508,-0.0960521474480629
1449111470148,1,-0.04085603356361389,0.2206067442893982,-0.3217933475971222
1449111470160,1,0.11804454773664474,0.18306933343410492,-0.1324070692062378
1449111470186,1,0.10735667496919632,0.060838792473077774,0.31299686431884766
1449111470205,1,0.1958448886871338,0.05861293524503708,0.19356442987918854
1449111470227,1,0.3642546236515045,0.27678805589675903,-0.1905798614025116
1449111470248,1,0.2958388030529022,0.22441373765468597,-0.6203127503395081
1449111470265,1,0.18786172568798065,0.2823331356048584,-0.9869892001152039
1449111470285,1,0.21310408413410187,0.10098054260015488,0.26795944571495056
1449111470308,1,0.5725383758544922,0.12497516721487045,0.6623398661613464
1449111470327,1,0.3073440194129944,0.0569312646985054,0.8086007237434387
1449111470347,1,-0.17001071572303772,0.16722410917282104,0.6106851100921631
1449111470367,1,-0.05758965387940407,0.2024792581796646,0.19604046642780304
1449111470387,1,0.4251236915588379,0.264205664396286,0.30769407749176025
1449111470407,1,0.3069239854812622,0.11596359312534332,0.35142216086387634
1449111470428,1,-0.15903949737548828,-0.045673664659261703,0.14320552349090576
1449111470447,1,-0.5302537083625793,-0.06686755269765854,-0.04512742906808853
1449111470467,1,-0.2775575518608093,-0.03493395075201988,0.013196166604757309
1449111470487,1,-0.06248842179775238,-0.046841539442539215,0.20124387741088867
1449111470510,1,0.04762826859951019,0.05847235769033432,0.5118786692619324
1449111470529,1,-0.22328436374664307,-0.028525253757834435,0.3953793942928314
1449111470550,1,-0.5246402025222778,-0.013352233916521072,0.42750120162963867
1449111470569,1,-0.508522093296051,0.0727861300110817,0.5876707434654236
1449111470589,1,-0.11389412730932236,0.1440419852733612,0.3541805148124695
1449111470611,1,0.4013279378414154,0.22585459053516388,-0.3371832072734833
1449111470632,1,0.42294493317604065,0.24514585733413696,-0.21985505521297455
1449111470651,1,0.3920457661151886,0.2610904574394226,-0.24023500084877014
1449111470669,1,0.28083136677742004,0.21624065935611725,-0.16210195422172546
1449111470689,1,0.32770752906799316,0.20344343781471252,-0.15845277905464172
1449111470714,1,0.5098310112953186,0.26032063364982605,0.23897534608840942
1449111470731,1,0.30120962858200073,0.17744682729244232,0.16587679088115692
1449111470750,1,0.0699852854013443,0.14232903718948364,0.009749825112521648
1449111470771,1,0.09394907206296921,0.12174276262521744,0.057520460337400436
1449111470789,1,0.15948475897312164,0.15092121064662933,0.2743126153945923
1449111470811,1,0.07732044905424118,0.10189590603113174,0.3582382798194885
1449111470830,1,-0.061181433498859406,0.05343962088227272,0.3208288848400116
1449111470849,1,-0.018455620855093002,0.05893588066101074,0.1827384978532791
1449111470869,1,-0.030229682102799416,0.034520987421274185,0.11464578658342361
1449111470890,1,-0.12147819250822067,-0.0046697454527020454,0.07517243921756744
1449111470911,2,-0.22879739105701447,-0.003663490992039442,0.08364976197481155
1449111470932,2,-0.16681797802448273,-0.02396715059876442,0.08566168695688248
1449111470951,2,-0.07186418771743774,0.03614741936326027,0.1091734915971756
1449111470970,2,0.014200776815414429,0.05666939914226532,0.2020341455936432
1449111470992,2,-0.05867617204785347,-0.009152151644229889,0.2467898279428482
1449111471012,2,-0.25071772933006287,0.017521336674690247,0.147580087184906
1449111471026,2,-0.053800709545612335,0.02490384690463543,0.26999184489250183
1449111471050,2,0.2239537090063095,0.12370149046182632,0.10890168696641922
1449111471070,2,0.3146139681339264,0.21045301854610443,0.05751461535692215
1449111471093,2,0.22427579760551453,0.21599780023097992,0.07200491428375244
1449111471114,2,-0.0436948761343956,0.0870543047785759,0.11322540044784546
1449111471131,2,-0.28717246651649475,0.04700286686420441,0.2818266451358795
1449111471151,2,0.21344467997550964,0.12339608371257782,0.23729251325130463
1449111471172,2,0.448628693819046,0.2245928943157196,-0.09319909662008286
1449111471192,2,0.3768349885940552,0.2607768476009369,-0.1436772346496582
1449111471216,2,0.21305473148822784,0.2119324505329132,0.14704641699790955
1449111471227,2,0.04056183621287346,0.15235066413879395,0.33392274379730225
1449111471252,2,0.04628905653953552,0.16304858028888702,0.3155518174171448
1449111471273,2,0.22151538729667664,0.1352846771478653,0.10702946782112122
1449111471294,2,0.2438252866268158,0.1387178599834442,-0.1797013282775879
1449111471315,2,0.05569978430867195,0.05485153570771217,-0.32474106550216675
1449111471332,2,-0.2415534257888794,0.010658171959221363,-0.06039981544017792
1449111471352,2,-0.8432011604309082,-0.40612027049064636,0.5661550760269165
1449111471372,2,-1.0966695547103882,-0.537135899066925,0.4919833242893219
1449111471395,2,-1.1212283372879028,-0.5515387654304504,0.498186856508255
1449111471413,2,29.8890323638916,3.160778284072876,-6.199463844299316
1449111471431,2,-4.463937282562256,-3.828420877456665,1.134350061416626
1449111471449,2,-7.904659271240234,0.4948723018169403,-1.4251987934112549
1449111471473,2,-2.296171188354492,1.2493313550949097,1.5587018728256226
1449111471495,2,3.898954153060913,1.018039584159851,0.8004980683326721
1449111471516,2,3.2790634632110596,-1.4059432744979858,0.6123995184898376
1449111471532,2,-0.6010886430740356,-1.017238736152649,0.9031681418418884
1449111471550,2,-2.1404054164886475,-0.6052522659301758,0.27025604248046875
1449111471573,2,-0.10922062397003174,0.3754197061061859,-0.17378713190555573
1449111471594,2,1.1600052118301392,0.6056348085403442,-0.1039484515786171
1449111471614,2,1.5248737335205078,0.46569356322288513,-0.32486382126808167
1449111471633,2,1.2861440181732178,0.45916005969047546,-0.25666823983192444
1449111471654,2,0.7551143169403076,0.6007134318351746,-0.21019874513149261
1449111471677,2,0.4565078318119049,0.47958794236183167,0.17772096395492554
1449111471696,2,0.5796534419059753,0.2700079083442688,0.4774480164051056
1449111471715,2,0.6765806674957275,0.20220454037189484,0.3518184721469879
1449111471734,2,0.4537201523780823,0.18511515855789185,-0.04677928611636162
1449111471754,2,0.366342157125473,0.25797173380851746,-0.13158640265464783
1449111471776,2,0.2268056720495224,0.21315117180347443,-0.07817044854164124
1449111471799,2,0.10988105833530426,0.11949118226766586,-0.0073193833231925964
1449111471814,2,0.05707315728068352,0.08884703367948532,0.1510276049375534
1449111471834,2,0.12536749243736267,0.08602730184793472,0.2826344668865204
1449111471854,2,0.12367372959852219,0.15233224630355835,0.25518590211868286
1449111471879,2,0.09797649830579758,0.16713584959506989,0.122200146317482
1449111471898,2,0.267451673746109,0.15478695929050446,0.2631722092628479
1449111471916,2,-0.04424384981393814,0.09524726122617722,0.09564005583524704
1449111471936,2,-0.1708848625421524,0.030564941465854645,0.05892039090394974
1449111471956,2,-0.018017485737800598,0.09766747057437897,0.2486509382724762
1449111471978,2,0.2899826169013977,0.06038549542427063,0.412309467792511
1449111471993,2,0.12432433664798737,0.17667262256145477,0.039467502385377884
1449111472016,2,0.07369951903820038,0.16202421486377716,-0.06857318431138992
1449111472037,2,0.01793072000145912,0.16951718926429749,0.18325287103652954
1449111472057,2,-0.07306191325187683,0.11974690854549408,0.15540508925914764
1449111472078,2,0.02934964746236801,0.03931143507361412,0.03162029758095741
1449111472100,2,0.0938553661108017,0.029966099187731743,0.04941372945904732
1449111472116,2,0.22695648670196533,0.15986323356628418,-0.15153905749320984
1449111472136,2,0.15033362805843353,0.18453678488731384,-0.27323007583618164
1449111472160,2,0.17997926473617554,0.20103958249092102,-0.17563655972480774
1449111472180,2,0.42222267389297485,0.12725859880447388,0.00603752676397562
1449111472198,2,0.28113099932670593,0.10933247953653336,0.12250526994466782
1449111472217,2,0.110164113342762,0.1032370924949646,0.30588674545288086
1449111472238,2,0.1847802847623825,0.16252514719963074,0.29534080624580383
1449111472262,2,0.35613539814949036,0.19641222059726715,0.32108432054519653
1449111472280,2,0.3288598656654358,0.2720552086830139,0.47615504264831543
1449111472300,2,0.21122168004512787,0.22095803916454315,0.49004971981048584
1449111472318,2,-0.07618654519319534,0.0880512073636055,0.38617783784866333
1449111472338,2,-0.157721146941185,0.05813917890191078,0.16096563637256622
1449111472359,2,-0.06337288022041321,0.048959847539663315,-0.21344400942325592
1449111472378,2,0.09932766109704971,0.026046879589557648,-0.40747079253196716
1449111472399,2,-0.032690007239580154,-0.039060089737176895,-0.2654869258403778
1449111472418,2,-0.25896358489990234,-0.1261453777551651,0.02863163687288761
1449111472437,2,-0.11981310695409775,-0.03817892447113991,0.47154784202575684
1449111472460,2,0.05513612553477287,0.06918196380138397,0.3461626470088959
1449111472484,2,0.14335651695728302,0.19311697781085968,0.08056523650884628
1449111472501,2,0.1941138356924057,0.22380408644676208,0.010260112583637238
1449111472513,2,0.18281754851341248,0.20587855577468872,0.19195523858070374
1449111472539,2,0.1477469652891159,0.15857787430286407,0.41871875524520874
1449111472561,2,0.23712065815925598,0.21487024426460266,0.2596639096736908
1449111472580,2,0.37489721179008484,0.2659197747707367,0.027251580730080605
1449111472599,2,0.27641063928604126,0.23505613207817078,-0.19200901687145233
1449111472620,2,0.17521341145038605,0.16515754163265228,-0.19518882036209106
1449111472639,2,0.06041848659515381,0.06021101772785187,0.19048866629600525
1449111472661,2,0.04797719046473503,0.05550649017095566,0.24724458158016205
1449111472680,2,0.049704015254974365,0.046534664928913116,0.16057752072811127
1449111472700,2,-0.03788819909095764,0.054671794176101685,0.11644845455884933
1449111472720,2,-0.05471738800406456,0.04923895746469498,0.1577063500881195
1449111472741,2,-6.783011485822499E-4,0.08809154480695724,0.22235973179340363
1449111472763,2,-0.08155720680952072,0.08316460996866226,0.26530981063842773
1449111472783,2,0.026850195601582527,0.1127893477678299,0.379816472530365
1449111472802,2,0.06880586594343185,0.12976707518100739,0.375952810049057
1449111472821,2,-0.06396419554948807,0.10735183209180832,0.2695440948009491
1449111472843,2,-0.16924144327640533,0.08862900733947754,-0.01154313888400793
1449111472863,2,-0.14196184277534485,0.03165536746382713,0.057196635752916336
1449111472883,2,-0.008445465005934238,0.02917056530714035,0.18076397478580475
1449111472902,2,0.08357015252113342,0.05879764258861542,0.26367899775505066
