1451575652463,0,0.2584378123283386,-0.05486498028039932,0.35182490944862366
1451575652471,0,0.2584378123283386,-0.05486498028039932,0.35182490944862366
1451575652485,1,0.2584378123283386,-0.05486498028039932,0.35182490944862366
1451575652506,1,0.2584378123283386,-0.05486498028039932,0.35182490944862366
1451575652526,1,0.2584378123283386,-0.05486498028039932,0.35182490944862366
1451575652545,1,0.2584378123283386,-0.05486498028039932,0.35182490944862366
1451575652566,1,0.2584378123283386,-0.05486498028039932,0.35182490944862366
1451575652586,1,0.193971186876297,0.13266250491142273,0.4673953950405121
1451575652607,1,0.21139103174209595,0.13676351308822632,0.45796939730644226
1451575652625,1,-0.029808279126882553,0.11723463237285614,0.49892452359199524
1451575652652,1,-0.08556501567363739,0.034954994916915894,0.338010311126709
1451575652669,1,-0.2164672315120697,0.015728607773780823,0.15659984946250916
1451575652687,1,-0.018624840304255486,0.1608218550682068,0.013558570295572281
1451575652712,1,0.1987071931362152,0.2569514513015747,0.30817630887031555
1451575652732,1,0.11537577956914902,0.23132337629795074,0.5483230352401733
1451575652752,1,0.05630940571427345,0.043077219277620316,0.7030553221702576
1451575652775,1,0.041768692433834076,-0.05264145880937576,0.7260042428970337
1451575652797,1,-0.02640533819794655,0.027453824877738953,0.4058130979537964
1451575652813,1,-0.07840236276388168,0.12744301557540894,0.09502747654914856
1451575652828,1,-0.032656509429216385,0.2169114053249359,0.030245501548051834
1451575652852,1,0.045462798327207565,0.06412117928266525,0.14599253237247467
1451575652871,1,-0.2951264977455139,0.044714465737342834,-0.011371289379894733
1451575652893,1,-0.2506342828273773,0.03344722092151642,-0.08433248102664948
1451575652914,1,-0.2500026524066925,0.01559212151914835,0.4518757462501526
1451575652933,1,-0.32224348187446594,0.061480890959501266,1.2378302812576294
1451575652952,1,-0.0692511573433876,0.04335545003414154,1.2211129665374756
1451575652973,1,-0.4254772961139679,0.08935907483100891,0.6645143032073975
1451575652996,1,-0.7845669388771057,-0.06036854535341263,0.400872141122818
1451575653015,1,0.182087704539299,-0.07054916024208069,0.09823475033044815
1451575653035,1,1.7975842952728271,0.06977642327547073,-0.9158440828323364
1451575653053,1,3.2426676750183105,-0.5240475535392761,-1.946295976638794
1451575653073,1,2.716055154800415,0.1853054314851761,2.5036966800689697
1451575653093,1,1.4003642797470093,0.23878712952136993,3.7049920558929443
1451575653114,1,-3.6618361473083496,-0.5493798851966858,0.03959902003407478
1451575653133,1,-2.7898190021514893,-0.3804769814014435,-2.2315876483917236
1451575653153,1,-1.6233534812927246,0.6987094283103943,-3.2740378379821777
1451575653174,1,-0.28276291489601135,1.1899656057357788,-3.7501041889190674
1451575653189,1,0.23044629395008087,1.0776525735855103,-3.2716596126556396
1451575653217,1,0.3826829791069031,0.9442886710166931,-2.1123149394989014
1451575653235,1,0.4353276491165161,-0.332107812166214,0.1102127730846405
1451575653254,1,0.09047756344079971,-0.727601170539856,1.279700756072998
1451575653275,1,0.45641106367111206,-0.7894654870033264,4.94087028503418
1451575653298,1,0.09416954964399338,-0.13145838677883148,3.0784542560577393
1451575653316,1,0.35308557748794556,0.12483341991901398,1.292013168334961
1451575653335,1,-0.17737740278244019,0.5921300649642944,-0.8854215145111084
1451575653355,1,-0.1777731329202652,0.03485153242945671,0.055594462901353836
1451575653375,1,0.11043701320886612,-0.208595409989357,0.8026286363601685
1451575653397,1,-0.21965865790843964,0.17504151165485382,0.0990612655878067
1451575653418,1,0.050080083310604095,0.2684001922607422,0.2169920653104782
1451575653435,1,0.4699437618255615,0.23577626049518585,-0.39233168959617615
1451575653455,1,0.4008059501647949,0.039786066859960556,-0.0800233855843544
1451575653475,1,0.06454495340585709,-0.172394797205925,-0.13070201873779297
1451575653498,1,0.23016060888767242,-0.08459142595529556,1.2212802171707153
1451575653517,1,0.5358027219772339,-1.0225167274475098,-0.1126069724559784
1451575653531,1,0.5614681839942932,-0.865227460861206,-1.9116251468658447
1451575653553,1,-0.4363974630832672,-3.4963932037353516,3.795959949493408
1451575653577,1,-6.1158952713012695,1.670797348022461,-1.213171124458313
1451575653597,1,6.165961742401123,1.6775246858596802,-1.475305199623108
1451575653612,1,7.3911333084106445,1.8925364017486572,-4.028791904449463
1451575653636,1,3.2237966060638428,0.5616858005523682,-2.2381432056427
1451575653655,1,-5.152141571044922,-1.7177962064743042,0.9327829480171204
1451575653675,1,-2.3553690910339355,-1.0168112516403198,3.8272933959960938
1451575653699,1,2.329944372177124,-0.18677754700183868,3.9587790966033936
1451575653716,1,2.3024957180023193,0.876338005065918,2.363348960876465
1451575653736,1,-0.48698389530181885,0.09746552258729935,1.0539391040802002
1451575653757,1,-1.1411237716674805,-0.44622957706451416,0.5398024916648865
1451575653778,1,-1.0544676780700684,-0.6311524510383606,-0.1638917624950409
1451575653798,1,-0.7484292984008789,-0.6815124750137329,-0.837291955947876
1451575653816,1,-0.09236878156661987,-0.4940124750137329,-1.2937766313552856
1451575653833,1,0.08697642385959625,0.28746670484542847,-1.2799229621887207
1451575653857,1,0.44125810265541077,0.42702949047088623,-0.7741092443466187
1451575653881,1,1.2799819707870483,-1.1540133953094482,1.8376637697219849
1451575653898,1,0.38874655961990356,-1.170975685119629,1.1709487438201904
1451575653917,1,-0.15912030637264252,-0.022551439702510834,0.8819915056228638
1451575653938,1,-0.5417447686195374,0.3384536802768707,0.4958055019378662
1451575653958,1,-0.30438363552093506,0.30264177918434143,0.06139175221323967
1451575653981,1,0.06354432553052902,-0.38403233885765076,0.4458101689815521
1451575653999,1,-0.49101564288139343,-0.277911514043808,0.9783774018287659
1451575654014,1,-0.32594001293182373,-0.3453238606452942,0.977453887462616
1451575654038,1,0.3860173523426056,-0.3870464265346527,-0.413618803024292
1451575654059,1,0.7180456519126892,0.05137918144464493,-1.1244068145751953
1451575654082,1,0.2939468324184418,-0.4128250181674957,0.8210907578468323
1451575654099,1,-1.4230378866195679,-1.14202082157135,1.291404128074646
1451575654119,1,-1.0193769931793213,-0.446768194437027,1.2298247814178467
1451575654139,1,-0.7700599431991577,0.022435996681451797,0.2280658334493637
1451575654160,1,-0.16126930713653564,0.14822861552238464,-0.4496212601661682
1451575654182,1,0.2744133174419403,0.157929927110672,-0.45078152418136597
1451575654200,1,0.27014783024787903,0.36475658416748047,-0.24825112521648407
1451575654219,1,-0.011271336115896702,0.2554056644439697,-0.2941547930240631
1451575654239,1,0.22716683149337769,0.21409985423088074,-0.16257014870643616
1451575654265,1,0.22666290402412415,0.040863342583179474,-0.05640227347612381
1451575654281,1,-0.006513181608170271,-0.05214782804250717,0.13993921875953674
1451575654301,1,-1.5194127559661865,-0.5890125036239624,0.4654448628425598
1451575654321,1,-0.1371295005083084,-2.2709665298461914,0.7304144501686096
1451575654341,1,-1.0896477699279785,0.19259732961654663,1.7632670402526855
1451575654364,1,-0.314938485622406,0.4453609585762024,1.1496890783309937
1451575654376,1,0.6315178871154785,-0.08527969568967819,-0.0040635960176587105
1451575654401,1,0.349105566740036,-0.045156653970479965,-0.27298983931541443
1451575654422,1,-0.4453718662261963,-0.18474632501602173,1.7739888429641724
1451575654436,1,-0.35854822397232056,0.39396658539772034,1.5414491891860962
1451575654464,1,-0.2907431721687317,-0.08073241263628006,0.664662778377533
1451575654482,1,-0.13146671652793884,-0.2895975708961487,0.3895283043384552
1451575654504,2,0.028009485453367233,0.6083821058273315,-0.3646236062049866
1451575654522,2,-0.36206308007240295,0.8722043037414551,-0.45763036608695984
1451575654545,2,0.16833916306495667,0.17442162334918976,0.06899462640285492
1451575654566,2,0.1407308131456375,-0.44004619121551514,-0.7754706144332886
1451575654584,2,0.1654016524553299,-0.6688900589942932,-0.36901041865348816
1451575654602,2,0.24263781309127808,0.039795711636543274,0.7594050168991089
1451575654623,2,0.39471668004989624,-0.09034779667854309,1.9487930536270142
1451575654643,2,-0.19701705873012543,-0.006218436174094677,1.0500491857528687
1451575654666,2,-0.8775316476821899,0.34395140409469604,0.23686230182647705
1451575654698,2,-0.6024678945541382,0.24913346767425537,-0.3199789822101593
1451575654707,2,-0.2219580113887787,-0.12169395387172699,-0.5938689708709717
1451575654724,2,0.3022896647453308,-0.3261865973472595,0.12804654240608215
1451575654744,2,0.14315307140350342,0.03289104625582695,0.19095219671726227
1451575654765,2,-0.0231833066791296,0.1640755832195282,0.30519407987594604
1451575654779,2,0.002181435702368617,0.04640022665262222,0.20885084569454193
1451575654803,2,0.06991824507713318,0.08221417665481567,0.6067366600036621
1451575654824,2,-0.054098013788461685,-0.012934008613228798,0.038818683475255966
1451575654846,2,-0.22393721342086792,-0.09695903211832047,-0.13866379857063293
1451575654864,2,-0.24376484751701355,-0.09881488978862762,0.006546645425260067
1451575654885,2,-0.05773695558309555,-0.0611947663128376,-0.011268997564911842
1451575654903,2,0.10797558724880219,-0.011636662296950817,-0.09529577195644379
1451575654924,2,0.09276684373617172,0.010479893535375595,0.11845804005861282
1451575654946,2,-0.01111643761396408,0.053240884095430374,0.45113399624824524
1451575654965,2,0.008918196894228458,0.004409633111208677,0.41851767897605896
1451575654984,2,-0.1428070366382599,-0.015745850279927254,0.41445526480674744
1451575655004,2,-0.23058976233005524,-0.054357320070266724,0.34287822246551514
1451575655025,2,-0.35489851236343384,-0.02428659237921238,0.23689796030521393
1451575655047,2,-0.18481507897377014,0.03132014349102974,0.4571072459220886
1451575655066,2,0.07379691302776337,0.15606997907161713,0.3906044065952301
1451575655081,2,-0.06124328076839447,0.07964929193258286,0.1860194206237793
1451575655105,2,-0.37083831429481506,-0.09023059904575348,0.09017828851938248
1451575655125,2,-0.6919147968292236,-0.23561698198318481,0.22957740724086761
1451575655148,2,-1.4040082693099976,-0.6643909811973572,0.2908206880092621
1451575655167,2,-1.6600513458251953,-0.6845073103904724,0.7157429456710815
1451575655181,2,35.854156494140625,-1.6523089408874512,-11.47451114654541
1451575655207,2,-12.552651405334473,-3.786180019378662,4.215827941894531
1451575655226,2,-4.043729305267334,0.29638153314590454,2.638981342315674
1451575655247,2,-2.823300361633301,2.7485098838806152,4.329124450683594
1451575655267,2,2.5637922286987305,1.2601464986801147,-0.2907809317111969
1451575655286,2,2.5342159271240234,-0.17844343185424805,-2.27459454536438
1451575655307,2,0.22005437314510345,-0.19885961711406708,-0.30130526423454285
1451575655329,2,-0.4174497723579407,-0.6042816638946533,0.8016414046287537
1451575655347,2,-0.28305304050445557,-0.06131488457322121,0.8996791839599609
1451575655367,2,1.0627201795578003,1.2399516105651855,0.6659867167472839
1451575655388,2,0.7420912981033325,0.7161608934402466,0.14041092991828918
1451575655407,2,0.6495484113693237,-0.1793929785490036,-0.33426645398139954
1451575655431,2,-0.15662629902362823,-0.013900515623390675,-0.31831541657447815
1451575655449,2,0.35259318351745605,0.4472191631793976,0.004675006028264761
1451575655463,2,1.223943829536438,0.8727598786354065,0.32244038581848145
1451575655488,2,1.497483253479004,0.5401920676231384,0.2609434425830841
1451575655508,2,0.8034496307373047,0.6235740780830383,0.4266156554222107
1451575655529,2,0.8623411655426025,-0.40514877438545227,0.3844488263130188
1451575655548,2,0.8341917991638184,-0.12720423936843872,0.34542378783226013
1451575655567,2,0.8839932084083557,0.27222004532814026,-0.15335574746131897
1451575655587,2,1.180484652519226,-0.029509587213397026,-0.00608019670471549
1451575655608,2,0.4078788757324219,-0.029461950063705444,-0.4424123466014862
1451575655630,2,-0.4322732985019684,-0.8813333511352539,-0.7553104162216187
1451575655648,2,0.04624035954475403,-0.4338245689868927,0.19571079313755035
1451575655668,2,0.379927396774292,0.13403058052062988,1.5965713262557983
1451575655688,2,0.6697965860366821,0.043900225311517715,-0.3393149673938751
1451575655710,2,0.5810519456863403,0.24862580001354218,-0.7754086256027222
1451575655730,2,0.16224326193332672,0.7104419469833374,-0.3895750641822815
1451575655750,2,-0.12057342380285263,0.11914601922035217,0.4309259057044983
1451575655769,2,-0.11781872063875198,-0.49677640199661255,1.1037392616271973
1451575655790,2,0.05169887840747833,0.2934221029281616,0.6040396690368652
1451575655810,2,0.7357656359672546,0.26192688941955566,0.014195699244737625
1451575655831,2,0.7138552665710449,0.5801619291305542,-0.40913552045822144
1451575655846,2,1.2848070859909058,0.010422902181744576,-0.6378262042999268
1451575655869,2,0.12175939977169037,0.14587853848934174,-0.9115437865257263
1451575655891,2,0.08280585706233978,-0.5073664784431458,0.02613806538283825
1451575655912,2,0.3932921588420868,-0.14234335720539093,0.9116279482841492
1451575655931,2,0.24975566565990448,-0.26651743054389954,0.08637421578168869
1451575655951,2,-0.2672768533229828,-0.24015900492668152,-0.6457242369651794
1451575655970,2,-0.27095508575439453,-0.34818536043167114,-0.7936351895332336
1451575655990,2,-0.1748010367155075,-0.03783551976084709,-0.4417816400527954
1451575656013,2,0.8776750564575195,0.4451569616794586,1.0951461791992188
1451575656033,2,0.5629332661628723,0.16520722210407257,0.24515199661254883
1451575656050,2,0.1243678480386734,-0.27950260043144226,0.15377193689346313
1451575656070,2,-0.14051763713359833,-1.1437208652496338,-0.16108489036560059
1451575656091,2,-0.07024239748716354,-0.6686872243881226,-1.1688205003738403
1451575656112,2,1.139805555343628,0.187321737408638,-0.3550684154033661
1451575656133,2,-0.04242723062634468,-0.5079501271247864,-0.7263444662094116
1451575656151,2,2.424297571182251,-1.2433061599731445,0.45361295342445374
1451575656172,2,-0.013546550646424294,-0.49210840463638306,0.9297598004341125
1451575656191,2,-1.1577242612838745,0.45262542366981506,1.6723294258117676
1451575656215,2,0.09775964170694351,-0.10246522724628448,1.271382451057434
1451575656227,2,0.5720403790473938,0.558813750743866,0.12628069519996643
1451575656253,2,0.1641835868358612,0.6654843091964722,-0.3520891070365906
1451575656272,2,-0.7628180384635925,0.7020102143287659,0.3760813772678375
1451575656292,2,-0.26603981852531433,0.2965124845504761,0.9886550903320313
1451575656314,2,1.7246146202087402,-0.385943740606308,1.1984703540802002
1451575656335,2,0.02630779705941677,-0.03221680223941803,-1.1380846500396729
1451575656352,2,4.950169823132455E-4,0.24259120225906372,-0.13453707098960876
1451575656372,2,0.08400558680295944,0.1209542378783226,0.6175450682640076
1451575656392,2,-0.6975334882736206,3.273322727181949E-5,0.9331804513931274
1451575656415,2,-0.4515421390533447,-0.20942163467407227,1.5963047742843628
1451575656435,2,0.14953561127185822,-0.05199410021305084,0.16952012479305267
1451575656452,2,0.12464549392461777,0.1068684309720993,-0.733548104763031
1451575656473,2,0.15085209906101227,0.31079378724098206,-0.2761451005935669
1451575656496,2,0.1307307332754135,0.2027154117822647,0.7593816518783569
1451575656515,2,-0.0774850994348526,-0.27164456248283386,1.113857388496399
1451575656539,1,0.4270452558994293,-2.6098903617821634E-4,-0.39970076084136963
1451575656554,1,1.3953189849853516,0.19672463834285736,-1.0401766300201416
1451575656575,1,0.20846761763095856,0.12043635547161102,-1.0888701677322388
1451575656598,1,0.20701603591442108,0.030249884352087975,-0.17459025979042053
1451575656616,1,0.31014302372932434,0.0507362075150013,-0.04821896553039551
1451575656634,1,0.17306195199489594,-0.43432024121284485,0.06323299556970596
1451575656654,1,0.4379751682281494,-0.31419163942337036,0.630277693271637
1451575656675,1,0.44635680317878723,-0.19305852055549622,0.2840682864189148
1451575656696,1,0.2904926836490631,-0.4734612703323364,-0.15980887413024902
1451575656716,1,0.09016228467226028,-1.69740629196167,1.4571675062179565
1451575656734,1,-1.0502355098724365,0.6706728339195251,0.2901362180709839
1451575656755,1,1.6070774793624878,0.45564213395118713,-1.9694974422454834
1451575656775,1,1.3947983980178833,-0.4348091781139374,-1.654394507408142
1451575656795,1,2.140455961227417,0.8087994456291199,-0.8790887594223022
1451575656816,1,3.0728189945220947,-0.10834580659866333,2.6615731716156006
1451575656836,1,-3.1857097148895264,0.13386224210262299,2.9846675395965576
1451575656855,1,-0.066196009516716,0.29599371552467346,1.130732536315918
1451575656884,1,0.31797173619270325,1.0759434700012207,1.3769243955612183
1451575656897,1,0.5991837978363037,1.05619478225708,2.5692672729492188
1451575656920,1,0.3045642673969269,0.10776830464601517,1.6386183500289917
1451575656936,1,0.18459142744541168,0.5435036420822144,-0.2703162431716919
1451575656956,1,0.7526280879974365,0.8240472674369812,-1.5269149541854858
1451575656977,1,-0.022830402478575706,0.7164289355278015,-0.324463427066803
1451575656998,1,0.3254689574241638,0.8181360363960266,0.061543140560388565
1451575657016,1,0.5515292882919312,-0.3373693823814392,-0.025125090032815933
1451575657036,1,-1.114650845527649,-1.142102599143982,-0.6500725150108337
1451575657053,1,-0.7166904807090759,-0.964267373085022,-0.13786767423152924
1451575657078,1,0.14535480737686157,-0.3945698142051697,-1.040893793106079
1451575657100,1,-9.506562232971191,-1.8179794549942017,0.08096855878829956
1451575657116,1,-0.6624281406402588,-2.485917329788208,3.282414197921753
1451575657137,1,-1.179811716079712,0.5006950497627258,2.599210500717163
1451575657157,1,6.177669525146484,0.3890688717365265,-0.4287497401237488
1451575657178,1,5.364179611206055,0.7679513096809387,-2.8143839836120605
1451575657201,1,2.244396686553955,0.4733119308948517,-1.15735924243927
1451575657218,1,-0.6282283663749695,-0.19565117359161377,0.05352291837334633
1451575657238,1,-2.4473185539245605,-0.9766712188720703,1.2522270679473877
1451575657258,1,-2.244716167449951,-0.7254670858383179,0.5312532782554626
1451575657279,1,-1.2487668991088867,-0.10154548287391663,-0.8922814726829529
1451575657303,1,1.648261308670044,-0.26115620136260986,0.3068465292453766
1451575657317,1,0.3919587731361389,-0.2015659511089325,0.6245078444480896
1451575657338,1,-0.21293197572231293,-0.35926878452301025,0.6026087403297424
1451575657358,1,0.09735694527626038,-0.1979004144668579,0.12190847098827362
1451575657380,1,0.055870503187179565,0.1198497861623764,-0.1468418389558792
1451575657394,1,0.45034393668174744,-0.044127896428108215,-0.3229822516441345
1451575657419,1,0.7462784647941589,-0.09365911036729813,-0.035896074026823044
1451575657444,1,0.8366917967796326,0.21622371673583984,0.16206219792366028
1451575657461,1,0.4976160526275635,-0.053366851061582565,0.7818915843963623
1451575657481,1,-0.19333814084529877,-0.17427228391170502,1.446016550064087
1451575657501,1,1.4585360288619995,-0.3185299336910248,0.7348381280899048
1451575657519,1,0.8183894753456116,-0.233572319149971,1.1888971328735352
1451575657542,1,1.0366326570510864,0.028106151148676872,1.4382091760635376
1451575657562,1,0.2667311429977417,0.15351970493793488,0.6945716142654419
1451575657582,1,-0.6292138695716858,0.32875996828079224,-0.6057201623916626
1451575657596,1,-0.805964469909668,0.2208259403705597,-1.4780519008636475
1451575657622,1,0.19634927809238434,-0.18691052496433258,-0.6650234460830688
1451575657641,1,-0.2350151389837265,-0.5027437806129456,0.13808394968509674
1451575657664,1,-1.3076231479644775,-0.1597074568271637,1.1994932889938354
1451575657684,1,-0.5083271265029907,-0.4016132950782776,0.9671680331230164
1451575657703,1,0.6091009974479675,-0.14709961414337158,0.9246546030044556
1451575657719,1,0.64894038438797,0.20782910287380219,-0.22617314755916595
1451575657742,1,-0.16965331137180328,-0.03478022292256355,-0.050417352467775345
1451575657764,1,-1.0551674365997314,-0.03220043331384659,1.0840080976486206
1451575657782,1,-0.9073588848114014,0.05285802483558655,1.5664654970169067
1451575657801,1,0.3572697639465332,0.07731149345636368,1.1772680282592773
1451575657823,1,0.4774862825870514,0.2196393609046936,-0.19901509582996368
1451575657842,1,-0.15089689195156097,0.045498598366975784,-0.4825298488140106
1451575657864,1,0.257997989654541,0.45262423157691956,0.06261573731899261
1451575657885,1,0.4141581058502197,0.24055297672748566,0.031798575073480606
1451575657901,1,0.5219956040382385,0.048114337027072906,-0.14689795672893524
1451575657921,1,0.3601002097129822,-0.08503478765487671,-0.37687283754348755
1451575657941,1,-0.015147519297897816,-0.07250292599201202,0.13064473867416382
1451575657963,1,-0.014710955321788788,-0.04669424146413803,0.1584855169057846
1451575657982,1,0.16923868656158447,-0.042367901653051376,0.2110375463962555
1451575657997,1,0.0742751955986023,-0.017359424382448196,-0.1425841748714447
1451575658024,1,-0.0836193636059761,-0.04602057859301567,-0.017628012225031853
1451575658044,1,-0.12359975278377533,0.0021051557268947363,0.073354572057724
1451575658065,1,0.03934347629547119,-0.1201058030128479,0.4052075445652008
1451575658085,1,-0.05120667442679405,0.05156710743904114,0.2421475499868393
1451575658103,1,0.1734546422958374,0.17140959203243256,-0.21409867703914642
1451575658124,1,0.43453654646873474,0.29207682609558105,-0.4349713921546936
1451575658144,1,-0.2456834316253662,0.06675444543361664,0.3330067992210388
1451575658166,1,-0.47596344351768494,-0.11525515466928482,0.5128273367881775
1451575658184,1,-0.4883349537849426,-0.262169748544693,0.5625292658805847
1451575658205,1,0.05768955498933792,0.04025280848145485,0.5404477715492249
1451575658224,1,0.2808650732040405,0.23844051361083984,0.2704179584980011
1451575658245,1,0.07630527764558792,0.07397183030843735,0.10461422055959702
1451575658266,1,-0.4318501949310303,-0.09470921009778976,0.2661754786968231
1451575658284,1,-0.29124996066093445,-0.09790069609880447,0.3485334515571594
1451575658303,1,0.002389854285866022,-0.02257481962442398,0.27948564291000366
1451575658324,1,0.16533465683460236,0.0499117411673069,0.09399989247322083
1451575658346,1,0.21071013808250427,0.07784955203533173,-0.15946342051029205
1451575658369,1,-0.11256865411996841,0.012365560978651047,0.19914017617702484
1451575658385,1,-0.16358692944049835,-0.0632522851228714,0.23700375854969025
1451575658405,1,-0.011868278495967388,0.030231764540076256,0.28263795375823975
1451575658425,1,0.023948630318045616,0.07981909811496735,0.09929449111223221
1451575658440,1,-0.015753503888845444,-0.0034936873707920313,0.08824644237756729
1451575658467,1,0.08126985281705856,0.08897387981414795,0.18157529830932617
1451575658487,1,0.15237155556678772,0.07722381502389908,0.15070143342018127
1451575658506,1,0.09008481353521347,0.08781740069389343,0.24177929759025574
1451575658526,1,2.045826659013983E-5,0.05618307739496231,0.37535014748573303
1451575658546,1,0.056090354919433594,0.06197744235396385,0.37903615832328796
1451575658567,2,0.08677245676517487,0.03023351915180683,0.09742986410856247
1451575658581,2,0.04338783770799637,0.0780295804142952,0.0015747019788250327
1451575658602,2,0.09080807119607925,0.08431904017925262,0.06122107058763504
1451575658628,2,0.008219894021749496,0.058386724442243576,0.1894470602273941
1451575658648,2,-0.0430593341588974,0.0567135289311409,0.38772448897361755
1451575658668,2,-0.15136264264583588,0.006050970871001482,0.48176470398902893
1451575658686,2,0.07146169245243073,0.025006724521517754,0.17958909273147583
1451575658706,2,0.09112397581338882,0.01419102307409048,-0.0034504327923059464
1451575658730,2,-0.039999254047870636,-0.051717329770326614,0.029375731945037842
1451575658749,2,-0.17728644609451294,-0.10697831958532333,0.006305822171270847
1451575658763,2,-0.2050572633743286,-0.08903349936008453,0.012888123281300068
1451575658783,2,0.005732972640544176,-0.05545827001333237,0.4488905966281891
1451575658807,2,0.07216845452785492,-0.004210895858705044,0.2890431582927704
1451575658831,2,-0.016769494861364365,-0.020665479823946953,0.04798223450779915
1451575658849,2,-0.2198714017868042,-0.0633823424577713,-0.011610942892730236
1451575658866,2,-0.201324462890625,-0.028350774198770523,0.020976152271032333
1451575658886,2,0.05242938548326492,-0.0017798691987991333,0.07397358119487762
1451575658908,2,0.025708241388201714,0.01500555407255888,0.10691256076097488
1451575658930,2,-0.22217872738838196,-0.07159633189439774,0.22703298926353455
1451575658949,2,-0.540166974067688,-0.3009805679321289,0.5538046956062317
1451575658967,2,-0.8183454871177673,-0.3064578175544739,0.5430132746696472
1451575658987,2,-0.9432538747787476,-0.3822118639945984,0.5247264504432678
1451575659008,2,-1.8702349662780762,-0.8683131337165833,1.4605045318603516
1451575659030,2,-2.1197118759155273,-0.9759122133255005,2.147153615951538
1451575659049,2,-36.37404251098633,9.82509994506836,-13.243138313293457
1451575659068,2,-15.13769817352295,1.0775243043899536,-3.0082449913024902
1451575659088,2,-10.798007011413574,-0.4592781364917755,-1.2076233625411987
1451575659109,2,2.8036792278289795,0.6943944692611694,-1.5086469650268555
1451575659131,2,5.660485744476318,0.05450345203280449,-2.2775609493255615
1451575659144,2,3.352707624435425,1.209418773651123,1.1832804679870605
1451575659164,2,-0.3357259929180145,0.7028419971466064,1.7267144918441772
1451575659189,2,-0.34596797823905945,0.1822495460510254,1.5917384624481201
1451575659211,2,0.6126900315284729,0.6489651203155518,0.34986090660095215
1451575659232,2,0.6525582075119019,0.3796165883541107,-0.18765607476234436
1451575659252,2,0.5968461632728577,0.14440058171749115,-0.5054512619972229
1451575659265,2,0.3229789733886719,0.17336072027683258,-0.3939782679080963
1451575659291,2,0.7081600427627563,0.20185762643814087,-0.045997198671102524
1451575659311,2,1.317047357559204,0.09199731796979904,0.14116553962230682
1451575659333,2,1.5099960565567017,0.015282616950571537,0.44133099913597107
1451575659351,2,0.9592393636703491,-0.09405279159545898,0.3568103015422821
1451575659370,2,0.35778069496154785,-0.28466975688934326,0.2032189816236496
1451575659391,2,0.18009112775325775,-0.4206032454967499,0.09136544913053513
1451575659411,2,0.40566563606262207,-0.36120063066482544,-0.01589256525039673
1451575659433,2,0.7968583703041077,-0.12129268050193787,-8.364508394151926E-4
1451575659451,2,0.6107200384140015,-0.06276800483465195,-0.0841115340590477
1451575659470,2,0.1864187866449356,-0.15690526366233826,0.47027766704559326
1451575659491,2,-0.17943303287029266,-0.40513622760772705,1.2391175031661987
1451575659514,2,0.09345390647649765,-0.2039996087551117,1.376767635345459
1451575659535,2,0.7556192278862,0.5976686477661133,-0.6748217940330505
1451575659552,2,1.0746949911117554,0.377908319234848,-1.3921657800674438
1451575659572,2,0.5612092018127441,0.3975587785243988,-1.2374374866485596
1451575659591,2,-0.12628668546676636,0.027445640414953232,-0.8241752982139587
1451575659614,2,-0.2616475522518158,-0.3895440995693207,-0.09518413245677948
1451575659634,2,0.3573942482471466,-0.323636919260025,2.0214900970458984
1451575659651,2,0.63885498046875,0.43416357040405273,-0.05501636862754822
1451575659672,2,0.6668736338615417,0.071039579808712,-0.4194026589393616
1451575659693,2,0.34451428055763245,0.057957977056503296,-0.40347617864608765
1451575659714,2,0.1898176074028015,0.07049918919801712,0.07658815383911133
1451575659734,2,0.2509661912918091,0.0702124759554863,0.5689280033111572
1451575659752,2,0.5595201253890991,0.03169453144073486,0.5498591661453247
1451575659773,2,0.5670885443687439,0.030215397477149963,0.17213819921016693
1451575659794,2,0.4897031784057617,0.04469868168234825,-0.08373335003852844
1451575659816,2,0.3141532242298126,-0.012375205755233765,-0.2270563691854477
1451575659835,2,0.3432892858982086,-0.07429799437522888,-0.29103755950927734
1451575659852,2,0.15669378638267517,-0.08075082302093506,-0.0821954682469368
1451575659874,2,0.24635916948318481,-0.12263181805610657,0.1528998166322708
1451575659896,2,0.30393651127815247,-0.07578705996274948,0.3553834557533264
1451575659917,2,0.5537842512130737,0.01768178679049015,0.40567106008529663
1451575659934,2,0.40676000714302063,-0.012277006171643734,0.0367564894258976
1451575659953,2,0.16737090051174164,0.006865501869469881,-0.039042554795742035
1451575659974,2,0.03474712371826172,0.06982085108757019,0.18473756313323975
1451575659994,2,0.10267890989780426,0.05559153854846954,0.2916080355644226
1451575660016,2,0.2159198820590973,0.14571751654148102,0.3117828071117401
1451575660035,2,0.32083719968795776,0.08160977810621262,0.4204588830471039
1451575660054,2,0.27984941005706787,0.0063002691604197025,0.43398645520210266
1451575660075,2,0.11983930319547653,0.04756137728691101,0.37699323892593384
1451575660091,2,-0.0030702012591063976,0.04659808427095413,0.15980829298496246
1451575660116,2,-0.15547211468219757,0.11942045390605927,0.039497312158346176
1451575660130,2,0.04620619863271713,0.04474632069468498,0.04290449246764183
1451575660155,2,0.30901360511779785,0.06774023920297623,0.29531916975975037
1451575660175,2,0.10110321640968323,0.05887509137392044,0.47767481207847595
1451575660197,2,-0.14256416261196136,0.06478957831859589,0.2069675177335739
1451575660216,2,-0.18950408697128296,0.05261632427573204,0.03453647717833519
1451575660234,2,0.18098574876785278,-0.03990209475159645,-0.2725760042667389
1451575660256,2,0.12099091708660126,-0.029072074219584465,0.9100129008293152
1451575660276,2,-0.23794779181480408,-0.38332974910736084,0.8039730191230774
1451575660299,2,0.3319970667362213,0.28312838077545166,-0.9388865232467651
1451575660318,2,0.48493334650993347,0.0346989743411541,-0.339523047208786
1451575660331,2,0.04829199239611626,0.02116583101451397,0.4092150032520294
1451575660356,2,-0.35965266823768616,-0.08234423398971558,0.6460890173912048
1451575660377,2,-0.2911728322505951,-0.1249023899435997,0.4339829683303833
1451575660398,2,0.40988484025001526,0.028980011120438576,0.0013514145975932479
1451575660418,2,0.3804524540901184,0.055096741765737534,-0.2040928304195404
1451575660437,2,0.10179498046636581,-0.0962868332862854,-0.17354103922843933
1451575660457,2,-0.018427308648824692,0.06242576986551285,-0.09075812995433807
1451575660480,2,0.08415268361568451,0.00893324799835682,-5.278232856653631E-4
1451575660499,2,0.2950062155723572,0.1860603392124176,0.3738859295845032
1451575660517,2,0.2786560356616974,0.054202716797590256,0.14782032370567322
1451575660537,2,0.20316144824028015,0.006896189413964748,-0.13688509166240692
1451575660557,2,0.7870537638664246,-0.7866480946540833,-0.06048223376274109
1451575660580,2,-0.8357250094413757,0.35364657640457153,0.45390990376472473
1451575660601,1,0.3681457042694092,0.030454175546765327,0.5729495286941528
1451575660619,1,0.43185362219810486,0.09054916352033615,0.5872142314910889
1451575660638,1,0.48766428232192993,0.1793351173400879,0.4747399091720581
1451575660659,1,0.27090707421302795,-0.10982903093099594,0.11068039387464523
1451575660679,1,-0.550585925579071,-0.19240649044513702,0.16516250371932983
1451575660701,1,-0.3794524371623993,-0.0975184217095375,0.14994856715202332
1451575660717,1,-0.0966532900929451,0.25035539269447327,0.03789864480495453
1451575660738,1,0.7893860340118408,0.19474048912525177,-0.32231998443603516
1451575660758,1,0.8067737817764282,0.08176818490028381,-0.5991290807723999
1451575660780,1,0.2569934129714966,0.09036357700824738,-0.6796119213104248
1451575660801,1,0.113871730864048,0.3117337226867676,-0.4283534288406372
1451575660819,1,-0.19629104435443878,0.02047054097056389,0.6323977708816528
1451575660840,1,-0.08158154040575027,-0.12327508628368378,0.9367454648017883
1451575660860,1,-0.02330123446881771,-0.09437865763902664,0.9743623733520508
1451575660882,1,0.5056335926055908,0.5619605183601379,0.9973276257514954
1451575660903,1,0.714405357837677,0.3665946125984192,0.4568740129470825
1451575660919,1,-0.1777748167514801,0.24260756373405457,-0.1188812330365181
1451575660940,1,0.26952946186065674,0.234990656375885,-0.01212766021490097
1451575660960,1,0.6021881699562073,0.21835634112358093,0.13087095320224762
1451575660982,1,0.33636975288391113,-0.16545535624027252,0.05658172070980072
1451575661000,1,-0.23523035645484924,-0.7421891093254089,-0.11480653285980225
1451575661019,1,-1.085180640220642,-0.8609318137168884,0.6459048986434937
1451575661039,1,-1.7263103723526,-2.1590471267700195,1.3875352144241333
1451575661063,1,-2.4039621353149414,-1.8256758451461792,-0.36071139574050903
1451575661083,1,-18.148571014404297,-0.7715028524398804,-0.13156536221504211
1451575661102,1,0.04027830809354782,0.8371078372001648,0.8374947905540466
1451575661120,1,2.4288530349731445,-0.14839667081832886,-1.500252604484558
1451575661141,1,6.446712970733643,1.8995559215545654,-4.482420444488525
1451575661163,1,6.069041728973389,0.7174491882324219,-5.750234603881836
1451575661182,1,2.686776638031006,0.28054186701774597,-4.9023613929748535
1451575661202,1,-0.14336363971233368,-0.12997721135616302,-1.4291788339614868
1451575661222,1,-2.289498805999756,-0.045800212770700455,1.1621931791305542
1451575661242,1,-2.310326099395752,-1.232287883758545,4.858802795410156
1451575661264,1,0.18298092484474182,-0.9275462627410889,5.391276836395264
1451575661284,1,0.8255259990692139,-0.30612462759017944,4.507282733917236
1451575661303,1,-0.03273731842637062,-0.05604279041290283,2.570052146911621
1451575661317,1,-1.045859932899475,0.08333645761013031,0.3866068720817566
1451575661342,1,-1.3426845073699951,0.3539326786994934,-0.6883832812309265
1451575661365,1,-0.023101327940821648,0.43706104159355164,-0.7991899251937866
1451575661384,1,0.19180743396282196,0.3253156542778015,-0.5946060419082642
1451575661397,1,0.04918477684259415,0.2346428781747818,-0.35103169083595276
1451575661423,1,-0.2940942943096161,0.17783962190151215,-0.14570727944374084
1451575661443,1,-0.36082327365875244,-0.08334580808877945,-0.04856850951910019
1451575661466,1,-0.4618423581123352,-0.20210136473178864,-0.08506196737289429
1451575661483,1,-0.46997639536857605,-0.2936258018016815,-0.11678455024957657
1451575661505,1,-0.2854589521884918,-0.20216158032417297,-0.05852525681257248
1451575661524,1,-0.05858359858393669,-0.12247078120708466,0.16315817832946777
1451575661546,1,0.04203779250383377,-0.2402683049440384,0.29621991515159607
1451575661565,1,-0.051767781376838684,-0.2910524606704712,0.6493757963180542
1451575661580,1,-0.27053698897361755,-0.13120295107364655,0.7504226565361023
1451575661604,1,-0.2056826502084732,-0.005720131099224091,0.5645902752876282
1451575661623,1,0.28564539551734924,0.1546364426612854,0.15187515318393707
1451575661647,1,0.2297453135251999,0.15829554200172424,-0.06155424937605858
1451575661665,1,-0.0950542762875557,0.13161972165107727,-0.14629881083965302
1451575661684,1,-0.6933519840240479,-0.014378362335264683,0.26808279752731323
1451575661703,1,-0.3271983861923218,0.1345519721508026,0.59833824634552
1451575661720,1,0.13653333485126495,0.20993220806121826,0.573868989944458
1451575661747,1,0.36550164222717285,0.20248481631278992,0.2893202304840088
1451575661761,1,0.19094938039779663,0.17843495309352875,0.021588731557130814
1451575661784,1,-0.3121687173843384,0.16022680699825287,0.06165420264005661
1451575661805,1,-0.18892334401607513,0.2251967042684555,0.35580840706825256
1451575661825,1,0.17440156638622284,0.26689502596855164,0.6042512655258179
1451575661845,1,0.5260230302810669,0.1725233942270279,0.5715151429176331
1451575661862,1,0.0601951889693737,-0.017469020560383797,0.29026421904563904
1451575661888,1,-0.3584679067134857,0.0245832372456789,-0.03335574269294739
1451575661904,1,-0.2313084900379181,0.08138474076986313,0.08202829957008362
1451575661926,1,0.020018121227622032,0.023837387561798096,0.14634966850280762
1451575661949,1,0.10167401283979416,-0.05081892013549805,0.03784194961190224
1451575661968,1,-0.10492684692144394,-0.13556407392024994,-0.023635143414139748
1451575661986,1,-0.12874853610992432,-0.23709727823734283,-0.0979173555970192
1451575662007,1,-0.281072735786438,-0.12018062174320221,0.22344167530536652
1451575662027,1,-0.09113379567861557,-0.0761614516377449,0.17285189032554626
1451575662048,1,0.05731719359755516,-0.10388532280921936,0.12054478377103806
1451575662066,1,0.3495649993419647,-0.1748082935810089,0.18815292418003082
1451575662082,1,0.36181119084358215,-0.34329700469970703,0.4774889349937439
1451575662106,1,-0.0802295058965683,0.017584173008799553,0.7292243838310242
1451575662126,1,-0.3998972475528717,0.029316695407032967,0.2522147595882416
1451575662148,1,-0.14887838065624237,0.1193804144859314,-0.23187866806983948
1451575662167,1,0.012010354548692703,-0.04941840469837189,-0.6545429229736328
1451575662186,1,-0.21857689321041107,-0.26398324966430664,-0.3569090664386749
1451575662206,1,-0.3360598087310791,0.007342764176428318,0.08327449858188629
1451575662230,1,-0.448256254196167,-0.2791866660118103,-0.14374153316020966
1451575662248,1,0.04896284267306328,-0.03195931762456894,0.33405250310897827
1451575662268,1,-0.26640644669532776,0.0908171683549881,0.45962125062942505
1451575662289,1,0.3189829885959625,0.2848392724990845,0.24561376869678497
1451575662304,1,0.3039834201335907,0.13061200082302094,-1.2216507457196712E-4
1451575662329,1,0.3395633399486542,0.22717618942260742,-0.5165928602218628
1451575662350,1,0.3493572175502777,0.2393885999917984,-0.41080257296562195
1451575662370,1,-0.024896686896681786,0.22324645519256592,0.03974398225545883
1451575662389,1,-0.30385443568229675,0.04222176969051361,0.4759458005428314
1451575662409,1,-0.30858927965164185,-0.11778993159532547,0.6288000345230103
1451575662433,1,0.1329306960105896,-0.006998480763286352,0.36219197511672974
1451575662451,1,0.32260802388191223,0.14883214235305786,0.15963351726531982
1451575662469,1,0.17211543023586273,0.19722996652126312,0.06815467029809952
1451575662489,1,0.06665409356355667,0.1411643773317337,-0.09325871616601944
1451575662510,1,0.048223093152046204,0.15361762046813965,-0.10472820699214935
1451575662531,1,0.07558171451091766,0.0788496658205986,0.3603086471557617
1451575662552,1,0.18686877191066742,-0.0529915876686573,0.4852297604084015
1451575662568,1,-0.003784267930313945,0.028047114610671997,0.3850134611129761
1451575662589,1,0.020115407183766365,0.003698270069435239,0.04558335617184639
1451575662609,2,0.10756532847881317,0.050478141754865646,-0.05026187002658844
1451575662634,2,-0.11263291537761688,-0.07491466403007507,0.19161096215248108
1451575662655,2,-0.1839005947113037,-0.09751695394515991,0.18634499609470367
1451575662665,2,-0.14045637845993042,-0.03511807695031166,0.32973113656044006
1451575662690,2,0.1883949488401413,0.06688976287841797,0.28763505816459656
1451575662711,2,0.34587961435317993,0.10783844441175461,0.25128012895584106
1451575662731,2,0.23591460287570953,0.04262976720929146,0.17311376333236694
1451575662746,2,-0.14197693765163422,-0.10495909303426743,0.2101128250360489
1451575662769,2,-0.26999300718307495,-0.1389613151550293,0.30760931968688965
1451575662789,2,-0.05531885847449303,-0.05206862464547157,0.3304419219493866
1451575662813,2,0.05172719061374664,0.0015963292680680752,0.3714011311531067
1451575662834,2,-0.038057636469602585,-0.01994973234832287,0.3986363410949707
1451575662851,2,-0.48223623633384705,-0.11909516900777817,0.12015374004840851
1451575662871,2,-0.37125611305236816,-0.10812865942716599,0.09708324074745178
1451575662891,2,0.012036146596074104,-2.8349310741759837E-4,0.08068389445543289
1451575662914,2,-0.0478314645588398,0.03155599907040596,0.2423258274793625
1451575662933,2,-0.22589470446109772,-0.012568097561597824,0.36197221279144287
1451575662951,2,-0.06293660402297974,-0.01593582145869732,0.3467150032520294
1451575662973,2,-0.020454613491892815,-0.004721475765109062,0.23309388756752014
1451575662993,2,-0.19123712182044983,-0.04263648763298988,0.13957974314689636
1451575663014,2,-0.2331751435995102,-0.08135376125574112,-0.08594050258398056
1451575663035,2,-0.1742505133152008,-0.09837503731250763,0.026481179520487785
1451575663051,2,-0.10965674370527267,-0.13237696886062622,0.32768648862838745
1451575663072,2,-0.3775877356529236,-0.30396774411201477,0.4202110469341278
1451575663092,2,-0.33880504965782166,-0.24178163707256317,0.32225102186203003
1451575663117,2,1.248936653137207,-2.7185604572296143,6.662074089050293
1451575663134,2,2.5050008296966553,-5.054619312286377,-7.764376163482666
1451575663152,2,-4.357792854309082,4.73315954208374,-0.3824906647205353
1451575663174,2,5.2684831619262695,1.2189435958862305,0.0632622241973877
1451575663193,2,3.8180201053619385,0.2257072925567627,0.15193477272987366
1451575663215,2,1.0332835912704468,-0.5555012822151184,0.18327508866786957
1451575663233,2,-2.9611494541168213,-0.16178368031978607,0.8522422909736633
1451575663248,2,-5.312571048736572,-0.3654389977455139,1.3409534692764282
1451575663274,2,-1.016998291015625,-0.5797042846679688,0.48331719636917114
1451575663297,2,-0.01600559800863266,0.3926233649253845,0.6725322008132935
1451575663316,2,0.542573869228363,0.5397498607635498,0.10602408647537231
1451575663330,2,0.4403274655342102,0.16665653884410858,-0.47453415393829346
1451575663349,2,-0.1442180722951889,0.18301497399806976,-0.5479652881622314
1451575663375,2,-0.3465142250061035,0.2919613718986511,-0.1302747279405594
1451575663395,2,0.387291818857193,0.3328866958618164,0.7084574699401855
1451575663416,2,0.7131351232528687,0.3452598452568054,0.7645330429077148
1451575663435,2,0.9665629863739014,0.3811854422092438,0.13956162333488464
1451575663461,2,0.8054893016815186,0.47602441906929016,-0.1385767012834549
1451575663475,2,0.4803623855113983,0.40635406970977783,-0.19757190346717834
1451575663490,2,0.43844255805015564,0.0496840700507164,0.3918167054653168
1451575663516,2,0.7685509324073792,-0.03426993265748024,0.601115882396698
1451575663535,2,0.41832518577575684,0.05379384383559227,0.7688689827919006
1451575663556,2,0.1393784135580063,0.24265900254249573,0.4966495633125305
1451575663575,2,-0.17936310172080994,0.20756372809410095,-0.1380973905324936
1451575663597,2,-0.26422354578971863,-0.0056914896704256535,-0.7882465124130249
1451575663615,2,-0.4594331979751587,-0.1740931272506714,-0.47214579582214355
1451575663635,2,-0.36970046162605286,-0.38905104994773865,0.318978875875473
1451575663651,2,-0.30592605471611023,-0.11762801557779312,0.6399369239807129
1451575663676,2,0.2953818440437317,0.2247103899717331,1.8589071035385132
1451575663698,2,0.6788628697395325,0.11372195184230804,0.7088204622268677
1451575663714,2,0.3035620152950287,-0.03421265259385109,0.1842728704214096
1451575663735,2,-0.0432976558804512,-0.041296180337667465,-0.12131869047880173
1451575663752,2,-0.29721349477767944,0.0672951266169548,-0.12042144685983658
1451575663776,2,-0.1628720909357071,-0.07118278741836548,-0.035654082894325256
1451575663798,2,-0.20493783056735992,0.0505509153008461,-0.16208909451961517
1451575663816,2,-0.4768525958061218,-0.011548983864486217,0.13864800333976746
1451575663836,2,-0.4188656806945801,-0.0196028184145689,0.30089667439460754
1451575663857,2,-0.18955102562904358,0.004838087595999241,0.3638795018196106
1451575663878,2,0.11886706948280334,0.08799830824136734,0.501181960105896
1451575663900,2,0.3092287480831146,0.04633534327149391,0.47486209869384766
1451575663918,2,0.13279129564762115,0.0943991169333458,0.06636018306016922
1451575663937,2,0.09005798399448395,0.11799567937850952,-0.15877485275268555
1451575663957,2,0.04733271896839142,0.22338323295116425,-0.31978023052215576
1451575663980,2,-0.09240991622209549,0.12210603803396225,-0.17383505403995514
1451575663999,2,-0.07591196894645691,-0.04000409319996834,-0.036460138857364655
1451575664017,2,-0.09831336885690689,-3.1856444547884166E-4,0.029811201617121696
1451575664034,2,0.19033396244049072,0.10934796929359436,0.05706745758652687
1451575664059,2,0.11516863107681274,0.0351727269589901,0.23208500444889069
1451575664079,2,0.12303466349840164,0.016510697081685066,0.29221653938293457
1451575664103,2,0.16045698523521423,0.02179653011262417,0.17472527921199799
1451575664120,2,0.10693197697401047,-0.09975801408290863,-0.06148001179099083
1451575664139,2,0.09589580446481705,0.059797465801239014,0.15473932027816772
1451575664159,2,0.09112539142370224,0.12422493100166321,0.10961305350065231
1451575664183,2,0.03093530982732773,0.038364801555871964,-0.09321428835391998
1451575664201,2,-0.2084040492773056,-0.06586334109306335,0.016914894804358482
1451575664218,2,-0.44208720326423645,-0.15887568891048431,0.4451724588871002
1451575664239,2,-0.032582640647888184,-0.25732845067977905,0.6210399270057678
1451575664261,2,-0.10794702172279358,-0.008829495869576931,0.32416999340057373
1451575664282,2,-0.06167886033654213,0.11670038104057312,-0.12697862088680267
1451575664303,2,-0.19574864208698273,0.15294745564460754,-0.4668944776058197
1451575664319,2,-0.3148035705089569,0.07933510839939117,-0.39365679025650024
1451575664339,2,-0.16979295015335083,0.040202829986810684,-0.05687105655670166
1451575664359,2,0.5068673491477966,0.0725894346833229,0.6672744154930115
1451575664382,2,0.4656618535518646,-0.10998714715242386,0.6476479172706604
1451575664402,2,0.07140647619962692,-0.1362263411283493,0.5319675207138062
1451575664420,2,-0.2221260964870453,-0.1307651549577713,0.6698556542396545
1451575664441,2,-0.29094070196151733,-0.04578560218214989,0.7482873797416687
1451575664464,2,0.3062995672225952,0.1663634032011032,0.2717249393463135
1451575664476,2,0.15795111656188965,0.16368162631988525,0.14358021318912506
1451575664502,2,0.12444666773080826,0.18149434030056,-0.2155570685863495
1451575664520,2,0.09397417306900024,0.08247136324644089,-0.6354898810386658
1451575664541,2,-0.1169252023100853,0.08456628769636154,-0.5601274371147156
1451575664562,2,0.05814647674560547,-0.04947890341281891,1.0198328495025635
1451575664583,2,0.03933122009038925,-0.0991673544049263,1.0976293087005615
1451575664597,2,-0.005279712378978729,-0.19966186583042145,0.50802081823349
