1449516749395,1,-0.021277345716953278,0.2818213999271393,-0.266468346118927
1449516749416,1,-0.021277345716953278,0.2818213999271393,-0.266468346118927
1449516749436,1,-0.021277345716953278,0.2818213999271393,-0.266468346118927
1449516749457,1,-0.021277345716953278,0.2818213999271393,-0.266468346118927
1449516749476,1,-0.021277345716953278,0.2818213999271393,-0.266468346118927
1449516749496,1,2.039738178253174,0.5826935172080994,0.454709529876709
1449516749516,1,-1.1423922777175903,0.49576225876808167,-0.027554363012313843
1449516749536,1,-1.0411357879638672,0.8120067119598389,-0.5929641723632813
1449516749564,1,0.16671544313430786,0.7887532711029053,-1.0586141347885132
1449516749582,1,-1.8213231563568115,0.6629226803779602,-0.30651333928108215
1449516749601,1,-3.6425304412841797,1.1567389965057373,0.2851163446903229
1449516749624,1,-3.631760835647583,1.1042945384979248,0.23527532815933228
1449516749644,1,-2.260873317718506,0.2822469174861908,-0.19943828880786896
1449516749662,1,-1.7806800603866577,-0.393869549036026,-0.07094108313322067
1449516749682,1,-1.666388988494873,-0.7626491189002991,0.8938023447990417
1449516749702,1,-1.1833312511444092,-0.9537672996520996,1.7849195003509521
1449516749723,1,-0.16580317914485931,-0.3362795412540436,1.3870283365249634
1449516749744,1,0.17171846330165863,0.06829904764890671,0.7875158190727234
1449516749758,1,0.2509496808052063,0.4796890616416931,0.6782230734825134
1449516749782,1,1.0279568433761597,0.04308686405420303,0.3593739867210388
1449516749802,1,0.6245343685150146,-0.1404997706413269,0.15311960875988007
1449516749825,1,-0.38848891854286194,0.009264672175049782,-0.23556582629680634
1449516749853,1,-0.6143114566802979,0.2282598912715912,-0.4351455867290497
1449516749863,1,-0.0968208760023117,-0.08959785848855972,-0.1939525455236435
1449516749884,1,-0.5792277455329895,-0.9975327849388123,0.4036772549152374
1449516749903,1,-0.5957081913948059,-1.2955185174942017,0.613771378993988
1449516749924,1,-1.7222332954406738,-0.7458201050758362,1.0876531600952148
1449516749939,1,-0.3266620337963104,-0.6173732280731201,-0.03873392939567566
1449516749963,1,2.5507588386535645,0.47527065873146057,-3.921815872192383
1449516749985,1,0.26558902859687805,1.3466140031814575,1.5105489492416382
1449516750005,1,4.145950794219971,2.543027877807617,-1.2028782367706299
1449516750025,1,5.430063247680664,2.6197738647460938,-3.4427530765533447
1449516750044,1,4.7718186378479,2.3847272396087646,-3.2151122093200684
1449516750064,1,2.0265657901763916,-0.10487784445285797,-1.697090983390808
1449516750084,1,-4.44011116027832,1.7272095680236816,-0.6431371569633484
1449516750106,1,-0.11823339760303497,-1.2556126117706299,3.665949583053589
1449516750127,1,0.3462384045124054,-1.409326195716858,4.159661769866943
1449516750143,1,-0.5522395372390747,-1.1552636623382568,2.86322021484375
1449516750163,1,-0.9166148900985718,-0.3822709023952484,1.8230712413787842
1449516750183,1,-0.8618621826171875,0.12805530428886414,1.615922451019287
1449516750206,1,0.17209778726100922,0.5775198936462402,0.6189812421798706
1449516750225,1,1.3355885744094849,0.6283587217330933,0.09714110940694809
1449516750245,1,1.6858816146850586,0.6232774257659912,-0.12015081197023392
1449516750264,1,1.0092524290084839,0.7537696361541748,-0.19161738455295563
1449516750284,1,0.23885588347911835,0.5453764796257019,-0.23880700767040253
1449516750307,1,0.6078319549560547,0.6831231713294983,0.3858943581581116
1449516750326,1,0.16546207666397095,0.5231775045394897,0.15045183897018433
1449516750346,1,-0.73297119140625,0.08022972196340561,-0.41072893142700195
1449516750365,1,-1.4519538879394531,-0.1297737956047058,-0.5189929008483887
1449516750385,1,-1.4438220262527466,-0.1668359935283661,0.0618862546980381
1449516750408,1,-0.7774433493614197,0.07003039866685867,0.8343979716300964
1449516750422,1,-1.0696662664413452,-0.05721651017665863,0.08703823387622833
1449516750442,1,-1.1689847707748413,-0.27728548645973206,-0.5457844734191895
1449516750465,1,-0.7190783023834229,0.2167816311120987,-0.5357032418251038
1449516750487,1,0.038204826414585114,0.8222030997276306,0.20979133248329163
1449516750508,1,0.301221638917923,0.49486032128334045,0.8494436144828796
1449516750522,1,-0.6090800166130066,-1.1803086996078491,-1.992958426475525
1449516750545,1,-1.2117499113082886,-0.41963353753089905,-0.3694272041320801
1449516750562,1,-1.32270348072052,0.1359434276819229,0.3186070919036865
1449516750590,1,-0.393560528755188,0.23075228929519653,-0.09136603027582169
1449516750609,1,0.5353264212608337,0.020953357219696045,-0.15798398852348328
1449516750627,1,-1.1079370975494385,-1.0330051183700562,-0.8819698691368103
1449516750643,1,-1.4444810152053833,-0.5684504508972168,-1.5511165857315063
1449516750668,1,-0.7082564234733582,0.10162731260061264,-0.5446335673332214
1449516750689,1,-0.46482619643211365,0.10083996504545212,0.9410609602928162
1449516750703,1,-0.21280162036418915,-0.07229834794998169,2.1270341873168945
1449516750722,1,-0.2120220959186554,-0.3711094558238983,2.3087382316589355
1449516750746,1,-0.29235395789146423,-0.1415139138698578,-0.007697568740695715
1449516750767,1,0.05183233320713043,0.37532150745391846,-0.6736398339271545
1449516750787,1,0.03715922683477402,0.6137158274650574,-0.44597676396369934
1449516750809,1,-0.43246421217918396,-0.02629062533378601,0.44812896847724915
1449516750827,1,-0.286735475063324,-0.5414233207702637,1.3716408014297485
1449516750847,1,1.1165298223495483,0.24649697542190552,1.4246195554733276
1449516750867,1,-0.04624543711543083,0.6663503050804138,0.76313716173172
1449516750889,1,-1.2030506134033203,0.42909401655197144,-0.05246434733271599
1449516750911,1,-1.1626992225646973,-0.3340051770210266,0.14485271275043488
1449516750928,1,-0.03556596487760544,-0.26662322878837585,1.319833517074585
1449516750948,1,0.8852524161338806,-0.0789472833275795,0.5368097424507141
1449516750969,1,-0.03409234806895256,0.32603520154953003,-0.24281975626945496
1449516750991,1,-0.8888675570487976,0.12331833690404892,-0.13631226122379303
1449516751009,1,-0.9205350875854492,-0.5260352492332458,0.4407137334346771
1449516751028,1,0.001231916481629014,-0.680966854095459,0.7270143032073975
1449516751050,1,0.6743364930152893,-0.3611573874950409,0.15499475598335266
1449516751069,1,0.4990716576576233,-0.030415596440434456,-0.17521920800209045
1449516751093,1,0.2799924910068512,-0.22136078774929047,-0.11327449977397919
1449516751112,1,-0.04157707840204239,-0.7583146095275879,0.1436643749475479
1449516751130,1,-0.04483725130558014,-0.7184656858444214,0.2601291835308075
1449516751150,1,0.2695918679237366,-0.25953298807144165,0.7411790490150452
1449516751172,1,0.34623628854751587,0.1924111694097519,0.02303893119096756
1449516751192,1,0.3171123266220093,0.08044891804456711,-0.3790256381034851
1449516751212,1,0.34474220871925354,-0.1115957498550415,-0.025621933862566948
1449516751230,1,0.2766091227531433,-0.24237902462482452,0.8260446190834045
1449516751251,1,0.13060607016086578,-0.20146891474723816,1.0773066282272339
1449516751273,1,-0.540545642375946,-0.12992927432060242,0.3421832025051117
1449516751293,1,-0.42284664511680603,0.15206220746040344,-0.2046937197446823
1449516751311,1,0.08566312491893768,-0.018352234736084938,-0.020766310393810272
1449516751325,1,0.16947558522224426,-0.3573690950870514,0.3699345588684082
1449516751350,1,-0.24764090776443481,-0.3856038451194763,0.13632746040821075
1449516751372,1,-0.8715713024139404,-0.07252572476863861,-0.16276304423809052
1449516751391,1,-0.3942888677120209,-0.05250292643904686,-0.14619886875152588
1449516751412,2,0.39774268865585327,-0.17243805527687073,-0.11163900792598724
1449516751433,2,1.0680190324783325,-0.3695727288722992,0.35676994919776917
1449516751452,2,0.7004252672195435,-0.17316754162311554,0.8485925197601318
1449516751474,2,-0.5564028024673462,0.015001754276454449,0.39997780323028564
1449516751495,2,-0.791532576084137,-0.5049997568130493,0.012781740166246891
1449516751507,2,-0.2781687080860138,-0.7019149661064148,0.3423696756362915
1449516751535,2,0.5243574380874634,-0.3457394540309906,0.5678828954696655
1449516751551,2,1.052960753440857,0.13223405182361603,0.8374568223953247
1449516751573,2,0.2345273196697235,0.10360065847635269,0.5887918472290039
1449516751596,2,-0.5982826352119446,-0.8286068439483643,-0.6147410869598389
1449516751612,2,0.25167521834373474,-0.45983490347862244,-0.1835942417383194
1449516751634,2,1.0872629880905151,-0.15324614942073822,0.030512627214193344
1449516751653,2,1.0770289897918701,-0.3301324248313904,0.9934470057487488
1449516751678,2,0.9250776767730713,-0.07223229110240936,-0.32419222593307495
1449516751695,2,0.25176915526390076,-0.18768823146820068,-0.6991174221038818
1449516751713,2,-1.5982067584991455,-1.644216537475586,2.859668731689453
1449516751733,2,-0.5616270303726196,0.44055065512657166,3.534834146499634
1449516751756,2,0.7401973009109497,-1.8552014827728271,0.16204933822155
1449516751768,2,0.15617303550243378,-0.5785804986953735,0.9050240516662598
1449516751795,2,0.336902379989624,0.04454115405678749,2.6962714195251465
1449516751816,2,1.0676405429840088,-0.4671320617198944,-0.09700608253479004
1449516751834,2,0.761071503162384,-0.15428192913532257,-0.20753976702690125
1449516751857,2,-0.3263990879058838,-0.1054869145154953,0.6596621870994568
1449516751874,2,-0.6873844265937805,-0.34265169501304626,0.28162848949432373
1449516751890,2,-0.2965288460254669,0.03376081585884094,-0.8200281262397766
1449516751914,2,0.8854299783706665,0.6159729957580566,1.1520581245422363
1449516751934,2,-0.6021994948387146,0.1536252200603485,1.0058575868606567
1449516751957,2,-0.876369833946228,-0.047729428857564926,-0.08913666754961014
1449516751975,2,-0.27058151364326477,0.3579728901386261,0.16317103803157806
1449516751989,2,-0.7417004108428955,0.23062486946582794,1.284868597984314
1449516752015,2,-0.9808658957481384,-0.023836802691221237,0.8104694485664368
1449516752034,2,-0.5884758234024048,-1.9699645042419434,9.758110046386719
1449516752057,2,-12.142810821533203,3.858694314956665,-0.2537696063518524
1449516752076,2,-11.370532989501953,-2.5957140922546387,-4.284817695617676
1449516752095,2,-7.86222505569458,0.1168506070971489,-2.1009418964385986
1449516752114,2,-2.8358185291290283,-0.8983213305473328,-2.008718252182007
1449516752136,2,4.69334077835083,-1.4218504428863525,-3.2958805561065674
1449516752157,2,7.865565776824951,-0.21648703515529633,-0.03105740249156952
1449516752177,2,6.1288676261901855,-0.6695318222045898,-1.5368009805679321
1449516752196,2,3.14874005317688,0.10929974913597107,-3.6147284507751465
1449516752217,2,2.174532413482666,0.8083487749099731,-1.807370901107788
1449516752235,2,1.5837424993515015,0.039458151906728745,4.380795001983643
1449516752257,2,0.15326683223247528,-0.7664864659309387,3.3745460510253906
1449516752276,2,-0.3250344693660736,-0.7798609137535095,1.3616327047348022
1449516752296,2,0.08987013250589371,-0.640005886554718,0.023465631529688835
1449516752316,2,0.2806386947631836,-0.617454469203949,-0.025177111849188805
1449516752335,2,0.19002549350261688,-0.46875062584877014,-0.17564590275287628
1449516752358,2,0.620022177696228,-0.3968430161476135,-1.0867314338684082
1449516752373,2,1.3500678539276123,-0.24793197214603424,-0.9017699956893921
1449516752395,2,1.4964181184768677,0.19452683627605438,-0.683150589466095
1449516752415,2,1.0880510807037354,0.5301041007041931,-0.4342997670173645
1449516752437,2,0.6472765803337097,0.4618079662322998,0.12341361492872238
1449516752511,2,0.8496591448783875,0.33231180906295776,-0.28653496503829956
1449516752516,2,0.3639913499355316,0.3377203941345215,0.13646773993968964
1449516752537,2,0.03782413899898529,-0.0423491969704628,0.7135498523712158
1449516752559,2,0.3493692874908447,0.3689437806606293,1.1124112606048584
1449516752578,2,0.14710578322410583,0.5524345636367798,1.0637403726577759
1449516752597,2,0.04159541800618172,0.3822457492351532,0.8528794050216675
1449516752617,2,0.414815217256546,0.10304127633571625,0.5012701749801636
1449516752639,2,0.7156379222869873,-0.020700259134173393,0.720860481262207
1449516752653,2,0.17826244235038757,0.026319267228245735,0.8060066103935242
1449516752673,2,-0.010608186945319176,-0.11518880724906921,-0.24891865253448486
1449516752697,2,0.4312049448490143,0.08264905959367752,-0.21678689122200012
1449516752718,2,0.7323710322380066,-0.10693185031414032,0.1779448390007019
1449516752738,2,0.4871431887149811,-0.2082446962594986,0.32673078775405884
1449516752762,2,-0.044072311371564865,-0.08688099682331085,0.257870614528656
1449516752774,2,-0.3011913001537323,-0.17955461144447327,0.3113391697406769
1449516752798,2,-0.10989496856927872,-0.2710229456424713,0.49748191237449646
1449516752819,2,0.27868106961250305,-0.20843057334423065,-0.10438275337219238
1449516752841,2,0.7922995686531067,0.08300444483757019,-0.6974427700042725
1449516752862,2,0.7083529829978943,0.41241762042045593,-0.5403057336807251
1449516752878,2,1.0762938261032104,0.535099983215332,0.6402782797813416
1449516752897,2,1.1971968412399292,0.5803536772727966,0.5263952612876892
1449516752919,2,0.8966818451881409,0.30186405777931213,-0.17927929759025574
1449516752940,2,-0.08849864453077316,0.12365502119064331,-0.2726338803768158
1449516752959,2,0.24190694093704224,0.01416764222085476,-0.20695289969444275
1449516752979,2,1.2375810146331787,0.3222527801990509,-0.6352618932723999
1449516752999,2,0.5377333164215088,0.3971060514450073,-0.6248480677604675
1449516753020,2,0.611333429813385,0.19114625453948975,-0.7898983359336853
1449516753040,2,0.8793526887893677,-0.00379237812012434,-0.8514975905418396
1449516753061,2,0.4815793037414551,-0.09742051362991333,-0.46403616666793823
1449516753080,2,0.37961986660957336,0.17953473329544067,0.025077158585190773
1449516753100,2,1.2823536396026611,0.06491466611623764,1.4913100004196167
1449516753120,2,1.0741691589355469,0.04060206189751625,1.4601409435272217
1449516753142,2,0.9097008109092712,0.2525765895843506,0.6264017224311829
1449516753162,2,0.06487250328063965,0.14328034222126007,0.22335809469223022
1449516753181,2,-0.16867241263389587,-0.15070787072181702,0.4327841103076935
1449516753201,2,1.0804359912872314,-0.3738502562046051,0.4997931122779846
1449516753223,2,0.9605740904808044,-0.3322714865207672,0.605453610420227
1449516753241,2,0.9387275576591492,-0.41381314396858215,-0.0586111806333065
1449516753263,2,0.5490027070045471,-0.3820408880710602,-0.9680641293525696
1449516753281,2,-0.09500446170568466,-0.27890753746032715,-1.0052298307418823
1449516753301,2,-0.2730795741081238,-0.1889846920967102,-0.5522288084030151
1449516753325,2,0.955739438533783,-0.2698462903499603,0.3459644913673401
1449516753346,2,1.0757429599761963,0.03796645253896713,0.5147948861122131
1449516753361,2,0.865559458732605,0.344613641500473,0.370944619178772
1449516753381,2,0.11385317891836166,0.36187925934791565,0.4135848879814148
1449516753398,2,-0.7059217691421509,0.45958268642425537,0.6649158596992493
1449516753422,2,0.009903956204652786,0.30930736660957336,0.6607394814491272
1449516753448,1,0.309255987405777,0.24383623898029327,0.8707032203674316
1449516753462,1,-0.10353746265172958,0.18444880843162537,0.8885217905044556
1449516753484,1,-0.6189058423042297,0.1017085611820221,0.28090545535087585
1449516753507,1,-0.941170871257782,-0.030845221132040024,-0.2929840087890625
1449516753523,1,0.30396658182144165,0.3366612195968628,0.31408992409706116
1449516753543,1,0.06640705466270447,0.4988105297088623,0.47259414196014404
1449516753562,1,-0.48835664987564087,0.4151981770992279,0.1387280821800232
1449516753582,1,-0.3429570496082306,0.2804991900920868,-0.12266600877046585
1449516753603,1,-0.1999942660331726,0.15502865612506866,0.09709376096725464
1449516753623,1,0.20308299362659454,0.1688777357339859,0.278708815574646
1449516753645,1,-0.033035751432180405,0.5798287987709045,0.16845804452896118
1449516753662,1,-0.14189931750297546,0.3823965787887573,0.4672258794307709
1449516753683,1,-0.06765031069517136,0.2865852415561676,0.3769342005252838
1449516753704,1,0.05184509977698326,0.12766484916210175,0.2548375129699707
1449516753724,1,0.002212068298831582,0.033269818872213364,0.10790800303220749
1449516753744,1,0.16363877058029175,0.08529577404260635,-0.17575345933437347
1449516753763,1,1.3992891311645508,-0.15646599233150482,1.6271657943725586
1449516753780,1,1.608383059501648,-0.6926704049110413,2.210599899291992
1449516753800,1,0.3326371908187866,-0.29602059721946716,-1.1285521984100342
1449516753825,1,-3.770998001098633,0.6729004383087158,-0.4352233111858368
1449516753844,1,-0.68575119972229,0.0899643525481224,-1.0781137943267822
1449516753863,1,6.276531219482422,1.5413070917129517,-7.524437427520752
1449516753883,1,7.206545352935791,1.279322624206543,-8.182111740112305
1449516753906,1,2.4214015007019043,0.6811076998710632,-4.0273332595825195
1449516753925,1,-0.7063372135162354,-0.6639444231987,0.9380611777305603
1449516753946,1,-3.4790258407592773,0.973946750164032,0.8475129008293152
1449516753960,1,-0.5403485894203186,-1.326083779335022,0.6450923681259155
1449516753984,1,0.1690731644630432,-0.8893448114395142,0.31016311049461365
1449516754005,1,0.17777985334396362,-0.6754904389381409,0.04671265184879303
1449516754026,1,-0.24849006533622742,-0.06781096756458282,0.22162030637264252
1449516754044,1,-0.4009298086166382,0.4019482433795929,0.7357757091522217
1449516754064,1,1.9202821254730225,0.39668869972229004,0.19136720895767212
1449516754085,1,1.9894810914993286,0.47686290740966797,-0.8742851614952087
1449516754106,1,1.5878574848175049,0.5695569515228271,-1.1812561750411987
1449516754126,1,1.144469141960144,0.43057870864868164,-0.7562386393547058
1449516754145,1,1.242089867591858,0.28019291162490845,-0.052750762552022934
1449516754166,1,0.20798315107822418,-0.27058279514312744,0.9387696385383606
1449516754189,1,-0.5036593079566956,-0.5310282111167908,0.8833815455436707
1449516754206,1,-0.3323673605918884,-0.44513213634490967,0.8607926964759827
1449516754228,1,0.021458493545651436,-0.4761597216129303,0.9468114972114563
1449516754246,1,0.08570855855941772,-0.44689038395881653,1.0359447002410889
1449516754266,1,0.007164923474192619,-0.3350841999053955,0.6587345600128174
1449516754286,1,0.10999295860528946,-0.157959446310997,0.41671910881996155
1449516754308,1,0.13105708360671997,-0.07172901928424835,0.2140326350927353
1449516754328,1,-0.111119844019413,-2.2737901599612087E-4,0.141609787940979
1449516754346,1,-0.056956399232149124,-0.0012356792576611042,0.380113422870636
1449516754366,1,0.24237163364887238,0.05693593993782997,0.6290104389190674
1449516754386,1,-0.6824924945831299,-0.1556558459997177,0.10213818401098251
1449516754407,1,-0.8541117906570435,-0.2546294331550598,0.1031593456864357
1449516754428,1,-0.9123077392578125,-0.3183130919933319,0.19999942183494568
1449516754446,1,-0.7842797636985779,-0.23988077044487,0.41058921813964844
1449516754466,1,-0.30503907799720764,0.10982055962085724,0.4772709012031555
1449516754488,1,-0.338737428188324,-0.28028643131256104,0.506125807762146
1449516754510,1,0.102218858897686,-0.22093817591667175,0.3191916346549988
1449516754527,1,0.17294920980930328,0.6033271551132202,0.17922142148017883
1449516754547,1,-0.3384040296077728,0.4212105870246887,0.4908265471458435
1449516754568,1,-0.6877224445343018,0.03037935681641102,0.6999269723892212
1449516754588,1,-0.34500253200531006,-0.009908814914524555,0.3647615313529968
1449516754609,1,0.7437496781349182,0.6680120825767517,0.3485340476036072
1449516754629,1,0.5643753409385681,1.1226649284362793,-0.2209445983171463
1449516754649,1,-0.1467534601688385,0.8203209638595581,-0.5727952122688293
1449516754668,1,0.00897403247654438,-0.049608372151851654,-0.15700258314609528
1449516754692,1,0.35544854402542114,-0.03409574553370476,0.2590104341506958
1449516754709,1,-0.0569336824119091,0.2584860920906067,-0.46078330278396606
1449516754729,1,0.29175469279289246,0.5479191541671753,-0.48076632618904114
1449516754748,1,0.48161786794662476,0.3529062569141388,-0.27655017375946045
1449516754771,1,0.5162758827209473,0.10309095680713654,-0.01502513512969017
1449516754792,1,0.39131197333335876,0.25864216685295105,0.03013444133102894
1449516754813,1,-0.035914838314056396,-0.07402034848928452,-0.5943044424057007
1449516754824,1,-0.0191180482506752,-0.12155541777610779,-0.3566758334636688
1449516754851,1,0.5088891983032227,-0.06646247953176498,0.1706482470035553
1449516754870,1,0.48745977878570557,-0.08724457025527954,0.6421370506286621
1449516754891,1,0.5880165100097656,0.036017656326293945,0.5183984637260437
1449516754911,1,0.16830825805664063,-0.07702420651912689,-0.2536410093307495
1449516754929,1,-0.7866470217704773,-0.42394790053367615,-0.23678632080554962
1449516754950,1,-0.4747984707355499,-0.4953407943248749,-0.27150341868400574
1449516754972,1,-0.09722340106964111,-0.5240893363952637,-0.06828618794679642
1449516754993,1,0.21678581833839417,-0.39750936627388,0.2689321041107178
1449516755011,1,0.044962503015995026,0.04588087648153305,0.4416220784187317
1449516755031,1,-0.6121293306350708,0.07572071999311447,0.3861585557460785
1449516755051,1,-0.4132365584373474,0.17937399446964264,0.11160334944725037
1449516755073,1,0.5689567923545837,0.3847106993198395,0.3518769145011902
1449516755095,1,1.0850763320922852,0.2034720778465271,0.6536626815795898
1449516755112,1,0.22068874537944794,-0.027483634650707245,0.6277519464492798
1449516755131,1,-1.2294842004776,-0.8039873838424683,-0.5230377912521362
1449516755151,1,-0.39852601289749146,-0.3298100531101227,-0.5404542088508606
1449516755174,1,0.3086085617542267,-0.01260930672287941,0.12864215672016144
1449516755195,1,-0.21584345400333405,0.057857729494571686,0.8625421524047852
1449516755211,1,0.5304355621337891,0.11987199634313583,0.8156722784042358
1449516755232,1,0.8352531790733337,0.09752046316862106,0.2523901164531708
1449516755253,1,-0.4863547384738922,0.06942600756883621,0.37376609444618225
1449516755272,1,0.8041538000106812,0.6330477595329285,0.060125090181827545
1449516755293,1,0.8024019002914429,0.3281085193157196,0.26707157492637634
1449516755306,1,-0.2555588185787201,-0.1536071002483368,0.5286006927490234
1449516755332,1,-0.29470738768577576,-0.11976327747106552,-0.12929624319076538
1449516755352,1,0.7384451627731323,0.08720657229423523,0.12121464312076569
1449516755375,1,0.2899131774902344,0.1696668267250061,0.23435120284557343
1449516755392,1,-0.4569703936576843,0.033558569848537445,-0.29710137844085693
1449516755413,1,-0.9109921455383301,-0.10288754105567932,-0.7650409936904907
1449516755427,1,-0.11148080229759216,0.13240648806095123,-0.6431050300598145
1449516755454,1,0.31031477451324463,0.21873803436756134,0.19888649880886078
1449516755477,2,-0.33339062333106995,0.10789748281240463,0.4216548204421997
1449516755494,2,-0.512349009513855,-0.23987434804439545,-0.002978139091283083
1449516755518,2,-1.0176053047180176,-0.29053133726119995,0.13651391863822937
1449516755535,2,-0.8101524114608765,0.3271639347076416,0.28769874572753906
1449516755555,2,-0.48488643765449524,0.22666823863983154,0.3629290759563446
1449516755575,2,0.0695238783955574,-0.05527881905436516,0.2773474454879761
1449516755594,2,-0.5714014172554016,-0.2041694074869156,-0.06102116405963898
1449516755615,2,-1.0044465065002441,-0.21521803736686707,-0.3497177064418793
1449516755634,2,-0.5967415571212769,0.035427872091531754,-0.012414660304784775
1449516755656,2,0.2710649371147156,0.11354337632656097,0.5635024905204773
1449516755675,2,0.014269759878516197,0.2908259630203247,0.6438385844230652
1449516755695,2,-0.46628496050834656,0.5434253215789795,0.12946517765522003
1449516755714,2,-0.3250003755092621,0.8535639047622681,-0.46533671021461487
1449516755735,2,0.08119341731071472,1.0151958465576172,-0.552450954914093
1449516755755,2,0.044363878667354584,0.9474983215332031,-0.6102104783058167
1449516755776,2,-0.06381869316101074,0.7044289708137512,-0.832039475440979
1449516755790,2,0.22281256318092346,0.7025853991508484,-0.624428391456604
1449516755809,2,0.11711499094963074,0.7785457372665405,-0.531359076499939
1449516755882,2,-0.23521995544433594,-0.1751280277967453,0.3203016221523285
1449516755897,2,-0.47730186581611633,-0.3603302836418152,-0.10895955562591553
1449516755910,2,-0.17279063165187836,-0.3264981508255005,-0.06217442452907562
1449516755979,2,-0.8251883387565613,1.2604998350143433,-1.1047271490097046
1449516755996,2,-5.154073238372803,-0.7335808277130127,2.280519723892212
1449516756015,2,-0.959242582321167,-1.2563363313674927,1.381384253501892
1449516756035,2,0.6221711039543152,-1.4713400602340698,1.5325772762298584
1449516756061,2,0.9673655033111572,-0.2874503433704376,0.3196721076965332
1449516756077,2,1.5342094898223877,0.4374403953552246,-1.044279932975769
1449516756096,2,1.2699096202850342,1.526219367980957,-1.5458236932754517
1449516756115,2,0.9369077682495117,1.1844862699508667,-1.1977602243423462
1449516756131,2,0.802573561668396,0.909514307975769,-0.9330851435661316
1449516756157,2,-0.02987484075129032,0.30349019169807434,-0.08386310935020447
1449516756178,2,-1.1240392923355103,0.02861877717077732,0.7936772704124451
1449516756193,2,-1.3477705717086792,0.29613107442855835,0.9334083795547485
1449516756216,2,-0.8008711338043213,0.009476853534579277,0.971010684967041
1449516756236,2,-1.1927437782287598,0.2104436606168747,0.6743120551109314
1449516756256,2,-0.5758242011070251,0.31772738695144653,0.43110010027885437
1449516756281,2,-0.04724022001028061,0.29461541771888733,0.9613444805145264
1449516756296,2,-0.36596131324768066,-0.03412146493792534,1.448453426361084
1449516756316,2,-0.34669992327690125,-0.19507308304309845,0.36018121242523193
1449516756336,2,-0.2557961642742157,-0.3489379584789276,0.6640215516090393
1449516756352,2,-0.21307045221328735,-0.14828385412693024,0.823572039604187
1449516756377,2,0.23113596439361572,0.06050678342580795,0.7216793894767761
1449516756396,2,0.7257850170135498,0.058448683470487595,1.195686936378479
1449516756416,2,0.49412456154823303,0.4526362121105194,0.7463245987892151
1449516756437,2,-0.2920479476451874,0.7362748980522156,-0.4679314196109772
1449516756452,2,-0.49042126536369324,0.7104863524436951,-0.537574827671051
1449516756478,2,0.5089122653007507,0.10272271186113358,0.2946089804172516
1449516756493,2,0.9671850800514221,0.1670762300491333,0.5139519572257996
1449516756517,2,0.9216366410255432,0.3486725687980652,-0.25249767303466797
1449516756538,2,-0.42544662952423096,0.6174824833869934,-1.0495569705963135
1449516756559,2,-0.8845584988594055,-0.012033551931381226,-1.127943754196167
1449516756577,2,-0.2541619837284088,-0.46037527918815613,-0.9731261134147644
1449516756597,2,0.6637171506881714,-0.43654900789260864,-0.3311351537704468
1449516756617,2,0.682762861251831,-0.2931225299835205,0.2233826369047165
1449516756641,2,-0.6736011505126953,-0.3409428596496582,0.5240437388420105
1449516756659,2,-0.635552704334259,-0.7175216674804688,0.7027075290679932
1449516756678,2,-0.2823292315006256,-0.7948825359344482,0.5645949840545654
1449516756698,2,0.21839535236358643,-0.6127817630767822,0.16943010687828064
1449516756718,2,0.4007524847984314,-0.4102332592010498,0.14177462458610535
1449516756739,2,-0.05854903906583786,-0.46785426139831543,-0.35281097888946533
1449516756761,2,-0.03410674259066582,-0.43552374839782715,-0.7527297735214233
1449516756778,2,-0.05533025786280632,-0.4440355598926544,-0.5114402770996094
1449516756795,2,-0.23732125759124756,-0.3605009615421295,0.08126315474510193
1449516756819,2,-0.352046936750412,-0.2894505560398102,0.34660980105400085
1449516756841,2,-0.12902900576591492,-0.34410277009010315,0.3785194456577301
1449516756861,2,0.18430925905704498,-0.3035626709461212,0.217690572142601
1449516756878,2,-0.4812670052051544,-0.33950960636138916,-0.2046767771244049
1449516756899,2,-1.1830774545669556,-0.392286092042923,-0.369465172290802
1449516756919,2,-1.4014973640441895,-0.44059741497039795,-0.270623117685318
1449516756941,2,-0.8961220979690552,-0.4294762909412384,0.05577274039387703
1449516756956,2,-0.3871927559375763,-0.09817513078451157,0.09115210175514221
1449516756980,2,-0.9110012650489807,-0.09339666366577148,0.023819267749786377
1449516756999,2,-0.8656647205352783,-0.36845046281814575,0.35031333565711975
1449516757020,2,-0.15598668158054352,-0.513278603553772,0.5391700267791748
1449516757040,2,-0.10453850030899048,-0.27884557843208313,0.5690735578536987
1449516757060,2,-1.0914196968078613,0.3363075852394104,0.21049627661705017
1449516757079,2,-0.6960146427154541,0.046465400606393814,0.05793547257781029
1449516757100,2,0.21315205097198486,-0.2862474024295807,0.2419113963842392
1449516757123,2,0.48152756690979004,-0.08850070834159851,0.1051999107003212
1449516757142,2,0.1665334850549698,0.21842122077941895,-0.27436932921409607
1449516757160,2,-0.6565032005310059,0.4307306706905365,-0.5332826972007751
1449516757180,2,0.3773597776889801,0.07730185240507126,0.0640413910150528
1449516757201,2,0.9452144503593445,0.10533610731363297,0.6782669425010681
1449516757221,2,0.6961409449577332,0.3953969180583954,0.9345248341560364
1449516757243,2,-0.249043270945549,0.4913116991519928,0.42906713485717773
1449516757264,2,-0.7611200213432312,0.0350298136472702,-0.12149228900671005
1449516757277,2,-0.29523611068725586,-0.03734977915883064,-0.2071528136730194
1449516757301,2,-0.161929652094841,0.21290801465511322,0.29420214891433716
1449516757324,2,0.18556900322437286,0.2134907841682434,0.8526642918586731
1449516757344,2,-0.2409740835428238,-0.027373161166906357,0.5883727073669434
1449516757361,2,-0.48476332426071167,-0.05443360283970833,-0.13811609148979187
1449516757382,2,0.9439841508865356,0.15922844409942627,-0.6643342971801758
1449516757402,2,0.8052666187286377,0.20735621452331543,-0.2397223711013794
1449516757423,2,0.04357031732797623,0.09387129545211792,0.31579381227493286
1449516757444,2,0.05143136903643608,0.08078151196241379,0.5811731815338135
1449516757462,2,0.3072715401649475,0.12085983902215958,0.5699836611747742
1449516757484,1,0.4146498739719391,0.19556757807731628,0.318690687417984
1449516757504,1,0.8226321339607239,0.35990941524505615,0.048456281423568726
1449516757527,1,0.5144319534301758,0.08604981005191803,0.3862117528915405
1449516757549,1,0.2685755789279938,-0.050600890070199966,0.41709086298942566
1449516757562,1,0.23867490887641907,-0.23670390248298645,-0.22977204620838165
1449516757583,1,-0.0198312196880579,-0.4583265483379364,-0.7291033864021301
1449516757602,1,0.49077466130256653,-0.02504384145140648,0.5035030841827393
1449516757625,1,0.9744772911071777,-0.19660277664661407,1.2344056367874146
1449516757644,1,0.6465061902999878,-0.14791034162044525,1.3159587383270264
1449516757663,1,0.10532697290182114,0.18608488142490387,0.650959849357605
1449516757683,1,0.3123539686203003,0.42033320665359497,-0.0426800362765789
1449516757706,1,1.2403414249420166,0.8635913729667664,0.9093436598777771
1449516757725,1,1.0311652421951294,0.7544710636138916,1.2943938970565796
1449516757739,1,0.9386512041091919,0.5485065579414368,0.9003636240959167
1449516757759,1,0.21721363067626953,0.22274084389209747,0.3743214011192322
1449516757784,1,-0.4403529465198517,0.2491132915019989,0.07285071909427643
1449516757804,1,0.3811971843242645,0.048662032932043076,0.7760235667228699
1449516757820,1,0.4136379063129425,-1.0819047689437866,1.1552181243896484
1449516757843,1,-2.5649967193603516,-0.42619186639785767,2.1140451431274414
1449516757863,1,-2.070671796798706,-0.021720249205827713,6.3989481925964355
1449516757884,1,-1.435032844543457,-1.1317659616470337,-0.8598206043243408
1449516757905,1,3.8960084915161133,1.2885925769805908,-3.298774242401123
1449516757926,1,4.183183670043945,0.9101473689079285,-4.668601989746094
1449516757947,1,1.9868255853652954,0.6412854194641113,-2.478409767150879
1449516757964,1,-0.18273897469043732,0.2653326094150543,-0.3469400405883789
1449516757985,1,-0.8189935088157654,-1.043599247932434,0.6713941097259521
1449516758006,1,-1.6595515012741089,-0.19160160422325134,0.24060967564582825
1449516758026,1,-0.7640311121940613,-1.8839175701141357,0.559188723564148
1449516758044,1,-1.0675042867660522,-1.0765306949615479,1.5439765453338623
1449516758064,1,-0.9432410597801208,-0.6044704914093018,2.339841842651367
1449516758085,1,-0.7775793075561523,-0.31362229585647583,2.4372470378875732
1449516758107,1,-0.7079614996910095,-0.19343817234039307,1.100734829902649
1449516758127,1,-0.7309268712997437,-0.14602993428707123,-0.376467764377594
1449516758145,1,1.2496169805526733,0.09743395447731018,-0.559563398361206
1449516758165,1,1.2109098434448242,0.1345125138759613,-0.248373880982399
1449516758186,1,-0.04479297250509262,0.20456863939762115,-0.4165373146533966
1449516758207,1,-0.6511938571929932,0.13366904854774475,-0.8006243109703064
1449516758228,1,-0.3511340022087097,-0.005694412160664797,-1.0938578844070435
1449516758245,1,-0.45697033405303955,-0.01614507846534252,-0.2079746425151825
1449516758266,1,-0.48792725801467896,0.11673253029584885,0.25637832283973694
1449516758286,1,-0.34336036443710327,0.05519815534353256,0.42559272050857544
1449516758308,1,-0.26375049352645874,-0.11647417396306992,0.31057870388031006
1449516758323,1,-0.4992062747478485,0.018878888338804245,0.2502613067626953
1449516758342,1,-0.49966147541999817,0.1415460705757141,0.38272857666015625
1449516758366,1,-0.44042903184890747,0.09666238725185394,0.2731271982192993
1449516758387,1,-0.18516157567501068,-0.06227028742432594,0.04682487994432449
1449516758408,1,-0.09314100444316864,-0.0408446379005909,0.04543371871113777
1449516758427,1,-0.38336214423179626,0.1014186441898346,0.07542144507169724
1449516758446,1,-0.7524368762969971,-0.0038438159972429276,-0.1369207501411438
1449516758467,1,0.01678224466741085,-0.04219020530581474,0.04557108134031296
1449516758489,1,0.15779156982898712,0.2069733589887619,0.4880337119102478
1449516758508,1,-0.16661202907562256,0.4291793704032898,0.4077858626842499
1449516758527,1,-0.5842374563217163,0.21953707933425903,0.10237374901771545
1449516758547,1,-0.2410087138414383,0.050785601139068604,0.07604571431875229
1449516758567,1,0.4013165235519409,0.13693302869796753,-0.2265332192182541
1449516758588,1,-0.06438057869672775,0.37454935908317566,-0.21871815621852875
1449516758612,1,-0.374885231256485,0.22940263152122498,-0.1613520085811615
1449516758630,1,-0.37521061301231384,-0.05710720643401146,-0.390464723110199
1449516758647,1,-0.04027940332889557,-0.1033586710691452,-0.6634908318519592
1449516758668,1,-1.4486300945281982,-0.30747780203819275,-1.6207448244094849
1449516758692,1,-1.5249420404434204,-0.24896599352359772,-1.1916016340255737
1449516758710,1,0.08741013705730438,-0.6595961451530457,0.09015081077814102
1449516758730,1,0.23908841609954834,-0.32604631781578064,0.9898709058761597
1449516758748,1,-0.5019491910934448,-0.024066520854830742,0.46704643964767456
1449516758769,1,-0.5166147947311401,0.20537468791007996,-0.534684956073761
1449516758792,1,0.33568668365478516,0.2434200495481491,0.16788813471794128
1449516758805,1,1.6048883199691772,0.32721009850502014,0.9504711627960205
1449516758830,1,1.7560309171676636,0.1513572633266449,0.7553793787956238
1449516758851,1,-0.37209954857826233,-0.037471361458301544,0.40707099437713623
1449516758872,1,-1.6269233226776123,0.3210229277610779,-0.09228724241256714
1449516758894,1,1.557262897491455,0.32206690311431885,1.015334963798523
1449516758912,1,1.6285837888717651,0.5425420999526978,2.0035879611968994
1449516758931,1,1.0777764320373535,0.9283137321472168,2.000779867172241
1449516758950,1,-0.0054104807786643505,0.6869944334030151,1.27942955493927
1449516758973,1,-0.7527803182601929,0.3177940249443054,0.851574182510376
1449516758993,1,1.4484224319458008,0.6540899276733398,-0.5917904376983643
1449516759015,1,2.2347073554992676,0.5917477607727051,-0.13073475658893585
1449516759031,1,1.3263773918151855,0.5790274143218994,1.247296690940857
1449516759052,1,0.18233075737953186,0.36310499906539917,2.329063653945923
1449516759071,1,0.11929405480623245,0.4254840016365051,1.953384518623352
1449516759087,1,0.2483607679605484,0.544032633304596,1.0707097053527832
1449516759113,1,1.4700289964675903,0.9165776968002319,-0.09816870093345642
1449516759133,1,2.032453775405884,0.8379518985748291,0.3784177303314209
1449516759151,1,2.1072819232940674,0.44212067127227783,0.8140770792961121
1449516759174,1,0.4137783646583557,-0.4026853144168854,0.009956746362149715
1449516759193,1,-1.4887489080429077,-0.6645792126655579,-1.4262194633483887
1449516759207,1,0.2413002848625183,0.18377602100372314,-1.2788357734680176
1449516759232,1,2.1608026027679443,-0.038096215575933456,0.4338005781173706
1449516759253,1,1.912554144859314,-0.3171311914920807,1.4784668684005737
1449516759272,1,-0.10834449529647827,-0.36236968636512756,0.7476134300231934
1449516759293,1,-1.787304162979126,-0.27746671438217163,-0.5311667323112488
1449516759312,1,-0.918847382068634,0.639276385307312,-1.1000521183013916
1449516759328,1,1.1306533813476563,0.8806278109550476,-0.5229740738868713
1449516759348,1,1.455330491065979,0.7315659523010254,0.33905544877052307
1449516759373,1,-0.2502049505710602,0.6669459342956543,0.9822908043861389
1449516759394,1,-1.3776113986968994,0.7768436074256897,0.4152969717979431
1449516759414,1,-1.2949423789978027,0.6496791243553162,-0.5724199414253235
1449516759433,1,-0.8206747174263,0.4418313503265381,-1.1725380420684814
1449516759455,1,0.1556708961725235,0.5163677930831909,-1.232824444770813
1449516759474,1,0.434404194355011,0.10146481543779373,-0.10183832794427872
1449516759493,2,-0.45813772082328796,-0.3040297031402588,1.141235113143921
1449516759518,2,-1.585387945175171,-0.8030954003334045,0.9342057108879089
1449516759534,2,-1.6226215362548828,-0.6241936683654785,-0.1059831753373146
1449516759557,2,-0.4319814145565033,-0.2307949662208557,0.7005816698074341
1449516759570,2,0.577970564365387,0.19181670248508453,1.1941887140274048
1449516759595,2,0.7819544076919556,0.11375731229782104,0.9075234532356262
1449516759614,2,-0.5227733254432678,0.027177929878234863,0.025729484856128693
1449516759634,2,-0.9405283331871033,-0.16995558142662048,-0.9715133905410767
1449516759656,2,0.24949780106544495,-0.02899579331278801,-0.3294447362422943
1449516759676,2,-0.1164790615439415,-0.0038490768056362867,0.5471919775009155
1449516759695,2,-0.7526863217353821,-0.03963584452867508,1.0053168535232544
1449516759714,2,-0.5094633102416992,-0.18610183894634247,0.8379600644111633
1449516759729,2,0.07536794245243073,-0.23960721492767334,0.6072323322296143
1449516759756,2,-1.4362056255340576,0.6619599461555481,-1.6282775402069092
1449516759775,2,-2.349897623062134,0.9118933081626892,-2.272787094116211
1449516759795,2,-1.4719442129135132,0.7331120371818542,-1.4757529497146606
1449516759809,2,0.5707343220710754,0.6541975140571594,-0.4228484034538269
1449516759834,2,1.2225134372711182,1.099410891532898,-0.017730887979269028
1449516759856,2,-1.0787310600280762,0.9903770685195923,-1.1696219444274902
1449516759874,2,-2.005006790161133,0.2942752242088318,-2.19836688041687
1449516759896,2,-1.8655765056610107,-0.5900743007659912,-2.032747983932495
1449516759915,2,-0.9098623991012573,-0.6537187695503235,-0.5810369849205017
1449516759930,2,0.13304446637630463,-0.5276227593421936,0.37352585792541504
1449516759956,2,19.198692321777344,5.343027591705322,-4.185093402862549
1449516759976,2,2.5729427337646484,2.908661127090454,-4.0069780349731445
1449516759991,2,-14.509658813476563,0.2569476366043091,6.885668262839317E-4
1449516760010,2,-10.224481582641602,-3.2444047927856445,4.87025260925293
1449516760035,2,-3.0919649600982666,-2.8040895462036133,7.451696872711182
1449516760051,2,0.050484828650951385,-3.8148412704467773,6.576389312744141
1449516760077,2,0.02500149980187416,0.5397989749908447,0.7988935708999634
1449516760095,2,0.3145606815814972,1.1574077606201172,-1.1834399700164795
1449516760115,2,1.9094182252883911,1.9829916954040527,-1.8841677904129028
1449516760136,2,4.01202392578125,2.6218056678771973,-1.3259031772613525
1449516760157,2,4.908173561096191,2.3934237957000732,0.14074820280075073
1449516760172,2,1.4732967615127563,2.040524959564209,0.27566343545913696
1449516760195,2,-0.4282967448234558,1.843030333518982,0.5024053454399109
1449516760212,2,-0.6096606850624084,1.6174603700637817,1.3977385759353638
1449516760237,2,1.6578764915466309,1.5489976406097412,1.3474129438400269
1449516760258,2,3.045515537261963,1.1000398397445679,0.4917851686477661
1449516760277,2,-0.8824883699417114,0.6589876413345337,-0.6896347403526306
1449516760298,2,-1.1375923156738281,0.5173369646072388,-0.3931652009487152
1449516760316,2,0.5507004857063293,-0.17779752612113953,0.92702716588974
1449516760337,2,1.5341665744781494,-0.39772915840148926,1.121523380279541
1449516760359,2,1.159146785736084,-0.6694207787513733,0.056794486939907074
1449516760377,2,-0.29365575313568115,-0.4588239789009094,-0.7989888191223145
1449516760397,2,-0.3120993971824646,-0.36861294507980347,0.26243922114372253
1449516760417,2,1.4023722410202026,-0.23155659437179565,0.6291437149047852
1449516760438,2,2.015270233154297,-0.050438977777957916,1.127061128616333
1449516760459,2,1.3246963024139404,-0.18947277963161469,1.2071137428283691
1449516760477,2,-0.3964608907699585,-0.3459826111793518,0.07465630769729614
1449516760498,2,-1.2585457563400269,-0.2121533900499344,-1.597798228263855
1449516760517,2,0.06235288828611374,-0.281684011220932,-1.1024737358093262
1449516760539,2,0.5575473308563232,0.06373918801546097,-0.26634734869003296
1449516760558,2,0.363917738199234,0.03411152958869934,0.2866939604282379
1449516760578,2,-0.33570626378059387,-0.07954992353916168,0.5435019135475159
1449516760597,2,-0.10914506018161774,0.08117840439081192,-0.059967271983623505
1449516760622,2,0.2686941921710968,0.09988602250814438,-0.0704670399427414
1449516760641,2,-0.21321241557598114,0.08556465059518814,0.46267247200012207
1449516760662,2,-0.6171424388885498,0.09468378126621246,0.9601438641548157
1449516760679,2,-0.46964916586875916,-0.19823884963989258,1.3319652080535889
1449516760699,2,-0.306089848279953,-0.2589648365974426,1.2933751344680786
1449516760719,2,-1.1622532606124878,-0.5373369455337524,-0.9852116703987122
1449516760747,2,-1.4078201055526733,-0.48150399327278137,-1.0237959623336792
1449516760759,2,-0.5490450263023376,-0.3770785927772522,0.39157530665397644
1449516760780,2,0.32299304008483887,-0.580554723739624,1.6005465984344482
1449516760800,2,0.2683107554912567,-0.7314479351043701,1.6368261575698853
1449516760821,2,-1.5376713275909424,-0.23062311112880707,-0.6101239323616028
1449516760841,2,-0.9697859287261963,0.03409048542380333,-0.5756155252456665
1449516760862,2,0.15919432044029236,0.12488310039043427,0.29055237770080566
1449516760879,2,0.6525086760520935,0.1734241396188736,0.8423457145690918
1449516760896,2,0.27286964654922485,0.3305944800376892,0.706442654132843
1449516760920,2,-0.9116038680076599,0.03868892043828964,-0.47750353813171387
1449516760941,2,-0.5846130847930908,-0.17875322699546814,-0.9415566325187683
1449516760960,2,-0.263566255569458,-0.12475860118865967,-0.5692570805549622
1449516760985,2,0.6045525670051575,0.21801438927650452,0.01196165569126606
1449516761047,2,0.21894235908985138,0.26712942123413086,0.024870822206139565
1449516761063,2,1.193045973777771,-0.09353578090667725,-0.14775310456752777
1449516761082,2,1.158393383026123,-0.1386386603116989,0.5706336498260498
1449516761100,2,-0.2837037742137909,-0.24903497099876404,0.3839198350906372
1449516761122,2,-0.950218677520752,-0.2338736355304718,-0.7911977171897888
1449516761142,2,1.2608214616775513,-0.1943213790655136,-0.3527519404888153
1449516761161,2,0.5994519591331482,-0.21332652866840363,0.23014497756958008
1449516761183,2,0.011212249286472797,-0.14127251505851746,0.17769114673137665
1449516761202,2,0.6179149150848389,-0.10052900016307831,0.3607978820800781
1449516761223,2,0.6656929850578308,0.24702304601669312,0.7863163948059082
1449516761245,2,-0.7794060111045837,-0.04741758480668068,-0.01686404086649418
1449516761261,2,-0.7198989987373352,-0.24594050645828247,-0.9088754653930664
1449516761282,2,0.02155456878244877,-0.07678981125354767,-1.2140847444534302
1449516761302,2,0.9395729303359985,0.6233733296394348,-0.3358224332332611
1449516761326,2,1.3949878215789795,0.8948352336883545,0.7979986667633057
1449516761338,2,0.14950516819953918,0.5708960890769958,0.994611918926239
1449516761364,2,-1.2705579996109009,-0.45288172364234924,-0.4662380516529083
1449516761383,2,0.27508896589279175,-0.1636456698179245,0.36365970969200134
1449516761404,2,0.6396358013153076,0.7196721434593201,1.5933126211166382
1449516761424,2,0.6748514175415039,0.8349754810333252,2.6070289611816406
1449516761444,2,0.46669214963912964,0.20369361340999603,2.742988348007202
1449516761463,2,-0.30727559328079224,-0.03921031206846237,-0.4440215528011322
1449516761483,2,-0.14561094343662262,0.3693518042564392,-0.715614378452301
1449516761504,2,-0.16228459775447845,0.45511168241500854,-0.13093991577625275
