1451265421522,1,0.1135529950261116,-0.3308909833431244,-0.211232990026474
1451265421542,1,-0.012210000306367874,-0.42979198694229126,-0.13919399678707123
1451265421560,1,-0.07448099553585052,-0.4017089903354645,-0.12576299905776978
1451265421586,1,0.00976799987256527,-0.1294260025024414,-0.12698400020599365
1451265421602,1,0.09401699900627136,0.07814399898052216,-0.045176997780799866
1451265421629,1,0.13308899104595184,0.19169700145721436,-0.017093999311327934
1451265421640,1,0.18681299686431885,0.299144983291626,-0.00976799987256527
1451265421663,1,0.2429789900779724,0.33211198449134827,-0.02442000061273575
1451265421681,1,0.24542099237442017,0.2051279991865158,-0.01831500045955181
1451265421700,1,0.09401699900627136,-0.025640999898314476,0.08424899727106094
1451265421720,1,0.03174600005149841,-0.015873000025749207,0.09523800015449524
1451265421741,1,-0.03663000091910362,-0.010989000089466572,0.08302799612283707
1451265421761,1,-0.0866909995675087,-0.025640999898314476,0.09523800015449524
1451265421781,1,-0.09401699900627136,-0.1355309933423996,0.09035399556159973
1451265421807,1,-0.045176997780799866,-0.19902299344539642,0.10988999903202057
1451265421822,1,0.0,-0.17216099798679352,0.1465200036764145
1451265421842,1,0.09645900130271912,-0.21367499232292175,0.21977999806404114
1451265421862,1,0.3626369833946228,-0.3076919913291931,0.3724049925804138
1451265421882,1,0.6568979620933533,-0.6031739711761475,0.5372399687767029
1451265421903,1,0.8485949635505676,0.5152620077133179,-1.0012199878692627
1451265421922,1,1.6117199659347534,1.1269829273223877,-1.379729986190796
1451265421942,1,1.307690978050232,0.7460309863090515,-0.7130640149116516
1451265421963,1,0.30158698558807373,0.18192899227142334,0.1782660037279129
1451265421986,1,-0.7191689610481262,-0.5091570019721985,0.956043004989624
1451265422003,1,-1.389497995376587,-1.0598280429840088,1.0268609523773193
1451265422024,1,-1.534796953201294,-0.3357749879360199,-0.32112300395965576
1451265422043,1,-1.0048829317092896,0.4383389949798584,-0.617825984954834
1451265422063,1,-0.2918190062046051,0.8583629727363586,-0.5213670134544373
1451265422083,1,0.28327199816703796,0.8510369658470154,-0.2161169946193695
1451265422104,1,0.504272997379303,0.5347979664802551,0.07081799954175949
1451265422125,1,-0.02442000061273575,-0.07081799954175949,0.09157499670982361
1451265422144,1,-0.2551890015602112,-0.05738699808716774,0.01831500045955181
1451265422163,1,-0.33211198449134827,0.07326000183820724,0.014651999808847904
1451265422184,1,-0.2869350016117096,0.07814399898052216,0.03663000091910362
1451265422204,1,-0.16483499109745026,0.01831500045955181,0.05616600066423416
1451265422224,1,0.12087900191545486,-0.01831500045955181,-0.01953599974513054
1451265422244,1,0.18314999341964722,0.07203900068998337,-0.045176997780799866
1451265422264,1,0.12820500135421753,0.1355309933423996,-0.04761900007724762
1451265422285,1,-0.0024419999681413174,0.10134299844503403,-0.006105000153183937
1451265422305,1,-0.11721599847078323,0.0378509983420372,0.03663000091910362
1451265422325,1,-0.09645900130271912,0.014651999808847904,0.05738699808716774
1451265422347,1,-0.014651999808847904,0.025640999898314476,0.05372399836778641
1451265422365,1,0.0488400012254715,0.07203900068998337,0.020756999030709267
1451265422387,1,0.04639799892902374,0.09523800015449524,0.012210000306367874
1451265422406,1,-0.003662999952211976,0.08302799612283707,0.02808300033211708
1451265422427,1,-0.07081799954175949,0.040293000638484955,0.059829000383615494
1451265422447,1,-0.07081799954175949,0.03907199949026108,0.02442000061273575
1451265422466,1,0.010989000089466572,0.09279599785804749,-0.004883999936282635
1451265422487,1,0.06837599724531174,0.10988999903202057,-0.021978000178933144
1451265422507,1,0.07936500012874603,0.08424899727106094,-0.012210000306367874
1451265422527,1,0.054944999516010284,0.05738699808716774,0.00976799987256527
1451265422547,1,-0.015873000025749207,0.05372399836778641,0.01953599974513054
1451265422567,1,-0.017093999311327934,0.05372399836778641,0.0024419999681413174
1451265422589,1,0.008546999655663967,0.05128199979662895,-0.015873000025749207
1451265422606,1,0.03296700119972229,0.05616600066423416,-0.02319899946451187
1451265422627,1,0.0488400012254715,0.08546999841928482,-0.04273499920964241
1451265422649,1,0.003662999952211976,0.16605599224567413,-0.05616600066423416
1451265422667,1,-0.03907199949026108,0.1562879979610443,-0.0488400012254715
1451265422694,1,-0.07692299783229828,0.09035399556159973,-0.02930399961769581
1451265422708,1,-0.09645900130271912,0.01953599974513054,-0.0024419999681413174
1451265422728,1,-0.11599499732255936,0.007325999904423952,0.015873000025749207
1451265422753,1,-0.11721599847078323,0.09523800015449524,0.02930399961769581
1451265422774,1,-0.18559199571609497,0.21489599347114563,0.0647130012512207
1451265422792,1,-0.2161169946193695,0.21977999806404114,0.0647130012512207
1451265422808,1,-0.195360004901886,0.20390699803829193,0.0757019966840744
1451265422834,1,-0.167276993393898,0.21855899691581726,0.08058600127696991
1451265422848,1,-0.11965800076723099,0.3357749879360199,0.097680002450943
1451265422868,1,-0.02319899946451187,0.2747249901294708,0.24175800383090973
1451265422889,1,-0.03174600005149841,0.10744799673557281,0.2441999912261963
1451265422909,1,-0.03174600005149841,0.02319899946451187,0.16971899569034576
1451265422929,1,-0.030524998903274536,0.08180700242519379,0.0866909995675087
1451265422954,1,-0.035408999770879745,0.15018299221992493,0.0378509983420372
1451265422969,1,-0.0488400012254715,0.04761900007724762,0.09523800015449524
1451265422989,1,-0.03907199949026108,-0.10378500074148178,0.10012199729681015
1451265423009,1,0.0,-0.24786299467086792,0.04639799892902374
1451265423031,1,0.08546999841928482,-0.22100099921226501,-0.012210000306367874
1451265423054,1,0.12209999561309814,-0.06837599724531174,-0.05372399836778641
1451265423070,1,0.06593400239944458,0.008546999655663967,-0.06715499609708786
1451265423090,1,-0.02808300033211708,-0.04151399806141853,0.006105000153183937
1451265423110,1,-0.004883999936282635,-0.020756999030709267,0.020756999030709267
1451265423131,1,0.003662999952211976,-0.05860799923539162,-0.021978000178933144
1451265423150,1,0.054944999516010284,-0.02442000061273575,-0.03174600005149841
1451265423170,1,0.13186800479888916,0.31746000051498413,-0.006105000153183937
1451265423191,1,0.045176997780799866,0.3846150040626526,-0.006105000153183937
1451265423210,1,-0.0488400012254715,0.195360004901886,0.02808300033211708
1451265423230,1,-0.11233200132846832,0.04761900007724762,-0.0012209999840706587
1451265423251,1,-0.0866909995675087,0.030524998903274536,-0.003662999952211976
1451265423271,1,-0.008546999655663967,0.19902299344539642,0.045176997780799866
1451265423297,1,0.03418799862265587,0.45177000761032104,0.04639799892902374
1451265423312,1,-0.006105000153183937,0.2905980050563812,0.026861999183893204
1451265423331,1,-0.0488400012254715,0.08546999841928482,0.02442000061273575
1451265423352,1,-0.10622699558734894,-0.19047600030899048,0.045176997780799866
1451265423372,1,-0.16361400485038757,-0.34310099482536316,0.05860799923539162
1451265423394,1,-0.1452990025281906,-0.035408999770879745,0.08058600127696991
1451265423414,2,0.020756999030709267,0.1465200036764145,0.017093999311327934
1451265423433,2,0.06593400239944458,0.17093999683856964,-0.04273499920964241
1451265423453,2,0.05860799923539162,0.12698400020599365,-0.07326000183820724
1451265423500,2,0.012210000306367874,0.1294260025024414,-0.04273499920964241
1451265423505,2,-0.02930399961769581,0.1465200036764145,0.0024419999681413174
1451265423518,2,-0.06715499609708786,0.1562879979610443,0.013430999591946602
1451265423533,2,-0.0378509983420372,0.1465200036764145,-0.035408999770879745
1451265423552,2,0.008546999655663967,0.19169700145721436,-0.025640999898314476
1451265423573,2,0.012210000306367874,0.20268599689006805,0.026861999183893204
1451265423594,2,-0.0378509983420372,0.1025639995932579,0.06227099895477295
1451265423613,2,-0.14774100482463837,-0.21001200377941132,0.0488400012254715
1451265423633,2,-0.14896199107170105,-0.25641000270843506,0.02808300033211708
1451265423654,2,-0.1245419979095459,-0.21245399117469788,-0.02442000061273575
1451265423674,2,-0.11965800076723099,-0.10378500074148178,-0.10500600188970566
1451265423693,2,-0.07448099553585052,0.04395600035786629,-0.07814399898052216
1451265423715,2,0.03907199949026108,0.07814399898052216,0.02930399961769581
1451265423734,2,-0.014651999808847904,-0.07692299783229828,0.06715499609708786
1451265423755,2,-0.06837599724531174,-0.15995100140571594,0.0866909995675087
1451265423775,2,-0.07203900068998337,-0.16971899569034576,0.06837599724531174
1451265423796,2,-0.03174600005149841,-0.12087900191545486,0.04273499920964241
1451265423815,2,-0.008546999655663967,-0.06227099895477295,0.0378509983420372
1451265423840,2,0.0024419999681413174,-0.020756999030709267,0.02319899946451187
1451265423855,2,0.0024419999681413174,0.013430999591946602,0.02930399961769581
1451265423875,2,-0.006105000153183937,0.04273499920964241,0.04273499920964241
1451265423935,2,-0.003662999952211976,0.1355309933423996,-0.0378509983420372
1451265423955,2,0.03907199949026108,0.26861998438835144,-0.09401699900627136
1451265423975,2,0.13064700365066528,0.40292999148368835,-0.17216099798679352
1451265423998,2,0.195360004901886,0.43589699268341064,-0.2503049969673157
1451265424015,2,0.07936500012874603,0.7374839782714844,0.07814399898052216
1451265424036,2,-0.1684979945421219,-2.025639057159424,0.32112300395965576
1451265424055,2,0.017093999311327934,-1.5872999429702759,0.20634900033473969
1451265424076,2,-0.03907199949026108,-0.8864459991455078,-0.0488400012254715
1451265424100,2,-0.11721599847078323,-0.03663000091910362,-0.18559199571609497
1451265424116,2,-0.20268599689006805,0.47863200306892395,-0.15506699681282043
1451265424136,2,-0.2271059900522232,0.7045170068740845,0.04151399806141853
1451265424157,2,-0.06715499609708786,0.050060998648405075,0.13797299563884735
1451265424176,2,-0.0647130012512207,-0.3406589925289154,-0.03418799862265587
1451265424198,2,-0.012210000306367874,-0.5225880146026611,-0.13308899104595184
1451265424217,2,0.0647130012512207,-0.44200199842453003,-0.21245399117469788
1451265424242,2,0.1623930037021637,-0.25152599811553955,-0.2905980050563812
1451265424257,2,0.19658099114894867,0.2527469992637634,-0.23565299808979034
1451265424278,2,0.10500600188970566,0.293040007352829,-0.11721599847078323
1451265424298,2,-0.014651999808847904,0.14896199107170105,0.004883999936282635
1451265424317,2,-0.09890099614858627,0.006105000153183937,0.09645900130271912
1451265424339,2,-0.097680002450943,-0.03418799862265587,0.1135529950261116
1451265424358,2,0.04273499920964241,0.09523800015449524,0.0378509983420372
1451265424378,2,0.0866909995675087,0.12820500135421753,0.04761900007724762
1451265424397,2,0.08546999841928482,0.09035399556159973,0.09401699900627136
1451265424418,2,0.050060998648405075,0.045176997780799866,0.1294260025024414
1451265424439,2,0.025640999898314476,0.03418799862265587,0.12698400020599365
1451265424458,2,0.035408999770879745,0.045176997780799866,0.0757019966840744
1451265424486,2,0.12698400020599365,0.040293000638484955,-0.02930399961769581
1451265424498,2,0.13675199449062347,0.0378509983420372,-0.04273499920964241
1451265424519,2,0.12087900191545486,0.02319899946451187,-0.01831500045955181
1451265424539,2,0.0866909995675087,0.0012209999840706587,-0.0024419999681413174
1451265424559,2,0.04395600035786629,-0.01831500045955181,0.014651999808847904
1451265424587,2,0.02442000061273575,-0.007325999904423952,-0.021978000178933144
1451265424600,2,0.03907199949026108,0.05128199979662895,-0.05860799923539162
1451265424620,2,0.07081799954175949,0.11965800076723099,-0.07326000183820724
1451265424645,2,0.07814399898052216,0.1404149979352951,-0.07326000183820724
1451265424665,2,0.0488400012254715,0.1355309933423996,-0.06227099895477295
1451265424685,2,-0.017093999311327934,0.0488400012254715,-0.03296700119972229
1451265424700,2,-0.02319899946451187,0.03663000091910362,-0.030524998903274536
1451265424720,2,-0.007325999904423952,0.021978000178933144,-0.02319899946451187
1451265424741,2,0.006105000153183937,0.006105000153183937,-0.03663000091910362
1451265424760,2,0.010989000089466572,0.006105000153183937,-0.040293000638484955
1451265424784,2,-0.0012209999840706587,0.0757019966840744,-0.020756999030709267
1451265424800,2,0.0012209999840706587,0.09645900130271912,-0.02808300033211708
1451265424821,2,-0.008546999655663967,0.07814399898052216,-0.04761900007724762
1451265424842,2,-0.021978000178933144,0.020756999030709267,-0.05738699808716774
1451265424861,2,-0.026861999183893204,-0.012210000306367874,-0.05128199979662895
1451265424881,2,-0.04639799892902374,-0.021978000178933144,-0.03418799862265587
1451265424903,2,-0.06959699839353561,-0.03907199949026108,-0.00976799987256527
1451265424923,2,-0.050060998648405075,0.007325999904423952,-0.003662999952211976
1451265424942,2,-0.014651999808847904,0.04273499920964241,-0.013430999591946602
1451265424963,2,0.015873000025749207,0.08180700242519379,-0.03663000091910362
1451265424987,2,0.007325999904423952,0.07936500012874603,-0.021978000178933144
1451265425002,2,-0.05616600066423416,-0.014651999808847904,0.02808300033211708
1451265425024,2,-0.05860799923539162,-0.04395600035786629,0.012210000306367874
1451265425043,2,-0.03296700119972229,-0.008546999655663967,0.006105000153183937
1451265425064,2,-0.02319899946451187,0.03418799862265587,0.020756999030709267
1451265425088,2,-0.01953599974513054,0.03907199949026108,0.01953599974513054
1451265425102,2,0.015873000025749207,0.045176997780799866,0.012210000306367874
1451265425123,2,0.02930399961769581,0.0488400012254715,0.02930399961769581
1451265425143,2,0.008546999655663967,0.09890099614858627,0.050060998648405075
1451265425163,2,-0.017093999311327934,0.11477399617433548,0.10378500074148178
1451265425191,2,-0.03907199949026108,0.08424899727106094,0.07081799954175949
1451265425203,2,-0.02319899946451187,0.06349200010299683,0.03663000091910362
1451265425225,2,-0.017093999311327934,-0.11233200132846832,0.014651999808847904
1451265425244,2,-0.014651999808847904,-0.11721599847078323,-0.020756999030709267
1451265425263,2,-0.020756999030709267,-0.10866899788379669,-0.03418799862265587
1451265425284,2,-0.0488400012254715,-0.07203900068998337,-0.0488400012254715
1451265425304,2,-0.06715499609708786,-0.035408999770879745,-0.054944999516010284
1451265425324,2,-0.013430999591946602,-0.09401699900627136,-0.0024419999681413174
1451265425344,2,0.010989000089466572,-0.12209999561309814,0.007325999904423952
1451265425370,2,0.03418799862265587,-0.07692299783229828,0.004883999936282635
1451265425384,2,0.04395600035786629,-0.05128199979662895,0.0
1451265425405,2,0.00976799987256527,-0.07326000183820724,0.012210000306367874
1451265425426,2,-0.11599499732255936,-0.11599499732255936,-0.003662999952211976
1451265425478,1,-0.167276993393898,-0.03418799862265587,-0.02442000061273575
1451265425493,1,-0.1294260025024414,-0.03418799862265587,-0.003662999952211976
1451265425501,1,-0.07081799954175949,-0.0647130012512207,0.03418799862265587
1451265425509,1,-0.03296700119972229,-0.09645900130271912,0.050060998648405075
1451265425526,1,-0.01831500045955181,-0.1355309933423996,0.04273499920964241
1451265425555,1,-0.03296700119972229,-0.05738699808716774,0.0012209999840706587
1451265425566,1,-0.0488400012254715,-0.010989000089466572,-0.014651999808847904
1451265425585,1,-0.08058600127696991,-0.00976799987256527,-0.02442000061273575
1451265425607,1,-0.08546999841928482,-0.00976799987256527,-0.004883999936282635
1451265425626,1,-0.07081799954175949,0.0,0.01831500045955181
1451265425646,1,0.050060998648405075,0.045176997780799866,0.014651999808847904
1451265425669,1,0.08058600127696991,0.045176997780799866,0.020756999030709267
1451265425693,1,0.05616600066423416,0.03418799862265587,0.012210000306367874
1451265425711,1,-0.004883999936282635,0.03174600005149841,-0.017093999311327934
1451265425726,1,-0.08180700242519379,0.017093999311327934,-0.0378509983420372
1451265425746,1,-0.15506699681282043,0.003662999952211976,0.00976799987256527
1451265425767,1,-0.10134299844503403,0.02930399961769581,0.02808300033211708
1451265425789,1,-0.017093999311327934,0.0488400012254715,0.025640999898314476
1451265425807,1,0.02808300033211708,0.045176997780799866,0.008546999655663967
1451265425831,1,0.09523800015449524,0.040293000638484955,0.04761900007724762
1451265425852,1,0.18803399801254272,-0.2161169946193695,0.21733799576759338
1451265425867,1,-0.00976799987256527,-0.4920629858970642,-0.10622699558734894
1451265425892,1,0.20757000148296356,1.0146509408950806,-1.2246630191802979
1451265425928,1,1.070816993713379,1.3870559930801392,-1.4444429874420166
1451265425933,1,0.8510369658470154,0.6947489976882935,-1.2625139951705933
1451265425947,1,0.2332109957933426,0.10866899788379669,-0.5470079779624939
1451265425969,1,-0.5811960101127625,-1.202684998512268,0.40659299492836
1451265425993,1,-0.7423679828643799,-1.1135519742965698,0.11477399617433548
1451265426009,1,-0.6239309906959534,-0.5445659756660461,-0.10134299844503403
1451265426029,1,-0.4114769995212555,-0.06104999780654907,-0.17704500257968903
1451265426049,1,-0.23687399923801422,0.2319899946451187,-0.20390699803829193
1451265426074,1,-0.03907199949026108,0.2222220003604889,0.045176997780799866
1451265426089,1,-0.05372399836778641,0.054944999516010284,0.1684979945421219
1451265426109,1,-0.09401699900627136,-0.05372399836778641,0.2002439945936203
1451265426131,1,-0.08913300186395645,-0.0488400012254715,0.20390699803829193
1451265426149,1,-0.05372399836778641,-0.006105000153183937,0.17704500257968903
1451265426170,1,0.04273499920964241,0.07692299783229828,0.1025639995932579
1451265426190,1,0.09523800015449524,0.07203900068998337,0.09523800015449524
1451265426209,1,0.14163599908351898,0.02442000061273575,0.10988999903202057
1451265426235,1,0.12332099676132202,-0.02319899946451187,0.11233200132846832
1451265426251,1,0.05616600066423416,-0.059829000383615494,0.0647130012512207
1451265426271,1,-0.04151399806141853,-0.03663000091910362,-0.017093999311327934
1451265426295,1,-0.15384599566459656,-0.054944999516010284,-0.013430999591946602
1451265426310,1,-0.13186800479888916,-0.1575089991092682,0.06104999780654907
1451265426330,1,-0.04761900007724762,-0.18559199571609497,0.12820500135421753
1451265426351,1,0.059829000383615494,-0.12820500135421753,0.13675199449062347
1451265426371,1,0.14407800137996674,-0.045176997780799866,0.08058600127696991
1451265426391,1,0.14285700023174286,0.08791200071573257,-0.00976799987256527
1451265426413,1,0.05616600066423416,0.07448099553585052,-0.008546999655663967
1451265426435,1,-0.01831500045955181,0.0488400012254715,0.017093999311327934
1451265426451,1,-0.02930399961769581,0.008546999655663967,0.06959699839353561
1451265426471,1,0.006105000153183937,0.013430999591946602,0.10866899788379669
1451265426491,1,0.15506699681282043,0.09035399556159973,0.10134299844503403
1451265426511,1,0.1684979945421219,0.1245419979095459,0.0647130012512207
1451265426531,1,0.14163599908351898,0.12209999561309814,0.015873000025749207
1451265426552,1,0.0757019966840744,0.0757019966840744,-0.004883999936282635
1451265426573,1,-0.003662999952211976,0.013430999591946602,-0.008546999655663967
1451265426592,1,-0.0866909995675087,-0.04273499920964241,0.010989000089466572
1451265426613,1,-0.09523800015449524,-0.021978000178933144,0.008546999655663967
1451265426632,1,-0.014651999808847904,0.020756999030709267,0.00976799987256527
1451265426653,1,0.04639799892902374,0.059829000383615494,-0.017093999311327934
1451265426672,1,0.04761900007724762,0.06593400239944458,-0.03418799862265587
1451265426692,1,0.01953599974513054,0.05738699808716774,-0.03663000091910362
1451265426713,1,-0.05738699808716774,0.02442000061273575,-0.004883999936282635
1451265426738,1,-0.035408999770879745,0.015873000025749207,0.008546999655663967
1451265426759,1,0.021978000178933144,-0.003662999952211976,0.035408999770879745
1451265426772,1,0.05738699808716774,0.003662999952211976,0.03296700119972229
1451265426792,1,0.059829000383615494,0.05738699808716774,-0.0024419999681413174
1451265426812,1,-0.01831500045955181,0.05250300094485283,-0.007325999904423952
1451265426833,1,-0.04273499920964241,0.010989000089466572,-0.0024419999681413174
1451265426853,1,-0.030524998903274536,-0.026861999183893204,0.004883999936282635
1451265426873,1,0.008546999655663967,-0.03418799862265587,0.010989000089466572
1451265426893,1,0.021978000178933144,-0.007325999904423952,-0.0012209999840706587
1451265426913,1,0.01831500045955181,0.030524998903274536,-0.017093999311327934
1451265426934,1,0.040293000638484955,0.035408999770879745,-0.012210000306367874
1451265426953,1,0.0378509983420372,0.03418799862265587,-0.01831500045955181
1451265426974,1,0.015873000025749207,0.04639799892902374,-0.03907199949026108
1451265426994,1,-0.0024419999681413174,0.04639799892902374,-0.030524998903274536
1451265427014,1,0.004883999936282635,0.03174600005149841,-0.00976799987256527
1451265427036,1,-0.004883999936282635,0.05860799923539162,-0.014651999808847904
1451265427058,1,0.03907199949026108,0.07692299783229828,-0.015873000025749207
1451265427075,1,0.05616600066423416,0.0866909995675087,-0.004883999936282635
1451265427094,1,0.05372399836778641,0.07814399898052216,-0.007325999904423952
1451265427115,1,0.026861999183893204,0.05372399836778641,-0.003662999952211976
1451265427136,1,-0.014651999808847904,0.03296700119972229,0.015873000025749207
1451265427155,1,0.003662999952211976,0.025640999898314476,0.012210000306367874
1451265427175,1,0.01953599974513054,0.03296700119972229,-0.012210000306367874
1451265427196,1,0.04761900007724762,0.04273499920964241,-0.03296700119972229
1451265427215,1,0.059829000383615494,0.05616600066423416,-0.02930399961769581
1451265427235,1,0.010989000089466572,0.03418799862265587,-0.014651999808847904
1451265427258,1,-0.01831500045955181,-0.013430999591946602,-0.00976799987256527
1451265427281,1,-0.030524998903274536,-0.026861999183893204,-0.0024419999681413174
1451265427302,1,-0.013430999591946602,0.004883999936282635,-0.013430999591946602
1451265427316,1,0.02319899946451187,0.026861999183893204,-0.00976799987256527
1451265427336,1,0.050060998648405075,0.03296700119972229,-0.017093999311327934
1451265427356,1,0.02442000061273575,0.0378509983420372,-0.026861999183893204
1451265427376,1,0.004883999936282635,0.03418799862265587,-0.003662999952211976
1451265427396,1,-0.008546999655663967,-0.0012209999840706587,0.01953599974513054
1451265427416,1,-0.01953599974513054,-0.017093999311327934,0.02319899946451187
1451265427437,1,0.0024419999681413174,-0.006105000153183937,0.0024419999681413174
1451265427457,1,0.03907199949026108,0.05372399836778641,-0.035408999770879745
1451265427477,1,0.03663000091910362,0.06227099895477295,-0.02319899946451187
1451265427498,2,0.020756999030709267,0.020756999030709267,-0.003662999952211976
1451265427523,2,-0.003662999952211976,-0.010989000089466572,-0.004883999936282635
1451265427538,2,-0.030524998903274536,-0.02319899946451187,-0.02930399961769581
1451265427558,2,0.0024419999681413174,0.02442000061273575,-0.030524998903274536
1451265427578,2,0.013430999591946602,0.02319899946451187,-0.010989000089466572
1451265427597,2,-0.0024419999681413174,0.020756999030709267,-0.03174600005149841
1451265427618,2,0.015873000025749207,-0.003662999952211976,-0.045176997780799866
1451265427639,2,0.05372399836778641,-0.02319899946451187,-0.030524998903274536
1451265427658,2,0.06227099895477295,-0.01953599974513054,-0.025640999898314476
1451265427678,2,0.0378509983420372,0.010989000089466572,-0.06837599724531174
1451265427698,2,0.014651999808847904,0.026861999183893204,-0.06837599724531174
1451265427718,2,0.010989000089466572,0.02319899946451187,-0.054944999516010284
1451265427738,2,0.00976799987256527,0.015873000025749207,-0.0488400012254715
1451265427758,2,0.012210000306367874,0.013430999591946602,-0.06349200010299683
1451265427779,2,-0.012210000306367874,-0.02442000061273575,-0.07936500012874603
1451265427802,2,-0.008546999655663967,0.0,-0.07814399898052216
1451265427819,2,-0.007325999904423952,0.01831500045955181,-0.0647130012512207
1451265427839,2,0.0,0.010989000089466572,-0.059829000383615494
1451265427859,2,0.004883999936282635,-0.01831500045955181,-0.054944999516010284
1451265427880,2,-0.015873000025749207,-0.040293000638484955,-0.08058600127696991
1451265427905,2,-0.013430999591946602,-0.025640999898314476,-0.08058600127696991
1451265427926,2,-0.003662999952211976,0.0,-0.06715499609708786
1451265427941,2,0.006105000153183937,0.015873000025749207,-0.040293000638484955
1451265427960,2,0.012210000306367874,0.014651999808847904,-0.01831500045955181
1451265427980,2,0.01953599974513054,-0.003662999952211976,-0.03418799862265587
1451265428001,2,0.02319899946451187,0.003662999952211976,-0.05860799923539162
1451265428022,2,0.006105000153183937,0.014651999808847904,-0.02808300033211708
1451265428042,2,-0.020756999030709267,0.020756999030709267,-0.007325999904423952
1451265428061,2,-0.06227099895477295,-0.003662999952211976,-0.00976799987256527
1451265428086,2,-0.07326000183820724,-0.013430999591946602,-0.020756999030709267
1451265428101,2,-0.0012209999840706587,0.015873000025749207,0.013430999591946602
1451265428122,2,0.026861999183893204,0.050060998648405075,0.012210000306367874
1451265428142,2,0.03418799862265587,0.05860799923539162,0.02442000061273575
1451265428171,2,0.02930399961769581,0.05372399836778641,0.050060998648405075
1451265428182,2,0.008546999655663967,0.04273499920964241,0.0757019966840744
1451265428203,2,-0.02808300033211708,0.05738699808716774,0.11721599847078323
1451265428223,2,-0.02930399961769581,0.0757019966840744,0.1404149979352951
1451265428249,2,-0.010989000089466572,0.097680002450943,0.14896199107170105
1451265428263,2,0.0024419999681413174,0.08913300186395645,0.15018299221992493
1451265428282,2,0.013430999591946602,0.09401699900627136,0.1355309933423996
1451265428304,2,0.003662999952211976,0.1025639995932579,0.11599499732255936
1451265428330,2,-0.021978000178933144,0.06227099895477295,0.09645900130271912
1451265428343,2,-0.02442000061273575,0.040293000638484955,0.07936500012874603
1451265428364,2,0.004883999936282635,0.04273499920964241,0.07814399898052216
1451265428384,2,0.02808300033211708,0.04761900007724762,0.08180700242519379
1451265428405,2,0.035408999770879745,0.015873000025749207,0.05860799923539162
1451265428425,2,0.021978000178933144,0.020756999030709267,-0.017093999311327934
1451265428444,2,0.00976799987256527,0.04639799892902374,-0.02808300033211708
1451265428464,2,0.012210000306367874,0.026861999183893204,-0.02930399961769581
1451265428486,2,0.010989000089466572,-0.013430999591946602,-0.03296700119972229
1451265428504,2,0.00976799987256527,-0.054944999516010284,-0.05616600066423416
1451265428534,2,0.015873000025749207,-0.04151399806141853,-0.15262499451637268
1451265428544,2,0.021978000178933144,-0.03663000091910362,-0.17704500257968903
1451265428565,2,0.013430999591946602,-0.030524998903274536,-0.18559199571609497
1451265428585,2,-0.0012209999840706587,-0.004883999936282635,-0.18803399801254272
1451265428604,2,0.015873000025749207,0.012210000306367874,-0.18559199571609497
1451265428625,2,0.0488400012254715,0.0488400012254715,-0.26129400730133057
1451265428645,2,0.05372399836778641,0.04273499920964241,-0.299144983291626
1451265428665,2,0.0488400012254715,0.025640999898314476,-0.32722800970077515
1451265428686,2,0.06349200010299683,-0.08791200071573257,-0.07326000183820724
1451265428706,2,-0.24786299467086792,-1.3333319425582886,1.256408929824829
1451265428725,2,-0.5311350226402283,-1.1282039880752563,0.627593994140625
1451265428746,2,-0.23687399923801422,0.1684979945421219,-0.27350398898124695
1451265428765,2,-0.0378509983420372,0.8095229864120483,-0.6422460079193115
1451265428787,2,0.12332099676132202,0.8608049750328064,-0.42490798234939575
1451265428807,2,0.15995100140571594,0.2967030107975006,-0.01953599974513054
1451265428830,2,0.040293000638484955,-0.2002439945936203,0.25763100385665894
1451265428855,2,-0.05616600066423416,-0.25641000270843506,0.07936500012874603
1451265428867,2,0.06227099895477295,-0.02808300033211708,-0.08546999841928482
1451265428889,2,0.18803399801254272,0.10744799673557281,-0.1452990025281906
1451265428907,2,0.23076899349689484,0.09401699900627136,-0.08302799612283707
1451265428927,2,0.18314999341964722,0.035408999770879745,-0.030524998903274536
1451265428947,2,0.030524998903274536,0.020756999030709267,-0.05128199979662895
1451265428967,2,0.020756999030709267,0.008546999655663967,-0.04273499920964241
1451265428987,2,0.012210000306367874,0.008546999655663967,-0.035408999770879745
1451265429070,2,-0.07326000183820724,0.02442000061273575,-0.02808300033211708
1451265429090,2,-0.09645900130271912,0.01831500045955181,-0.030524998903274536
1451265429109,2,-0.09279599785804749,0.013430999591946602,-0.01831500045955181
1451265429128,2,-0.050060998648405075,-0.025640999898314476,0.003662999952211976
1451265429148,2,0.007325999904423952,-0.04761900007724762,0.004883999936282635
1451265429168,2,0.09279599785804749,-0.010989000089466572,-0.02319899946451187
1451265429189,2,0.07814399898052216,0.0024419999681413174,-0.04395600035786629
1451265429209,2,0.0378509983420372,0.0012209999840706587,-0.035408999770879745
1451265429237,2,0.017093999311327934,-0.010989000089466572,-0.004883999936282635
1451265429249,2,0.015873000025749207,-0.01831500045955181,0.00976799987256527
1451265429269,2,0.10500600188970566,-0.006105000153183937,-0.02930399961769581
1451265429290,2,0.13675199449062347,0.02442000061273575,-0.054944999516010284
1451265429310,2,0.10744799673557281,0.04639799892902374,-0.06104999780654907
1451265429330,2,0.05128199979662895,0.02808300033211708,-0.04151399806141853
1451265429349,2,-0.01953599974513054,-0.0024419999681413174,-0.02930399961769581
1451265429370,2,-0.07326000183820724,-0.04273499920964241,-0.026861999183893204
1451265429390,2,-0.03296700119972229,-0.02930399961769581,-0.04151399806141853
1451265429410,2,0.021978000178933144,0.012210000306367874,-0.035408999770879745
1451265429430,2,0.03907199949026108,0.03663000091910362,-0.03174600005149841
1451265429451,2,0.035408999770879745,-0.0012209999840706587,-0.026861999183893204
1451265429471,2,-0.012210000306367874,0.010989000089466572,-0.026861999183893204
1451265429490,2,-0.07814399898052216,-0.013430999591946602,-0.0024419999681413174
1451265429511,2,-0.059829000383615494,-0.01953599974513054,-0.004883999936282635
1451265429531,1,0.0012209999840706587,0.007325999904423952,-0.013430999591946602
1451265429551,1,0.050060998648405075,0.03663000091910362,-0.017093999311327934
1451265429571,1,0.08180700242519379,0.04273499920964241,-0.008546999655663967
1451265429592,1,0.02442000061273575,0.01953599974513054,-0.020756999030709267
1451265429612,1,0.00976799987256527,-0.015873000025749207,-0.020756999030709267
1451265429632,1,0.007325999904423952,-0.020756999030709267,-0.008546999655663967
1451265429652,1,0.013430999591946602,-0.008546999655663967,-0.003662999952211976
1451265429677,1,0.013430999591946602,0.0024419999681413174,-0.020756999030709267
1451265429692,1,0.004883999936282635,0.006105000153183937,-0.026861999183893204
1451265429714,1,-0.03174600005149841,0.006105000153183937,-0.020756999030709267
1451265429732,1,-0.05128199979662895,-0.012210000306367874,-0.006105000153183937
1451265429753,1,-0.0488400012254715,-0.015873000025749207,-0.014651999808847904
1451265429773,1,-0.03296700119972229,-0.010989000089466572,-0.0024419999681413174
1451265429793,1,-0.004883999936282635,-0.0012209999840706587,0.008546999655663967
1451265429818,1,0.04273499920964241,0.03907199949026108,-0.008546999655663967
1451265429834,1,0.06837599724531174,0.017093999311327934,0.01953599974513054
1451265429853,1,0.07448099553585052,-0.026861999183893204,0.050060998648405075
1451265429874,1,0.06104999780654907,-0.04761900007724762,0.05128199979662895
1451265429901,1,0.02808300033211708,-0.021978000178933144,0.03174600005149841
1451265429913,1,-0.05128199979662895,0.01953599974513054,0.015873000025749207
1451265429934,1,-0.08424899727106094,-0.0012209999840706587,0.02319899946451187
1451265429953,1,-0.07692299783229828,-0.017093999311327934,0.030524998903274536
1451265429974,1,-0.04151399806141853,-0.01953599974513054,0.045176997780799866
1451265429996,1,0.0024419999681413174,0.01953599974513054,0.030524998903274536
1451265430014,1,0.004883999936282635,0.03174600005149841,-0.0024419999681413174
1451265430036,1,-0.02930399961769581,-0.003662999952211976,-0.02808300033211708
1451265430059,1,-0.08058600127696991,-0.030524998903274536,-0.04151399806141853
1451265430075,1,-0.08180700242519379,-0.014651999808847904,-0.03296700119972229
1451265430098,1,-0.017093999311327934,-0.030524998903274536,0.015873000025749207
1451265430115,1,0.021978000178933144,-0.020756999030709267,0.02442000061273575
1451265430136,1,0.059829000383615494,0.040293000638484955,-0.025640999898314476
1451265430155,1,0.04273499920964241,0.03907199949026108,-0.01831500045955181
1451265430175,1,0.007325999904423952,0.0012209999840706587,0.004883999936282635
1451265430201,1,-0.02930399961769581,-0.0378509983420372,0.021978000178933144
1451265430215,1,-0.040293000638484955,-0.02442000061273575,0.02319899946451187
1451265430235,1,0.01953599974513054,0.015873000025749207,0.026861999183893204
1451265430255,1,0.03174600005149841,0.02808300033211708,0.026861999183893204
1451265430275,1,0.01953599974513054,0.02808300033211708,0.01953599974513054
1451265430297,1,-0.003662999952211976,0.004883999936282635,0.02442000061273575
1451265430316,1,-0.025640999898314476,-0.02808300033211708,0.04151399806141853
1451265430336,1,-0.054944999516010284,-0.03663000091910362,0.025640999898314476
1451265430357,1,-0.07814399898052216,-0.021978000178933144,-0.010989000089466572
1451265430379,1,-0.09035399556159973,-0.03907199949026108,-0.012210000306367874
1451265430396,1,-0.08913300186395645,-0.040293000638484955,0.02319899946451187
1451265430416,1,-0.05250300094485283,0.008546999655663967,0.05250300094485283
1451265430437,1,0.09157499670982361,-0.06104999780654907,0.1684979945421219
1451265430457,1,0.08791200071573257,-0.22954799234867096,-0.10744799673557281
1451265430480,1,0.3626369833946228,1.2417570352554321,-1.1660549640655518
1451265430498,1,1.3150169849395752,1.4053709506988525,-1.327226996421814
1451265430517,1,1.3858349323272705,1.100121021270752,-1.3125749826431274
1451265430539,1,0.7789980173110962,0.3076919913291931,-0.7338209748268127
1451265430557,1,-0.7680090069770813,-1.3162379264831543,0.2771669924259186
1451265430577,1,-1.0598280429840088,-1.2722820043563843,0.3833940029144287
1451265430598,1,-1.0463969707489014,-0.9340649843215942,0.18559199571609497
1451265430617,1,-0.7680090069770813,-0.4481070041656494,-0.025640999898314476
1451265430644,1,-0.3797309994697571,-0.06593400239944458,-0.054944999516010284
1451265430658,1,0.13064700365066528,0.23565299808979034,0.0866909995675087
1451265430684,1,0.1294260025024414,0.21489599347114563,0.12332099676132202
1451265430703,1,0.010989000089466572,0.12209999561309814,0.15995100140571594
1451265430719,1,-0.1452990025281906,-0.02808300033211708,0.21245399117469788
1451265430739,1,-0.2551890015602112,-0.1465200036764145,0.26251500844955444
1451265430759,1,-0.2637360095977783,-0.1892549991607666,0.2808299958705902
1451265430778,1,0.014651999808847904,-0.08424899727106094,0.2441999912261963
1451265430799,1,0.1843709945678711,-0.08546999841928482,0.23931600153446198
1451265430819,1,0.2441999912261963,-0.0757019966840744,0.17704500257968903
1451265430840,1,0.19169700145721436,-0.040293000638484955,0.05372399836778641
1451265430859,1,0.06227099895477295,0.02442000061273575,-0.06593400239944458
1451265430885,1,-0.08058600127696991,0.003662999952211976,-0.00976799987256527
1451265430900,1,-0.0647130012512207,-0.11111100018024445,0.09035399556159973
1451265430921,1,-0.007325999904423952,-0.12087900191545486,0.10500600188970566
1451265430940,1,0.045176997780799866,-0.045176997780799866,0.05616600066423416
1451265430962,1,0.05860799923539162,0.059829000383615494,-0.035408999770879745
1451265430980,1,0.00976799987256527,0.08546999841928482,-0.06715499609708786
1451265431000,1,-0.030524998903274536,-0.008546999655663967,0.008546999655663967
1451265431021,1,-0.050060998648405075,-0.03418799862265587,0.04761900007724762
1451265431041,1,-0.00976799987256527,-0.015873000025749207,0.04395600035786629
1451265431061,1,0.0378509983420372,0.0378509983420372,0.010989000089466572
1451265431085,1,0.07692299783229828,0.03418799862265587,-0.017093999311327934
1451265431101,1,0.02808300033211708,-0.006105000153183937,0.006105000153183937
1451265431121,1,-0.01831500045955181,-0.02808300033211708,0.02930399961769581
1451265431142,1,-0.025640999898314476,-0.004883999936282635,0.05738699808716774
1451265431161,1,0.020756999030709267,0.00976799987256527,0.07936500012874603
1451265431181,1,0.06227099895477295,0.025640999898314476,0.08424899727106094
1451265431201,1,0.03174600005149841,-0.008546999655663967,0.04151399806141853
1451265431223,1,-0.01953599974513054,-0.017093999311327934,0.02319899946451187
1451265431247,1,-0.050060998648405075,-0.02808300033211708,0.017093999311327934
1451265431262,1,-0.05128199979662895,-0.01831500045955181,0.030524998903274536
1451265431282,1,-0.03174600005149841,-0.00976799987256527,0.04151399806141853
1451265431302,1,0.003662999952211976,-0.010989000089466572,0.03174600005149841
1451265431322,1,0.0,-0.008546999655663967,-0.012210000306367874
1451265431344,1,-0.015873000025749207,-0.003662999952211976,-0.0488400012254715
1451265431362,1,-0.02930399961769581,-0.01831500045955181,-0.050060998648405075
1451265431382,1,-0.03663000091910362,-0.01831500045955181,-0.012210000306367874
1451265431404,1,0.021978000178933144,-0.021978000178933144,0.05616600066423416
1451265431425,1,0.03907199949026108,0.0024419999681413174,0.030524998903274536
1451265431443,1,0.03663000091910362,0.02319899946451187,-0.012210000306367874
1451265431465,1,0.03663000091910362,0.03174600005149841,-0.0378509983420372
1451265431484,1,0.020756999030709267,0.007325999904423952,-0.030524998903274536
1451265431505,1,-0.01953599974513054,-0.01953599974513054,-0.00976799987256527
1451265431523,1,-0.008546999655663967,-0.02808300033211708,0.02442000061273575
1451265431544,1,0.014651999808847904,0.02930399961769581,0.0012209999840706587
1451265431574,2,0.05616600066423416,0.054944999516010284,0.0012209999840706587
1451265431584,2,0.08913300186395645,0.04639799892902374,0.00976799987256527
1451265431605,2,0.0757019966840744,0.017093999311327934,0.00976799987256527
1451265431624,2,-0.014651999808847904,-0.03418799862265587,0.003662999952211976
1451265431645,2,-0.04761900007724762,-0.045176997780799866,0.0012209999840706587
1451265431664,2,-0.059829000383615494,-0.040293000638484955,0.004883999936282635
1451265431685,2,-0.03296700119972229,0.003662999952211976,0.008546999655663967
1451265431707,2,0.0,0.025640999898314476,0.0
1451265431725,2,0.03174600005149841,0.04761900007724762,-0.0024419999681413174
1451265431745,2,0.013430999591946602,0.04273499920964241,-0.010989000089466572
1451265431765,2,-0.01831500045955181,-0.0012209999840706587,-0.015873000025749207
1451265431785,2,-0.040293000638484955,-0.02319899946451187,-0.012210000306367874
1451265431806,2,-0.03663000091910362,-0.017093999311327934,-0.01953599974513054
1451265431826,2,-0.003662999952211976,-0.0024419999681413174,-0.025640999898314476
1451265431865,2,0.03418799862265587,0.01831500045955181,-0.01831500045955181
1451265431870,2,0.03296700119972229,0.00976799987256527,-0.02442000061273575
1451265431886,2,0.014651999808847904,0.010989000089466572,-0.02930399961769581
1451265431906,2,-0.008546999655663967,0.013430999591946602,-0.02930399961769581
1451265431926,2,-0.01953599974513054,0.02319899946451187,-0.02930399961769581
1451265431949,2,-0.01831500045955181,0.035408999770879745,-0.015873000025749207
1451265431966,2,-0.007325999904423952,0.020756999030709267,-0.014651999808847904
1451265431987,2,0.003662999952211976,0.010989000089466572,-0.02319899946451187
1451265432015,2,0.017093999311327934,0.03174600005149841,-0.03663000091910362
1451265432028,2,0.021978000178933144,0.04151399806141853,-0.035408999770879745
1451265432047,2,-0.006105000153183937,0.03907199949026108,-0.01953599974513054
1451265432069,2,-0.03296700119972229,0.004883999936282635,-0.014651999808847904
1451265432087,2,-0.050060998648405075,-0.015873000025749207,-0.01953599974513054
1451265432110,2,-0.04151399806141853,-0.013430999591946602,-0.02442000061273575
1451265432128,2,-0.00976799987256527,-0.003662999952211976,-0.015873000025749207
1451265432147,2,0.02319899946451187,0.004883999936282635,0.003662999952211976
1451265432168,2,0.03663000091910362,0.013430999591946602,0.0012209999840706587
1451265432198,2,0.01831500045955181,-0.0012209999840706587,-0.010989000089466572
1451265432208,2,0.0024419999681413174,-0.026861999183893204,-0.010989000089466572
1451265432228,2,-0.006105000153183937,-0.0378509983420372,-0.007325999904423952
1451265432250,2,0.015873000025749207,-0.02930399961769581,-0.008546999655663967
1451265432274,2,0.026861999183893204,0.0024419999681413174,-0.017093999311327934
1451265432289,2,0.014651999808847904,0.007325999904423952,-0.010989000089466572
1451265432310,2,-0.012210000306367874,0.0,-0.003662999952211976
1451265432329,2,-0.01953599974513054,-0.008546999655663967,0.006105000153183937
1451265432349,2,-0.007325999904423952,0.012210000306367874,0.013430999591946602
1451265432373,2,0.03418799862265587,0.01831500045955181,-0.0024419999681413174
1451265432388,2,0.0012209999840706587,0.0012209999840706587,-0.02442000061273575
1451265432408,2,-0.025640999898314476,-0.015873000025749207,-0.01831500045955181
1451265432429,2,-0.03174600005149841,-0.01953599974513054,-0.006105000153183937
1451265432449,2,-0.010989000089466572,-0.007325999904423952,0.012210000306367874
1451265432475,2,0.017093999311327934,0.012210000306367874,-0.021978000178933144
1451265432489,2,0.013430999591946602,0.004883999936282635,-0.02442000061273575
1451265432509,2,0.0,0.003662999952211976,-0.00976799987256527
1451265432529,2,0.007325999904423952,0.004883999936282635,0.00976799987256527
1451265432551,2,0.008546999655663967,0.003662999952211976,0.021978000178933144
1451265432570,2,0.004883999936282635,0.010989000089466572,0.006105000153183937
1451265432590,2,-0.008546999655663967,0.012210000306367874,-0.012210000306367874
1451265432610,2,-0.020756999030709267,0.013430999591946602,-0.010989000089466572
1451265432630,2,-0.025640999898314476,-0.0012209999840706587,-0.00976799987256527
1451265432650,2,-0.013430999591946602,-0.014651999808847904,-0.012210000306367874
1451265432671,2,-0.006105000153183937,-0.0012209999840706587,-0.01831500045955181
1451265432691,2,-0.0012209999840706587,0.0024419999681413174,-0.02442000061273575
1451265432711,2,-0.026861999183893204,-0.02319899946451187,-0.00976799987256527
1451265432732,2,-0.05250300094485283,-0.03663000091910362,-0.004883999936282635
1451265432757,2,-0.06715499609708786,-0.050060998648405075,0.0024419999681413174
1451265432776,2,-0.04761900007724762,-0.026861999183893204,-0.0012209999840706587
1451265432792,2,0.02930399961769581,0.02808300033211708,-0.03174600005149841
1451265432811,2,0.03663000091910362,0.026861999183893204,-0.026861999183893204
1451265432832,2,0.014651999808847904,0.0024419999681413174,-0.0012209999840706587
1451265432853,2,-0.025640999898314476,-0.015873000025749207,0.015873000025749207
1451265432872,2,-0.04639799892902374,-0.02808300033211708,0.015873000025749207
1451265432892,2,-0.020756999030709267,-0.01831500045955181,0.00976799987256527
1451265432915,2,0.02930399961769581,0.02319899946451187,-0.004883999936282635
1451265432932,2,0.0378509983420372,0.025640999898314476,-0.008546999655663967
1451265432957,2,0.020756999030709267,0.017093999311327934,-0.0012209999840706587
1451265432974,2,-0.017093999311327934,0.006105000153183937,-0.008546999655663967
1451265432994,2,-0.03663000091910362,-0.003662999952211976,-0.007325999904423952
1451265433013,2,-0.003662999952211976,-0.013430999591946602,0.012210000306367874
1451265433033,2,0.007325999904423952,0.003662999952211976,-0.007325999904423952
1451265433053,2,0.008546999655663967,0.020756999030709267,-0.008546999655663967
1451265433074,2,0.006105000153183937,0.010989000089466572,0.0024419999681413174
1451265433093,2,-0.006105000153183937,0.004883999936282635,0.006105000153183937
1451265433114,2,0.003662999952211976,-0.004883999936282635,0.0024419999681413174
1451265433133,2,0.017093999311327934,0.0024419999681413174,0.010989000089466572
1451265433154,2,0.03418799862265587,0.01831500045955181,0.021978000178933144
1451265433173,2,0.03418799862265587,0.017093999311327934,0.006105000153183937
1451265433194,2,0.017093999311327934,0.0,-0.00976799987256527
1451265433214,2,-0.008546999655663967,-0.021978000178933144,-0.01831500045955181
1451265433239,2,-0.03418799862265587,-0.02442000061273575,-0.007325999904423952
1451265433254,2,-0.03296700119972229,-0.006105000153183937,-0.0012209999840706587
1451265433274,2,0.0,0.008546999655663967,-0.003662999952211976
1451265433296,2,0.02930399961769581,0.012210000306367874,-0.008546999655663967
1451265433315,2,0.03418799862265587,0.017093999311327934,-0.00976799987256527
1451265433335,2,-0.014651999808847904,-0.003662999952211976,0.0024419999681413174
1451265433356,2,-0.030524998903274536,-0.02930399961769581,0.00976799987256527
1451265433375,2,-0.02442000061273575,-0.026861999183893204,0.0024419999681413174
1451265433402,2,0.006105000153183937,0.0,-0.0024419999681413174
1451265433415,2,0.01831500045955181,0.020756999030709267,-0.003662999952211976
1451265433442,2,0.0012209999840706587,-0.004883999936282635,0.010989000089466572
1451265433456,2,-0.006105000153183937,0.004883999936282635,-0.007325999904423952
1451265433477,2,0.010989000089466572,-0.003662999952211976,-0.013430999591946602
1451265433495,2,0.01831500045955181,-0.0012209999840706587,-0.015873000025749207
1451265433515,2,0.014651999808847904,-0.014651999808847904,-0.01953599974513054
1451265433536,2,0.004883999936282635,-0.007325999904423952,-0.015873000025749207
1451265433556,2,-0.017093999311327934,0.006105000153183937,-0.015873000025749207
1451265433580,2,-0.013430999591946602,-0.006105000153183937,-0.014651999808847904
