1451267623629,1,0.22344300150871277,0.21855899691581726,0.03907199949026108
1451267623649,1,0.22466400265693665,0.10988999903202057,0.02930399961769581
1451267623669,1,0.1135529950261116,0.18681299686431885,0.06715499609708786
1451267623688,1,0.10378500074148178,0.19291800260543823,0.1452990025281906
1451267623709,1,0.1562879979610443,0.1575089991092682,0.19658099114894867
1451267623730,1,0.1623930037021637,-0.2869350016117096,0.17216099798679352
1451267623755,1,0.07936500012874603,-0.390720009803772,0.16971899569034576
1451267623769,1,0.00976799987256527,-0.3638579845428467,0.19047600030899048
1451267623790,1,-0.03418799862265587,-0.2649570107460022,0.21977999806404114
1451267623810,1,-0.07081799954175949,-0.19291800260543823,0.2441999912261963
1451267623830,1,-0.0757019966840744,-0.09890099614858627,0.2661779820919037
1451267623850,1,-0.06715499609708786,-0.07448099553585052,0.2905980050563812
1451267623870,1,-0.01953599974513054,-0.035408999770879745,0.30158698558807373
1451267623895,1,0.02442000061273575,-0.0378509983420372,0.29426100850105286
1451267623911,1,0.035408999770879745,-0.03296700119972229,0.24786299467086792
1451267623931,1,0.0012209999840706587,0.0866909995675087,0.1941390037536621
1451267623950,1,0.008546999655663967,0.0866909995675087,0.195360004901886
1451267623970,1,0.006105000153183937,0.05738699808716774,0.19291800260543823
1451267623990,1,-0.010989000089466572,0.07936500012874603,0.20879100263118744
1451267624010,1,-0.035408999770879745,0.06593400239944458,0.21977999806404114
1451267624031,1,-0.06593400239944458,-0.059829000383615494,0.18559199571609497
1451267624051,1,-0.11477399617433548,-0.08180700242519379,0.17216099798679352
1451267624071,1,-0.16971899569034576,-0.06593400239944458,0.16483499109745026
1451267624091,1,-0.19902299344539642,-0.10012199729681015,0.167276993393898
1451267624110,1,-0.2649570107460022,-0.16361400485038757,0.15384599566459656
1451267624139,1,-0.33211198449134827,-0.18070799112319946,0.13064700365066528
1451267624151,1,0.050060998648405075,0.02319899946451187,0.24175800383090973
1451267624171,1,0.09645900130271912,-0.1245419979095459,0.05860799923539162
1451267624192,1,0.010989000089466572,0.030524998903274536,-1.2527459859848022
1451267624212,1,0.5702069997787476,1.2612929344177246,-1.1770440340042114
1451267624231,1,1.0317449569702148,0.6703289747238159,-0.7252739667892456
1451267624251,1,-0.17460300028324127,-0.1941390037536621,0.8095229864120483
1451267624272,1,-0.3247860074043274,-0.555554986000061,0.7680090069770813
1451267624292,1,-0.5091570019721985,-0.6385830044746399,0.10378500074148178
1451267624312,1,-0.6166049838066101,-0.18559199571609497,-0.5445659756660461
1451267624332,1,-0.45054900646209717,0.35531100630760193,-0.6532350182533264
1451267624352,1,0.05616600066423416,0.9218549728393555,0.14163599908351898
1451267624376,1,0.03907199949026108,0.8009759783744812,0.34798499941825867
1451267624393,1,-0.07448099553585052,0.4664219915866852,0.2637360095977783
1451267624414,1,-0.09035399556159973,0.12698400020599365,0.10866899788379669
1451267624433,1,-0.004883999936282635,-0.05250300094485283,0.06593400239944458
1451267624452,1,0.14285700023174286,-0.07203900068998337,0.10622699558734894
1451267624473,1,0.22466400265693665,0.07936500012874603,0.19291800260543823
1451267624494,1,0.15995100140571594,0.18314999341964722,0.1733819991350174
1451267624514,1,0.1135529950261116,0.25641000270843506,0.17948700487613678
1451267624534,1,0.09157499670982361,0.1452990025281906,0.16971899569034576
1451267624553,1,0.08180700242519379,-0.00976799987256527,0.08546999841928482
1451267624575,1,0.07448099553585052,-0.008546999655663967,0.04639799892902374
1451267624594,1,0.06349200010299683,0.04151399806141853,0.07326000183820724
1451267624615,1,0.0647130012512207,0.11111100018024445,0.045176997780799866
1451267624641,1,0.09157499670982361,0.10744799673557281,-0.006105000153183937
1451267624658,1,0.11843699961900711,0.04151399806141853,-0.08546999841928482
1451267624674,1,0.05250300094485283,-0.03296700119972229,-0.16117200255393982
1451267624695,1,0.026861999183893204,0.0012209999840706587,-0.1245419979095459
1451267624715,1,0.04395600035786629,0.03907199949026108,-0.06959699839353561
1451267624734,1,0.0757019966840744,0.07692299783229828,-0.040293000638484955
1451267624754,1,0.08913300186395645,0.15018299221992493,-0.05128199979662895
1451267624780,1,0.0488400012254715,0.18803399801254272,-0.06715499609708786
1451267624796,1,-0.08058600127696991,0.09523800015449524,-0.0378509983420372
1451267624820,1,-0.11965800076723099,0.026861999183893204,-0.01953599974513054
1451267624835,1,-0.10744799673557281,0.02930399961769581,-0.003662999952211976
1451267624855,1,-0.06593400239944458,0.11721599847078323,0.01831500045955181
1451267624876,1,-0.03296700119972229,0.1562879979610443,0.04395600035786629
1451267624896,1,-0.06227099895477295,-0.02442000061273575,0.04761900007724762
1451267624922,1,-0.054944999516010284,-0.08180700242519379,0.05738699808716774
1451267624936,1,0.004883999936282635,-0.10012199729681015,0.03174600005149841
1451267624961,1,0.08180700242519379,-0.08546999841928482,-0.025640999898314476
1451267624976,1,0.14285700023174286,-0.07448099553585052,-0.05128199979662895
1451267624996,1,0.11233200132846832,-0.03296700119972229,0.020756999030709267
1451267625017,1,0.06837599724531174,-0.035408999770879745,0.04273499920964241
1451267625041,1,0.0378509983420372,-0.03174600005149841,0.021978000178933144
1451267625057,1,0.013430999591946602,-0.015873000025749207,0.004883999936282635
1451267625077,1,-0.00976799987256527,0.020756999030709267,-0.008546999655663967
1451267625097,1,-0.0378509983420372,0.04151399806141853,-0.021978000178933144
1451267625118,1,-0.059829000383615494,0.03296700119972229,0.026861999183893204
1451267625136,1,-0.0757019966840744,0.012210000306367874,0.040293000638484955
1451267625157,1,-0.09035399556159973,0.015873000025749207,0.020756999030709267
1451267625176,1,-0.08058600127696991,0.015873000025749207,-0.013430999591946602
1451267625196,1,-0.050060998648405075,0.0012209999840706587,-0.0378509983420372
1451267625219,1,-0.02442000061273575,-0.03174600005149841,-0.008546999655663967
1451267625238,1,0.003662999952211976,-0.045176997780799866,-0.01831500045955181
1451267625257,1,0.017093999311327934,-0.05616600066423416,-0.04273499920964241
1451267625277,1,0.0024419999681413174,-0.054944999516010284,-0.04639799892902374
1451267625305,1,-0.0378509983420372,-0.0378509983420372,-0.020756999030709267
1451267625317,1,-0.054944999516010284,-0.012210000306367874,0.012210000306367874
1451267625338,1,-0.05250300094485283,-0.008546999655663967,-0.003662999952211976
1451267625362,1,-0.04761900007724762,-0.01831500045955181,-0.013430999591946602
1451267625379,1,-0.05616600066423416,-0.025640999898314476,-0.007325999904423952
1451267625399,1,-0.07203900068998337,-0.01831500045955181,0.01831500045955181
1451267625418,1,-0.07692299783229828,-0.006105000153183937,0.02930399961769581
1451267625439,1,-0.03296700119972229,0.0012209999840706587,-0.015873000025749207
1451267625459,1,-0.02442000061273575,-0.015873000025749207,-0.030524998903274536
1451267625480,1,-0.05250300094485283,-0.050060998648405075,-0.020756999030709267
1451267625500,2,-0.10500600188970566,-0.08302799612283707,0.0
1451267625519,2,-0.14285700023174286,-0.1355309933423996,0.026861999183893204
1451267625539,2,-0.15384599566459656,-0.12698400020599365,0.015873000025749207
1451267625561,2,-0.11965800076723099,-0.09157499670982361,-0.015873000025749207
1451267625580,2,-0.09035399556159973,-0.06715499609708786,-0.040293000638484955
1451267625600,2,-0.06349200010299683,-0.030524998903274536,-0.025640999898314476
1451267625619,2,-0.054944999516010284,0.00976799987256527,-0.010989000089466572
1451267625640,2,-0.050060998648405075,-0.0012209999840706587,-0.0024419999681413174
1451267625660,2,-0.04639799892902374,-0.035408999770879745,-0.020756999030709267
1451267625680,2,-0.050060998648405075,-0.06715499609708786,-0.013430999591946602
1451267625702,2,-0.035408999770879745,-0.07814399898052216,0.0
1451267625719,2,-0.035408999770879745,-0.07203900068998337,0.008546999655663967
1451267625741,2,-0.04273499920964241,-0.07692299783229828,0.0
1451267625761,2,-0.07448099553585052,-0.06227099895477295,0.03296700119972229
1451267625780,2,-0.09523800015449524,-0.05128199979662895,0.03663000091910362
1451267625802,2,-0.13919399678707123,-0.06593400239944458,0.030524998903274536
1451267625820,2,-0.2002439945936203,-0.13308899104595184,0.045176997780799866
1451267625841,2,-0.2503049969673157,-0.195360004901886,0.03907199949026108
1451267625861,2,-0.24786299467086792,-0.07814399898052216,0.035408999770879745
1451267625881,2,-0.24175800383090973,-0.020756999030709267,0.07203900068998337
1451267625901,2,-0.2747249901294708,-0.09279599785804749,0.097680002450943
1451267625921,2,-0.2869350016117096,-0.2503049969673157,0.13430999219417572
1451267625942,2,-0.27960899472236633,-0.24786299467086792,0.2051279991865158
1451267625962,2,-0.004883999936282635,0.24664199352264404,0.13064700365066528
1451267625982,2,0.15018299221992493,0.4554329812526703,0.026861999183893204
1451267626003,2,0.19169700145721436,0.4493280053138733,-0.10866899788379669
1451267626021,2,0.08424899727106094,0.211232990026474,-0.20268599689006805
1451267626042,2,-0.04639799892902374,-0.11843699961900711,-0.2503049969673157
1451267626063,2,-0.11965800076723099,-0.4932839870452881,-0.2820509970188141
1451267626084,2,-0.1135529950261116,-0.7643460035324097,-0.3199020028114319
1451267626102,2,-0.045176997780799866,-0.5775330066680908,-0.2539680004119873
1451267626122,2,0.07081799954175949,-0.1575089991092682,-0.17216099798679352
1451267626142,2,0.23076899349689484,0.3626369833946228,-0.050060998648405075
1451267626170,2,0.3675209879875183,0.7985339760780334,0.1355309933423996
1451267626185,2,0.3308909833431244,0.6568979620933533,0.23565299808979034
1451267626202,2,0.15506699681282043,-0.008546999655663967,0.10500600188970566
1451267626227,2,-0.07326000183820724,-0.7032960057258606,-0.05372399836778641
1451267626242,2,-0.23443199694156647,-1.0988999605178833,-0.15506699681282043
1451267626263,2,-0.19902299344539642,-0.9023190140724182,-0.15018299221992493
1451267626285,2,0.2539680004119873,0.08302799612283707,-0.14407800137996674
1451267626303,2,0.32600700855255127,0.40781399607658386,-0.1843709945678711
1451267626324,2,0.21367499232292175,0.4920629858970642,-0.12698400020599365
1451267626344,2,0.06715499609708786,0.3150179982185364,-0.03296700119972229
1451267626369,2,-0.03663000091910362,0.06349200010299683,0.010989000089466572
1451267626383,2,-0.09035399556159973,-0.19902299344539642,-0.010989000089466572
1451267626410,2,-0.02930399961769581,-0.3040289878845215,-0.13308899104595184
1451267626424,2,0.1465200036764145,-0.12209999561309814,-0.2588520050048828
1451267626443,2,0.31746000051498413,0.11599499732255936,-0.33943799138069153
1451267626464,2,0.35531100630760193,0.2527469992637634,-0.30158698558807373
1451267626485,2,0.27350398898124695,0.2380950003862381,-0.21855899691581726
1451267626504,2,0.1404149979352951,0.09157499670982361,-0.12332099676132202
1451267626525,2,0.13064700365066528,0.08180700242519379,-0.09157499670982361
1451267626544,2,0.11843699961900711,0.12698400020599365,-0.05128199979662895
1451267626564,2,0.11477399617433548,0.19291800260543823,-0.01953599974513054
1451267626584,2,0.13308899104595184,0.25152599811553955,-0.03296700119972229
1451267626604,2,0.13675199449062347,0.21977999806404114,-0.06837599724531174
1451267626624,2,0.08058600127696991,0.1941390037536621,-0.05738699808716774
1451267626645,2,0.05372399836778641,0.195360004901886,-0.07692299783229828
1451267626665,2,0.07814399898052216,0.21855899691581726,-0.11965800076723099
1451267626685,2,0.13797299563884735,0.23687399923801422,-0.19780199229717255
1451267626705,2,0.1684979945421219,0.2429789900779724,-0.2869350016117096
1451267626725,2,-0.1025639995932579,2.028080940246582,0.6886439919471741
1451267626745,2,0.035408999770879745,-1.0244189500808716,1.0598280429840088
1451267626767,2,-0.2002439945936203,-1.0122089385986328,0.2588520050048828
1451267626786,2,-0.15506699681282043,-0.6605609655380249,-0.2869350016117096
1451267626806,2,0.013430999591946602,-0.059829000383615494,-0.5921850204467773
1451267626830,2,-0.003662999952211976,0.6556770205497742,-0.2759459912776947
1451267626846,2,-0.03296700119972229,0.36629998683929443,0.07814399898052216
1451267626868,2,-0.06227099895477295,-0.09035399556159973,0.2649570107460022
1451267626886,2,-0.08058600127696991,-0.32844898104667664,0.18314999341964722
1451267626908,2,-0.07936500012874603,-0.27350398898124695,0.02808300033211708
1451267626928,2,-0.06593400239944458,0.11477399617433548,-0.015873000025749207
1451267626946,2,-0.11477399617433548,0.1404149979352951,0.06715499609708786
1451267626967,2,-0.18803399801254272,0.054944999516010284,0.1355309933423996
1451267626987,2,-0.24542099237442017,-0.07326000183820724,0.167276993393898
1451267627007,2,-0.2429789900779724,-0.14285700023174286,0.13064700365066528
1451267627028,2,-0.1623930037021637,-0.097680002450943,-0.03174600005149841
1451267627048,2,0.05738699808716774,0.10744799673557281,-0.04273499920964241
1451267627069,2,0.0647130012512207,0.1135529950261116,0.013430999591946602
1451267627088,2,0.010989000089466572,0.021978000178933144,0.07936500012874603
1451267627109,2,-0.0488400012254715,-0.06837599724531174,0.11233200132846832
1451267627129,2,-0.08058600127696991,-0.1355309933423996,0.11477399617433548
1451267627149,2,-0.11233200132846832,-0.0866909995675087,0.054944999516010284
1451267627170,2,-0.12209999561309814,0.035408999770879745,0.0024419999681413174
1451267627188,2,-0.14896199107170105,0.11965800076723099,-0.04151399806141853
1451267627208,2,-0.1684979945421219,0.07814399898052216,-0.0012209999840706587
1451267627229,2,-0.1514039933681488,0.06593400239944458,0.09035399556159973
1451267627249,2,-0.03418799862265587,0.08791200071573257,0.16117200255393982
1451267627268,2,-0.12087900191545486,0.09279599785804749,0.18559199571609497
1451267627293,2,-0.2600730061531067,0.03296700119972229,0.1892549991607666
1451267627310,2,-0.308912992477417,-0.11477399617433548,0.1245419979095459
1451267627330,2,-0.20390699803829193,-0.1355309933423996,0.045176997780799866
1451267627350,2,-0.05250300094485283,-0.05250300094485283,-0.040293000638484955
1451267627369,2,0.08302799612283707,0.006105000153183937,-0.05250300094485283
1451267627390,2,0.0647130012512207,0.02930399961769581,-0.025640999898314476
1451267627410,2,0.02442000061273575,0.025640999898314476,0.00976799987256527
1451267627429,2,-0.007325999904423952,-0.11721599847078323,0.045176997780799866
1451267627449,2,-0.059829000383615494,-0.2319899946451187,0.06959699839353561
1451267627469,2,-0.05860799923539162,-0.23687399923801422,0.03296700119972229
1451267627490,2,0.0,-0.1892549991607666,-0.015873000025749207
1451267627511,1,0.050060998648405075,-0.14896199107170105,-0.05616600066423416
1451267627531,1,0.05738699808716774,-0.1514039933681488,-0.07692299783229828
1451267627551,1,0.026861999183893204,-0.1892549991607666,-0.09645900130271912
1451267627578,1,-0.0378509983420372,-0.2503049969673157,-0.07692299783229828
1451267627592,1,-0.02930399961769581,-0.20757000148296356,-0.05738699808716774
1451267627612,1,0.013430999591946602,-0.15995100140571594,-0.06227099895477295
1451267627632,1,0.03174600005149841,-0.11721599847078323,-0.07081799954175949
1451267627652,1,0.03296700119972229,-0.06593400239944458,-0.08302799612283707
1451267627671,1,0.03907199949026108,0.006105000153183937,-0.017093999311327934
1451267627692,1,0.003662999952211976,0.003662999952211976,-0.02319899946451187
1451267627712,1,-0.03296700119972229,0.06593400239944458,-0.06104999780654907
1451267627732,1,-0.03663000091910362,0.27838799357414246,-0.03663000091910362
1451267627752,1,0.05372399836778641,0.39682498574256897,-0.02442000061273575
1451267627771,1,0.059829000383615494,0.1562879979610443,-0.03296700119972229
1451267627793,1,-0.04273499920964241,0.10988999903202057,0.08424899727106094
1451267627813,1,-0.03296700119972229,0.05128199979662895,0.07814399898052216
1451267627833,1,-0.05372399836778641,0.02808300033211708,0.05250300094485283
1451267627857,1,-0.07448099553585052,0.008546999655663967,0.06227099895477295
1451267627872,1,-0.11111100018024445,-0.007325999904423952,0.07936500012874603
1451267627893,1,-0.08302799612283707,0.008546999655663967,0.06837599724531174
1451267627913,1,-0.020756999030709267,0.021978000178933144,0.06349200010299683
1451267627934,1,0.01831500045955181,0.035408999770879745,0.05372399836778641
1451267627957,1,0.03418799862265587,0.03418799862265587,0.03174600005149841
1451267627973,1,0.03418799862265587,0.03174600005149841,0.012210000306367874
1451267627993,1,0.01953599974513054,0.0378509983420372,0.010989000089466572
1451267628014,1,0.017093999311327934,0.015873000025749207,0.03174600005149841
1451267628038,1,0.012210000306367874,-0.01953599974513054,0.035408999770879745
1451267628053,1,0.01831500045955181,-0.03907199949026108,0.021978000178933144
1451267628077,1,0.035408999770879745,-0.020756999030709267,0.004883999936282635
1451267628098,1,0.04273499920964241,-0.0012209999840706587,-0.006105000153183937
1451267628115,1,0.02808300033211708,0.010989000089466572,-0.030524998903274536
1451267628135,1,0.03418799862265587,0.013430999591946602,-0.03296700119972229
1451267628153,1,0.05128199979662895,0.025640999898314476,-0.02930399961769581
1451267628174,1,0.05860799923539162,0.015873000025749207,-0.020756999030709267
1451267628195,1,0.035408999770879745,-0.030524998903274536,-0.0012209999840706587
1451267628214,1,0.026861999183893204,0.040293000638484955,0.00976799987256527
1451267628235,1,0.10012199729681015,0.1514039933681488,0.00976799987256527
1451267628254,1,0.20268599689006805,0.2429789900779724,-0.017093999311327934
1451267628279,1,0.21733799576759338,0.18681299686431885,-0.02442000061273575
1451267628295,1,0.10744799673557281,0.06104999780654907,0.017093999311327934
1451267628314,1,-0.20146499574184418,-0.27838799357414246,0.11843699961900711
1451267628335,1,-0.25641000270843506,-0.318681001663208,0.16117200255393982
1451267628354,1,-0.27228298783302307,-0.36629998683929443,0.2161169946193695
1451267628376,1,-0.3076919913291931,-0.3614159822463989,0.2490839958190918
1451267628395,1,-0.3308909833431244,-0.29426100850105286,0.2539680004119873
1451267628416,1,-0.2869350016117096,-0.21367499232292175,0.25763100385665894
1451267628436,1,-0.2380950003862381,-0.2441999912261963,0.2771669924259186
1451267628456,1,-0.2637360095977783,-0.3455429971218109,0.2637360095977783
1451267628477,1,-0.293040007352829,-0.3528690040111542,0.2380950003862381
1451267628497,1,-0.24542099237442017,-0.2918190062046051,0.2222220003604889
1451267628517,1,-0.1575089991092682,-0.26739898324012756,0.2527469992637634
1451267628537,1,0.0488400012254715,-0.5885220170021057,0.27350398898124695
1451267628557,1,-0.18070799112319946,-0.8522579669952393,-0.334553986787796
1451267628577,1,0.07692299783229828,0.20757000148296356,-0.6202679872512817
1451267628597,1,0.608057975769043,0.34310099482536316,-0.6141629815101624
1451267628617,1,0.6166049838066101,0.21489599347114563,-0.3943829834461212
1451267628637,1,0.17216099798679352,-0.015873000025749207,0.4713059961795807
1451267628657,1,0.04395600035786629,-0.10988999903202057,0.2490839958190918
1451267628677,1,-0.1245419979095459,-0.04151399806141853,-0.12332099676132202
1451267628697,1,-0.21245399117469788,0.05372399836778641,-0.2490839958190918
1451267628717,1,-0.21001200377941132,0.1623930037021637,-0.18559199571609497
1451267628737,1,-0.13186800479888916,0.2905980050563812,-0.013430999591946602
1451267628757,1,-0.07203900068998337,0.18314999341964722,0.29426100850105286
1451267628777,1,-0.10988999903202057,0.06715499609708786,0.24053700268268585
1451267628797,1,-0.09645900130271912,-0.0488400012254715,0.11721599847078323
1451267628817,1,-0.0488400012254715,-0.09523800015449524,0.01831500045955181
1451267628838,1,0.00976799987256527,-0.07814399898052216,-0.00976799987256527
1451267628858,1,0.07692299783229828,0.035408999770879745,0.0012209999840706587
1451267628879,1,0.10378500074148178,0.07692299783229828,0.03296700119972229
1451267628899,1,0.0866909995675087,0.07203900068998337,0.02808300033211708
1451267628919,1,0.06349200010299683,0.06593400239944458,-0.015873000025749207
1451267628942,1,0.05372399836778641,0.06593400239944458,-0.05250300094485283
1451267628959,1,0.09279599785804749,0.08424899727106094,-0.05128199979662895
1451267628979,1,0.1025639995932579,0.07203900068998337,-0.040293000638484955
1451267629000,1,0.07936500012874603,0.05738699808716774,-0.02930399961769581
1451267629024,1,0.06715499609708786,0.03174600005149841,-0.02442000061273575
1451267629039,1,0.040293000638484955,0.008546999655663967,-0.01953599974513054
1451267629060,1,0.021978000178933144,0.026861999183893204,-0.04639799892902374
1451267629080,1,0.06837599724531174,0.10378500074148178,-0.08180700242519379
1451267629100,1,0.09523800015449524,0.13064700365066528,-0.08180700242519379
1451267629119,1,0.11965800076723099,0.11111100018024445,-0.06104999780654907
1451267629145,1,0.11111100018024445,0.09157499670982361,-0.05616600066423416
1451267629159,1,0.09035399556159973,0.1025639995932579,-0.06593400239944458
1451267629180,1,0.07081799954175949,0.07326000183820724,-0.06837599724531174
1451267629209,1,0.06715499609708786,0.05250300094485283,-0.0647130012512207
1451267629225,1,0.054944999516010284,0.03296700119972229,-0.05372399836778641
1451267629239,1,0.040293000638484955,0.04151399806141853,-0.04761900007724762
1451267629260,1,0.045176997780799866,0.0757019966840744,-0.04761900007724762
1451267629281,1,0.07692299783229828,0.10622699558734894,-0.014651999808847904
1451267629301,1,0.0647130012512207,0.09279599785804749,-0.010989000089466572
1451267629325,1,0.054944999516010284,0.08180700242519379,-0.01953599974513054
1451267629342,1,0.03296700119972229,0.05128199979662895,-0.017093999311327934
1451267629362,1,0.006105000153183937,0.021978000178933144,-0.006105000153183937
1451267629382,1,0.0024419999681413174,0.015873000025749207,0.0024419999681413174
1451267629402,1,0.054944999516010284,0.0488400012254715,-0.015873000025749207
1451267629422,1,0.04273499920964241,0.045176997780799866,-0.012210000306367874
1451267629442,1,0.02808300033211708,0.03174600005149841,-0.00976799987256527
1451267629462,1,-0.0012209999840706587,0.004883999936282635,-0.0012209999840706587
1451267629482,1,-0.04273499920964241,-0.02319899946451187,0.013430999591946602
1451267629502,1,-0.04273499920964241,-0.0012209999840706587,0.006105000153183937
1451267629524,2,-0.010989000089466572,0.04273499920964241,-0.007325999904423952
1451267629542,2,0.014651999808847904,0.0757019966840744,-0.026861999183893204
1451267629562,2,0.013430999591946602,0.07203900068998337,-0.03174600005149841
1451267629583,2,-0.0024419999681413174,0.04639799892902374,-0.02442000061273575
1451267629602,2,-0.03296700119972229,-0.013430999591946602,0.008546999655663967
1451267629623,2,-0.035408999770879745,-0.02319899946451187,0.013430999591946602
1451267629643,2,-0.050060998648405075,-0.03907199949026108,0.020756999030709267
1451267629663,2,-0.06837599724531174,-0.01953599974513054,0.015873000025749207
1451267629684,2,-0.06227099895477295,0.0024419999681413174,0.0024419999681413174
1451267629702,2,-0.04151399806141853,0.008546999655663967,0.010989000089466572
1451267629755,2,-0.02808300033211708,-0.003662999952211976,0.03418799862265587
1451267629781,2,0.00976799987256527,0.03663000091910362,0.013430999591946602
1451267629797,2,0.04395600035786629,0.05738699808716774,0.008546999655663967
1451267629816,2,0.03418799862265587,0.03418799862265587,0.014651999808847904
1451267629836,2,-0.03296700119972229,-0.00976799987256527,0.01831500045955181
1451267629856,2,-0.035408999770879745,-0.030524998903274536,0.02930399961769581
1451267629876,2,-0.026861999183893204,-0.045176997780799866,0.02442000061273575
1451267629896,2,-0.021978000178933144,-0.02808300033211708,0.015873000025749207
1451267629917,2,-0.017093999311327934,-0.008546999655663967,0.0
1451267629936,2,-0.025640999898314476,-0.003662999952211976,-0.003662999952211976
1451267629956,2,-0.08546999841928482,-0.05616600066423416,0.03174600005149841
1451267629977,2,-0.10866899788379669,-0.08546999841928482,0.030524998903274536
1451267629997,2,-0.1355309933423996,-0.11477399617433548,0.020756999030709267
1451267630017,2,-0.18314999341964722,-0.11721599847078323,0.03418799862265587
1451267630037,2,-0.21245399117469788,-0.09523800015449524,0.05128199979662895
1451267630057,2,-0.17948700487613678,-0.07081799954175949,0.07936500012874603
1451267630077,2,-0.14407800137996674,-0.02319899946451187,0.06837599724531174
1451267630103,2,-0.09645900130271912,0.05250300094485283,0.054944999516010284
1451267630120,2,-0.05738699808716774,0.13430999219417572,0.04761900007724762
1451267630141,2,-0.03418799862265587,0.24053700268268585,0.04761900007724762
1451267630161,2,0.04395600035786629,0.3785099983215332,0.05616600066423416
1451267630181,2,0.09279599785804749,0.3406589925289154,0.0378509983420372
1451267630201,2,0.09401699900627136,0.2161169946193695,-0.03296700119972229
1451267630221,2,0.05250300094485283,0.09523800015449524,-0.10134299844503403
1451267630241,2,0.0012209999840706587,0.04151399806141853,-0.12087900191545486
1451267630261,2,-0.05128199979662895,0.030524998903274536,-0.1025639995932579
1451267630281,2,-0.0647130012512207,0.014651999808847904,-0.10744799673557281
1451267630302,2,-0.03174600005149841,-0.013430999591946602,-0.15873000025749207
1451267630320,2,0.03296700119972229,-0.010989000089466572,-0.211232990026474
1451267630348,2,0.10012199729681015,-0.014651999808847904,-0.2332109957933426
1451267630361,2,0.1355309933423996,0.006105000153183937,-0.21855899691581726
1451267630382,2,0.17216099798679352,0.10012199729681015,-0.15506699681282043
1451267630403,2,0.19291800260543823,0.15995100140571594,-0.1465200036764145
1451267630421,2,0.21367499232292175,0.18803399801254272,-0.1575089991092682
1451267630441,2,0.21855899691581726,0.14896199107170105,-0.15506699681282043
1451267630462,2,0.21367499232292175,0.08180700242519379,-0.14407800137996674
1451267630482,2,0.10012199729681015,-0.05250300094485283,-0.06837599724531174
1451267630503,2,0.007325999904423952,-0.12209999561309814,0.0012209999840706587
1451267630522,2,-0.02808300033211708,-0.12576299905776978,0.04151399806141853
1451267630543,2,0.012210000306367874,-0.07692299783229828,0.04151399806141853
1451267630564,2,0.0757019966840744,-0.025640999898314476,0.015873000025749207
1451267630584,2,0.09890099614858627,0.0024419999681413174,0.003662999952211976
1451267630603,2,0.06227099895477295,0.004883999936282635,0.03296700119972229
1451267630623,2,0.06349200010299683,0.013430999591946602,0.03174600005149841
1451267630644,2,0.07692299783229828,0.03663000091910362,0.0024419999681413174
1451267630664,2,0.09523800015449524,0.054944999516010284,-0.030524998903274536
1451267630684,2,0.11721599847078323,0.0757019966840744,-0.06227099895477295
1451267630708,2,0.12209999561309814,0.10866899788379669,-0.08913300186395645
1451267630724,2,0.09645900130271912,0.07936500012874603,-0.09157499670982361
1451267630745,2,0.05616600066423416,0.045176997780799866,-0.11477399617433548
1451267630764,2,0.04273499920964241,0.03418799862265587,-0.16117200255393982
1451267630786,2,0.0647130012512207,0.07081799954175949,-0.22344300150871277
1451267630804,2,-0.40292999148368835,-0.822953999042511,0.9645900130271912
1451267630825,2,-0.35409000515937805,-0.7228319644927979,0.4236869812011719
1451267630845,2,-0.1355309933423996,-0.3687419891357422,-0.06349200010299683
1451267630865,2,0.07203900068998337,0.17582400143146515,-0.40292999148368835
1451267630885,2,0.2002439945936203,0.5836380124092102,-0.4932839870452881
1451267630905,2,0.19902299344539642,0.7399259805679321,-0.23443199694156647
1451267630926,2,0.04761900007724762,0.008546999655663967,0.10866899788379669
1451267630946,2,-0.012210000306367874,-0.23076899349689484,0.025640999898314476
1451267630966,2,0.004883999936282635,-0.26861998438835144,-0.08180700242519379
1451267630987,2,0.02808300033211708,-0.18559199571609497,-0.14285700023174286
1451267631008,2,0.00976799987256527,-0.10622699558734894,-0.12576299905776978
1451267631030,2,-0.09035399556159973,0.010989000089466572,0.01953599974513054
1451267631046,2,-0.09401699900627136,0.050060998648405075,0.06837599724531174
1451267631066,2,-0.06104999780654907,0.05860799923539162,0.06959699839353561
1451267631086,2,-0.02319899946451187,0.03907199949026108,0.0488400012254715
1451267631105,2,-0.010989000089466572,0.0012209999840706587,0.02930399961769581
1451267631130,2,-0.0378509983420372,-0.05738699808716774,0.05128199979662895
1451267631147,2,-0.0488400012254715,-0.050060998648405075,0.06227099895477295
1451267631167,2,-0.02319899946451187,-0.02442000061273575,0.06959699839353561
1451267631187,2,0.015873000025749207,0.003662999952211976,0.06104999780654907
1451267631207,2,0.040293000638484955,0.013430999591946602,0.04395600035786629
1451267631227,2,0.025640999898314476,-0.006105000153183937,0.04151399806141853
1451267631246,2,-0.045176997780799866,-0.03907199949026108,0.05372399836778641
1451267631267,2,-0.05250300094485283,-0.025640999898314476,0.059829000383615494
1451267631287,2,-0.03296700119972229,0.02442000061273575,0.05250300094485283
1451267631306,2,-0.003662999952211976,0.05860799923539162,0.03907199949026108
1451267631328,2,0.008546999655663967,0.0647130012512207,0.026861999183893204
1451267631348,2,-0.00976799987256527,0.03907199949026108,0.003662999952211976
1451267631367,2,-0.04761900007724762,0.03296700119972229,0.0012209999840706587
1451267631387,2,-0.06593400239944458,0.0378509983420372,0.012210000306367874
1451267631408,2,-0.0647130012512207,0.030524998903274536,0.02442000061273575
1451267631428,2,-0.0488400012254715,0.020756999030709267,0.03296700119972229
1451267631448,2,-0.0647130012512207,0.0012209999840706587,0.03174600005149841
1451267631469,2,-0.0757019966840744,-0.01831500045955181,0.025640999898314476
1451267631488,2,-0.05616600066423416,-0.01953599974513054,0.010989000089466572
1451267631509,2,-0.0012209999840706587,-0.0024419999681413174,-0.015873000025749207
1451267631529,2,0.0378509983420372,-0.021978000178933144,-0.026861999183893204
1451267631549,1,0.030524998903274536,-0.045176997780799866,0.003662999952211976
1451267631572,1,-0.06104999780654907,-0.04151399806141853,0.08791200071573257
1451267631588,1,-0.02808300033211708,-0.01953599974513054,0.05250300094485283
1451267631609,1,0.025640999898314476,-0.008546999655663967,-0.01953599974513054
1451267631628,1,0.05250300094485283,-0.015873000025749207,-0.05616600066423416
1451267631648,1,0.01831500045955181,-0.008546999655663967,-0.01831500045955181
1451267631669,1,-0.04639799892902374,0.014651999808847904,0.06593400239944458
1451267631688,1,-0.02319899946451187,0.02319899946451187,0.035408999770879745
1451267631713,1,0.0024419999681413174,0.03174600005149841,0.0024419999681413174
1451267631729,1,-0.003662999952211976,0.020756999030709267,0.0
1451267631750,1,-0.017093999311327934,0.015873000025749207,0.01953599974513054
1451267631770,1,0.04639799892902374,0.0488400012254715,0.012210000306367874
1451267631790,1,0.13064700365066528,0.13186800479888916,-0.04639799892902374
1451267631811,1,0.20757000148296356,0.18070799112319946,-0.06959699839353561
1451267631831,1,0.20268599689006805,0.19780199229717255,-0.05738699808716774
1451267631851,1,0.1452990025281906,0.12820500135421753,-0.014651999808847904
1451267631870,1,0.0866909995675087,0.08302799612283707,0.021978000178933144
1451267631891,1,0.021978000178933144,-0.09523800015449524,0.09035399556159973
1451267631911,1,-0.08302799612283707,-0.2600730061531067,0.1135529950261116
1451267631931,1,-0.20757000148296356,-0.37606799602508545,0.09645900130271912
1451267631953,1,-0.2490839958190918,-0.3406589925289154,0.0757019966840744
1451267631970,1,-0.16605599224567413,-0.19902299344539642,0.09401699900627136
1451267631991,1,-0.08546999841928482,-0.12087900191545486,0.17093999683856964
1451267632011,1,-0.11965800076723099,-0.04761900007724762,0.1684979945421219
1451267632031,1,-0.05738699808716774,0.05372399836778641,0.15262499451637268
1451267632055,1,0.05372399836778641,0.12209999561309814,0.1355309933423996
1451267632071,1,0.09401699900627136,0.059829000383615494,0.09401699900627136
1451267632091,1,0.03907199949026108,-0.02930399961769581,0.08546999841928482
1451267632112,1,0.02930399961769581,-0.06593400239944458,0.10012199729681015
1451267632132,1,0.00976799987256527,-0.10866899788379669,0.11721599847078323
1451267632151,1,-0.014651999808847904,-0.10134299844503403,0.12087900191545486
1451267632171,1,-0.010989000089466572,-0.08058600127696991,0.1135529950261116
1451267632192,1,0.020756999030709267,-0.06104999780654907,0.12576299905776978
1451267632212,1,0.04273499920964241,0.05250300094485283,0.16117200255393982
1451267632232,1,0.040293000638484955,0.07936500012874603,0.18681299686431885
1451267632252,1,0.04761900007724762,0.07081799954175949,0.1892549991607666
1451267632272,1,0.09279599785804749,-0.08302799612283707,0.20879100263118744
1451267632292,1,0.1355309933423996,-0.432233989238739,0.2429789900779724
1451267632317,1,-0.20146499574184418,-1.2417570352554321,-0.21001200377941132
1451267632338,1,-0.054944999516010284,-0.16361400485038757,-1.3553099632263184
1451267632353,1,0.8388270139694214,0.4236869812011719,-1.0927950143814087
1451267632373,1,0.8754569888114929,-0.31013399362564087,-0.8595839738845825
1451267632394,1,0.4017089903354645,-0.689864993095398,-0.1355309933423996
1451267632413,1,-0.2527469992637634,-1.225883960723877,0.7557989954948425
1451267632436,1,-0.45177000761032104,-1.100121021270752,0.2661779820919037
1451267632453,1,-0.4639799892902374,-0.6092789769172668,-0.2539680004119873
1451267632474,1,-0.30036598443984985,-0.02930399961769581,-0.4004879891872406
1451267632494,1,-0.08791200071573257,0.5335769653320313,-0.27350398898124695
1451267632515,1,0.07936500012874603,1.134308934211731,0.18681299686431885
1451267632536,1,0.07814399898052216,1.0036619901657104,0.27960899472236633
1451267632553,1,-0.06837599724531174,0.7753350138664246,0.25763100385665894
1451267632579,1,-0.17460300028324127,0.44078099727630615,0.20390699803829193
1451267632595,1,-0.1941390037536621,0.15506699681282043,0.17216099798679352
1451267632615,1,-0.16361400485038757,0.0024419999681413174,0.16361400485038757
1451267632636,1,-0.0012209999840706587,0.07936500012874603,0.1294260025024414
1451267632654,1,0.06593400239944458,0.17093999683856964,0.08302799612283707
1451267632675,1,0.10866899788379669,0.2051279991865158,0.04151399806141853
1451267632695,1,0.10988999903202057,0.12698400020599365,0.030524998903274536
1451267632715,1,0.07448099553585052,0.010989000089466572,0.025640999898314476
1451267632736,1,-0.04761900007724762,-0.10744799673557281,0.012210000306367874
1451267632759,1,-0.06593400239944458,-0.02930399961769581,0.0024419999681413174
1451267632775,1,-0.01831500045955181,0.1025639995932579,0.01831500045955181
1451267632796,1,0.03296700119972229,0.1452990025281906,0.04273499920964241
1451267632816,1,0.01953599974513054,0.09401699900627136,0.03296700119972229
1451267632835,1,-0.08791200071573257,0.0024419999681413174,0.0024419999681413174
1451267632855,1,-0.09279599785804749,0.0012209999840706587,0.013430999591946602
1451267632877,1,-0.07203900068998337,0.013430999591946602,0.012210000306367874
1451267632897,1,-0.054944999516010284,0.02930399961769581,0.0024419999681413174
1451267632917,1,-0.03174600005149841,0.0488400012254715,0.004883999936282635
1451267632936,1,-0.00976799987256527,0.01831500045955181,0.0
1451267632957,1,-0.025640999898314476,-0.007325999904423952,0.003662999952211976
1451267632977,1,-0.015873000025749207,-0.008546999655663967,0.004883999936282635
1451267632997,1,-0.03296700119972229,-0.01953599974513054,0.008546999655663967
1451267633019,1,-0.05372399836778641,-0.02319899946451187,0.00976799987256527
1451267633037,1,-0.06104999780654907,-0.05250300094485283,0.01831500045955181
1451267633061,1,-0.01831500045955181,0.021978000178933144,-0.0024419999681413174
1451267633077,1,0.025640999898314476,0.05616600066423416,-0.010989000089466572
1451267633097,1,0.030524998903274536,0.06593400239944458,-0.025640999898314476
1451267633118,1,0.021978000178933144,0.07326000183820724,-0.04273499920964241
1451267633137,1,0.01953599974513054,0.059829000383615494,-0.02808300033211708
1451267633158,1,-0.030524998903274536,0.004883999936282635,0.03418799862265587
1451267633178,1,-0.05128199979662895,-0.004883999936282635,0.030524998903274536
1451267633198,1,-0.03907199949026108,0.006105000153183937,0.0024419999681413174
1451267633218,1,0.0012209999840706587,0.021978000178933144,-0.02808300033211708
1451267633238,1,0.021978000178933144,0.045176997780799866,-0.02319899946451187
1451267633258,1,0.01831500045955181,0.05372399836778641,0.004883999936282635
1451267633279,1,-0.030524998903274536,-0.020756999030709267,0.03418799862265587
1451267633298,1,-0.03418799862265587,-0.05128199979662895,0.021978000178933144
1451267633318,1,-0.02442000061273575,-0.03174600005149841,0.006105000153183937
1451267633338,1,-0.006105000153183937,0.0,-0.0012209999840706587
1451267633364,1,-0.004883999936282635,0.00976799987256527,0.008546999655663967
1451267633379,1,-0.003662999952211976,0.06104999780654907,-0.004883999936282635
1451267633400,1,0.003662999952211976,0.05128199979662895,-0.006105000153183937
1451267633422,1,0.006105000153183937,0.02930399961769581,-0.008546999655663967
1451267633439,1,-0.014651999808847904,0.004883999936282635,0.007325999904423952
1451267633460,1,-0.020756999030709267,-0.020756999030709267,0.01953599974513054
1451267633480,1,0.0012209999840706587,-0.006105000153183937,-0.01831500045955181
1451267633500,1,0.025640999898314476,0.01831500045955181,-0.02319899946451187
1451267633519,1,0.01953599974513054,0.02930399961769581,-0.007325999904423952
1451267633540,1,-0.004883999936282635,0.013430999591946602,0.0012209999840706587
1451267633561,1,-0.026861999183893204,0.003662999952211976,-0.0024419999681413174
1451267633581,2,-0.03174600005149841,0.010989000089466572,0.010989000089466572
1451267633600,2,-0.01953599974513054,0.003662999952211976,0.01831500045955181
1451267633621,2,-0.017093999311327934,-0.0024419999681413174,0.013430999591946602
1451267633641,2,-0.003662999952211976,0.008546999655663967,0.015873000025749207
1451267633660,2,0.0012209999840706587,0.015873000025749207,0.020756999030709267
1451267633680,2,-0.004883999936282635,0.004883999936282635,0.01831500045955181
1451267633703,2,-0.015873000025749207,0.008546999655663967,0.010989000089466572
1451267633720,2,-0.010989000089466572,0.012210000306367874,0.0
1451267633742,2,-0.006105000153183937,0.004883999936282635,-0.010989000089466572
1451267633762,2,-0.008546999655663967,0.006105000153183937,-0.004883999936282635
1451267633782,2,-0.020756999030709267,-0.0012209999840706587,0.0024419999681413174
1451267633802,2,-0.014651999808847904,-0.01831500045955181,0.008546999655663967
1451267633821,2,-0.014651999808847904,-0.030524998903274536,0.0024419999681413174
1451267633846,2,-0.01953599974513054,-0.04395600035786629,-0.00976799987256527
1451267633862,2,-0.00976799987256527,-0.02319899946451187,-0.007325999904423952
1451267633882,2,0.008546999655663967,0.0012209999840706587,-0.00976799987256527
1451267633902,2,0.013430999591946602,0.010989000089466572,-0.0012209999840706587
1451267633921,2,-0.015873000025749207,0.0012209999840706587,0.01831500045955181
1451267633943,2,-0.02808300033211708,-0.017093999311327934,0.02930399961769581
1451267633962,2,-0.02442000061273575,-0.021978000178933144,0.03663000091910362
1451267633983,2,-0.01953599974513054,-0.006105000153183937,0.025640999898314476
1451267634003,2,0.0024419999681413174,0.030524998903274536,0.013430999591946602
1451267634026,2,0.007325999904423952,0.03663000091910362,-0.003662999952211976
1451267634042,2,-0.015873000025749207,-0.007325999904423952,-0.003662999952211976
1451267634063,2,-0.02442000061273575,-0.035408999770879745,0.008546999655663967
1451267634083,2,-0.020756999030709267,-0.04395600035786629,0.01953599974513054
1451267634103,2,-0.014651999808847904,-0.021978000178933144,-0.00976799987256527
1451267634122,2,0.008546999655663967,0.04639799892902374,-0.02442000061273575
1451267634143,2,0.0012209999840706587,0.02808300033211708,-0.004883999936282635
1451267634163,2,-0.025640999898314476,0.0,0.003662999952211976
1451267634183,2,-0.03907199949026108,-0.00976799987256527,0.0024419999681413174
1451267634204,2,-0.04151399806141853,-0.006105000153183937,0.0024419999681413174
1451267634224,2,-0.03174600005149841,0.007325999904423952,0.008546999655663967
1451267634245,2,-0.012210000306367874,0.010989000089466572,0.003662999952211976
1451267634264,2,0.003662999952211976,0.01831500045955181,0.007325999904423952
1451267634286,2,0.008546999655663967,0.007325999904423952,0.020756999030709267
1451267634304,2,0.003662999952211976,-0.010989000089466572,0.017093999311327934
1451267634324,2,-0.004883999936282635,-0.00976799987256527,0.008546999655663967
1451267634345,2,-0.0024419999681413174,0.015873000025749207,0.01953599974513054
1451267634365,2,-0.017093999311327934,0.008546999655663967,0.040293000638484955
1451267634391,2,-0.03907199949026108,-0.0024419999681413174,0.03418799862265587
1451267634404,2,-0.02808300033211708,0.006105000153183937,0.026861999183893204
1451267634430,2,0.0,0.015873000025749207,0.020756999030709267
1451267634446,2,0.01953599974513054,0.01831500045955181,0.006105000153183937
1451267634464,2,0.00976799987256527,0.0012209999840706587,0.0024419999681413174
1451267634486,2,-0.007325999904423952,-0.007325999904423952,0.0012209999840706587
1451267634506,2,-0.017093999311327934,-0.02319899946451187,-0.004883999936282635
1451267634525,2,-0.01953599974513054,-0.01953599974513054,-0.008546999655663967
1451267634546,2,-0.014651999808847904,-0.013430999591946602,-0.00976799987256527
1451267634566,2,0.006105000153183937,0.0024419999681413174,-0.008546999655663967
1451267634589,2,0.003662999952211976,-0.0024419999681413174,-0.004883999936282635
1451267634609,2,-0.006105000153183937,-0.0024419999681413174,0.0
1451267634626,2,-0.014651999808847904,-0.003662999952211976,0.008546999655663967
1451267634646,2,-0.015873000025749207,0.013430999591946602,0.020756999030709267
1451267634666,2,0.00976799987256527,0.02930399961769581,0.00976799987256527
1451267634686,2,0.013430999591946602,0.020756999030709267,0.007325999904423952
1451267634706,2,0.0,0.008546999655663967,0.007325999904423952
1451267634726,2,-0.0012209999840706587,0.00976799987256527,0.014651999808847904
1451267634747,2,-0.0024419999681413174,0.013430999591946602,0.01953599974513054
1451267634772,2,0.007325999904423952,0.010989000089466572,0.012210000306367874
1451267634786,2,-0.0012209999840706587,0.0,-0.0012209999840706587
1451267634811,2,-0.0012209999840706587,0.006105000153183937,-0.012210000306367874
1451267634827,2,0.006105000153183937,0.007325999904423952,-0.006105000153183937
1451267634848,2,0.004883999936282635,-0.0012209999840706587,0.008546999655663967
1451267634869,2,-0.010989000089466572,0.004883999936282635,0.017093999311327934
1451267634887,2,-0.008546999655663967,-0.004883999936282635,0.020756999030709267
1451267634908,2,-0.020756999030709267,-0.004883999936282635,0.010989000089466572
1451267634928,2,-0.017093999311327934,-0.006105000153183937,0.0012209999840706587
1451267634948,2,-0.0012209999840706587,-0.006105000153183937,0.0
1451267634970,2,0.004883999936282635,0.0024419999681413174,0.0
1451267634988,2,-0.020756999030709267,-0.008546999655663967,-0.012210000306367874
1451267635009,2,-0.004883999936282635,-0.003662999952211976,-0.014651999808847904
1451267635029,2,0.0,-0.00976799987256527,0.003662999952211976
1451267635049,2,-0.006105000153183937,-0.015873000025749207,0.017093999311327934
1451267635069,2,-0.007325999904423952,-0.01831500045955181,0.003662999952211976
1451267635089,2,0.0012209999840706587,0.008546999655663967,-0.006105000153183937
1451267635108,2,-0.003662999952211976,0.015873000025749207,0.020756999030709267
1451267635129,2,-0.017093999311327934,0.004883999936282635,0.02930399961769581
1451267635149,2,-0.025640999898314476,0.003662999952211976,0.014651999808847904
1451267635169,2,-0.020756999030709267,0.00976799987256527,-0.007325999904423952
1451267635188,2,-0.017093999311327934,0.014651999808847904,0.003662999952211976
1451267635210,2,-0.012210000306367874,0.004883999936282635,0.01831500045955181
1451267635230,2,-0.012210000306367874,-0.006105000153183937,0.0
1451267635250,2,-0.003662999952211976,-0.014651999808847904,-0.006105000153183937
1451267635270,2,0.0,-0.017093999311327934,-0.006105000153183937
1451267635289,2,-0.014651999808847904,-0.014651999808847904,0.0
1451267635310,2,-0.02808300033211708,0.01953599974513054,0.007325999904423952
1451267635331,2,-0.0024419999681413174,0.013430999591946602,-0.00976799987256527
1451267635350,2,0.0012209999840706587,-0.007325999904423952,-0.014651999808847904
1451267635370,2,-0.004883999936282635,-0.01831500045955181,-0.003662999952211976
1451267635391,2,-0.02442000061273575,0.0,0.010989000089466572
1451267635411,2,-0.026861999183893204,0.013430999591946602,0.010989000089466572
1451267635431,2,0.004883999936282635,0.012210000306367874,0.0
1451267635451,2,0.01831500045955181,0.0,-0.010989000089466572
1451267635470,2,0.0012209999840706587,-0.01831500045955181,-0.015873000025749207
1451267635495,2,-0.02808300033211708,-0.01953599974513054,0.0012209999840706587
1451267635512,2,-0.04151399806141853,-0.01831500045955181,0.020756999030709267
1451267635532,2,-0.02930399961769581,-0.012210000306367874,0.015873000025749207
1451267635553,2,-0.017093999311327934,-0.012210000306367874,0.007325999904423952
1451267635571,2,-0.021978000178933144,-0.006105000153183937,-0.0012209999840706587
