1449111341585,1,-0.10988999903202057,0.211232990026474,-0.07814399898052216
1449111341604,1,-0.03174600005149841,0.20634900033473969,-0.10134299844503403
1449111341625,1,0.03174600005149841,0.19902299344539642,-0.06104999780654907
1449111341647,1,0.08180700242519379,0.14163599908351898,-0.003662999952211976
1449111341670,1,0.13064700365066528,0.04761900007724762,0.04273499920964241
1449111341685,1,0.15384599566459656,-0.23931600153446198,0.007325999904423952
1449111341705,1,0.1575089991092682,-0.24786299467086792,-0.07326000183820724
1449111341726,1,0.14774100482463837,-0.1575089991092682,-0.1355309933423996
1449111341748,1,0.08546999841928482,-0.05616600066423416,-0.15506699681282043
1449111341765,1,0.0012209999840706587,0.06349200010299683,-0.13919399678707123
1449111341784,1,-0.059829000383615494,0.1294260025024414,-0.02930399961769581
1449111341805,1,-0.025640999898314476,0.04639799892902374,0.01831500045955181
1449111341825,1,-0.017093999311327934,-0.03907199949026108,0.0024419999681413174
1449111341845,1,-0.008546999655663967,-0.054944999516010284,-0.0012209999840706587
1449111341865,1,-0.02442000061273575,-0.07692299783229828,0.013430999591946602
1449111341886,1,0.040293000638484955,-0.1514039933681488,0.015873000025749207
1449111341905,1,0.1452990025281906,-0.21855899691581726,-0.004883999936282635
1449111341925,1,0.2271059900522232,-0.2661779820919037,-0.08791200071573257
1449111341945,1,0.25641000270843506,-0.24786299467086792,-0.18070799112319946
1449111341965,1,0.2161169946193695,-0.1892549991607666,-0.22954799234867096
1449111341986,1,0.13675199449062347,-0.08058600127696991,-0.2600730061531067
1449111342006,1,0.07203900068998337,0.0647130012512207,-0.32600700855255127
1449111342034,1,0.22588500380516052,0.16117200255393982,-0.3296699821949005
1449111342047,1,0.2222220003604889,0.2271059900522232,-0.318681001663208
1449111342066,1,0.07814399898052216,0.2759459912776947,-0.29426100850105286
1449111342087,1,-0.0757019966840744,0.2905980050563812,-0.2161169946193695
1449111342107,1,-0.15995100140571594,0.10134299844503403,-0.09890099614858627
1449111342127,1,0.007325999904423952,-0.020756999030709267,-0.02319899946451187
1449111342147,1,0.2649570107460022,-0.12698400020599365,0.07936500012874603
1449111342172,1,0.390720009803772,-0.2271059900522232,0.17948700487613678
1449111342188,1,0.3785099983215332,-0.32112300395965576,0.25152599811553955
1449111342208,1,0.24053700268268585,-0.6153839826583862,0.20146499574184418
1449111342228,1,0.2539680004119873,-0.721610963344574,0.13675199449062347
1449111342248,1,0.2759459912776947,-0.7057380080223083,0.09523800015449524
1449111342268,1,0.32844898104667664,-0.565322995185852,0.09645900130271912
1449111342288,1,0.41269800066947937,-0.40903499722480774,0.10988999903202057
1449111342308,1,0.4053719937801361,-0.33333298563957214,0.09523800015449524
1449111342328,1,0.1575089991092682,-0.30036598443984985,-0.03663000091910362
1449111342348,1,0.04639799892902374,-0.3137969970703125,-0.10744799673557281
1449111342368,1,-0.01953599974513054,-0.3247860074043274,-0.14285700023174286
1449111342390,1,-0.03174600005149841,-0.2967030107975006,-0.15018299221992493
1449111342409,1,-0.035408999770879745,-0.2271059900522232,-0.11599499732255936
1449111342431,1,-0.14774100482463837,0.02319899946451187,-0.020756999030709267
1449111342448,1,-0.22100099921226501,0.07448099553585052,0.0488400012254715
1449111342469,1,-0.2637360095977783,0.11233200132846832,0.13308899104595184
1449111342490,1,-0.22832699120044708,0.1025639995932579,0.14407800137996674
1449111342510,1,-0.10500600188970566,0.00976799987256527,0.04151399806141853
1449111342529,1,0.02319899946451187,-0.14896199107170105,-0.017093999311327934
1449111342550,1,0.02319899946451187,-0.12332099676132202,-0.0024419999681413174
1449111342569,1,-0.04639799892902374,-0.008546999655663967,-0.0024419999681413174
1449111342590,1,-0.13064700365066528,0.11599499732255936,0.00976799987256527
1449111342610,1,-0.12209999561309814,0.15262499451637268,-0.01831500045955181
1449111342630,1,-0.04273499920964241,0.11477399617433548,-0.025640999898314476
1449111342650,1,0.10500600188970566,0.03907199949026108,0.0
1449111342671,1,0.12209999561309814,0.008546999655663967,-0.004883999936282635
1449111342691,1,0.07326000183820724,-0.0012209999840706587,-0.006105000153183937
1449111342714,1,0.010989000089466572,-0.0012209999840706587,0.03663000091910362
1449111342732,1,-0.02930399961769581,-0.026861999183893204,0.07203900068998337
1449111342750,1,0.013430999591946602,0.3467639982700348,0.18070799112319946
1449111342770,1,0.11477399617433548,0.5409029722213745,0.2905980050563812
1449111342790,1,0.19291800260543823,0.6715499758720398,0.31013399362564087
1449111342810,1,0.211232990026474,0.6654449701309204,0.31135499477386475
1449111342842,1,0.17093999683856964,0.4798530042171478,0.2649570107460022
1449111342850,1,0.11233200132846832,-0.11965800076723099,0.09279599785804749
1449111342871,1,0.13797299563884735,-0.34432199597358704,0.07081799954175949
1449111342890,1,0.1733819991350174,-0.41880300641059875,0.09523800015449524
1449111342911,1,0.17704500257968903,-0.36507898569107056,0.1355309933423996
1449111342931,1,0.13675199449062347,-0.2698409855365753,0.14407800137996674
1449111342951,1,-0.021978000178933144,-0.01953599974513054,0.004883999936282635
1449111342971,1,-0.1294260025024414,0.01831500045955181,-0.0488400012254715
1449111342991,1,-0.13919399678707123,0.006105000153183937,-0.035408999770879745
1449111343011,1,-0.07814399898052216,-0.04395600035786629,-0.05616600066423416
1449111343032,1,0.0,-0.07936500012874603,-0.18681299686431885
1449111343051,1,0.06104999780654907,-0.07936500012874603,-0.33821699023246765
1449111343072,1,0.12332099676132202,-0.17948700487613678,-0.4664219915866852
1449111343091,1,0.1025639995932579,-0.1452990025281906,-0.167276993393898
1449111343114,1,0.14285700023174286,-0.045176997780799866,0.02319899946451187
1449111343136,1,0.3369959890842438,-0.05860799923539162,0.03174600005149841
1449111343152,1,0.49572598934173584,-0.08791200071573257,0.026861999183893204
1449111343172,1,0.5848590135574341,-0.6043949723243713,0.1684979945421219
1449111343192,1,0.637362003326416,-1.2148950099945068,0.4212450087070465
1449111343213,1,0.5286930203437805,-1.3638570308685303,0.7008540034294128
1449111343234,1,0.39804598689079285,-0.5921850204467773,-1.0622700452804565
1449111343253,1,0.7777770161628723,0.10012199729681015,-0.44688600301742554
1449111343272,1,0.27228298783302307,1.2368730306625366,-0.39804598689079285
1449111343299,1,-0.059829000383615494,0.9401699900627136,0.32112300395965576
1449111343314,1,-0.27838799357414246,0.422465980052948,0.842490017414093
1449111343334,1,-0.45177000761032104,-0.23931600153446198,0.9841259717941284
1449111343359,1,-0.9401699900627136,-0.24664199352264404,1.0940159559249878
1449111343375,1,-1.6703280210494995,-0.3150179982185364,1.1477400064468384
1449111343397,1,-1.3430999517440796,0.2332109957933426,0.586080014705658
1449111343414,1,-0.7020750045776367,-0.33943799138069153,0.4151400029659271
1449111343435,2,-0.47252699732780457,-0.3833940029144287,0.2429789900779724
1449111343454,2,-0.3125759959220886,-0.4481070041656494,0.14285700023174286
1449111343476,2,-0.07326000183820724,-0.14285700023174286,0.14285700023174286
1449111343495,2,0.4395599961280823,0.3296699821949005,0.12576299905776978
1449111343516,2,0.49572598934173584,0.41880300641059875,0.059829000383615494
1449111343535,2,0.43467599153518677,0.4871789813041687,-0.0378509983420372
1449111343555,2,0.3626369833946228,0.5384609699249268,-0.12332099676132202
1449111343575,2,0.2979239821434021,0.5750910043716431,-0.1733819991350174
1449111343596,2,0.17093999683856964,0.7423679828643799,-0.18070799112319946
1449111343618,2,0.14163599908351898,0.6984120011329651,-0.15873000025749207
1449111343637,2,0.18314999341964722,0.5836380124092102,-0.14774100482463837
1449111343657,2,0.24053700268268585,0.3626369833946228,-0.1562879979610443
1449111343677,2,0.18314999341964722,0.21733799576759338,-0.13919399678707123
1449111343698,2,0.10744799673557281,0.16605599224567413,-0.10500600188970566
1449111343715,2,-0.07448099553585052,0.03418799862265587,-0.013430999591946602
1449111343742,2,-0.2698409855365753,0.20146499574184418,0.02808300033211708
1449111343757,2,-0.2979239821434021,0.33821699023246765,0.08058600127696991
1449111343777,2,-0.12820500135421753,0.308912992477417,0.10622699558734894
1449111343799,2,-0.013430999591946602,0.15995100140571594,0.1245419979095459
1449111343817,2,-0.014651999808847904,0.04639799892902374,0.06227099895477295
1449111343838,2,-0.04273499920964241,-0.04273499920964241,0.03418799862265587
1449111343858,2,0.08302799612283707,-0.1733819991350174,-0.03907199949026108
1449111343878,2,0.23687399923801422,-0.30524998903274536,-0.12087900191545486
1449111343903,2,0.3418799936771393,-0.36019498109817505,-0.15995100140571594
1449111343919,2,0.1892549991607666,-0.23931600153446198,-0.1025639995932579
1449111343939,2,-0.01831500045955181,-0.12209999561309814,-0.11599499732255936
1449111343958,2,-0.22588500380516052,-0.03907199949026108,-0.10500600188970566
1449111343978,2,-0.318681001663208,-0.035408999770879745,-0.10744799673557281
1449111343998,2,-0.27960899472236633,0.020756999030709267,-0.10134299844503403
1449111344018,2,-0.13675199449062347,0.014651999808847904,-0.0012209999840706587
1449111344039,2,0.14774100482463837,-0.293040007352829,0.21001200377941132
1449111344058,2,0.14774100482463837,-0.08058600127696991,0.21733799576759338
1449111344080,2,0.054944999516010284,0.03418799862265587,0.20879100263118744
1449111344103,2,0.07448099553585052,0.1684979945421219,0.19169700145721436
1449111344124,2,0.19291800260543823,0.37606799602508545,0.10012199729681015
1449111344140,2,0.09279599785804749,0.3357749879360199,0.12332099676132202
1449111344160,2,0.09890099614858627,0.3577530086040497,0.09645900130271912
1449111344179,2,0.07448099553585052,0.4639799892902374,0.0866909995675087
1449111344205,2,0.03418799862265587,0.3626369833946228,0.10012199729681015
1449111344220,2,-0.13430999219417572,0.09035399556159973,0.1465200036764145
1449111344239,2,-0.18681299686431885,-0.4493280053138733,0.20757000148296356
1449111344259,2,-0.14774100482463837,-0.5054939985275269,0.1782660037279129
1449111344279,2,-0.11965800076723099,-0.4236869812011719,0.12820500135421753
1449111344299,2,-0.05738699808716774,-0.37118399143218994,0.06959699839353561
1449111344323,2,-0.06104999780654907,-0.49938899278640747,-0.008546999655663967
1449111344341,2,-0.11477399617433548,-0.7008540034294128,-0.05250300094485283
1449111344360,2,-0.20634900033473969,-0.6947489976882935,0.0866909995675087
1449111344381,2,-0.22588500380516052,-0.6630029678344727,0.10134299844503403
1449111344400,2,-0.17704500257968903,-0.6141629815101624,0.0757019966840744
1449111344421,2,-0.06593400239944458,-0.48351600766181946,0.04761900007724762
1449111344442,2,0.059829000383615494,-0.3577530086040497,0.0
1449111344461,2,0.10988999903202057,0.026861999183893204,-0.13919399678707123
1449111344482,2,0.11965800076723099,0.10866899788379669,-0.10500600188970566
1449111344505,2,0.1025639995932579,0.10866899788379669,-0.059829000383615494
1449111344521,2,0.02808300033211708,0.059829000383615494,-0.07448099553585052
1449111344542,2,-0.0488400012254715,0.015873000025749207,-0.1294260025024414
1449111344564,2,0.03418799862265587,0.0488400012254715,-0.1404149979352951
1449111344582,2,0.05616600066423416,0.04761900007724762,-0.1135529950261116
1449111344603,2,0.0488400012254715,0.06593400239944458,-0.08546999841928482
1449111344623,2,0.02442000061273575,0.04395600035786629,-0.06104999780654907
1449111344643,2,-0.05616600066423416,0.04273499920964241,-0.03907199949026108
1449111344663,2,-0.11233200132846832,0.025640999898314476,-0.04151399806141853
1449111344682,2,0.014651999808847904,0.21001200377941132,-0.1025639995932579
1449111344703,2,0.12209999561309814,0.28449299931526184,-0.10134299844503403
1449111344722,2,0.18314999341964722,0.30036598443984985,-0.08546999841928482
1449111344743,2,0.1843709945678711,0.2441999912261963,-0.06593400239944458
1449111344763,2,0.13430999219417572,0.13675199449062347,-0.04151399806141853
1449111344782,2,-0.0024419999681413174,-0.09035399556159973,0.02319899946451187
1449111344802,2,-0.010989000089466572,-0.09401699900627136,0.006105000153183937
1449111344823,2,0.026861999183893204,-0.045176997780799866,-0.013430999591946602
1449111344843,2,0.10622699558734894,0.02319899946451187,-0.0378509983420372
1449111344863,2,0.15262499451637268,0.09157499670982361,-0.03663000091910362
1449111344883,2,0.09401699900627136,0.09401699900627136,-0.030524998903274536
1449111344903,2,0.08180700242519379,0.0647130012512207,-0.02808300033211708
1449111344932,2,0.09279599785804749,0.08058600127696991,-0.03296700119972229
1449111344943,2,0.13308899104595184,0.09401699900627136,-0.03907199949026108
1449111344964,2,0.15995100140571594,0.1452990025281906,-0.0488400012254715
1449111344985,2,0.18070799112319946,0.35409000515937805,-0.04151399806141853
1449111345003,2,0.18314999341964722,0.4004879891872406,-0.025640999898314476
1449111345024,2,0.15384599566459656,0.4700849950313568,-0.03296700119972229
1449111345046,2,0.1294260025024414,0.5396819710731506,-0.04395600035786629
1449111345065,2,0.11721599847078323,2.0695948600769043,-0.30158698558807373
1449111345084,2,0.3565320074558258,1.4688630104064941,0.1465200036764145
1449111345105,2,-0.003662999952211976,-0.09523800015449524,-0.07203900068998337
1449111345125,2,-0.13064700365066528,-0.22832699120044708,-0.15873000025749207
1449111345146,2,-0.2539680004119873,-0.9035400152206421,0.1025639995932579
1449111345165,2,-0.48473697900772095,-1.7411459684371948,0.003662999952211976
1449111345189,2,-0.6727709770202637,-2.2905960083007813,-0.07448099553585052
1449111345210,2,-0.334553986787796,-1.8852239847183228,0.3357749879360199
1449111345225,2,-0.012210000306367874,-1.1489609479904175,0.3467639982700348
1449111345247,2,0.17093999683856964,-0.44200199842453003,0.28327199816703796
1449111345265,2,0.16605599224567413,0.004883999936282635,0.20146499574184418
1449111345287,2,0.02319899946451187,0.07203900068998337,0.10622699558734894
1449111345307,2,-0.1843709945678711,-0.20268599689006805,0.02808300033211708
1449111345326,2,-0.1733819991350174,-0.24786299467086792,0.08913300186395645
1449111345346,2,-0.10866899788379669,-0.14285700023174286,0.12209999561309814
1449111345365,2,-0.0024419999681413174,0.00976799987256527,0.10378500074148178
1449111345386,2,0.06837599724531174,0.1404149979352951,0.040293000638484955
1449111345406,2,0.08180700242519379,0.19291800260543823,0.006105000153183937
1449111345427,2,-0.04151399806141853,0.14285700023174286,0.1562879979610443
1449111345451,1,-0.12087900191545486,0.11233200132846832,0.25763100385665894
1449111345467,1,-0.14285700023174286,0.12087900191545486,0.27838799357414246
1449111345488,1,-0.0866909995675087,0.19902299344539642,0.17216099798679352
1449111345509,1,-0.026861999183893204,0.30158698558807373,-0.0024419999681413174
1449111345527,1,-0.11721599847078323,0.31746000051498413,-0.10012199729681015
1449111345548,1,-0.293040007352829,0.3504270017147064,0.14407800137996674
1449111345567,1,-0.41391900181770325,0.46886399388313293,0.3956039845943451
1449111345588,1,-0.36019498109817505,0.6288149952888489,0.4713059961795807
1449111345607,1,-0.14163599908351898,0.7496939897537231,0.3504270017147064
1449111345627,1,0.10622699558734894,0.6532350182533264,0.008546999655663967
1449111345649,1,0.03296700119972229,0.4114769995212555,0.04151399806141853
1449111345667,1,-0.054944999516010284,0.46886399388313293,0.12087900191545486
1449111345687,1,-0.0012209999840706587,0.627593994140625,0.17582400143146515
1449111345708,1,0.06959699839353561,0.6446880102157593,0.25763100385665894
1449111345729,1,0.3137969970703125,0.23687399923801422,0.40415099263191223
1449111345748,1,1.1697180271148682,0.4102559983730316,0.5115990042686462
1449111345768,1,1.0366289615631104,1.1575080156326294,0.38705700635910034
1449111345793,1,0.7680090069770813,1.6141619682312012,0.3626369833946228
1449111345810,1,0.5091570019721985,1.2539669275283813,0.46764299273490906
1449111345831,1,0.09279599785804749,0.7130640149116516,0.2979239821434021
1449111345848,1,-0.5152620077133179,-0.9584850072860718,-0.07814399898052216
1449111345873,1,-0.5506709814071655,-1.2808289527893066,-0.17704500257968903
1449111345889,1,-0.5115990042686462,-1.1147730350494385,-0.17948700487613678
1449111345909,1,-0.4334549903869629,-0.7057380080223083,-0.09279599785804749
1449111345930,1,-0.3687419891357422,-0.2747249901294708,-0.003662999952211976
1449111345950,1,-0.44688600301742554,-0.32722800970077515,-0.04273499920964241
1449111345969,1,-0.4761900007724762,-0.5421239733695984,-0.22954799234867096
1449111345991,1,-0.3724049925804138,-0.6923069953918457,-0.37606799602508545
1449111346011,1,-0.23443199694156647,-0.7472519874572754,-0.31746000051498413
1449111346031,1,-0.08302799612283707,-0.6568979620933533,-0.22100099921226501
1449111346049,1,-0.013430999591946602,-0.40781399607658386,-0.1684979945421219
1449111346075,1,-0.04273499920964241,-0.21245399117469788,-0.1355309933423996
1449111346091,1,-0.1355309933423996,-0.18070799112319946,-0.16361400485038757
1449111346115,1,-0.2271059900522232,-0.11843699961900711,-0.20757000148296356
1449111346131,1,-0.20146499574184418,-0.05738699808716774,-0.22954799234867096
1449111346150,1,-0.03174600005149841,0.0,-0.22344300150871277
1449111346171,1,0.334553986787796,0.04761900007724762,-0.22466400265693665
1449111346198,1,0.3687419891357422,0.00976799987256527,-0.21001200377941132
1449111346210,1,0.3076919913291931,-0.012210000306367874,-0.19169700145721436
1449111346231,1,0.16971899569034576,-0.010989000089466572,-0.1562879979610443
1449111346251,1,0.054944999516010284,-0.03296700119972229,-0.10744799673557281
1449111346272,1,0.09401699900627136,-0.18192899227142334,0.04151399806141853
1449111346293,1,0.20268599689006805,-0.19658099114894867,0.021978000178933144
1449111346313,1,0.29548200964927673,-0.18681299686431885,-0.06959699839353561
1449111346331,1,0.3418799936771393,-0.15018299221992493,-0.1452990025281906
1449111346352,1,0.3296699821949005,-0.1245419979095459,-0.167276993393898
1449111346373,1,0.2539680004119873,-0.13919399678707123,-0.14896199107170105
1449111346393,1,-0.045176997780799866,-0.23565299808979034,-0.06715499609708786
1449111346414,1,-0.11111100018024445,-0.32112300395965576,-0.06104999780654907
1449111346433,1,-0.09279599785804749,-0.3504270017147064,-0.06349200010299683
1449111346454,1,-0.0757019966840744,-0.34310099482536316,-0.12576299905776978
1449111346473,1,-0.05738699808716774,-0.25641000270843506,-0.21489599347114563
1449111346493,1,-0.05128199979662895,0.15384599566459656,-0.3614159822463989
1449111346514,1,-0.059829000383615494,0.31623899936676025,-0.38705700635910034
1449111346533,1,-0.05860799923539162,0.32600700855255127,-0.3199020028114319
1449111346553,1,-0.050060998648405075,0.20757000148296356,-0.195360004901886
1449111346573,1,-0.03174600005149841,0.03907199949026108,-0.13308899104595184
1449111346593,1,0.04761900007724762,0.013430999591946602,-0.15506699681282043
1449111346614,1,0.03907199949026108,0.11721599847078323,-0.21855899691581726
1449111346633,1,0.01831500045955181,0.23931600153446198,-0.2698409855365753
1449111346654,1,0.015873000025749207,0.2869350016117096,-0.25763100385665894
1449111346674,1,0.02319899946451187,0.23931600153446198,-0.18314999341964722
1449111346694,1,0.0488400012254715,0.1514039933681488,-0.10866899788379669
1449111346714,1,0.10134299844503403,0.06837599724531174,-0.1245419979095459
1449111346734,1,0.12576299905776978,0.1404149979352951,-0.195360004901886
1449111346755,1,0.14407800137996674,0.19902299344539642,-0.21367499232292175
1449111346775,1,0.1294260025024414,0.1941390037536621,-0.18559199571609497
1449111346796,1,0.1404149979352951,0.12332099676132202,-0.12576299905776978
1449111346828,1,0.09279599785804749,0.0012209999840706587,-0.09157499670982361
1449111346848,1,0.06715499609708786,-0.007325999904423952,-0.11477399617433548
1449111346868,1,0.04761900007724762,-0.007325999904423952,-0.12087900191545486
1449111346887,1,0.020756999030709267,-0.02930399961769581,-0.10500600188970566
1449111346907,1,-0.026861999183893204,-0.06715499609708786,-0.06227099895477295
1449111346927,1,-0.07203900068998337,-0.1135529950261116,-0.013430999591946602
1449111346947,1,-0.03907199949026108,-0.050060998648405075,0.045176997780799866
1449111346967,1,-0.010989000089466572,0.017093999311327934,0.014651999808847904
1449111346995,1,0.02319899946451187,0.04395600035786629,-0.014651999808847904
1449111347007,1,0.020756999030709267,0.04273499920964241,-0.015873000025749207
1449111347028,1,0.007325999904423952,-0.007325999904423952,0.004883999936282635
1449111347048,1,-0.04761900007724762,-0.1892549991607666,0.06104999780654907
1449111347089,1,0.0378509983420372,-0.11965800076723099,0.030524998903274536
1449111347109,1,0.09279599785804749,-0.0757019966840744,0.03907199949026108
1449111347129,1,0.09157499670982361,-0.08424899727106094,0.05860799923539162
1449111347174,1,0.06104999780654907,-0.1452990025281906,0.0757019966840744
1449111347188,1,0.09401699900627136,-0.11111100018024445,0.04639799892902374
1449111347208,1,0.13797299563884735,-0.08913300186395645,0.05250300094485283
1449111347227,1,0.16605599224567413,-0.06593400239944458,0.13064700365066528
1449111347247,1,0.1404149979352951,-0.08791200071573257,0.20879100263118744
1449111347271,1,0.08302799612283707,-0.10866899788379669,0.24542099237442017
1449111347287,1,0.10866899788379669,-0.08302799612283707,0.26739898324012756
1449111347307,1,0.11721599847078323,-0.08424899727106094,0.23687399923801422
1449111347328,1,0.09157499670982361,-0.09645900130271912,0.21733799576759338
1449111347347,1,0.04395600035786629,-0.10012199729681015,0.20879100263118744
1449111347367,1,-0.015873000025749207,-0.09035399556159973,0.1941390037536621
1449111347387,1,-0.02930399961769581,-0.10622699558734894,0.19169700145721436
1449111347408,1,0.006105000153183937,-0.0488400012254715,0.14774100482463837
1449111347428,1,0.20268599689006805,0.04639799892902374,0.09157499670982361
1449111347448,1,0.2820509970188141,-0.10012199729681015,-0.2918190062046051
1449111347473,2,0.20268599689006805,-0.3235650062561035,-0.7899869680404663
1449111347489,2,0.6239309906959534,0.832722008228302,-2.211230993270874
1449111347512,2,0.9731369614601135,-0.16605599224567413,-1.9523789882659912
1449111347529,2,-0.20634900033473969,-0.9548220038414001,-0.40292999148368835
1449111347548,2,-0.9255179762840271,-1.3223429918289185,0.8363850116729736
1449111347568,2,-1.0207560062408447,-1.3247849941253662,1.2808289527893066
1449111347590,2,-1.0317449569702148,-0.9340649843215942,0.7020750045776367
1449111347615,2,-0.5799750089645386,0.8778989911079407,-0.8620259761810303
1449111347629,2,-0.23076899349689484,1.4542109966278076,-0.8766779899597168
1449111347649,2,-0.02808300033211708,1.554332971572876,-0.4285709857940674
1449111347674,2,-0.06104999780654907,1.3162379264831543,0.16117200255393982
1449111347689,2,-0.29548200964927673,0.8376060128211975,0.5445659756660461
1449111347710,2,-0.6239309906959534,0.28815600275993347,0.6056159734725952
1449111347730,2,-0.8412690162658691,-0.32112300395965576,0.5347979664802551
1449111347750,2,-0.6056159734725952,-0.4444440007209778,0.5494499802589417
1449111347769,2,-0.4175820052623749,-0.3577530086040497,0.565322995185852
1449111347791,2,-0.46275898814201355,-0.24175800383090973,0.5811960101127625
1449111347810,2,-0.7008540034294128,-0.20390699803829193,0.5702069997787476
1449111347835,2,-0.91697096824646,0.0757019966840744,0.4822950065135956
1449111347850,2,-0.731378972530365,0.21977999806404114,0.5848590135574341
1449111347872,2,-0.5054939985275269,0.28327199816703796,0.7020750045776367
1449111347892,2,-0.31013399362564087,0.46275898814201355,0.8998770117759705
1449111347912,2,-0.16361400485038757,0.8107439875602722,1.100121021270752
1449111347931,2,-0.2161169946193695,1.3650779724121094,1.0695959329605103
1449111347952,2,-0.2869350016117096,0.7899869680404663,0.6605609655380249
1449111347972,2,-0.4590959846973419,0.3675209879875183,0.17216099798679352
1449111347992,2,-0.7167270183563232,0.32112300395965576,-0.15873000025749207
1449111348012,2,-0.904761016368866,0.8180699944496155,-0.39804598689079285
1449111348031,2,-0.8290590047836304,1.2478619813919067,-0.48962098360061646
1449111348050,2,0.3150179982185364,0.6739919781684875,-0.8864459991455078
1449111348072,2,0.6312569975852966,0.29548200964927673,-0.9194129705429077
1449111348093,2,0.4749689996242523,0.3846150040626526,-0.7008540034294128
1449111348115,2,-0.02319899946451187,0.34920600056648254,-0.48962098360061646
1449111348132,2,-0.4236869812011719,0.14163599908351898,-0.49938899278640747
1449111348156,2,-0.2747249901294708,0.741146981716156,-0.39194098114967346
1449111348172,2,0.13430999219417572,0.6984120011329651,-0.4542119801044464
1449111348193,2,0.5946269631385803,0.28815600275993347,-0.5189250111579895
1449111348212,2,0.9682530164718628,-0.32112300395965576,-0.47252699732780457
1449111348232,2,1.1526240110397339,-1.061048984527588,-0.46275898814201355
1449111348255,2,0.8778989911079407,-1.5921839475631714,-0.4981679916381836
1449111348273,2,0.6361410021781921,-1.0122089385986328,-0.5628809928894043
1449111348294,2,0.608057975769043,-0.46764299273490906,-0.7325999736785889
1449111348314,2,0.8217329978942871,-0.5409029722213745,-0.8412690162658691
1449111348337,2,0.9951149821281433,-0.6739919781684875,-0.586080014705658
1449111348353,2,0.27350398898124695,0.10988999903202057,0.26861998438835144
1449111348374,2,-0.3638579845428467,-0.6605609655380249,0.19047600030899048
1449111348394,2,-0.38217300176620483,-0.5213670134544373,0.12087900191545486
1449111348413,2,-0.07814399898052216,-0.9706949591636658,0.05860799923539162
1449111348434,2,0.05860799923539162,-0.9731369614601135,0.05372399836778641
1449111348455,2,0.003662999952211976,-1.1037839651107788,0.07326000183820724
1449111348475,2,-0.2967030107975006,-1.616603970527649,0.536018967628479
1449111348495,2,-0.32722800970077515,-2.249082088470459,1.0134299993515015
1449111348515,2,-0.48473697900772095,-2.7167248725891113,1.0842479467391968
1449111348535,2,-0.6532350182533264,-2.5836360454559326,0.9084239602088928
1449111348556,2,-0.7191689610481262,-1.8778979778289795,0.6678869724273682
1449111348575,2,-0.40659299492836,1.1916959285736084,0.13430999219417572
1449111348596,2,0.21001200377941132,2.809520959854126,-0.07448099553585052
1449111348616,2,0.8095229864120483,3.902315855026245,-0.195360004901886
1449111348635,2,1.2698400020599365,3.4529879093170166,-0.30036598443984985
1449111348656,2,1.081805944442749,1.8962129354476929,-0.21977999806404114
1449111348677,2,-0.09890099614858627,-1.0158720016479492,0.31746000051498413
1449111348697,2,-0.33821699023246765,-1.3247849941253662,0.3076919913291931
1449111348716,2,-0.2429789900779724,-0.9181919693946838,0.18314999341964722
1449111348740,2,0.059829000383615494,-0.20268599689006805,-0.097680002450943
1449111348756,2,0.40415099263191223,0.5958479642868042,-0.3199020028114319
1449111348776,2,0.7936499714851379,0.9010980129241943,-0.1575089991092682
1449111348798,2,0.9206339716911316,0.8009759783744812,0.4432229995727539
1449111348816,2,0.24664199352264404,0.7912079691886902,0.4822950065135956
1449111348836,2,-0.30036598443984985,0.555554986000061,0.24053700268268585
1449111348856,2,-0.2759459912776947,0.1941390037536621,0.07814399898052216
1449111348876,2,-0.12087900191545486,0.09401699900627136,0.025640999898314476
1449111348896,2,0.10866899788379669,0.16117200255393982,0.01831500045955181
1449111348916,2,0.2600730061531067,0.020756999030709267,0.045176997780799866
1449111348937,2,0.2271059900522232,-0.025640999898314476,0.09035399556159973
1449111348957,2,0.06593400239944458,-0.09279599785804749,0.09157499670982361
1449111348977,2,-0.09890099614858627,-0.2869350016117096,-0.08302799612283707
1449111348999,2,0.06959699839353561,-0.4273499846458435,-0.33211198449134827
1449111349017,2,0.23443199694156647,-0.26861998438835144,-0.40903499722480774
1449111349037,2,0.3125759959220886,-0.23076899349689484,-0.33943799138069153
1449111349058,2,0.21855899691581726,-0.3748469948768616,-0.2747249901294708
1449111349079,2,-0.0488400012254715,-0.5225880146026611,-0.23565299808979034
1449111349099,2,-0.2319899946451187,-0.54578697681427,-0.15262499451637268
1449111349117,2,0.00976799987256527,0.03174600005149841,0.04639799892902374
1449111349139,2,0.28449299931526184,0.3956039845943451,-0.11111100018024445
1449111349159,2,0.4236869812011719,0.6800969839096069,-0.24175800383090973
1449111349179,2,0.3369959890842438,0.5763120055198669,-0.33211198449134827
1449111349198,2,0.0757019966840744,-0.11111100018024445,-0.3125759959220886
1449111349218,2,-0.20879100263118744,-0.8925510048866272,-0.08913300186395645
1449111349239,2,-0.15384599566459656,-0.6666659712791443,-0.004883999936282635
1449111349260,2,0.010989000089466572,-0.24175800383090973,0.05860799923539162
1449111349281,2,0.17582400143146515,0.18681299686431885,0.014651999808847904
1449111349300,2,0.2979239821434021,0.504272997379303,-0.0866909995675087
1449111349320,2,0.34310099482536316,0.536018967628479,-0.1465200036764145
1449111349340,2,0.2161169946193695,0.4383389949798584,-0.12820500135421753
1449111349360,2,0.12332099676132202,0.43467599153518677,-0.15506699681282043
1449111349380,2,0.14163599908351898,0.5177040100097656,-0.27838799357414246
1449111349399,2,0.09157499670982361,0.33821699023246765,-0.4432229995727539
1449111349419,2,-0.23076899349689484,-1.1428560018539429,1.2100110054016113
1449111349440,2,-0.24664199352264404,-2.0927939414978027,1.144076943397522
1449111349461,2,-0.1623930037021637,-1.4444429874420166,0.3614159822463989
1449111349484,1,-0.008546999655663967,-0.27228298783302307,-0.49084198474884033
1449111349500,1,0.12332099676132202,0.7545779943466187,-0.9010980129241943
1449111349522,1,0.299144983291626,0.7851029634475708,-0.6239309906959534
1449111349541,1,-0.03907199949026108,-0.34310099482536316,0.4529910087585449
1449111349562,1,-0.30036598443984985,-0.6959699988365173,0.49450498819351196
1449111349582,1,-0.3516480028629303,-0.5543339848518372,0.31623899936676025
1449111349600,1,-0.14163599908351898,-0.040293000638484955,0.0757019966840744
1449111349622,1,0.14407800137996674,0.4664219915866852,-0.09645900130271912
1449111349642,1,0.19047600030899048,0.4285709857940674,-0.054944999516010284
1449111349662,1,-0.026861999183893204,0.16361400485038757,0.03907199949026108
1449111349681,1,-0.19047600030899048,0.015873000025749207,0.06837599724531174
1449111349701,1,-0.18192899227142334,0.0488400012254715,0.09401699900627136
1449111349722,1,-0.07081799954175949,0.20390699803829193,0.021978000178933144
1449111349742,1,0.00976799987256527,0.28815600275993347,-0.11233200132846832
1449111349762,1,-0.05128199979662895,0.12698400020599365,-0.1452990025281906
1449111349782,1,-0.05372399836778641,0.045176997780799866,-0.059829000383615494
1449111349801,1,-0.05860799923539162,0.07203900068998337,0.03907199949026108
1449111349822,1,-0.11477399617433548,0.19291800260543823,0.08058600127696991
1449111349842,1,-0.13675199449062347,0.48473697900772095,0.0647130012512207
1449111349864,1,0.05738699808716774,0.40903499722480774,-0.25641000270843506
1449111349882,1,0.19291800260543823,-0.15873000025749207,-0.4004879891872406
1449111349902,1,0.10866899788379669,-0.2600730061531067,-0.2527469992637634
1449111349923,1,0.021978000178933144,-0.4151400029659271,0.004883999936282635
1449111349943,1,-0.05738699808716774,-0.4822950065135956,0.14774100482463837
1449111349965,1,-0.10012199729681015,-0.2429789900779724,0.2271059900522232
1449111349982,1,-0.021978000178933144,0.0488400012254715,0.18070799112319946
1449111350004,1,0.12820500135421753,0.2600730061531067,0.1025639995932579
1449111350024,1,0.22832699120044708,0.38095200061798096,0.02808300033211708
1449111350044,1,0.195360004901886,0.4749689996242523,-0.09523800015449524
1449111350063,1,0.06837599724531174,0.4749689996242523,-0.07081799954175949
1449111350083,1,0.03418799862265587,0.48473697900772095,0.1465200036764145
1449111350104,1,0.0866909995675087,0.5286930203437805,0.0866909995675087
1449111350124,1,-0.02319899946451187,0.8205119967460632,0.04639799892902374
1449111350144,1,-0.11111100018024445,0.9194129705429077,0.04273499920964241
1449111350163,1,-0.08791200071573257,0.9023190140724182,0.1025639995932579
1449111350185,1,0.0,0.8058599829673767,0.3455429971218109
1449111350204,1,-0.08791200071573257,0.7521359920501709,0.5262510180473328
1449111350225,1,-0.09645900130271912,0.0488400012254715,0.2441999912261963
1449111350244,1,-0.12820500135421753,-0.31135499477386475,-0.059829000383615494
1449111350269,1,-0.10378500074148178,-0.4859579801559448,-0.15384599566459656
1449111350284,1,-0.15995100140571594,0.211232990026474,-0.06104999780654907
1449111350304,1,-0.13797299563884735,0.3748469948768616,0.09401699900627136
1449111350332,1,0.06227099895477295,-0.04639799892902374,0.06959699839353561
1449111350346,1,0.13064700365066528,-0.17948700487613678,-0.07203900068998337
1449111350366,1,0.04639799892902374,-0.7680090069770813,-0.21977999806404114
1449111350385,1,-0.06837599724531174,-0.9536010026931763,-0.318681001663208
1449111350410,1,-0.004883999936282635,-1.09157395362854,-0.30524998903274536
1449111350426,1,0.03907199949026108,-1.1367509365081787,-0.23443199694156647
1449111350446,1,0.020756999030709267,-0.7325999736785889,-0.02442000061273575
1449111350466,1,0.18681299686431885,-0.49084198474884033,0.00976799987256527
1449111350486,1,0.514041006565094,-0.44078099727630615,0.06104999780654907
1449111350506,1,0.9291809797286987,-0.7325999736785889,-0.08546999841928482
1449111350527,1,0.8681309819221497,-0.647130012512207,-0.04639799892902374
1449111350546,1,0.6984120011329651,-0.2771669924259186,-0.006105000153183937
1449111350565,1,0.5152620077133179,0.1941390037536621,-0.012210000306367874
1449111350586,1,0.34432199597358704,0.5189250111579895,-0.06227099895477295
1449111350607,1,0.07448099553585052,0.23687399923801422,-0.2503049969673157
1449111350626,1,-0.09157499670982361,0.02808300033211708,-0.2380950003862381
1449111350648,1,-0.14163599908351898,-0.17704500257968903,-0.17216099798679352
1449111350667,1,-0.14407800137996674,-0.2503049969673157,-0.08913300186395645
1449111350686,1,-0.13919399678707123,-0.17948700487613678,-0.02808300033211708
1449111350708,1,-0.10866899788379669,0.26251500844955444,-0.13430999219417572
1449111350728,1,0.07936500012874603,0.4212450087070465,-0.20757000148296356
1449111350747,1,0.17460300028324127,0.4273499846458435,-0.20146499574184418
1449111350768,1,0.16483499109745026,0.3418799936771393,-0.13064700365066528
1449111350788,1,0.06593400239944458,0.21245399117469788,-0.059829000383615494
1449111350809,1,-0.06959699839353561,0.11721599847078323,-0.045176997780799866
1449111350834,1,-0.16361400485038757,0.16483499109745026,-0.16117200255393982
1449111350854,1,-0.10744799673557281,0.2551890015602112,-0.2319899946451187
1449111350869,1,0.003662999952211976,0.31623899936676025,-0.2747249901294708
1449111350889,1,0.14774100482463837,0.21977999806404114,-0.195360004901886
1449111350909,1,0.20146499574184418,0.040293000638484955,-0.08791200071573257
1449111350929,1,0.11843699961900711,-0.06104999780654907,0.04395600035786629
1449111350948,1,0.059829000383615494,-0.0024419999681413174,0.054944999516010284
1449111350973,1,0.05616600066423416,0.025640999898314476,0.045176997780799866
1449111350989,1,0.06715499609708786,-0.097680002450943,0.04639799892902374
1449111351009,1,0.06349200010299683,-0.22954799234867096,0.04151399806141853
1449111351031,1,0.02319899946451187,-0.3150179982185364,0.10622699558734894
1449111351050,1,-0.007325999904423952,-0.2808299958705902,0.09035399556159973
1449111351069,1,-0.0647130012512207,-0.21855899691581726,0.04151399806141853
1449111351089,1,-0.10622699558734894,-0.13308899104595184,0.0
1449111351109,1,-0.10378500074148178,-0.04761900007724762,0.00976799987256527
1449111351132,1,-0.13430999219417572,-0.026861999183893204,0.05128199979662895
1449111351150,1,-0.20757000148296356,-0.09645900130271912,0.11111100018024445
1449111351173,1,-0.18681299686431885,-0.11843699961900711,0.0866909995675087
1449111351190,1,-0.097680002450943,-0.06349200010299683,0.03296700119972229
1449111351210,1,-0.0012209999840706587,0.021978000178933144,0.004883999936282635
1449111351231,1,0.045176997780799866,0.025640999898314476,0.026861999183893204
1449111351250,1,-0.030524998903274536,-0.13919399678707123,0.1452990025281906
1449111351270,1,-0.08546999841928482,-0.20757000148296356,0.18559199571609497
1449111351292,1,-0.12698400020599365,-0.2551890015602112,0.195360004901886
1449111351311,1,-0.1684979945421219,-0.2649570107460022,0.13675199449062347
1449111351337,1,-0.11233200132846832,-0.18559199571609497,0.07692299783229828
1449111351350,1,0.3675209879875183,0.035408999770879745,0.026861999183893204
1449111351372,1,0.3308909833431244,-0.08546999841928482,-0.19291800260543823
1449111351392,1,0.07936500012874603,-0.28449299931526184,-0.42002400755882263
1449111351412,1,0.7496939897537231,1.3760669231414795,-1.7741129398345947
1449111351432,1,1.9633679389953613,1.192916989326477,-1.820510983467102
1449111351451,1,0.8986560106277466,-0.1623930037021637,-1.4786310195922852
1449111351473,1,-1.6019519567489624,-1.4517689943313599,1.1452980041503906
1449111351492,1,-1.902318000793457,-1.4566529989242554,1.0305240154266357
1449111351513,2,-1.7167259454727173,-0.7338209748268127,0.28815600275993347
1449111351532,2,-1.0341869592666626,0.19291800260543823,-0.48962098360061646
1449111351553,2,-0.17460300028324127,0.8144069910049438,-0.8485949635505676
1449111351572,2,0.6581189632415771,0.7472519874572754,-0.1733819991350174
1449111351592,2,0.3626369833946228,0.2771669924259186,0.3040289878845215
1449111351612,2,-0.12820500135421753,-0.1892549991607666,0.5641019940376282
1449111351632,2,-0.5152620077133179,-0.43101298809051514,0.6410250067710876
1449111351652,2,-0.6227099895477295,-0.3235650062561035,0.5628809928894043
1449111351678,2,-0.16117200255393982,0.15018299221992493,0.2441999912261963
1449111351694,2,0.12576299905776978,0.2380950003862381,0.12209999561309814
1449111351713,2,0.2661779820919037,0.18559199571609497,0.09035399556159973
1449111351735,2,0.2380950003862381,0.03296700119972229,0.13308899104595184
1449111351753,2,0.09035399556159973,-0.10622699558734894,0.17582400143146515
1449111351774,2,-0.10134299844503403,-0.17216099798679352,0.15384599566459656
1449111351795,2,-0.23565299808979034,0.06715499609708786,0.03296700119972229
1449111351814,2,-0.17582400143146515,0.18803399801254272,0.03907199949026108
1449111351833,2,-0.08791200071573257,0.23565299808979034,0.09890099614858627
1449111351859,2,0.0,0.22100099921226501,0.20390699803829193
1449111351875,2,0.06837599724531174,0.11599499732255936,0.318681001663208
1449111351895,2,0.03418799862265587,-0.16117200255393982,0.36019498109817505
1449111351916,2,-0.07814399898052216,-0.17582400143146515,0.2222220003604889
1449111351933,2,-0.11965800076723099,-0.2051279991865158,0.11111100018024445
1449111351954,2,-0.18559199571609497,-0.0647130012512207,-0.04151399806141853
1449111351975,2,-0.07692299783229828,0.05616600066423416,-0.09279599785804749
1449111351995,2,0.010989000089466572,0.06715499609708786,-0.1733819991350174
1449111352015,2,0.045176997780799866,0.13308899104595184,-0.06715499609708786
1449111352035,2,-0.09523800015449524,0.12820500135421753,0.10622699558734894
1449111352056,2,-0.3626369833946228,-0.04761900007724762,0.195360004901886
1449111352076,2,-0.6239309906959534,-0.26861998438835144,0.13308899104595184
1449111352103,2,-0.7655670046806335,-0.38217300176620483,0.050060998648405075
1449111352115,2,-0.29548200964927673,-0.32112300395965576,0.09279599785804749
1449111352136,2,0.1465200036764145,-0.318681001663208,0.10012199729681015
1449111352156,2,0.45665398240089417,-0.3247860074043274,0.054944999516010284
1449111352177,2,0.4981679916381836,-0.17216099798679352,-0.045176997780799866
1449111352197,2,0.3882780075073242,0.07081799954175949,-0.1025639995932579
1449111352216,2,0.2271059900522232,0.28815600275993347,-0.14774100482463837
1449111352237,2,0.0488400012254715,0.0757019966840744,-0.19902299344539642
1449111352256,2,-0.14163599908351898,-0.1025639995932579,-0.16605599224567413
1449111352276,2,-0.2319899946451187,-0.14774100482463837,-0.02319899946451187
1449111352296,2,-0.2441999912261963,0.00976799987256527,0.1562879979610443
1449111352316,2,-0.15506699681282043,0.4004879891872406,0.27838799357414246
1449111352337,2,-0.15384599566459656,0.4590959846973419,0.20390699803829193
1449111352357,2,-0.15262499451637268,0.46764299273490906,0.13797299563884735
1449111352377,2,-0.10378500074148178,0.4383389949798584,0.06959699839353561
1449111352397,2,-0.0757019966840744,0.31135499477386475,0.006105000153183937
1449111352418,2,-0.06837599724531174,0.20390699803829193,-0.0012209999840706587
1449111352438,2,-0.03296700119972229,0.06715499609708786,0.0012209999840706587
1449111352459,2,0.00976799987256527,0.06959699839353561,-0.06837599724531174
1449111352478,2,0.0488400012254715,0.11599499732255936,-0.1355309933423996
1449111352498,2,0.06959699839353561,0.09523800015449524,-0.21855899691581726
1449111352518,2,0.07326000183820724,-0.013430999591946602,-0.30647099018096924
1449111352538,2,0.1465200036764145,-0.3638579845428467,-0.6764339804649353
1449111352558,2,0.19291800260543823,-0.4664219915866852,-0.7619040012359619
1449111352578,2,0.20390699803829193,-0.48351600766181946,-0.7716720104217529
1449111352598,2,0.17216099798679352,-0.3736259937286377,-0.699633002281189
1449111352618,2,0.14285700023174286,-0.09523800015449524,-0.5799750089645386
1449111352639,2,-0.05372399836778641,0.5396819710731506,-0.3040289878845215
1449111352659,2,-0.14285700023174286,0.6532350182533264,-0.21489599347114563
1449111352682,2,-0.11111100018024445,0.41391900181770325,-0.17704500257968903
1449111352704,2,-0.040293000638484955,0.24542099237442017,-0.16361400485038757
1449111352719,2,0.003662999952211976,0.13064700365066528,-0.1733819991350174
1449111352740,2,-0.0024419999681413174,0.08913300186395645,-0.14285700023174286
1449111352760,2,-0.08546999841928482,0.0378509983420372,0.08180700242519379
1449111352779,2,-0.09401699900627136,0.08058600127696991,0.19169700145721436
1449111352799,2,-0.10866899788379669,0.10988999903202057,0.24053700268268585
1449111352821,2,-0.13186800479888916,0.04151399806141853,0.26251500844955444
1449111352840,2,-0.15995100140571594,-0.10988999903202057,0.21977999806404114
1449111352861,2,-0.0378509983420372,-0.40415099263191223,0.1294260025024414
1449111352879,2,0.01953599974513054,-0.3785099983215332,0.10622699558734894
1449111352899,2,0.020756999030709267,-0.28937700390815735,0.08302799612283707
1449111352920,2,0.02808300033211708,-0.1575089991092682,0.06227099895477295
1449111352940,2,0.07326000183820724,-0.01831500045955181,0.045176997780799866
1449111352960,2,0.11843699961900711,0.14407800137996674,0.04151399806141853
1449111352980,2,0.11721599847078323,0.18803399801254272,0.06349200010299683
1449111353000,2,0.11111100018024445,0.07081799954175949,0.045176997780799866
1449111353020,2,0.08913300186395645,-0.09401699900627136,0.0012209999840706587
1449111353041,2,0.045176997780799866,-0.14896199107170105,0.014651999808847904
1449111353061,2,-0.01953599974513054,-0.05616600066423416,0.06837599724531174
1449111353081,2,-0.015873000025749207,-0.01831500045955181,0.06593400239944458
1449111353101,2,0.013430999591946602,-0.04273499920964241,0.017093999311327934
1449111353121,2,0.03663000091910362,-0.04151399806141853,-0.026861999183893204
1449111353142,2,0.05860799923539162,0.0,-0.054944999516010284
1449111353162,2,0.06715499609708786,0.014651999808847904,-0.05372399836778641
1449111353182,2,0.020756999030709267,0.015873000025749207,0.017093999311327934
1449111353202,2,-0.03418799862265587,0.04395600035786629,0.06837599724531174
1449111353223,2,-0.035408999770879745,0.07692299783229828,0.07203900068998337
1449111353243,2,-0.004883999936282635,0.1135529950261116,0.05616600066423416
1449111353263,2,0.01953599974513054,0.13186800479888916,0.035408999770879745
1449111353282,2,0.0378509983420372,0.09401699900627136,-0.030524998903274536
1449111353302,2,0.03907199949026108,0.03663000091910362,-0.021978000178933144
1449111353323,2,0.03907199949026108,0.008546999655663967,-0.003662999952211976
1449111353343,2,0.02808300033211708,0.03663000091910362,-0.003662999952211976
1449111353369,2,0.03296700119972229,0.07203900068998337,-0.02808300033211708
1449111353382,2,0.06593400239944458,0.05372399836778641,-0.0647130012512207
1449111353402,2,0.04151399806141853,0.017093999311327934,-0.05738699808716774
1449111353423,2,-0.007325999904423952,-0.030524998903274536,-0.04761900007724762
1449111353443,2,-0.013430999591946602,0.008546999655663967,-0.0488400012254715
1449111353463,2,0.0012209999840706587,0.10012199729681015,-0.054944999516010284
1449111353483,2,0.02930399961769581,0.20268599689006805,-0.09035399556159973
1449111353504,2,0.2051279991865158,0.6031739711761475,-0.7948709726333618
1449111353524,2,-0.15873000025749207,-0.9511590003967285,0.5799750089645386
