1451267672663,1,-0.299144983291626,-0.14896199107170105,0.05738699808716774
1451267672681,1,-0.2820509970188141,-0.10378500074148178,0.021978000178933144
1451267672702,1,-0.2820509970188141,-0.13430999219417572,-0.04761900007724762
1451267672721,1,-0.30158698558807373,-0.09279599785804749,-0.10378500074148178
1451267672741,1,-0.15262499451637268,-0.0757019966840744,-0.0012209999840706587
1451267672766,1,0.05616600066423416,-0.054944999516010284,0.14774100482463837
1451267672781,1,0.26861998438835144,-0.18559199571609497,0.28449299931526184
1451267672803,1,0.3736259937286377,-0.32112300395965576,0.33943799138069153
1451267672823,1,0.3308909833431244,-0.2429789900779724,0.2271059900522232
1451267672844,1,0.15262499451637268,-0.0024419999681413174,0.24053700268268585
1451267672862,1,0.08546999841928482,0.05128199979662895,0.28327199816703796
1451267672883,1,0.03663000091910362,0.03907199949026108,0.33821699023246765
1451267672902,1,0.040293000638484955,-0.09645900130271912,0.38583600521087646
1451267672923,1,0.06837599724531174,-0.21367499232292175,0.3516480028629303
1451267672950,1,0.015873000025749207,-0.05372399836778641,0.20146499574184418
1451267672962,1,-0.0378509983420372,0.0866909995675087,0.19047600030899048
1451267672983,1,-0.07814399898052216,0.13430999219417572,0.21855899691581726
1451267673003,1,-0.13430999219417572,0.1135529950261116,0.2551890015602112
1451267673024,1,-0.20146499574184418,-0.06837599724531174,0.2380950003862381
1451267673049,1,-0.2441999912261963,-0.432233989238739,0.195360004901886
1451267673063,1,-0.21855899691581726,-0.41880300641059875,0.22954799234867096
1451267673083,1,-0.1941390037536621,-0.31013399362564087,0.2710619866847992
1451267673104,1,-0.10500600188970566,-0.15995100140571594,0.32600700855255127
1451267673124,1,0.12576299905776978,0.1355309933423996,0.30036598443984985
1451267673143,1,0.36507898569107056,0.14163599908351898,0.14285700023174286
1451267673163,1,0.07814399898052216,0.8290590047836304,-1.8192899227142334
1451267673184,1,0.8302800059318542,1.7777760028839111,-1.3882769346237183
1451267673206,1,1.2295470237731934,0.8461529612541199,-0.6984120011329651
1451267673223,1,0.5726490020751953,-0.010989000089466572,0.06104999780654907
1451267673244,1,-0.1623930037021637,-0.35531100630760193,0.6642239689826965
1451267673268,1,-0.5518919825553894,-0.39682498574256897,-0.1465200036764145
1451267673285,1,-0.36507898569107056,0.2759459912776947,-0.6385830044746399
1451267673306,1,0.035408999770879745,0.6849809885025024,-0.6239309906959534
1451267673328,1,0.3418799936771393,0.8290590047836304,-0.30647099018096924
1451267673345,1,0.34798499941825867,0.7692300081253052,0.030524998903274536
1451267673365,1,-0.15018299221992493,0.21855899691581726,0.20757000148296356
1451267673386,1,-0.25763100385665894,-0.026861999183893204,0.1575089991092682
1451267673405,1,-0.1733819991350174,-0.18314999341964722,0.09523800015449524
1451267673425,1,0.030524998903274536,-0.15995100140571594,0.017093999311327934
1451267673445,1,0.2002439945936203,-0.013430999591946602,-0.03663000091910362
1451267673465,1,0.30158698558807373,0.15262499451637268,-0.06959699839353561
1451267673485,1,0.2710619866847992,0.097680002450943,-0.012210000306367874
1451267673512,1,0.16483499109745026,0.007325999904423952,-0.05372399836778641
1451267673526,1,0.10988999903202057,-0.07203900068998337,-0.0647130012512207
1451267673545,1,0.06349200010299683,-0.1135529950261116,-0.06715499609708786
1451267673566,1,0.03418799862265587,-0.1562879979610443,-0.05860799923539162
1451267673587,1,0.0,-0.05738699808716774,0.04273499920964241
1451267673607,1,-0.06959699839353561,-0.09401699900627136,0.006105000153183937
1451267673627,1,-0.11843699961900711,-0.08302799612283707,-0.05128199979662895
1451267673646,1,-0.10622699558734894,-0.06715499609708786,-0.059829000383615494
1451267673671,1,-0.09645900130271912,-0.04395600035786629,-0.040293000638484955
1451267673692,1,-0.07326000183820724,-0.08302799612283707,0.007325999904423952
1451267673708,1,-0.026861999183893204,-0.06837599724531174,0.0024419999681413174
1451267673732,1,-0.00976799987256527,-0.054944999516010284,0.006105000153183937
1451267673747,1,-0.045176997780799866,-0.08913300186395645,0.0012209999840706587
1451267673768,1,-0.09279599785804749,-0.1575089991092682,0.012210000306367874
1451267673787,1,-0.12698400020599365,-0.15262499451637268,0.04151399806141853
1451267673807,1,-0.0757019966840744,-0.035408999770879745,0.04639799892902374
1451267673828,1,-0.025640999898314476,0.014651999808847904,0.0378509983420372
1451267673852,1,0.0012209999840706587,0.008546999655663967,0.04151399806141853
1451267673869,1,-0.006105000153183937,-0.017093999311327934,0.0378509983420372
1451267673888,1,-0.015873000025749207,-0.02930399961769581,0.04639799892902374
1451267673915,1,-0.035408999770879745,-0.09890099614858627,0.030524998903274536
1451267673928,1,-0.050060998648405075,-0.0757019966840744,0.021978000178933144
1451267673952,1,-0.05860799923539162,-0.03907199949026108,0.02442000061273575
1451267673969,1,-0.04761900007724762,-0.01831500045955181,0.014651999808847904
1451267673989,1,-0.017093999311327934,-0.003662999952211976,0.025640999898314476
1451267674010,1,-0.020756999030709267,-0.03296700119972229,0.06349200010299683
1451267674029,1,-0.02930399961769581,-0.00976799987256527,0.04639799892902374
1451267674049,1,-0.02319899946451187,-0.0024419999681413174,0.02808300033211708
1451267674069,1,-0.02808300033211708,0.017093999311327934,0.017093999311327934
1451267674090,1,-0.040293000638484955,0.013430999591946602,0.02319899946451187
1451267674109,1,-0.050060998648405075,-0.008546999655663967,0.03907199949026108
1451267674129,1,-0.05860799923539162,-0.01831500045955181,0.020756999030709267
1451267674149,1,-0.02808300033211708,-0.030524998903274536,-0.01831500045955181
1451267674171,1,0.017093999311327934,-0.045176997780799866,-0.0378509983420372
1451267674189,1,0.035408999770879745,-0.030524998903274536,-0.025640999898314476
1451267674215,1,0.010989000089466572,0.008546999655663967,-0.003662999952211976
1451267674230,1,-0.06837599724531174,0.010989000089466572,0.00976799987256527
1451267674250,1,-0.07326000183820724,-0.04395600035786629,0.013430999591946602
1451267674271,1,-0.07936500012874603,-0.07814399898052216,0.004883999936282635
1451267674291,1,-0.10744799673557281,-0.08302799612283707,0.007325999904423952
1451267674311,1,-0.14407800137996674,-0.08180700242519379,0.00976799987256527
1451267674330,1,-0.17460300028324127,-0.10378500074148178,0.0488400012254715
1451267674350,1,-0.2332109957933426,-0.16483499109745026,0.0488400012254715
1451267674372,1,-0.30158698558807373,-0.1355309933423996,0.0378509983420372
1451267674394,1,-0.3406589925289154,-0.059829000383615494,0.00976799987256527
1451267674412,1,-0.33821699023246765,0.0757019966840744,-0.013430999591946602
1451267674430,1,-0.293040007352829,0.19780199229717255,-0.014651999808847904
1451267674452,1,-0.1575089991092682,0.21855899691581726,0.012210000306367874
1451267674472,1,-0.097680002450943,0.12209999561309814,-0.010989000089466572
1451267674499,1,-0.03663000091910362,0.08302799612283707,0.06104999780654907
1451267674514,2,0.017093999311327934,0.08546999841928482,0.1452990025281906
1451267674531,2,0.11477399617433548,0.27350398898124695,0.20390699803829193
1451267674552,2,0.29548200964927673,0.3675209879875183,0.13675199449062347
1451267674574,2,0.3626369833946228,0.2967030107975006,0.030524998903274536
1451267674597,2,0.40415099263191223,0.26739898324012756,-0.025640999898314476
1451267674612,2,0.36629998683929443,0.1355309933423996,-0.0647130012512207
1451267674631,2,0.1782660037279129,0.003662999952211976,-0.11233200132846832
1451267674653,2,-0.19047600030899048,-0.11599499732255936,-0.17948700487613678
1451267674673,2,-0.18803399801254272,-0.08424899727106094,-0.17093999683856964
1451267674698,2,-0.11477399617433548,0.01953599974513054,-0.13675199449062347
1451267674712,2,-0.05616600066423416,0.11843699961900711,-0.0866909995675087
1451267674732,2,-0.04395600035786629,0.18192899227142334,-0.04273499920964241
1451267674758,2,-0.06104999780654907,0.195360004901886,-0.008546999655663967
1451267674774,2,-0.08058600127696991,-0.05738699808716774,0.007325999904423952
1451267674794,2,-0.12576299905776978,-0.14163599908351898,0.0378509983420372
1451267674817,2,-0.13430999219417572,-0.1452990025281906,0.050060998648405075
1451267674833,2,-0.08791200071573257,-0.09645900130271912,0.015873000025749207
1451267674853,2,-0.01953599974513054,0.008546999655663967,-0.010989000089466572
1451267674874,2,0.09035399556159973,0.05860799923539162,0.06837599724531174
1451267674894,2,0.05616600066423416,-0.0488400012254715,0.1025639995932579
1451267674914,2,0.02442000061273575,-0.12332099676132202,0.11477399617433548
1451267674935,2,0.03296700119972229,-0.09523800015449524,0.12820500135421753
1451267674954,2,0.07448099553585052,0.021978000178933144,0.1452990025281906
1451267674974,2,0.17093999683856964,0.17704500257968903,0.25763100385665894
1451267674994,2,0.18681299686431885,0.11599499732255936,0.27838799357414246
1451267675014,2,0.15995100140571594,0.04761900007724762,0.25152599811553955
1451267675034,2,0.1575089991092682,0.01831500045955181,0.2161169946193695
1451267675062,2,0.1684979945421219,-0.0024419999681413174,0.20390699803829193
1451267675074,2,0.15506699681282043,-0.03418799862265587,0.1892549991607666
1451267675095,2,0.11233200132846832,0.020756999030709267,0.05372399836778641
1451267675119,2,0.1684979945421219,0.10012199729681015,-0.04395600035786629
1451267675136,2,0.2222220003604889,0.13186800479888916,-0.1135529950261116
1451267675156,2,0.22832699120044708,0.1135529950261116,-0.1514039933681488
1451267675175,2,0.20634900033473969,0.07814399898052216,-0.18314999341964722
1451267675195,2,0.21367499232292175,-0.4395599961280823,0.025640999898314476
1451267675216,2,-0.17948700487613678,-0.8937720060348511,0.31746000051498413
1451267675237,2,-0.32722800970077515,-1.284492015838623,0.31135499477386475
1451267675257,2,-0.32234400510787964,-1.181928038597107,0.23443199694156647
1451267675278,2,-0.2820509970188141,-0.16483499109745026,0.2332109957933426
1451267675296,2,0.09890099614858627,0.8388270139694214,-0.007325999904423952
1451267675316,2,0.31135499477386475,0.5811960101127625,-0.15018299221992493
1451267675337,2,0.41269800066947937,0.1562879979610443,-0.21977999806404114
1451267675357,2,0.3833940029144287,-0.10988999903202057,-0.24175800383090973
1451267675378,2,0.23076899349689484,-0.16483499109745026,-0.24542099237442017
1451267675400,2,0.004883999936282635,-0.10744799673557281,-0.17948700487613678
1451267675418,2,-0.2527469992637634,0.01831500045955181,-0.01831500045955181
1451267675438,2,-0.21489599347114563,0.054944999516010284,0.008546999655663967
1451267675457,2,-0.11477399617433548,0.06837599724531174,-0.01953599974513054
1451267675478,2,-0.026861999183893204,0.06104999780654907,-0.06349200010299683
1451267675497,2,0.012210000306367874,0.03296700119972229,-0.0866909995675087
1451267675517,2,-0.07936500012874603,-0.012210000306367874,-0.04151399806141853
1451267675538,2,-0.10744799673557281,-0.01831500045955181,-0.003662999952211976
1451267675557,2,-0.09035399556159973,-0.04395600035786629,0.020756999030709267
1451267675577,2,-0.0647130012512207,-0.01953599974513054,0.03663000091910362
1451267675597,2,-0.00976799987256527,0.0647130012512207,0.0378509983420372
1451267675618,2,0.09401699900627136,0.3296699821949005,0.07814399898052216
1451267675637,2,0.059829000383615494,0.3687419891357422,0.013430999591946602
1451267675658,2,-0.05128199979662895,0.04395600035786629,-0.004883999936282635
1451267675678,2,-0.21001200377941132,-0.1025639995932579,0.025640999898314476
1451267675702,2,-0.16361400485038757,-0.29426100850105286,0.02442000061273575
1451267675718,2,-0.09645900130271912,-0.3199020028114319,0.04639799892902374
1451267675739,2,-0.06593400239944458,0.21733799576759338,0.07692299783229828
1451267675759,2,-0.010989000089466572,0.3724049925804138,0.06593400239944458
1451267675783,2,-0.0024419999681413174,0.3736259937286377,0.02930399961769581
1451267675799,2,-0.050060998648405075,0.27960899472236633,-0.020756999030709267
1451267675819,2,-0.10988999903202057,0.21245399117469788,-0.02319899946451187
1451267675840,2,-0.18681299686431885,-0.1245419979095459,0.03418799862265587
1451267675872,2,-0.2710619866847992,-0.2808299958705902,0.059829000383615494
1451267675899,2,-0.24542099237442017,-0.22588500380516052,0.03663000091910362
1451267675913,2,-0.17704500257968903,-0.13797299563884735,0.012210000306367874
1451267675932,2,-0.11721599847078323,-0.09645900130271912,-0.0012209999840706587
1451267675953,2,-0.0866909995675087,-0.11721599847078323,-0.00976799987256527
1451267675972,2,-0.06349200010299683,-0.1892549991607666,-0.035408999770879745
1451267676000,2,-0.03418799862265587,-0.19047600030899048,-0.0757019966840744
1451267676017,2,0.012210000306367874,-0.12209999561309814,-0.09157499670982361
1451267676033,2,0.026861999183893204,-0.030524998903274536,-0.05860799923539162
1451267676053,2,0.02319899946451187,0.02442000061273575,-0.015873000025749207
1451267676073,2,-0.02930399961769581,0.010989000089466572,0.05250300094485283
1451267676095,2,-0.10012199729681015,-0.01831500045955181,0.20268599689006805
1451267676114,2,-0.20146499574184418,0.05860799923539162,0.34920600056648254
1451267676133,2,-0.21733799576759338,0.1684979945421219,0.38095200061798096
1451267676153,2,-0.21001200377941132,0.28815600275993347,0.3357749879360199
1451267676173,2,-0.32844898104667664,0.3199020028114319,-0.003662999952211976
1451267676196,2,-0.49084198474884033,-0.01953599974513054,-0.05372399836778641
1451267676218,2,-0.659339964389801,-0.2600730061531067,-0.02808300033211708
1451267676233,2,-0.7387049794197083,-0.4004879891872406,0.003662999952211976
1451267676257,2,-0.7118430137634277,-0.4761900007724762,0.017093999311327934
1451267676276,2,-0.4664219915866852,-0.2820509970188141,-0.015873000025749207
1451267676296,2,0.08913300186395645,0.06349200010299683,-0.09279599785804749
1451267676318,2,0.22832699120044708,0.13797299563884735,-0.12576299905776978
1451267676338,2,0.21001200377941132,0.06959699839353561,-0.15018299221992493
1451267676357,2,0.1245419979095459,-0.06715499609708786,-0.15995100140571594
1451267676383,2,0.06593400239944458,-0.17093999683856964,-0.13797299563884735
1451267676397,2,0.14407800137996674,-0.11965800076723099,-0.10134299844503403
1451267676417,2,0.2527469992637634,0.02442000061273575,-0.1575089991092682
1451267676437,2,0.36019498109817505,0.06715499609708786,-0.22832699120044708
1451267676458,2,0.40781399607658386,0.03174600005149841,-0.2380950003862381
1451267676478,2,0.39316198229789734,0.03663000091910362,-0.17216099798679352
1451267676499,2,0.2967030107975006,0.13308899104595184,0.08180700242519379
1451267676518,2,0.2051279991865158,0.08424899727106094,0.07936500012874603
1451267676539,2,0.1355309933423996,0.1025639995932579,0.07081799954175949
1451267676558,1,0.14163599908351898,0.14285700023174286,0.06593400239944458
1451267676579,1,0.1465200036764145,0.16605599224567413,0.05250300094485283
1451267676598,1,0.13430999219417572,0.14285700023174286,0.05128199979662895
1451267676620,1,0.13430999219417572,0.03296700119972229,0.11477399617433548
1451267676639,1,0.10500600188970566,0.04273499920964241,0.12332099676132202
1451267676659,1,0.03907199949026108,0.06593400239944458,0.09890099614858627
1451267676679,1,-0.03296700119972229,0.09279599785804749,0.0488400012254715
1451267676699,1,-0.04273499920964241,0.16361400485038757,0.010989000089466572
1451267676719,1,0.03174600005149841,0.22466400265693665,0.03907199949026108
1451267676739,1,0.05250300094485283,0.11599499732255936,0.06349200010299683
1451267676760,1,0.013430999591946602,-0.02442000061273575,0.12209999561309814
1451267676779,1,-0.05128199979662895,-0.10134299844503403,0.1562879979610443
1451267676800,1,-0.10988999903202057,-0.11111100018024445,0.15262499451637268
1451267676820,1,-0.13430999219417572,-0.008546999655663967,0.09645900130271912
1451267676840,1,-0.097680002450943,-0.03907199949026108,0.08546999841928482
1451267676860,1,-0.06104999780654907,-0.10866899788379669,0.08424899727106094
1451267676880,1,-0.01953599974513054,-0.11721599847078323,0.10378500074148178
1451267676899,1,0.025640999898314476,-0.08791200071573257,0.14163599908351898
1451267676925,1,0.05250300094485283,-0.0647130012512207,0.1465200036764145
1451267676941,1,0.040293000638484955,-0.08424899727106094,0.10012199729681015
1451267676962,1,0.05738699808716774,-0.10500600188970566,0.097680002450943
1451267676981,1,0.059829000383615494,-0.1465200036764145,0.10134299844503403
1451267677002,1,0.04151399806141853,-0.195360004901886,0.13064700365066528
1451267677022,1,0.0024419999681413174,-0.22466400265693665,0.1514039933681488
1451267677041,1,-0.07936500012874603,-0.2161169946193695,0.15873000025749207
1451267677062,1,-0.1135529950261116,-0.1355309933423996,0.09157499670982361
1451267677086,1,-0.10012199729681015,-0.0757019966840744,0.06959699839353561
1451267677102,1,-0.07326000183820724,-0.05616600066423416,0.030524998903274536
1451267677122,1,-0.1025639995932579,-0.14407800137996674,-0.11233200132846832
1451267677142,1,-0.19780199229717255,0.6923069953918457,-1.3492050170898438
1451267677161,1,0.5787540078163147,1.3443210124969482,-1.2857129573822021
1451267677181,1,0.9108659625053406,0.8168489933013916,-1.1452980041503906
1451267677201,1,0.38095200061798096,-0.2051279991865158,-0.4493280053138733
1451267677221,1,-0.17216099798679352,-0.946274995803833,0.45177000761032104
1451267677242,1,-0.21489599347114563,-0.9694739580154419,0.8058599829673767
1451267677262,1,-0.19780199229717255,-0.16117200255393982,-0.38217300176620483
1451267677282,1,-0.10012199729681015,0.40415099263191223,-0.741146981716156
1451267677303,1,0.07692299783229828,0.6959699988365173,-0.5946269631385803
1451267677323,1,0.18559199571609497,0.7020750045776367,-0.15873000025749207
1451267677345,1,0.12209999561309814,0.46886399388313293,0.24175800383090973
1451267677363,1,-0.20757000148296356,0.07936500012874603,0.30158698558807373
1451267677384,1,-0.18803399801254272,-0.01831500045955181,0.17582400143146515
1451267677404,1,-0.035408999770879745,-0.04395600035786629,0.0757019966840744
1451267677424,1,0.1404149979352951,0.010989000089466572,0.06349200010299683
1451267677444,1,0.22832699120044708,0.04273499920964241,0.09279599785804749
1451267677463,1,0.16117200255393982,0.09645900130271912,0.097680002450943
1451267677484,1,0.097680002450943,0.1245419979095459,0.07203900068998337
1451267677504,1,0.054944999516010284,0.08913300186395645,0.010989000089466572
1451267677524,1,0.03663000091910362,0.02319899946451187,-0.04151399806141853
1451267677545,1,0.020756999030709267,-0.021978000178933144,-0.026861999183893204
1451267677564,1,-0.004883999936282635,-0.040293000638484955,0.012210000306367874
1451267677584,1,-0.04151399806141853,-0.035408999770879745,0.07081799954175949
1451267677604,1,-0.0757019966840744,-0.020756999030709267,0.021978000178933144
1451267677624,1,-0.08546999841928482,0.015873000025749207,-0.04639799892902374
1451267677645,1,-0.06227099895477295,0.059829000383615494,-0.050060998648405075
1451267677664,1,-0.05860799923539162,0.054944999516010284,-0.026861999183893204
1451267677689,1,-0.0488400012254715,0.003662999952211976,0.04151399806141853
1451267677705,1,-0.007325999904423952,-0.05372399836778641,0.05372399836778641
1451267677726,1,0.0024419999681413174,-0.07203900068998337,0.04151399806141853
1451267677750,1,-0.010989000089466572,-0.06959699839353561,0.020756999030709267
1451267677765,1,-0.03174600005149841,-0.03296700119972229,0.025640999898314476
1451267677785,1,-0.015873000025749207,-0.02319899946451187,0.04395600035786629
1451267677806,1,-0.008546999655663967,0.01953599974513054,0.035408999770879745
1451267677826,1,0.008546999655663967,0.01953599974513054,0.04273499920964241
1451267677849,1,0.010989000089466572,-0.04395600035786629,0.026861999183893204
1451267677865,1,0.015873000025749207,-0.09523800015449524,0.007325999904423952
1451267677887,1,0.03174600005149841,-0.06593400239944458,0.007325999904423952
1451267677907,1,0.01831500045955181,0.006105000153183937,-0.01953599974513054
1451267677925,1,0.007325999904423952,0.045176997780799866,-0.006105000153183937
1451267677950,1,0.004883999936282635,0.026861999183893204,0.007325999904423952
1451267677967,1,-0.003662999952211976,0.02442000061273575,0.017093999311327934
1451267677987,1,-0.01831500045955181,0.003662999952211976,0.03663000091910362
1451267678007,1,-0.03418799862265587,0.007325999904423952,0.03663000091910362
1451267678028,1,-0.007325999904423952,0.020756999030709267,0.01831500045955181
1451267678046,1,0.01831500045955181,0.03907199949026108,-0.0012209999840706587
1451267678067,1,0.02442000061273575,0.04639799892902374,-0.0024419999681413174
1451267678087,1,0.01831500045955181,0.03907199949026108,0.007325999904423952
1451267678107,1,-0.014651999808847904,-0.010989000089466572,0.012210000306367874
1451267678127,1,-0.013430999591946602,-0.017093999311327934,0.006105000153183937
1451267678147,1,-0.006105000153183937,-0.0024419999681413174,0.00976799987256527
1451267678168,1,-0.013430999591946602,-0.007325999904423952,0.015873000025749207
1451267678188,1,-0.030524998903274536,-0.0012209999840706587,0.02442000061273575
1451267678209,1,-0.040293000638484955,-0.02930399961769581,0.012210000306367874
1451267678232,1,-0.02808300033211708,-0.03663000091910362,0.0024419999681413174
1451267678252,1,-0.008546999655663967,-0.014651999808847904,0.006105000153183937
1451267678269,1,-0.003662999952211976,-0.006105000153183937,0.0
1451267678289,1,-0.013430999591946602,-0.006105000153183937,0.0024419999681413174
1451267678309,1,-0.026861999183893204,-0.003662999952211976,0.0012209999840706587
1451267678330,1,-0.040293000638484955,0.017093999311327934,0.020756999030709267
1451267678349,1,-0.05128199979662895,0.01831500045955181,0.026861999183893204
1451267678369,1,-0.05616600066423416,0.004883999936282635,0.01831500045955181
1451267678389,1,-0.04761900007724762,-0.00976799987256527,0.010989000089466572
1451267678409,1,-0.02808300033211708,-0.012210000306367874,0.013430999591946602
1451267678428,1,0.0012209999840706587,0.021978000178933144,0.0024419999681413174
1451267678454,1,0.003662999952211976,0.02442000061273575,-0.004883999936282635
1451267678469,1,0.004883999936282635,0.01953599974513054,0.0
1451267678489,1,0.0012209999840706587,0.014651999808847904,0.012210000306367874
1451267678510,1,-0.01953599974513054,0.01831500045955181,0.026861999183893204
1451267678530,1,-0.10378500074148178,0.025640999898314476,0.02808300033211708
1451267678550,1,-0.12820500135421753,0.017093999311327934,0.03174600005149841
1451267678570,2,-0.10500600188970566,-0.012210000306367874,0.03418799862265587
1451267678590,2,-0.07814399898052216,-0.04273499920964241,0.02930399961769581
1451267678611,2,-0.05738699808716774,-0.07448099553585052,0.02808300033211708
1451267678630,2,-0.03296700119972229,-0.12209999561309814,0.026861999183893204
1451267678651,2,-0.06227099895477295,-0.06349200010299683,0.06959699839353561
1451267678671,2,-0.09157499670982361,-0.06227099895477295,0.0488400012254715
1451267678691,2,-0.004883999936282635,-0.09401699900627136,0.00976799987256527
1451267678713,2,0.13919399678707123,-0.19169700145721436,0.0
1451267678731,2,0.21245399117469788,-0.1684979945421219,0.04639799892902374
1451267678751,2,0.19291800260543823,-0.33943799138069153,0.0024419999681413174
1451267678771,2,0.08180700242519379,-0.20634900033473969,-0.017093999311327934
1451267678790,2,-0.040293000638484955,0.10988999903202057,0.054944999516010284
1451267678811,2,-0.12698400020599365,0.4774110019207001,0.1684979945421219
1451267678831,2,-0.20634900033473969,0.6739919781684875,0.26739898324012756
1451267678851,2,-0.17216099798679352,0.43101298809051514,0.16605599224567413
1451267678872,2,-0.06104999780654907,0.195360004901886,0.0488400012254715
1451267678891,2,-0.021978000178933144,0.004883999936282635,-0.017093999311327934
1451267678912,2,-0.08424899727106094,-0.06715499609708786,0.013430999591946602
1451267678932,2,-0.16605599224567413,-0.04151399806141853,0.10378500074148178
1451267678953,2,-0.20268599689006805,0.06837599724531174,0.167276993393898
1451267678972,2,-0.020756999030709267,0.26861998438835144,0.09035399556159973
1451267678997,2,0.04151399806141853,0.29426100850105286,0.017093999311327934
1451267679014,2,0.06959699839353561,0.28815600275993347,-0.02808300033211708
1451267679033,2,0.0757019966840744,0.23076899349689484,-0.02319899946451187
1451267679053,2,0.06227099895477295,0.15018299221992493,-0.0012209999840706587
1451267679073,2,-0.0012209999840706587,0.08791200071573257,0.010989000089466572
1451267679094,2,0.021978000178933144,0.12332099676132202,-0.013430999591946602
1451267679117,2,0.097680002450943,0.15873000025749207,-0.040293000638484955
1451267679134,2,0.167276993393898,0.16605599224567413,-0.045176997780799866
1451267679153,2,0.1733819991350174,0.16117200255393982,-0.021978000178933144
1451267679174,2,0.09279599785804749,0.08058600127696991,0.04395600035786629
1451267679194,2,0.07448099553585052,0.04395600035786629,0.040293000638484955
1451267679213,2,0.06959699839353561,-0.015873000025749207,0.012210000306367874
1451267679234,2,0.08180700242519379,-0.09401699900627136,-0.03663000091910362
1451267679254,2,0.10744799673557281,-0.17948700487613678,-0.08058600127696991
1451267679273,2,0.1404149979352951,-0.23687399923801422,-0.11721599847078323
1451267679295,2,0.23565299808979034,-0.38095200061798096,-0.2905980050563812
1451267679314,2,0.30036598443984985,-0.44078099727630615,-0.422465980052948
1451267679334,2,0.42002400755882263,-0.45665398240089417,-0.5824170112609863
1451267679359,2,0.7179480195045471,-0.12820500135421753,0.2649570107460022
1451267679374,2,0.09523800015449524,-1.452989935874939,0.4004879891872406
1451267679395,2,-0.09890099614858627,-1.564100980758667,0.08302799612283707
1451267679414,2,-0.1465200036764145,-0.8095229864120483,-0.05372399836778641
1451267679435,2,-0.34310099482536316,0.18070799112319946,0.03418799862265587
1451267679454,2,-0.33943799138069153,0.7448099851608276,0.17582400143146515
1451267679480,2,-0.1294260025024414,0.782660961151123,0.1355309933423996
1451267679495,2,0.40781399607658386,-0.035408999770879745,-0.2332109957933426
1451267679515,2,0.4652009904384613,-0.2222220003604889,-0.390720009803772
1451267679536,2,0.34310099482536316,-0.2539680004119873,-0.43467599153518677
1451267679556,2,0.09523800015449524,-0.2222220003604889,-0.33333298563957214
1451267679575,2,-0.16971899569034576,-0.17216099798679352,-0.1465200036764145
1451267679595,2,-0.3369959890842438,-0.09279599785804749,0.01953599974513054
1451267679616,2,-0.17093999683856964,0.10378500074148178,0.07203900068998337
1451267679635,2,0.006105000153183937,0.13919399678707123,-0.007325999904423952
1451267679656,2,0.11233200132846832,0.10744799673557281,-0.08058600127696991
1451267679677,2,0.10500600188970566,0.007325999904423952,-0.07203900068998337
1451267679696,2,0.0,-0.09279599785804749,-0.010989000089466572
1451267679717,2,-0.10866899788379669,-0.07448099553585052,0.07326000183820724
1451267679737,2,-0.08302799612283707,0.006105000153183937,0.08302799612283707
1451267679757,2,-0.007325999904423952,0.11599499732255936,0.04761900007724762
1451267679779,2,0.11111100018024445,0.17704500257968903,-0.010989000089466572
1451267679798,2,0.17948700487613678,0.22100099921226501,-0.0757019966840744
1451267679816,2,0.07692299783229828,0.09523800015449524,-0.11843699961900711
1451267679841,2,-0.06593400239944458,0.026861999183893204,-0.03907199949026108
1451267679857,2,-0.19169700145721436,0.030524998903274536,0.06227099895477295
1451267679877,2,-0.26739898324012756,0.1404149979352951,0.1404149979352951
1451267679902,2,-0.22954799234867096,0.47863200306892395,0.167276993393898
1451267679918,2,-0.006105000153183937,0.5262510180473328,0.04639799892902374
1451267679937,2,-0.1355309933423996,0.050060998648405075,-0.07081799954175949
1451267679958,2,-0.17460300028324127,0.04761900007724762,0.02808300033211708
1451267679978,2,-0.10988999903202057,0.05128199979662895,0.040293000638484955
1451267679998,2,-0.1025639995932579,0.1025639995932579,0.05128199979662895
1451267680018,2,-0.11843699961900711,0.13430999219417572,0.06715499609708786
1451267680038,2,-0.021978000178933144,0.1575089991092682,0.04761900007724762
1451267680058,2,0.04395600035786629,0.21367499232292175,0.040293000638484955
1451267680078,2,0.08913300186395645,0.11721599847078323,-0.015873000025749207
1451267680098,2,0.017093999311327934,0.059829000383615494,-0.045176997780799866
1451267680119,2,-0.05372399836778641,0.05128199979662895,-0.04151399806141853
1451267680139,2,0.0024419999681413174,-0.014651999808847904,-0.010989000089466572
1451267680159,2,0.003662999952211976,-0.02808300033211708,-0.012210000306367874
1451267680179,2,-0.015873000025749207,-0.04273499920964241,-0.012210000306367874
1451267680200,2,-0.026861999183893204,-0.09401699900627136,-0.030524998903274536
1451267680220,2,-0.0378509983420372,-0.12820500135421753,-0.04395600035786629
1451267680240,2,-0.05250300094485283,-0.1355309933423996,-0.054944999516010284
1451267680262,2,-0.01953599974513054,-0.04395600035786629,-0.06593400239944458
1451267680279,2,0.05128199979662895,-0.02930399961769581,-0.06593400239944458
1451267680300,2,0.06959699839353561,-0.007325999904423952,-0.06837599724531174
1451267680321,2,0.02930399961769581,-0.008546999655663967,-0.059829000383615494
1451267680341,2,-0.045176997780799866,-0.030524998903274536,-0.026861999183893204
1451267680362,2,-0.08302799612283707,-0.03663000091910362,0.003662999952211976
1451267680379,2,-0.030524998903274536,-0.0024419999681413174,0.0024419999681413174
1451267680401,2,0.02442000061273575,0.014651999808847904,-0.012210000306367874
1451267680421,2,0.06715499609708786,0.04273499920964241,0.0
1451267680441,2,0.07326000183820724,0.015873000025749207,0.02319899946451187
1451267680462,2,0.04273499920964241,-0.03907199949026108,0.04639799892902374
1451267680480,2,0.06837599724531174,-0.06104999780654907,0.02442000061273575
1451267680501,2,0.07936500012874603,-0.07081799954175949,0.01831500045955181
1451267680521,2,0.05738699808716774,-0.0757019966840744,0.017093999311327934
1451267680540,2,0.035408999770879745,-0.12332099676132202,0.026861999183893204
1451267680561,2,0.020756999030709267,-0.19291800260543823,0.021978000178933144
1451267680584,1,0.026861999183893204,-0.22466400265693665,0.012210000306367874
1451267680602,1,0.026861999183893204,-0.2271059900522232,0.02930399961769581
1451267680623,1,0.004883999936282635,-0.21733799576759338,0.054944999516010284
1451267680641,1,-0.050060998648405075,-0.195360004901886,0.059829000383615494
1451267680662,1,-0.12576299905776978,-0.13919399678707123,0.059829000383615494
1451267680687,1,-0.2051279991865158,0.025640999898314476,0.08424899727106094
1451267680702,1,-0.20146499574184418,0.059829000383615494,0.1135529950261116
1451267680723,1,-0.16483499109745026,0.05860799923539162,0.10988999903202057
1451267680747,1,-0.06715499609708786,0.07081799954175949,0.09523800015449524
1451267680762,1,0.02808300033211708,0.050060998648405075,0.05128199979662895
1451267680782,1,0.035408999770879745,0.010989000089466572,0.03174600005149841
1451267680803,1,-0.015873000025749207,-0.07814399898052216,0.04761900007724762
1451267680823,1,-0.035408999770879745,-0.09035399556159973,0.054944999516010284
1451267680843,1,-0.007325999904423952,-0.050060998648405075,0.05860799923539162
1451267680862,1,0.02930399961769581,0.003662999952211976,0.06227099895477295
1451267680883,1,0.04395600035786629,0.02442000061273575,0.07326000183820724
1451267680904,1,0.09401699900627136,0.16117200255393982,0.08791200071573257
1451267680924,1,0.13675199449062347,0.1404149979352951,0.12087900191545486
1451267680945,1,0.08913300186395645,0.014651999808847904,0.1514039933681488
1451267680963,1,-0.03907199949026108,-0.1465200036764145,0.1465200036764145
1451267680984,1,-0.15873000025749207,-0.2380950003862381,0.15873000025749207
1451267681004,1,-0.17216099798679352,-0.045176997780799866,0.17093999683856964
1451267681025,1,-0.08791200071573257,0.05372399836778641,0.16605599224567413
1451267681044,1,-0.012210000306367874,0.12698400020599365,0.15384599566459656
1451267681064,1,0.03907199949026108,0.16361400485038757,0.1404149979352951
1451267681085,1,0.07448099553585052,0.15506699681282043,0.13308899104595184
1451267681104,1,0.11111100018024445,0.10744799673557281,0.02808300033211708
1451267681125,1,0.2332109957933426,-0.026861999183893204,-0.017093999311327934
1451267681146,1,0.21001200377941132,-0.21977999806404114,-0.11111100018024445
1451267681168,1,0.0024419999681413174,-0.27350398898124695,-0.25152599811553955
1451267681186,1,0.10500600188970566,0.7557989954948425,-1.0769219398498535
1451267681206,1,0.9682530164718628,0.5763120055198669,-0.6752129793167114
1451267681225,1,0.4481070041656494,-0.19291800260543823,-0.22466400265693665
1451267681250,1,-0.2441999912261963,-1.0463969707489014,0.28327199816703796
1451267681270,1,-0.7106220126152039,-1.2039059400558472,0.32844898104667664
1451267681286,1,-0.750914990901947,-0.9291809797286987,0.020756999030709267
1451267681306,1,-0.49572598934173584,-0.47374799847602844,-0.1843709945678711
1451267681330,1,0.03296700119972229,0.334553986787796,-0.02442000061273575
1451267681345,1,0.13430999219417572,0.4969469904899597,0.11721599847078323
1451267681365,1,0.07326000183820724,0.4700849950313568,0.21001200377941132
1451267681386,1,-0.06349200010299683,0.308912992477417,0.25641000270843506
1451267681407,1,-0.16483499109745026,0.10012199729681015,0.2698409855365753
1451267681427,1,-0.1135529950261116,-0.11477399617433548,0.1733819991350174
1451267681446,1,-0.00976799987256527,-0.040293000638484955,0.08424899727106094
1451267681467,1,0.08180700242519379,0.05616600066423416,0.040293000638484955
1451267681487,1,0.09157499670982361,0.07203900068998337,0.026861999183893204
1451267681507,1,0.09035399556159973,0.08424899727106094,0.014651999808847904
1451267681529,1,0.10378500074148178,-0.02808300033211708,-0.03296700119972229
1451267681551,1,0.02808300033211708,-0.06959699839353561,-0.0866909995675087
1451267681567,1,-0.026861999183893204,-0.030524998903274536,-0.1245419979095459
1451267681587,1,0.012210000306367874,0.07203900068998337,-0.12209999561309814
1451267681608,1,0.050060998648405075,0.09890099614858627,-0.06593400239944458
1451267681629,1,0.014651999808847904,0.06349200010299683,-0.008546999655663967
1451267681646,1,-0.12087900191545486,-0.097680002450943,0.021978000178933144
1451267681668,1,-0.13919399678707123,-0.09401699900627136,0.03174600005149841
1451267681688,1,-0.10622699558734894,-0.07448099553585052,0.03418799862265587
1451267681715,1,-0.06593400239944458,-0.03174600005149841,0.021978000178933144
1451267681729,1,-0.0488400012254715,0.00976799987256527,0.03663000091910362
1451267681749,1,-0.08302799612283707,-0.004883999936282635,0.04761900007724762
1451267681768,1,-0.0647130012512207,0.02808300033211708,0.0757019966840744
1451267681789,1,-0.030524998903274536,-0.015873000025749207,0.10378500074148178
1451267681809,1,-0.03907199949026108,-0.04273499920964241,0.08180700242519379
1451267681829,1,-0.04761900007724762,-0.007325999904423952,0.05250300094485283
1451267681849,1,0.030524998903274536,0.08302799612283707,0.03663000091910362
1451267681868,1,0.035408999770879745,0.08058600127696991,0.03296700119972229
1451267681889,1,0.020756999030709267,0.0378509983420372,0.040293000638484955
1451267681909,1,-0.0012209999840706587,-0.0024419999681413174,0.0378509983420372
1451267681933,1,-0.015873000025749207,-0.014651999808847904,0.03174600005149841
1451267681949,1,-0.013430999591946602,0.0012209999840706587,0.010989000089466572
1451267681970,1,0.0012209999840706587,0.08913300186395645,0.008546999655663967
1451267681989,1,-0.0012209999840706587,0.07692299783229828,0.012210000306367874
1451267682012,1,0.0024419999681413174,0.05616600066423416,0.010989000089466572
1451267682029,1,0.013430999591946602,0.025640999898314476,0.0024419999681413174
1451267682054,1,0.0,0.004883999936282635,-0.010989000089466572
1451267682070,1,-0.04761900007724762,0.03296700119972229,-0.013430999591946602
1451267682090,1,-0.040293000638484955,0.0488400012254715,-0.003662999952211976
1451267682112,1,-0.01831500045955181,0.01953599974513054,0.02319899946451187
1451267682129,1,-0.010989000089466572,-0.045176997780799866,0.02442000061273575
1451267682151,1,-0.03418799862265587,-0.06837599724531174,-0.0012209999840706587
1451267682171,1,-0.026861999183893204,-0.003662999952211976,0.008546999655663967
1451267682191,1,-0.04639799892902374,-0.021978000178933144,0.015873000025749207
1451267682212,1,-0.07326000183820724,-0.0866909995675087,0.020756999030709267
1451267682231,1,-0.09401699900627136,-0.1562879979610443,0.025640999898314476
1451267682252,1,-0.11599499732255936,-0.19780199229717255,0.03418799862265587
1451267682272,1,-0.14285700023174286,-0.1941390037536621,0.059829000383615494
1451267682292,1,-0.1135529950261116,0.05372399836778641,0.10988999903202057
1451267682312,1,-0.026861999183893204,0.09890099614858627,0.10866899788379669
1451267682332,1,0.013430999591946602,0.11965800076723099,0.05250300094485283
1451267682352,1,0.012210000306367874,0.10012199729681015,0.007325999904423952
1451267682372,1,-0.025640999898314476,0.0647130012512207,0.014651999808847904
1451267682398,1,-0.03418799862265587,-0.0012209999840706587,0.08913300186395645
1451267682413,1,-0.012210000306367874,-0.012210000306367874,0.08058600127696991
1451267682432,1,-0.004883999936282635,-0.021978000178933144,0.06104999780654907
1451267682452,1,-0.0012209999840706587,-0.003662999952211976,0.03907199949026108
1451267682472,1,0.01953599974513054,0.014651999808847904,0.02319899946451187
1451267682492,1,-0.017093999311327934,-0.03907199949026108,0.02442000061273575
1451267682516,1,-0.006105000153183937,-0.059829000383615494,0.007325999904423952
1451267682532,1,0.04395600035786629,-0.06104999780654907,-0.020756999030709267
1451267682552,1,0.06715499609708786,-0.045176997780799866,-0.05128199979662895
1451267682573,1,0.06227099895477295,-0.01831500045955181,-0.06104999780654907
1451267682597,2,0.05128199979662895,-0.013430999591946602,-0.040293000638484955
1451267682613,2,0.07326000183820724,-0.012210000306367874,-0.08180700242519379
1451267682633,2,0.09523800015449524,0.012210000306367874,-0.06837599724531174
1451267682654,2,0.09523800015449524,0.003662999952211976,-0.03663000091910362
1451267682674,2,0.07203900068998337,-0.004883999936282635,-0.021978000178933144
1451267682693,2,0.08058600127696991,0.003662999952211976,-0.021978000178933144
1451267682712,2,0.10500600188970566,0.04273499920964241,-0.014651999808847904
1451267682734,2,0.10378500074148178,0.06959699839353561,0.025640999898314476
1451267682754,2,0.11233200132846832,0.09523800015449524,0.045176997780799866
1451267682779,2,0.1355309933423996,0.10500600188970566,0.04151399806141853
1451267682800,2,0.15995100140571594,0.1025639995932579,0.026861999183893204
1451267682814,2,0.13919399678707123,0.03296700119972229,0.04761900007724762
1451267682839,2,0.09401699900627136,-0.015873000025749207,0.05372399836778641
1451267682855,2,0.05860799923539162,-0.035408999770879745,0.05128199979662895
1451267682880,2,0.04395600035786629,-0.021978000178933144,0.050060998648405075
1451267682896,2,0.04639799892902374,0.003662999952211976,0.040293000638484955
1451267682915,2,0.06227099895477295,0.04273499920964241,0.01953599974513054
1451267682997,2,0.11721599847078323,0.0757019966840744,-0.013430999591946602
1451267683011,2,0.10744799673557281,0.04273499920964241,-0.013430999591946602
1451267683017,2,0.07448099553585052,0.015873000025749207,-0.006105000153183937
1451267683026,2,0.04639799892902374,0.00976799987256527,0.007325999904423952
1451267683036,2,0.01831500045955181,0.01953599974513054,0.003662999952211976
1451267683044,2,0.013430999591946602,0.07081799954175949,-0.050060998648405075
1451267683061,2,0.03174600005149841,0.09279599785804749,-0.08546999841928482
1451267683076,2,0.05128199979662895,0.10744799673557281,-0.1135529950261116
1451267683095,2,0.11843699961900711,-0.4859579801559448,-0.1733819991350174
1451267683115,2,0.09401699900627136,-0.5470079779624939,0.10866899788379669
1451267683136,2,-0.17948700487613678,-1.1477400064468384,0.1843709945678711
1451267683155,2,0.0,-0.7924289703369141,0.1465200036764145
1451267683176,2,-0.06227099895477295,-0.18681299686431885,0.17704500257968903
1451267683195,2,-0.20634900033473969,0.5030519962310791,0.41269800066947937
1451267683216,2,-0.21977999806404114,0.8461529612541199,0.5470079779624939
1451267683236,2,-0.07448099553585052,0.6874229907989502,0.39194098114967346
1451267683257,2,0.3956039845943451,-0.11599499732255936,-0.40659299492836
1451267683279,2,0.4603169858455658,-0.22588500380516052,-0.5274720191955566
1451267683297,2,0.33211198449134827,-0.2002439945936203,-0.422465980052948
1451267683318,2,0.054944999516010284,-0.11843699961900711,-0.21245399117469788
1451267683337,2,-0.2222220003604889,-0.0757019966840744,-0.03174600005149841
1451267683358,2,-0.2661779820919037,0.08180700242519379,0.04395600035786629
1451267683378,2,-0.09523800015449524,0.13430999219417572,-0.02930399961769581
1451267683397,2,0.035408999770879745,0.11721599847078323,-0.09279599785804749
1451267683418,2,0.0488400012254715,0.05372399836778641,-0.09401699900627136
1451267683438,2,-0.026861999183893204,-0.02930399961769581,-0.03418799862265587
1451267683459,2,-0.16483499109745026,-0.06715499609708786,0.059829000383615494
1451267683479,2,-0.12820500135421753,-0.007325999904423952,0.06715499609708786
1451267683502,2,-0.07936500012874603,0.05616600066423416,0.0647130012512207
1451267683519,2,-0.021978000178933144,0.06837599724531174,0.07448099553585052
1451267683539,2,0.0012209999840706587,0.04151399806141853,0.06837599724531174
1451267683562,2,-0.004883999936282635,0.03174600005149841,0.03174600005149841
1451267683579,2,-0.07936500012874603,0.030524998903274536,0.035408999770879745
1451267683600,2,-0.10500600188970566,0.0488400012254715,0.05128199979662895
1451267683619,2,-0.07692299783229828,0.04761900007724762,0.04273499920964241
1451267683640,2,0.006105000153183937,0.06837599724531174,0.0
1451267683659,2,0.07692299783229828,0.05372399836778641,-0.04639799892902374
1451267683681,2,-0.006105000153183937,0.007325999904423952,-0.045176997780799866
1451267683704,2,-0.06959699839353561,-0.0024419999681413174,-0.02808300033211708
1451267683719,2,-0.09035399556159973,-0.010989000089466572,-0.00976799987256527
1451267683740,2,-0.0757019966840744,0.0024419999681413174,-0.010989000089466572
1451267683759,2,-0.04761900007724762,0.015873000025749207,-0.015873000025749207
1451267683780,2,-0.004883999936282635,0.030524998903274536,-0.021978000178933144
1451267683803,2,0.0012209999840706587,0.010989000089466572,-0.02319899946451187
1451267683824,2,-0.025640999898314476,-0.01953599974513054,-0.00976799987256527
1451267683841,2,-0.04639799892902374,-0.02930399961769581,0.008546999655663967
1451267683860,2,-0.03174600005149841,-0.01831500045955181,0.025640999898314476
1451267683880,2,-0.003662999952211976,-0.010989000089466572,-0.004883999936282635
1451267683901,2,0.010989000089466572,-0.02319899946451187,-0.004883999936282635
1451267683921,2,0.014651999808847904,-0.020756999030709267,0.014651999808847904
1451267683941,2,0.0024419999681413174,-0.014651999808847904,0.03174600005149841
1451267683962,2,-0.007325999904423952,-0.010989000089466572,0.014651999808847904
1451267683981,2,-0.020756999030709267,-0.006105000153183937,0.0
1451267684002,2,-0.010989000089466572,0.021978000178933144,0.03174600005149841
1451267684022,2,-0.010989000089466572,0.03663000091910362,0.03907199949026108
1451267684041,2,0.0024419999681413174,0.01953599974513054,0.01831500045955181
1451267684062,2,0.0024419999681413174,0.007325999904423952,0.013430999591946602
1451267684081,2,-0.012210000306367874,0.0012209999840706587,0.03174600005149841
1451267684105,2,-0.02442000061273575,0.008546999655663967,0.035408999770879745
1451267684124,2,0.02930399961769581,0.006105000153183937,-0.007325999904423952
1451267684145,2,0.050060998648405075,-0.01953599974513054,-0.03418799862265587
1451267684165,2,-0.0024419999681413174,-0.04395600035786629,-0.008546999655663967
1451267684184,2,-0.05616600066423416,-0.007325999904423952,0.07081799954175949
1451267684205,2,-0.017093999311327934,0.007325999904423952,0.02930399961769581
1451267684226,2,0.017093999311327934,0.010989000089466572,-0.010989000089466572
1451267684245,2,0.012210000306367874,-0.015873000025749207,0.0024419999681413174
1451267684265,2,-0.01953599974513054,-0.017093999311327934,0.02808300033211708
1451267684286,2,-0.010989000089466572,-0.012210000306367874,0.0
1451267684305,2,-0.017093999311327934,-0.01831500045955181,-0.00976799987256527
1451267684325,2,-0.02930399961769581,0.014651999808847904,0.02442000061273575
1451267684345,2,-0.020756999030709267,0.030524998903274536,0.04639799892902374
1451267684365,2,-0.0012209999840706587,0.012210000306367874,0.012210000306367874
1451267684386,2,0.008546999655663967,-0.003662999952211976,-0.013430999591946602
1451267684406,2,-0.017093999311327934,0.010989000089466572,0.014651999808847904
1451267684426,2,-0.014651999808847904,0.017093999311327934,0.017093999311327934
1451267684446,2,0.012210000306367874,0.02930399961769581,-0.003662999952211976
1451267684465,2,0.012210000306367874,0.021978000178933144,-0.0012209999840706587
1451267684492,2,-0.026861999183893204,0.017093999311327934,0.02808300033211708
1451267684506,2,-0.05860799923539162,0.013430999591946602,0.021978000178933144
1451267684529,2,-0.01831500045955181,0.0024419999681413174,-0.007325999904423952
1451267684549,2,-0.006105000153183937,-0.006105000153183937,-0.006105000153183937
1451267684570,2,-0.02930399961769581,0.007325999904423952,0.01953599974513054
1451267684590,2,-0.04151399806141853,0.00976799987256527,0.03663000091910362
1451267684610,2,-0.004883999936282635,-0.0012209999840706587,-0.017093999311327934
