1451268657233,1,0.38095200061798096,0.5335769653320313,-0.02808300033211708
1451268657250,1,0.29426100850105286,0.3748469948768616,0.004883999936282635
1451268657271,1,0.1684979945421219,0.28815600275993347,0.07203900068998337
1451268657291,1,0.0012209999840706587,0.16117200255393982,0.1355309933423996
1451268657365,1,-0.13919399678707123,-0.0757019966840744,0.1355309933423996
1451268657377,1,-0.211232990026474,-0.35409000515937805,0.10866899788379669
1451268657381,1,-0.13186800479888916,-0.4004879891872406,0.1355309933423996
1451268657389,1,-0.06227099895477295,-0.44078099727630615,0.13919399678707123
1451268657397,1,-0.015873000025749207,-0.35531100630760193,0.0647130012512207
1451268657411,1,0.07203900068998337,-0.12332099676132202,-0.015873000025749207
1451268657432,1,0.29426100850105286,0.21489599347114563,-0.03907199949026108
1451268657451,1,0.2527469992637634,0.12820500135421753,-0.02442000061273575
1451268657472,1,0.12698400020599365,-0.007325999904423952,-0.021978000178933144
1451268657492,1,0.050060998648405075,-0.07814399898052216,0.013430999591946602
1451268657512,1,0.030524998903274536,-0.08302799612283707,0.07448099553585052
1451268657532,1,0.03907199949026108,-0.03663000091910362,0.1135529950261116
1451268657552,1,-0.012210000306367874,-0.07814399898052216,0.15262499451637268
1451268657573,1,-0.0012209999840706587,-0.02442000061273575,0.15995100140571594
1451268657593,1,0.017093999311327934,0.04273499920964241,0.1562879979610443
1451268657613,1,0.05738699808716774,0.02442000061273575,0.17216099798679352
1451268657633,1,0.08791200071573257,-0.05128199979662895,0.21733799576759338
1451268657652,1,0.02930399961769581,-0.13064700365066528,0.3137969970703125
1451268657673,1,-0.03907199949026108,-0.1245419979095459,0.3357749879360199
1451268657693,1,-0.05616600066423416,-0.08913300186395645,0.3040289878845215
1451268657713,1,-0.03296700119972229,-0.025640999898314476,0.2649570107460022
1451268657738,1,0.004883999936282635,0.04273499920964241,0.2503049969673157
1451268657753,1,-0.0378509983420372,0.003662999952211976,0.22954799234867096
1451268657774,1,-0.15018299221992493,-0.02930399961769581,0.16361400485038757
1451268657794,1,-0.1941390037536621,0.03663000091910362,0.04151399806141853
1451268657814,1,-0.059829000383615494,0.16117200255393982,-0.020756999030709267
1451268657834,1,0.06959699839353561,-0.0024419999681413174,-0.20634900033473969
1451268657853,1,-0.18070799112319946,-0.36996299028396606,-0.6104999780654907
1451268657874,1,-0.21855899691581726,0.9572640061378479,-1.8278369903564453
1451268657895,1,1.0073249340057373,1.4249069690704346,-1.1062259674072266
1451268657918,1,0.6654449701309204,0.781440019607544,-0.3772889971733093
1451268657934,1,-0.40659299492836,-0.03663000091910362,0.24053700268268585
1451268657959,1,-1.0354080200195313,-0.4664219915866852,0.586080014705658
1451268657975,1,-0.9804629683494568,-0.4652009904384613,0.23931600153446198
1451268657995,1,-0.4871789813041687,-0.11843699961900711,-0.19169700145721436
1451268658017,1,0.10622699558734894,0.2588520050048828,-0.3199020028114319
1451268658034,1,0.5421239733695984,0.5274720191955566,-0.2161169946193695
1451268658055,1,0.6410250067710876,0.5775330066680908,-0.015873000025749207
1451268658075,1,0.0757019966840744,0.299144983291626,0.3137969970703125
1451268658095,1,-0.2527469992637634,0.04639799892902374,0.39682498574256897
1451268658115,1,-0.4212450087070465,-0.15506699681282043,0.3736259937286377
1451268658135,1,-0.39194098114967346,-0.17704500257968903,0.31135499477386475
1451268658156,1,-0.19780199229717255,-0.008546999655663967,0.24542099237442017
1451268658176,1,0.07936500012874603,0.1562879979610443,0.23687399923801422
1451268658196,1,0.32722800970077515,0.36996299028396606,0.22466400265693665
1451268658222,1,0.24542099237442017,0.29426100850105286,0.19780199229717255
1451268658236,1,0.10622699558734894,0.13919399678707123,0.15018299221992493
1451268658256,1,-0.008546999655663967,0.007325999904423952,0.11233200132846832
1451268658277,1,-0.07936500012874603,-0.04761900007724762,0.10378500074148178
1451268658296,1,-0.010989000089466572,-0.02930399961769581,0.11965800076723099
1451268658317,1,0.04639799892902374,0.05860799923539162,0.11843699961900711
1451268658337,1,0.09035399556159973,0.11965800076723099,0.09401699900627136
1451268658357,1,0.10378500074148178,0.1514039933681488,0.05250300094485283
1451268658377,1,0.07692299783229828,0.17093999683856964,-0.013430999591946602
1451268658397,1,0.07203900068998337,0.1575089991092682,0.017093999311327934
1451268658418,1,0.08913300186395645,0.09523800015449524,0.09890099614858627
1451268658438,1,0.09035399556159973,0.06227099895477295,0.1355309933423996
1451268658458,1,0.12209999561309814,0.050060998648405075,0.14163599908351898
1451268658478,1,0.16971899569034576,0.1025639995932579,0.09645900130271912
1451268658500,1,0.22344300150871277,0.15506699681282043,0.06715499609708786
1451268658517,1,0.19169700145721436,0.09157499670982361,0.10622699558734894
1451268658538,1,0.14407800137996674,0.08180700242519379,0.12332099676132202
1451268658558,1,0.11965800076723099,0.08913300186395645,0.10012199729681015
1451268658578,1,0.12698400020599365,0.09523800015449524,0.06593400239944458
1451268658599,1,0.12576299905776978,0.07203900068998337,0.017093999311327934
1451268658618,1,0.03907199949026108,0.021978000178933144,0.025640999898314476
1451268658644,1,-0.035408999770879745,0.010989000089466572,0.04639799892902374
1451268658663,1,-0.10866899788379669,-0.0488400012254715,0.0488400012254715
1451268658679,1,-0.12087900191545486,-0.11111100018024445,0.00976799987256527
1451268658699,1,-0.03907199949026108,-0.1355309933423996,-0.059829000383615494
1451268658718,1,0.0757019966840744,-0.1245419979095459,-0.20757000148296356
1451268658739,1,0.03418799862265587,-0.10500600188970566,-0.24175800383090973
1451268658759,1,-0.04151399806141853,-0.08546999841928482,-0.2380950003862381
1451268658779,1,-0.09890099614858627,-0.07326000183820724,-0.23443199694156647
1451268658800,1,-0.12820500135421753,-0.07203900068998337,-0.26739898324012756
1451268658819,1,-0.1135529950261116,-0.09279599785804749,-0.3638579845428467
1451268658840,1,0.01953599974513054,-0.1452990025281906,-0.5897430181503296
1451268658860,1,0.08058600127696991,-0.15018299221992493,-0.6459090113639832
1451268658880,1,0.08424899727106094,-0.14407800137996674,-0.6605609655380249
1451268658901,1,0.0378509983420372,-0.11477399617433548,-0.6630029678344727
1451268658920,1,-0.021978000178933144,-0.05738699808716774,-0.6849809885025024
1451268658940,1,-0.06715499609708786,-0.050060998648405075,-0.8021969795227051
1451268658961,1,-0.012210000306367874,-0.08180700242519379,-0.8485949635505676
1451268658982,1,0.05372399836778641,-0.10134299844503403,-0.8754569888114929
1451268659000,1,0.0866909995675087,-0.12820500135421753,-0.8937720060348511
1451268659021,1,0.08180700242519379,-0.15018299221992493,-0.9108659625053406
1451268659041,1,0.045176997780799866,-0.10988999903202057,-0.9194129705429077
1451268659061,1,0.02319899946451187,-0.10134299844503403,-0.9536010026931763
1451268659081,1,-0.006105000153183937,-0.15018299221992493,-1.0244189500808716
1451268659103,2,0.0024419999681413174,-0.23076899349689484,-1.0744799375534058
1451268659121,2,0.07203900068998337,-0.34798499941825867,-1.0940159559249878
1451268659142,2,0.1404149979352951,-0.5115990042686462,-1.109889030456543
1451268659162,2,-0.06349200010299683,-0.7350419759750366,-1.0952370166778564
1451268659182,2,-0.10012199729681015,-0.7325999736785889,-1.1050050258636475
1451268659201,2,-0.09035399556159973,-0.7545779943466187,-1.0598280429840088
1451268659222,2,-0.021978000178933144,-0.770451009273529,-1.0256400108337402
1451268659243,2,0.025640999898314476,-0.9035400152206421,-1.0329660177230835
1451268659262,2,-0.1514039933681488,-1.109889030456543,-0.9987779855728149
1451268659283,2,-0.27228298783302307,-1.0244189500808716,-0.9487169981002808
1451268659306,2,-0.37606799602508545,-0.8937720060348511,-0.9401699900627136
1451268659323,2,-0.3992669880390167,-0.7350419759750366,-1.0061039924621582
1451268659347,2,-0.36019498109817505,-0.5738700032234192,-1.0988999605178833
1451268659363,2,-0.20146499574184418,-0.07081799954175949,-1.1355299949645996
1451268659383,2,-0.1465200036764145,0.2588520050048828,-1.04761803150177
1451268659402,2,-0.15873000025749207,0.5274720191955566,-0.9218549728393555
1451268659423,2,-0.20268599689006805,0.669107973575592,-0.8522579669952393
1451268659448,2,-0.20879100263118744,0.6678869724273682,-0.822953999042511
1451268659468,2,-0.18803399801254272,0.5604389905929565,-0.8009759783744812
1451268659484,2,-0.03907199949026108,0.2539680004119873,-0.7973129749298096
1451268659503,2,0.05250300094485283,0.18681299686431885,-0.8119649887084961
1451268659524,2,0.1355309933423996,0.16361400485038757,-0.8595839738845825
1451268659544,2,0.211232990026474,0.12087900191545486,-0.946274995803833
1451268659564,2,0.2539680004119873,0.0647130012512207,-0.9999989867210388
1451268659583,2,0.23443199694156647,-0.015873000025749207,-0.904761016368866
1451268659604,2,0.20268599689006805,0.014651999808847904,-0.8095229864120483
1451268659624,2,0.18681299686431885,0.02808300033211708,-0.7985339760780334
1451268659644,2,0.20757000148296356,-0.015873000025749207,-0.8681309819221497
1451268659667,2,0.2490839958190918,-0.07814399898052216,-0.9816839694976807
1451268659684,2,0.3028079867362976,0.015873000025749207,-1.057386040687561
1451268659705,2,0.3296699821949005,0.10134299844503403,-1.0744799375534058
1451268659725,2,0.3369959890842438,0.17093999683856964,-1.0891319513320923
1451268659745,2,0.29548200964927673,0.14285700023174286,-1.1147730350494385
1451268659767,2,0.21245399117469788,-0.008546999655663967,-1.1880329847335815
1451268659784,2,0.1355309933423996,-0.18070799112319946,-1.3626359701156616
1451268659809,2,0.07936500012874603,-0.15384599566459656,-1.4065920114517212
1451268659826,2,0.05250300094485283,-0.11843699961900711,-1.4407799243927002
1451268659846,2,0.07692299783229828,-0.12576299905776978,-1.481073021888733
1451268659872,2,0.07692299783229828,-0.4761900007724762,-0.014651999808847904
1451268659886,2,-0.28449299931526184,-1.6837589740753174,-0.3369959890842438
1451268659906,2,0.3235650062561035,-0.25152599811553955,-1.531134009361267
1451268659926,2,0.17093999683856964,0.14285700023174286,-1.666664958000183
1451268659946,2,-0.07814399898052216,0.04395600035786629,-1.6910849809646606
1451268659966,2,-0.11233200132846832,-0.2551890015602112,-1.3833929300308228
1451268659986,2,-0.007325999904423952,-0.4114769995212555,-0.9865679740905762
1451268660006,2,-0.09279599785804749,-0.45054900646209717,-0.9108659625053406
1451268660026,2,-0.195360004901886,-0.39682498574256897,-1.0793639421463013
1451268660047,2,-0.22466400265693665,-0.3150179982185364,-1.2039059400558472
1451268660067,2,-0.18070799112319946,-0.2380950003862381,-1.235651969909668
1451268660086,2,-0.10988999903202057,-0.17460300028324127,-1.1916959285736084
1451268660107,2,-0.04395600035786629,-0.13308899104595184,-1.1648340225219727
1451268660127,2,-0.07203900068998337,-0.21001200377941132,-1.2417570352554321
1451268660148,2,-0.10134299844503403,-0.33333298563957214,-1.2869340181350708
1451268660168,2,-0.1294260025024414,-0.4285709857940674,-1.2783869504928589
1451268660188,2,-0.13675199449062347,-0.4761900007724762,-1.2307679653167725
1451268660208,2,-0.13186800479888916,-0.4774110019207001,-1.1807069778442383
1451268660228,2,-0.15384599566459656,-0.4444440007209778,-1.0854690074920654
1451268660248,2,-0.22100099921226501,-0.41391900181770325,-1.1025630235671997
1451268660267,2,-0.2857140004634857,-0.3247860074043274,-1.1172150373458862
1451268660288,2,-0.28327199816703796,-0.24664199352264404,-1.163612961769104
1451268660309,2,-0.19047600030899048,-0.01953599974513054,-1.2271050214767456
1451268660329,2,-0.01831500045955181,0.3199020028114319,-1.0683749914169312
1451268660348,2,0.004883999936282635,0.09035399556159973,-0.9670320153236389
1451268660368,2,0.054944999516010284,-0.1355309933423996,-1.018314003944397
1451268660389,2,-0.07448099553585052,-0.5018309950828552,-0.8986560106277466
1451268660409,2,-0.27350398898124695,-1.0842479467391968,-1.039070963859558
1451268660429,2,-0.21367499232292175,-0.8778989911079407,-1.1758229732513428
1451268660450,2,-0.006105000153183937,-0.5006099939346313,-1.1953589916229248
1451268660470,2,0.21977999806404114,-0.2222220003604889,-1.1489609479904175
1451268660490,2,0.44688600301742554,-0.09035399556159973,-1.0634909868240356
1451268660509,2,0.5885220170021057,-0.09523800015449524,-0.9731369614601135
1451268660530,2,0.6007319688796997,-0.3028079867362976,-0.8815619945526123
1451268660557,2,0.26251500844955444,-0.7765560150146484,-0.8461529612541199
1451268660569,2,0.13186800479888916,-0.7252739667892456,-0.8144069910049438
1451268660589,2,0.10866899788379669,-0.40292999148368835,-0.7081800103187561
1451268660609,2,0.0024419999681413174,0.059829000383615494,-0.5714280009269714
1451268660639,2,-0.14774100482463837,0.3369959890842438,-0.47252699732780457
1451268660650,2,0.22100099921226501,0.1892549991607666,-0.35531100630760193
1451268660670,2,0.4590959846973419,-0.07448099553585052,-0.3028079867362976
1451268660690,2,0.5030519962310791,-0.37606799602508545,-0.3504270017147064
1451268660710,2,0.44566500186920166,-0.5152620077133179,-0.4212450087070465
1451268660731,2,0.3565320074558258,-0.42979198694229126,-0.4493280053138733
1451268660750,2,0.195360004901886,0.1684979945421219,-0.3736259937286377
1451268660770,2,0.1404149979352951,0.28449299931526184,-0.36507898569107056
1451268660791,2,0.05738699808716774,0.3675209879875183,-0.3028079867362976
1451268660811,2,-0.07081799954175949,0.334553986787796,-0.1941390037536621
1451268660833,2,-0.1514039933681488,0.17216099798679352,-0.08302799612283707
1451268660851,2,-0.10988999903202057,-0.06349200010299683,0.025640999898314476
1451268660871,2,0.020756999030709267,-0.1245419979095459,0.19169700145721436
1451268660891,2,-0.004883999936282635,0.08913300186395645,0.20634900033473969
1451268660912,2,-0.07448099553585052,0.36507898569107056,0.18681299686431885
1451268660931,2,-0.10744799673557281,0.5225880146026611,0.1465200036764145
1451268660952,2,-0.08058600127696991,0.44200199842453003,0.10622699558734894
1451268660972,2,-0.07692299783229828,-0.04273499920964241,0.06837599724531174
1451268660992,2,-0.11111100018024445,-0.06349200010299683,0.1294260025024414
1451268661012,2,-0.15018299221992493,0.020756999030709267,0.19291800260543823
1451268661034,2,-0.15873000025749207,0.09890099614858627,0.19780199229717255
1451268661052,2,-0.1404149979352951,0.09645900130271912,0.1684979945421219
1451268661073,2,-0.09890099614858627,-0.10988999903202057,0.11965800076723099
1451268661093,2,-0.13430999219417572,-0.10988999903202057,0.17460300028324127
1451268661113,2,-0.23565299808979034,0.00976799987256527,0.24664199352264404
1451268661133,1,-0.334553986787796,0.15995100140571594,0.2857140004634857
1451268661152,1,-0.2967030107975006,0.29548200964927673,0.24053700268268585
1451268661174,1,-0.12820500135421753,0.36507898569107056,0.13430999219417572
1451268661194,1,0.1782660037279129,0.20146499574184418,-0.07448099553585052
1451268661214,1,0.1782660037279129,0.010989000089466572,-0.14285700023174286
1451268661234,1,0.15873000025749207,-0.14163599908351898,-0.18314999341964722
1451268661253,1,0.18314999341964722,-0.18803399801254272,-0.20268599689006805
1451268661274,1,0.23687399923801422,-0.14285700023174286,-0.20757000148296356
1451268661294,1,0.26861998438835144,0.08913300186395645,-0.19658099114894867
1451268661315,1,0.24175800383090973,0.18314999341964722,-0.1782660037279129
1451268661334,1,0.2319899946451187,0.20634900033473969,-0.15384599566459656
1451268661354,1,0.23076899349689484,0.11111100018024445,-0.097680002450943
1451268661374,1,0.1941390037536621,-0.0488400012254715,-0.03663000091910362
1451268661395,1,0.06104999780654907,-0.10744799673557281,0.05616600066423416
1451268661417,1,0.00976799987256527,0.010989000089466572,0.09523800015449524
1451268661434,1,0.008546999655663967,0.09279599785804749,0.09401699900627136
1451268661455,1,0.08546999841928482,0.05128199979662895,0.10866899788379669
1451268661475,1,0.195360004901886,-0.0866909995675087,0.14407800137996674
1451268661495,1,0.24175800383090973,-0.2490839958190918,0.16605599224567413
1451268661517,1,-0.10744799673557281,-0.059829000383615494,0.3040289878845215
1451268661535,1,-0.16971899569034576,-0.08913300186395645,0.2857140004634857
1451268661555,1,-0.2747249901294708,-0.13308899104595184,0.2441999912261963
1451268661579,1,-0.2588520050048828,-0.12209999561309814,0.32112300395965576
1451268661596,1,-0.1514039933681488,-0.10378500074148178,0.42979198694229126
1451268661616,1,-0.12820500135421753,-0.19658099114894867,0.5848590135574341
1451268661635,1,-0.15384599566459656,-0.19902299344539642,0.6446880102157593
1451268661656,1,-0.1892549991607666,-0.2600730061531067,0.7081800103187561
1451268661676,1,-0.15873000025749207,-0.26251500844955444,0.699633002281189
1451268661696,1,-0.012210000306367874,-0.25641000270843506,0.6654449701309204
1451268661717,1,0.25763100385665894,-0.2808299958705902,0.38217300176620483
1451268661736,1,0.3724049925804138,-0.19169700145721436,0.3296699821949005
1451268661757,1,0.4554329812526703,-0.17093999683856964,0.2967030107975006
1451268661777,1,0.44566500186920166,-0.20757000148296356,0.28937700390815735
1451268661797,1,0.5604389905929565,-0.31623899936676025,0.23931600153446198
1451268661822,1,0.8437110185623169,-0.5641019940376282,0.1355309933423996
1451268661837,1,0.09645900130271912,-1.0744799375534058,-1.2075690031051636
1451268661857,1,0.7289369702339172,1.0561649799346924,-1.2344310283660889
1451268661877,1,1.3113540410995483,0.7387049794197083,-1.2100110054016113
1451268661900,1,0.3797309994697571,0.299144983291626,-0.4615379869937897
1451268661917,1,-0.5286930203437805,-0.3846150040626526,0.647130012512207
1451268661938,1,-1.2441990375518799,-0.8730149865150452,1.1318669319152832
1451268661958,1,-1.09157395362854,-0.3833940029144287,0.33821699023246765
1451268661978,1,-0.6532350182533264,0.32600700855255127,-0.35531100630760193
1451268662001,1,-0.13797299563884735,0.864467978477478,-0.6581189632415771
1451268662018,1,0.20268599689006805,1.119657039642334,-0.5347979664802551
1451268662038,1,0.0378509983420372,0.7948709726333618,0.24175800383090973
1451268662058,1,-0.29548200964927673,0.34920600056648254,0.5299140214920044
1451268662078,1,-0.5421239733695984,0.017093999311327934,0.7032960057258606
1451268662101,1,-0.6141629815101624,-0.10378500074148178,0.7887659668922424
1451268662119,1,-0.5579969882965088,-0.09645900130271912,0.7863239645957947
1451268662138,1,-0.46764299273490906,0.07692299783229828,0.7191689610481262
1451268662159,1,-0.3882780075073242,0.32234400510787964,0.6630029678344727
1451268662179,1,-0.318681001663208,0.2380950003862381,0.647130012512207
1451268662199,1,-0.2857140004634857,0.06227099895477295,0.6923069953918457
1451268662219,1,-0.3076919913291931,-0.1733819991350174,0.7179480195045471
1451268662239,1,-0.2869350016117096,-0.3528690040111542,0.7045170068740845
1451268662259,1,0.017093999311327934,-0.24542099237442017,0.6923069953918457
1451268662279,1,0.10744799673557281,-0.08791200071573257,0.6959699988365173
1451268662299,1,0.08180700242519379,-0.03174600005149841,0.6825389862060547
1451268662320,1,-0.020756999030709267,0.03296700119972229,0.6483510136604309
1451268662340,1,-0.1294260025024414,0.18070799112319946,0.6312569975852966
1451268662360,1,-0.22344300150871277,0.36996299028396606,0.5470079779624939
1451268662380,1,-0.21489599347114563,0.15384599566459656,0.3846150040626526
1451268662400,1,-0.1355309933423996,-0.15995100140571594,0.28449299931526184
1451268662420,1,-0.07692299783229828,-0.36019498109817505,0.299144983291626
1451268662446,1,-0.04639799892902374,-0.34798499941825867,0.334553986787796
1451268662467,1,-0.017093999311327934,0.13797299563884735,0.3797309994697571
1451268662480,1,0.02319899946451187,0.3748469948768616,0.3785099983215332
1451268662501,1,0.08913300186395645,0.5799750089645386,0.42002400755882263
1451268662521,1,0.2051279991865158,0.6202679872512817,0.5274720191955566
1451268662541,1,0.2551890015602112,0.647130012512207,0.6031739711761475
1451268662561,1,0.21489599347114563,0.699633002281189,0.6312569975852966
1451268662581,1,0.4590959846973419,0.36996299028396606,0.45787498354911804
1451268662602,1,0.7008540034294128,0.167276993393898,0.3846150040626526
1451268662622,1,0.7692300081253052,-0.010989000089466572,0.3736259937286377
1451268662641,1,0.659339964389801,-0.15262499451637268,0.3882780075073242
1451268662661,1,0.4383389949798584,-0.15873000025749207,0.43589699268341064
1451268662682,1,-0.097680002450943,0.24786299467086792,0.6410250067710876
1451268662702,1,-0.22344300150871277,0.48473697900772095,0.7484729886054993
1451268662722,1,-0.26129400730133057,0.5604389905929565,0.8107439875602722
1451268662749,1,-0.2380950003862381,0.39804598689079285,0.781440019607544
1451268662763,1,-0.15873000025749207,0.15018299221992493,0.7008540034294128
1451268662784,1,0.06959699839353561,-0.05128199979662895,0.5579969882965088
1451268662806,1,0.11477399617433548,0.03296700119972229,0.5067149996757507
1451268662823,1,0.13430999219417572,0.18803399801254272,0.44078099727630615
1451268662843,1,0.17460300028324127,0.37118399143218994,0.3846150040626526
1451268662863,1,0.21489599347114563,0.4981679916381836,0.38095200061798096
1451268662889,1,0.21245399117469788,0.4883999824523926,0.416361004114151
1451268662902,1,0.03418799862265587,0.3076919913291931,0.5372399687767029
1451268662923,1,-0.07203900068998337,0.2332109957933426,0.5628809928894043
1451268662943,1,-0.1355309933423996,0.2161169946193695,0.5543339848518372
1451268662964,1,-0.13064700365066528,0.24175800383090973,0.5152620077133179
1451268662984,1,-0.09890099614858627,0.28327199816703796,0.4481070041656494
1451268663004,1,0.025640999898314476,0.27838799357414246,0.36629998683929443
1451268663023,1,0.04761900007724762,0.26739898324012756,0.35897400975227356
1451268663044,1,0.013430999591946602,0.25763100385665894,0.3406589925289154
1451268663064,1,-0.07936500012874603,0.22344300150871277,0.30158698558807373
1451268663089,1,-0.15262499451637268,0.21001200377941132,0.26251500844955444
1451268663105,1,-0.08913300186395645,0.2380950003862381,0.211232990026474
1451268663124,1,-0.04273499920964241,0.29426100850105286,0.1623930037021637
1451268663145,1,0.040293000638484955,0.31623899936676025,0.13430999219417572
1451268663165,2,0.10134299844503403,0.3040289878845215,0.1404149979352951
1451268663184,2,0.09890099614858627,0.22100099921226501,0.1355309933423996
1451268663205,2,0.08180700242519379,0.05250300094485283,0.08302799612283707
1451268663225,2,0.11477399617433548,-0.13308899104595184,-0.02442000061273575
1451268663244,2,0.10622699558734894,-0.14774100482463837,-0.02442000061273575
1451268663267,2,0.05860799923539162,-0.02442000061273575,0.02442000061273575
1451268663285,2,-0.017093999311327934,0.09523800015449524,0.08913300186395645
1451268663305,2,-0.08546999841928482,0.10988999903202057,0.09279599785804749
1451268663325,2,-0.195360004901886,0.059829000383615494,0.03907199949026108
1451268663346,2,-0.21977999806404114,0.1025639995932579,0.025640999898314476
1451268663366,2,-0.15873000025749207,0.14163599908351898,0.013430999591946602
1451268663385,2,-0.0012209999840706587,0.06959699839353561,-0.006105000153183937
1451268663406,2,0.16971899569034576,-0.07081799954175949,-0.04395600035786629
1451268663426,2,0.23565299808979034,-0.1245419979095459,-0.10988999903202057
1451268663446,2,0.12698400020599365,0.05616600066423416,-0.09401699900627136
1451268663467,2,0.00976799987256527,0.2539680004119873,-0.06837599724531174
1451268663486,2,-0.02808300033211708,0.3833940029144287,-0.02442000061273575
1451268663507,2,0.006105000153183937,0.39682498574256897,0.04639799892902374
1451268663527,2,0.03663000091910362,0.27228298783302307,0.11721599847078323
1451268663547,2,0.05616600066423416,-0.06715499609708786,0.11721599847078323
1451268663567,2,0.03907199949026108,-0.14896199107170105,0.1135529950261116
1451268663587,2,-0.004883999936282635,-0.12698400020599365,0.12820500135421753
1451268663607,2,-0.0488400012254715,-0.06593400239944458,0.12209999561309814
1451268663627,2,-0.05128199979662895,-0.0012209999840706587,0.06837599724531174
1451268663648,2,0.0488400012254715,-0.007325999904423952,-0.10134299844503403
1451268663668,2,0.06227099895477295,0.007325999904423952,-0.1843709945678711
1451268663688,2,0.06837599724531174,0.014651999808847904,-0.24542099237442017
1451268663708,2,0.050060998648405075,0.0488400012254715,-0.2808299958705902
1451268663728,2,-0.003662999952211976,0.097680002450943,-0.28937700390815735
1451268663748,2,-0.00976799987256527,0.08791200071573257,-0.38217300176620483
1451268663768,2,0.017093999311327934,0.015873000025749207,-0.4603169858455658
1451268663788,2,0.020756999030709267,-0.05738699808716774,-0.5482289791107178
1451268663808,2,0.16971899569034576,-1.993893027305603,0.5787540078163147
1451268663828,2,-0.3516480028629303,-2.724050998687744,0.7008540034294128
1451268663850,2,-0.318681001663208,-2.009765863418579,0.1782660037279129
1451268663868,2,-0.21245399117469788,0.1733819991350174,0.13919399678707123
1451268663889,2,-0.5274720191955566,0.4774110019207001,-0.23565299808979034
1451268663909,2,-0.5543339848518372,0.40415099263191223,-0.5897430181503296
1451268663929,2,-0.1562879979610443,0.2319899946451187,-0.6104999780654907
1451268663950,2,0.293040007352829,0.015873000025749207,-0.36019498109817505
1451268663969,2,0.23931600153446198,-0.1465200036764145,-0.13797299563884735
1451268663989,2,0.03907199949026108,-0.2747249901294708,-0.18314999341964722
1451268664010,2,-0.05738699808716774,-0.4395599961280823,-0.20268599689006805
1451268664029,2,-0.02319899946451187,-0.45787498354911804,-0.1733819991350174
1451268664050,2,0.01953599974513054,-0.2429789900779724,-0.11965800076723099
1451268664073,2,0.054944999516010284,0.27960899472236633,-0.045176997780799866
1451268664090,2,0.026861999183893204,0.4542119801044464,-0.010989000089466572
1451268664114,2,-0.059829000383615494,0.4798530042171478,0.007325999904423952
1451268664130,2,-0.15873000025749207,0.3467639982700348,0.01953599974513054
1451268664151,2,-0.16117200255393982,0.1404149979352951,0.08180700242519379
1451268664170,2,-0.004883999936282635,-0.09645900130271912,0.1245419979095459
1451268664191,2,0.5091570019721985,-0.3943829834461212,-0.1025639995932579
1451268664211,2,0.6752129793167114,-0.35897400975227356,-0.3076919913291931
1451268664231,2,0.647130012512207,-0.24175800383090973,-0.43467599153518677
1451268664251,2,0.3833940029144287,-0.007325999904423952,-0.4236869812011719
1451268664271,2,-0.0024419999681413174,0.19780199229717255,-0.2869350016117096
1451268664291,2,-0.4590959846973419,0.3748469948768616,-0.006105000153183937
1451268664312,2,-0.4481070041656494,0.16117200255393982,0.013430999591946602
1451268664332,2,-0.2771669924259186,-0.06837599724531174,-0.09035399556159973
1451268664351,2,-0.035408999770879745,-0.2918190062046051,-0.2539680004119873
1451268664372,2,0.19902299344539642,-0.4114769995212555,-0.4334549903869629
1451268664391,2,0.2503049969673157,-0.18070799112319946,-0.49938899278640747
1451268664412,2,0.08180700242519379,-0.1452990025281906,-0.39804598689079285
1451268664439,2,-0.06104999780654907,-0.10744799673557281,-0.2967030107975006
1451268664452,2,-0.03174600005149841,-0.045176997780799866,-0.22832699120044708
1451268664472,2,0.11843699961900711,-0.054944999516010284,-0.19291800260543823
1451268664492,2,0.19047600030899048,0.0488400012254715,-0.18559199571609497
1451268664512,2,0.10012199729681015,0.3247860074043274,-0.19658099114894867
1451268664532,2,-0.0378509983420372,0.4883999824523926,-0.10012199729681015
1451268664552,2,-0.10744799673557281,0.40781399607658386,0.054944999516010284
1451268664573,2,-0.12209999561309814,-0.00976799987256527,0.10622699558734894
1451268664593,2,-0.13186800479888916,-0.4371179938316345,0.09890099614858627
1451268664613,2,-0.020756999030709267,-0.49450498819351196,0.13308899104595184
1451268664635,2,0.1135529950261116,-0.22954799234867096,0.1245419979095459
1451268664653,2,0.17948700487613678,0.013430999591946602,0.10134299844503403
1451268664673,2,0.11599499732255936,0.1892549991607666,0.097680002450943
1451268664693,2,0.003662999952211976,0.293040007352829,0.12820500135421753
1451268664713,2,-0.05250300094485283,0.09279599785804749,0.09035399556159973
1451268664734,2,0.04151399806141853,-0.007325999904423952,0.07326000183820724
1451268664754,2,0.14896199107170105,-0.09279599785804749,0.014651999808847904
1451268664777,2,0.16117200255393982,-0.10500600188970566,0.06837599724531174
1451268664794,2,0.11965800076723099,0.18192899227142334,0.10012199729681015
1451268664814,2,0.03907199949026108,0.5262510180473328,0.5006099939346313
1451268664834,2,-0.2808299958705902,0.5995109677314758,0.6043949723243713
1451268664854,2,-0.4774110019207001,0.19658099114894867,0.5396819710731506
1451268664874,2,-0.5079360008239746,-0.21367499232292175,0.390720009803772
1451268664895,2,-0.27838799357414246,-0.3028079867362976,0.2051279991865158
1451268664915,2,-0.013430999591946602,-0.2698409855365753,0.09523800015449524
1451268664934,2,0.3406589925289154,-0.2857140004634857,-0.13919399678707123
1451268664955,2,0.3199020028114319,-0.30158698558807373,-0.22588500380516052
1451268664975,2,0.10622699558734894,-0.28937700390815735,-0.2905980050563812
1451268664995,2,-0.1452990025281906,-0.20757000148296356,-0.30158698558807373
1451268665015,2,-0.2588520050048828,0.08791200071573257,-0.20757000148296356
1451268665035,2,-0.17460300028324127,0.4871789813041687,0.08424899727106094
1451268665055,2,-0.097680002450943,0.39316198229789734,0.1843709945678711
1451268665075,2,-0.10134299844503403,0.1465200036764145,0.19780199229717255
1451268665095,2,-0.12209999561309814,-0.14407800137996674,0.14163599908351898
1451268665122,2,-0.11965800076723099,-0.3247860074043274,0.09035399556159973
1451268665135,2,-0.08302799612283707,-0.29426100850105286,0.02808300033211708
1451268665157,2,-0.0024419999681413174,-0.1514039933681488,0.02930399961769581
1451268665176,2,-0.015873000025749207,-0.05250300094485283,0.026861999183893204
1451268665197,1,-0.06837599724531174,-0.1941390037536621,-0.0378509983420372
1451268665232,1,-0.10988999903202057,-0.3736259937286377,-0.12820500135421753
1451268665239,1,-0.08058600127696991,-0.49084198474884033,-0.1733819991350174
1451268665257,1,0.014651999808847904,-0.32600700855255127,-0.18070799112319946
1451268665277,1,0.03663000091910362,-0.15873000025749207,-0.18681299686431885
1451268665297,1,0.045176997780799866,-0.04273499920964241,-0.21855899691581726
1451268665317,1,0.03174600005149841,0.02442000061273575,-0.25152599811553955
1451268665337,1,-0.014651999808847904,-0.02319899946451187,-0.26251500844955444
1451268665361,1,-0.05860799923539162,-0.07692299783229828,-0.21489599347114563
1451268665377,1,-0.054944999516010284,0.030524998903274536,-0.20268599689006805
1451268665397,1,-0.05738699808716774,0.19169700145721436,-0.19047600030899048
1451268665418,1,-0.07081799954175949,0.2771669924259186,-0.17948700487613678
1451268665437,1,-0.06715499609708786,0.14163599908351898,-0.17704500257968903
1451268665457,1,0.11233200132846832,-0.25641000270843506,-0.16361400485038757
1451268665478,1,0.13186800479888916,-0.3137969970703125,-0.1294260025024414
1451268665498,1,0.17460300028324127,-0.22588500380516052,-0.0757019966840744
1451268665522,1,0.2051279991865158,-0.05860799923539162,0.04639799892902374
1451268665542,1,0.12332099676132202,0.14285700023174286,0.20879100263118744
1451268665558,1,-0.06959699839353561,0.1843709945678711,0.36996299028396606
1451268665579,1,-0.11111100018024445,-0.19658099114894867,0.28815600275993347
1451268665601,1,0.23931600153446198,-0.40659299492836,0.16605599224567413
1451268665618,1,0.6129419803619385,-0.5958479642868042,0.035408999770879745
1451268665639,1,0.822953999042511,-0.6923069953918457,-0.08058600127696991
1451268665660,1,0.7936499714851379,-0.5958479642868042,-0.13186800479888916
1451268665678,1,0.09890099614858627,0.1623930037021637,-0.09645900130271912
1451268665701,1,-0.28327199816703796,0.6385830044746399,-0.10012199729681015
1451268665719,1,-0.2649570107460022,0.7045170068740845,0.003662999952211976
1451268665740,1,-0.21977999806404114,0.3150179982185364,-0.13064700365066528
1451268665760,1,-0.318681001663208,-0.0647130012512207,-0.5824170112609863
1451268665780,1,1.8327209949493408,1.100121021270752,-1.8229529857635498
1451268665800,1,1.5103769302368164,0.2979239821434021,-1.6593389511108398
1451268665820,1,0.1623930037021637,-0.10134299844503403,-0.5665439963340759
1451268665840,1,-0.8009759783744812,-0.6190469861030579,0.5714280009269714
1451268665860,1,-1.1428560018539429,-0.7973129749298096,1.1330879926681519
1451268665880,1,-1.0940159559249878,-0.6568979620933533,0.8534789681434631
1451268665900,1,-0.36996299028396606,0.40659299492836,-0.11477399617433548
1451268665920,1,-0.05372399836778641,0.6630029678344727,-0.318681001663208
1451268665945,1,0.08424899727106094,0.627593994140625,-0.3247860074043274
1451268665961,1,0.04395600035786629,0.39316198229789734,-0.1245419979095459
1451268665981,1,-0.14285700023174286,0.08424899727106094,0.12576299905776978
1451268666001,1,-0.4822950065135956,-0.26129400730133057,0.17948700487613678
1451268666021,1,-0.390720009803772,-0.14774100482463837,0.07814399898052216
1451268666041,1,-0.19780199229717255,0.04273499920964241,-0.010989000089466572
1451268666061,1,0.021978000178933144,0.2441999912261963,-0.015873000025749207
1451268666084,1,0.1623930037021637,0.4017089903354645,0.05738699808716774
1451268666101,1,0.006105000153183937,0.4151400029659271,0.1514039933681488
1451268666121,1,-0.11721599847078323,0.31746000051498413,0.13797299563884735
1451268666142,1,-0.1245419979095459,0.2380950003862381,0.13064700365066528
1451268666162,1,-0.030524998903274536,0.19047600030899048,0.15018299221992493
1451268666181,1,0.0757019966840744,0.10988999903202057,0.19658099114894867
1451268666202,1,0.1135529950261116,0.040293000638484955,0.2271059900522232
1451268666222,1,0.1025639995932579,-0.10378500074148178,0.2161169946193695
1451268666242,1,0.02808300033211708,-0.12332099676132202,0.2161169946193695
1451268666262,1,-0.06104999780654907,-0.17948700487613678,0.24542099237442017
1451268666283,1,-0.21977999806404114,-0.1135529950261116,0.34920600056648254
1451268666303,1,-0.4444440007209778,0.19658099114894867,0.555554986000061
1451268666322,1,-0.5628809928894043,0.5811960101127625,0.8778989911079407
1451268666372,1,-0.32234400510787964,0.32112300395965576,0.7387049794197083
1451268666386,1,-0.050060998648405075,-0.2441999912261963,0.41391900181770325
1451268666389,1,0.19169700145721436,-0.8144069910049438,-0.0012209999840706587
1451268666404,1,0.3614159822463989,-1.1184359788894653,-0.30158698558807373
1451268666423,1,0.3638579845428467,-0.6117209792137146,-0.35531100630760193
1451268666444,1,0.2441999912261963,0.0,-0.21977999806404114
1451268666463,1,0.08913300186395645,0.49938899278640747,-0.0488400012254715
1451268666483,1,-0.13675199449062347,0.7557989954948425,0.10744799673557281
1451268666503,1,-0.3125759959220886,0.6837599873542786,0.22344300150871277
1451268666524,1,-0.31135499477386475,0.3675209879875183,0.2979239821434021
1451268666544,1,0.004883999936282635,-0.21367499232292175,0.41269800066947937
1451268666565,1,0.05738699808716774,-0.3638579845428467,0.3785099983215332
1451268666584,1,0.06349200010299683,-0.3797309994697571,0.2869350016117096
1451268666604,1,0.09890099614858627,-0.3504270017147064,0.1892549991607666
1451268666625,1,0.12209999561309814,-0.27960899472236633,0.16361400485038757
1451268666644,1,-0.00976799987256527,0.054944999516010284,0.33821699023246765
1451268666664,1,-0.07692299783229828,0.17582400143146515,0.42490798234939575
1451268666688,1,-0.097680002450943,0.23443199694156647,0.45665398240089417
1451268666705,1,-0.10988999903202057,0.18681299686431885,0.42612898349761963
1451268666725,1,-0.14774100482463837,0.12087900191545486,0.3748469948768616
1451268666745,1,-0.09645900130271912,-0.03296700119972229,0.3296699821949005
1451268666767,1,-0.01953599974513054,-0.08058600127696991,0.3455429971218109
1451268666785,1,0.020756999030709267,-0.08546999841928482,0.36507898569107056
1451268666806,1,0.030524998903274536,-0.07326000183820724,0.3833940029144287
1451268666826,1,0.02930399961769581,-0.050060998648405075,0.38705700635910034
1451268666846,1,0.026861999183893204,-0.021978000178933144,0.40903499722480774
1451268666868,1,0.0012209999840706587,-0.0647130012512207,0.4700849950313568
1451268666890,1,0.02442000061273575,-0.10866899788379669,0.4798530042171478
1451268666906,1,0.06227099895477295,-0.11477399617433548,0.47374799847602844
1451268666926,1,0.09401699900627136,-0.10378500074148178,0.47374799847602844
1451268666947,1,0.14774100482463837,-0.06959699839353561,0.4798530042171478
1451268666967,1,0.21489599347114563,-0.03174600005149841,0.5213670134544373
1451268666986,1,0.1623930037021637,0.014651999808847904,0.536018967628479
1451268667007,1,0.07936500012874603,0.07203900068998337,0.5396819710731506
1451268667027,1,0.07448099553585052,0.13919399678707123,0.5445659756660461
1451268667047,1,0.12087900191545486,0.13308899104595184,0.5616599917411804
1451268667067,1,0.04395600035786629,0.030524998903274536,0.5421239733695984
1451268667087,1,-0.050060998648405075,0.08058600127696991,0.5726490020751953
1451268667107,1,-0.1135529950261116,0.2271059900522232,0.637362003326416
1451268667127,1,-0.03174600005149841,0.31135499477386475,0.6654449701309204
1451268667147,1,0.1684979945421219,0.2539680004119873,0.6153839826583862
1451268667168,1,0.4151400029659271,0.10500600188970566,0.4615379869937897
1451268667188,1,0.598289966583252,-0.025640999898314476,0.21367499232292175
1451268667208,1,0.4395599961280823,0.10866899788379669,0.21733799576759338
1451268667228,2,0.18192899227142334,0.2905980050563812,0.33821699023246765
1451268667250,2,-0.03907199949026108,0.4102559983730316,0.5115990042686462
1451268667268,2,-0.1452990025281906,0.44688600301742554,0.6483510136604309
1451268667288,2,-0.0024419999681413174,0.2503049969673157,0.6923069953918457
1451268667308,2,0.09890099614858627,0.1562879979610443,0.6361410021781921
1451268667329,2,0.14285700023174286,0.12698400020599365,0.5946269631385803
1451268667350,2,0.10988999903202057,0.15873000025749207,0.5763120055198669
1451268667369,2,0.05128199979662895,0.17582400143146515,0.5885220170021057
1451268667389,2,-0.02808300033211708,0.23931600153446198,0.6544560194015503
1451268667409,2,-0.03663000091910362,0.299144983291626,0.6923069953918457
1451268667429,2,-0.025640999898314476,0.34920600056648254,0.7240529656410217
1451268667450,2,-0.0024419999681413174,0.38705700635910034,0.7570199966430664
1451268667469,2,-0.01831500045955181,0.3956039845943451,0.7936499714851379
1451268667490,2,-0.0647130012512207,0.3943829834461212,0.8400480151176453
1451268667509,2,-0.18803399801254272,0.34798499941825867,0.9829049706459045
1451268667529,2,-0.19780199229717255,0.3577530086040497,1.028082013130188
1451268667550,2,-0.14285700023174286,0.37118399143218994,1.0354080200195313
1451268667569,2,-0.040293000638484955,0.40903499722480774,1.0146509408950806
1451268667589,2,0.03296700119972229,0.4371179938316345,1.0109879970550537
1451268667610,2,0.0866909995675087,0.432233989238739,1.0525020360946655
1451268667630,2,0.08058600127696991,0.34798499941825867,1.0463969707489014
1451268667651,2,0.07203900068998337,0.2759459912776947,1.0305240154266357
1451268667670,2,0.020756999030709267,0.33943799138069153,1.0427340269088745
1451268667691,2,-0.04395600035786629,0.42612898349761963,1.0500600337982178
1451268667711,2,-0.14896199107170105,0.5177040100097656,1.1086679697036743
1451268667731,2,-0.20268599689006805,0.4383389949798584,1.1062259674072266
1451268667750,2,-0.18070799112319946,0.26861998438835144,1.0451760292053223
1451268667770,2,-0.06959699839353561,0.08546999841928482,0.9572640061378479
1451268667791,2,0.02808300033211708,-0.03663000091910362,0.842490017414093
1451268667811,2,0.08180700242519379,-0.08058600127696991,0.6520140171051025
1451268667834,2,0.13064700365066528,0.14163599908351898,0.6349200010299683
1451268667851,2,0.07814399898052216,0.28449299931526184,0.6459090113639832
1451268667872,2,-0.01831500045955181,0.3833940029144287,0.6422460079193115
1451268667892,2,-0.08058600127696991,0.4212450087070465,0.5604389905929565
1451268667912,2,-0.11599499732255936,0.4285709857940674,0.4652009904384613
1451268667934,2,0.25763100385665894,-2.084246873855591,2.567762851715088
1451268667952,2,-0.8730149865150452,-2.9902288913726807,2.210010051727295
1451268667972,2,-0.5311350226402283,-2.5372378826141357,1.212453007698059
1451268667992,2,0.10378500074148178,-0.6874229907989502,1.0671539306640625
1451268668012,2,0.17093999683856964,0.7228319644927979,1.0769219398498535
1451268668033,2,-0.28937700390815735,0.5409029722213745,0.5286930203437805
1451268668052,2,-0.10134299844503403,-0.004883999936282635,0.6568979620933533
1451268668073,2,0.10866899788379669,-0.29548200964927673,0.9291809797286987
1451268668093,2,0.17093999683856964,-0.2441999912261963,0.9572640061378479
1451268668113,2,0.1294260025024414,-0.045176997780799866,0.7851029634475708
1451268668134,2,0.04639799892902374,0.30158698558807373,0.5775330066680908
1451268668153,2,0.020756999030709267,0.4432229995727539,0.5958479642868042
1451268668173,2,0.02930399961769581,0.627593994140625,0.6739919781684875
1451268668194,2,0.04151399806141853,0.7643460035324097,0.7423679828643799
1451268668214,2,0.012210000306367874,0.8046389818191528,0.7484729886054993
1451268668235,2,-0.03907199949026108,0.7118430137634277,0.6605609655380249
1451268668254,2,0.02319899946451187,0.27838799357414246,0.4700849950313568
1451268668274,2,0.05250300094485283,0.13064700365066528,0.45665398240089417
1451268668294,2,0.02930399961769581,0.12209999561309814,0.49450498819351196
1451268668314,2,0.02319899946451187,0.1623930037021637,0.5384609699249268
1451268668339,2,0.05250300094485283,0.23931600153446198,0.5592179894447327
1451268668354,2,0.14896199107170105,0.18559199571609497,0.432233989238739
1451268668374,2,0.15995100140571594,0.09645900130271912,0.318681001663208
1451268668395,2,0.08180700242519379,0.021978000178933144,0.26861998438835144
1451268668417,2,-0.0378509983420372,0.04273499920964241,0.32112300395965576
1451268668434,2,-0.11843699961900711,0.18803399801254272,0.43101298809051514
1451268668456,2,-0.07081799954175949,0.6239309906959534,0.5616599917411804
1451268668475,2,-0.04151399806141853,0.586080014705658,0.4920629858970642
1451268668495,2,-0.0378509983420372,0.5189250111579895,0.39194098114967346
1451268668515,2,-0.03296700119972229,0.5921850204467773,0.3418799936771393
1451268668537,2,-0.021978000178933144,0.6300359964370728,0.39316198229789734
1451268668555,2,-0.07814399898052216,0.6410250067710876,0.45054900646209717
1451268668576,2,-0.13919399678707123,0.6251519918441772,0.46764299273490906
1451268668596,2,-0.1562879979610443,0.24664199352264404,0.4798530042171478
1451268668618,2,-0.10866899788379669,-0.11233200132846832,0.36507898569107056
1451268668635,2,-0.013430999591946602,-0.28449299931526184,0.2441999912261963
1451268668656,2,0.08302799612283707,-0.195360004901886,0.21001200377941132
1451268668676,2,0.12820500135421753,0.06227099895477295,0.35897400975227356
1451268668696,2,0.10988999903202057,0.008546999655663967,0.4395599961280823
1451268668718,2,0.07692299783229828,-0.0024419999681413174,0.48962098360061646
1451268668740,2,0.05372399836778641,-0.06715499609708786,0.4810740053653717
1451268668757,2,0.11111100018024445,-0.31135499477386475,0.35897400975227356
1451268668777,2,0.1733819991350174,-0.5482289791107178,0.09279599785804749
1451268668797,2,0.13919399678707123,-0.4053719937801361,0.04761900007724762
1451268668821,2,0.06959699839353561,-0.1623930037021637,0.06837599724531174
1451268668836,2,0.03296700119972229,0.03418799862265587,0.13186800479888916
1451268668857,2,0.02930399961769581,0.059829000383615494,0.1941390037536621
1451268668878,2,0.09279599785804749,-0.04395600035786629,0.2161169946193695
1451268668904,2,0.24175800383090973,-0.3369959890842438,0.1404149979352951
1451268668918,2,0.25152599811553955,-0.34432199597358704,0.10134299844503403
1451268668937,2,0.20268599689006805,-0.2051279991865158,0.12332099676132202
1451268668958,2,0.10988999903202057,0.03663000091910362,0.18070799112319946
1451268668978,2,0.050060998648405075,0.27228298783302307,0.22588500380516052
1451268668998,2,0.010989000089466572,-0.13308899104595184,0.14285700023174286
1451268669024,2,-0.03296700119972229,-0.44200199842453003,-0.040293000638484955
1451268669038,2,-0.0488400012254715,-0.4774110019207001,-0.19291800260543823
1451268669059,2,-0.01953599974513054,-0.25641000270843506,-0.2661779820919037
1451268669079,2,0.010989000089466572,0.08180700242519379,-0.25152599811553955
1451268669098,2,-0.167276993393898,0.4774110019207001,-0.07936500012874603
1451268669118,2,-0.334553986787796,0.39316198229789734,-0.004883999936282635
1451268669139,2,-0.36996299028396606,0.1684979945421219,0.017093999311327934
1451268669159,2,-0.24786299467086792,-0.05738699808716774,-0.004883999936282635
1451268669179,2,-0.0012209999840706587,-0.2161169946193695,-0.06104999780654907
1451268669199,2,0.1782660037279129,-0.27960899472236633,-0.13186800479888916
1451268669219,2,0.23076899349689484,-0.03418799862265587,-0.23687399923801422
