1451504150798,1,0.4371179938316345,0.770451009273529,0.1562879979610443
1451504150813,1,0.5067149996757507,0.9902309775352478,-0.059829000383615494
1451504150842,1,0.3675209879875183,0.9487169981002808,-0.6092789769172668
1451504150853,1,0.3235650062561035,0.8241750001907349,-0.6398040056228638
1451504150874,1,-0.05738699808716774,0.08546999841928482,0.06837599724531174
1451504150894,1,-0.2441999912261963,-0.2600730061531067,0.2747249901294708
1451504150914,1,-0.3528690040111542,-0.34920600056648254,0.39682498574256897
1451504150936,1,-0.3467639982700348,-0.20634900033473969,0.4004879891872406
1451504150954,1,-0.19780199229717255,-0.05128199979662895,0.28449299931526184
1451504150975,1,0.10866899788379669,0.03174600005149841,0.020756999030709267
1451504150994,1,0.20268599689006805,0.08546999841928482,0.04639799892902374
1451504151015,1,0.20879100263118744,0.1135529950261116,0.10500600188970566
1451504151036,1,0.14407800137996674,0.05372399836778641,0.16971899569034576
1451504151054,1,0.07203900068998337,-0.02319899946451187,0.20634900033473969
1451504151074,1,0.07081799954175949,-0.14896199107170105,0.1245419979095459
1451504151095,1,0.09890099614858627,-0.19169700145721436,0.08791200071573257
1451504151114,1,0.12698400020599365,-0.21977999806404114,0.09279599785804749
1451504151135,1,0.13919399678707123,-0.2429789900779724,0.13186800479888916
1451504151156,1,0.14896199107170105,-0.19658099114894867,0.18803399801254272
1451504151175,1,0.1575089991092682,-0.23076899349689484,0.21001200377941132
1451504151196,1,0.09890099614858627,-0.07203900068998337,0.16605599224567413
1451504151216,1,0.28815600275993347,0.07936500012874603,0.167276993393898
1451504151243,1,0.41880300641059875,-0.21855899691581726,-0.0024419999681413174
1451504151255,1,0.3199020028114319,-0.6935279965400696,-1.0512809753417969
1451504151276,1,0.904761016368866,0.5311350226402283,-1.62637197971344
1451504151296,1,0.36019498109817505,-0.03296700119972229,-1.09157395362854
1451504151316,1,-0.49450498819351196,-0.7912079691886902,0.5372399687767029
1451504151337,1,-0.7289369702339172,-0.8339430093765259,1.5579960346221924
1451504151356,1,-0.6068369746208191,-0.7435889840126038,1.389497995376587
1451504151376,1,-0.6349200010299683,-0.37606799602508545,0.45177000761032104
1451504151397,1,-0.3504270017147064,0.8144069910049438,-0.9877889752388
1451504151417,1,0.03907199949026108,0.9804629683494568,-0.6263729929924011
1451504151437,1,0.21001200377941132,0.7753350138664246,0.054944999516010284
1451504151457,1,0.17460300028324127,0.1843709945678711,0.46764299273490906
1451504151481,1,0.013430999591946602,-0.33821699023246765,0.5018309950828552
1451504151498,1,-0.06227099895477295,-0.416361004114151,0.36507898569107056
1451504151518,1,0.11721599847078323,0.12698400020599365,0.007325999904423952
1451504151543,1,0.1733819991350174,0.211232990026474,-0.05128199979662895
1451504151558,1,0.18559199571609497,0.17582400143146515,-0.017093999311327934
1451504151578,1,0.15018299221992493,0.08791200071573257,0.054944999516010284
1451504151598,1,0.059829000383615494,-0.04639799892902374,0.12209999561309814
1451504151618,1,0.0024419999681413174,-0.10500600188970566,0.21367499232292175
1451504151638,1,0.05616600066423416,0.013430999591946602,0.1892549991607666
1451504151657,1,0.12087900191545486,0.09157499670982361,0.11111100018024445
1451504151693,1,0.15262499451637268,0.11843699961900711,0.02319899946451187
1451504151703,1,0.1355309933423996,0.09523800015449524,-0.02442000061273575
1451504151718,1,0.035408999770879745,-0.03174600005149841,0.07326000183820724
1451504151739,1,-0.00976799987256527,-0.08546999841928482,0.09035399556159973
1451504151758,1,-0.008546999655663967,-0.0488400012254715,0.05128199979662895
1451504151779,1,0.013430999591946602,0.026861999183893204,-0.04639799892902374
1451504151798,1,0.0378509983420372,0.1025639995932579,-0.13797299563884735
1451504151819,1,0.08791200071573257,0.13919399678707123,-0.0757019966840744
1451504151839,1,0.11599499732255936,0.0488400012254715,-0.007325999904423952
1451504151859,1,0.05250300094485283,-0.030524998903274536,0.025640999898314476
1451504151884,1,-0.0012209999840706587,-0.06104999780654907,0.021978000178933144
1451504151899,1,-0.0012209999840706587,-0.01953599974513054,0.026861999183893204
1451504151922,1,0.025640999898314476,0.03907199949026108,0.04151399806141853
1451504151939,1,0.10744799673557281,0.18681299686431885,0.07936500012874603
1451504151960,1,0.09523800015449524,0.26129400730133057,0.0647130012512207
1451504151980,1,0.08302799612283707,0.3137969970703125,0.06837599724531174
1451504152000,1,0.05616600066423416,0.36507898569107056,0.08424899727106094
1451504152022,1,0.02319899946451187,0.3724049925804138,0.11721599847078323
1451504152040,1,0.07814399898052216,0.4383389949798584,0.24542099237442017
1451504152061,1,0.12209999561309814,0.5738700032234192,0.3040289878845215
1451504152081,1,0.07203900068998337,0.647130012512207,0.30158698558807373
1451504152101,1,-0.13797299563884735,0.5946269631385803,0.21367499232292175
1451504152127,1,-0.37606799602508545,0.318681001663208,0.1575089991092682
1451504152146,1,-0.6324779987335205,-0.06104999780654907,0.1892549991607666
1451504152161,1,-0.6544560194015503,-0.1941390037536621,0.17093999683856964
1451504152182,1,-0.6202679872512817,-0.30647099018096924,0.15506699681282043
1451504152201,1,-0.5335769653320313,-0.2637360095977783,0.15384599566459656
1451504152222,1,-0.3516480028629303,-0.10500600188970566,0.20268599689006805
1451504152245,1,-0.1514039933681488,0.03418799862265587,0.21001200377941132
1451504152268,1,-0.006105000153183937,0.195360004901886,-0.008546999655663967
1451504152281,1,0.09035399556159973,0.2332109957933426,-0.09523800015449524
1451504152301,1,0.18681299686431885,0.3028079867362976,-0.13064700365066528
1451504152322,1,0.24786299467086792,0.39804598689079285,-0.13797299563884735
1451504152342,1,0.2649570107460022,0.422465980052948,-0.10012199729681015
1451504152366,1,0.26861998438835144,0.318681001663208,-0.2771669924259186
1451504152383,1,0.2747249901294708,0.3406589925289154,-0.38583600521087646
1451504152403,1,0.23076899349689484,0.28937700390815735,-0.37118399143218994
1451504152422,1,0.22832699120044708,0.13064700365066528,-0.2759459912776947
1451504152443,1,0.17582400143146515,-0.04761900007724762,-0.1452990025281906
1451504152463,1,0.017093999311327934,-0.31013399362564087,-0.09279599785804749
1451504152483,1,0.04151399806141853,-0.22588500380516052,-0.06715499609708786
1451504152503,1,0.11477399617433548,-0.06959699839353561,-0.02319899946451187
1451504152524,1,0.15995100140571594,0.0866909995675087,0.02808300033211708
1451504152544,1,0.17704500257968903,0.17582400143146515,0.07203900068998337
1451504152564,1,0.16361400485038757,0.17093999683856964,0.10500600188970566
1451504152584,1,0.06715499609708786,-0.010989000089466572,0.097680002450943
1451504152606,1,0.04395600035786629,-0.12209999561309814,0.0757019966840744
1451504152624,1,0.059829000383615494,-0.13919399678707123,0.0488400012254715
1451504152644,1,0.12209999561309814,-0.1025639995932579,0.03418799862265587
1451504152664,1,0.167276993393898,-0.06227099895477295,0.02319899946451187
1451504152715,2,0.12820500135421753,-0.11233200132846832,-0.008546999655663967
1451504152727,2,0.08913300186395645,-0.13919399678707123,-0.030524998903274536
1451504152734,2,0.08058600127696991,-0.14896199107170105,-0.04395600035786629
1451504152766,2,0.1245419979095459,-0.13186800479888916,-0.0488400012254715
1451504152774,2,0.18803399801254272,-0.11965800076723099,-0.04395600035786629
1451504152784,2,0.211232990026474,-0.09035399556159973,-0.09157499670982361
1451504152807,2,0.18314999341964722,-0.021978000178933144,-0.07081799954175949
1451504152825,2,0.13797299563884735,0.021978000178933144,-0.02442000061273575
1451504152845,2,0.10134299844503403,0.008546999655663967,-0.003662999952211976
1451504152865,2,0.09401699900627136,-0.02442000061273575,-0.006105000153183937
1451504152885,2,0.10744799673557281,-0.054944999516010284,-0.02808300033211708
1451504152909,2,0.1575089991092682,-0.13186800479888916,-0.07326000183820724
1451504152925,2,0.17582400143146515,-0.13064700365066528,-0.07814399898052216
1451504152945,2,0.17093999683856964,-0.10866899788379669,-0.06227099895477295
1451504152965,2,0.15873000025749207,-0.05860799923539162,-0.05738699808716774
1451504152986,2,0.14774100482463837,-0.013430999591946602,-0.05860799923539162
1451504153006,2,0.18192899227142334,0.012210000306367874,-0.07203900068998337
1451504153026,2,0.19658099114894867,0.03663000091910362,-0.06715499609708786
1451504153046,2,0.1941390037536621,0.030524998903274536,-0.0012209999840706587
1451504153066,2,0.17093999683856964,0.003662999952211976,0.05372399836778641
1451504153086,2,0.12209999561309814,0.0024419999681413174,0.05128199979662895
1451504153106,2,0.04639799892902374,0.013430999591946602,0.04639799892902374
1451504153127,2,0.054944999516010284,0.017093999311327934,0.07448099553585052
1451504153147,2,0.07814399898052216,0.06104999780654907,0.10378500074148178
1451504153167,2,0.12209999561309814,0.10866899788379669,0.12576299905776978
1451504153187,2,0.1514039933681488,0.11599499732255936,0.16361400485038757
1451504153213,2,0.15262499451637268,0.07692299783229828,0.18070799112319946
1451504153227,2,0.10500600188970566,0.0012209999840706587,0.11233200132846832
1451504153248,2,0.12087900191545486,0.05372399836778641,0.09035399556159973
1451504153267,2,0.15995100140571594,0.12087900191545486,0.1025639995932579
1451504153288,2,0.17704500257968903,0.15873000025749207,0.1025639995932579
1451504153308,2,0.167276993393898,0.13675199449062347,0.09279599785804749
1451504153328,2,0.167276993393898,0.03296700119972229,0.09523800015449524
1451504153348,2,0.15506699681282043,0.008546999655663967,0.045176997780799866
1451504153369,2,0.1294260025024414,0.006105000153183937,-0.02319899946451187
1451504153389,2,0.1294260025024414,0.026861999183893204,-0.02442000061273575
1451504153409,2,0.1514039933681488,0.03296700119972229,0.00976799987256527
1451504153428,2,0.17948700487613678,0.03907199949026108,-0.025640999898314476
1451504153449,2,0.1684979945421219,0.059829000383615494,-0.07448099553585052
1451504153469,2,0.15506699681282043,0.06837599724531174,-0.10378500074148178
1451504153489,2,0.1514039933681488,0.07936500012874603,-0.13308899104595184
1451504153510,2,0.1562879979610443,0.08302799612283707,-0.14896199107170105
1451504153529,2,-0.05738699808716774,1.3650779724121094,-0.5885220170021057
1451504153549,2,0.24542099237442017,-1.2869340181350708,0.25641000270843506
1451504153569,2,0.6288149952888489,-0.4114769995212555,0.31746000051498413
1451504153589,2,0.8192909955978394,0.8656889796257019,0.32112300395965576
1451504153609,2,0.5213670134544373,0.9584850072860718,-0.02808300033211708
1451504153630,2,0.17582400143146515,0.6349200010299683,-0.36019498109817505
1451504153650,2,0.11233200132846832,-0.31746000051498413,0.013430999591946602
1451504153670,2,0.2905980050563812,-0.422465980052948,0.11599499732255936
1451504153692,2,0.34798499941825867,-0.2979239821434021,-0.003662999952211976
1451504153710,2,0.3614159822463989,-0.09401699900627136,-0.11721599847078323
1451504153730,2,0.3455429971218109,0.11965800076723099,-0.13308899104595184
1451504153750,2,0.21489599347114563,0.17216099798679352,0.014651999808847904
1451504153770,2,0.07936500012874603,0.10012199729681015,0.06593400239944458
1451504153791,2,-0.0378509983420372,0.0024419999681413174,0.11721599847078323
1451504153810,2,-0.06227099895477295,-0.045176997780799866,0.1941390037536621
1451504153830,2,-0.010989000089466572,-0.09279599785804749,0.25152599811553955
1451504153851,2,0.04761900007724762,-0.07081799954175949,0.1404149979352951
1451504153871,2,0.1465200036764145,-0.03418799862265587,0.10988999903202057
1451504153891,2,0.16117200255393982,-0.03296700119972229,0.12698400020599365
1451504153912,2,0.17093999683856964,-0.09035399556159973,0.14896199107170105
1451504153932,2,0.15506699681282043,-0.12576299905776978,0.13308899104595184
1451504153951,2,0.1294260025024414,-0.11233200132846832,0.0757019966840744
1451504153972,2,0.26129400730133057,-0.01953599974513054,0.07326000183820724
1451504153993,2,0.31135499477386475,0.07936500012874603,0.1025639995932579
1451504154011,2,0.2857140004634857,0.2771669924259186,0.059829000383615494
1451504154032,2,0.13430999219417572,0.11477399617433548,0.12087900191545486
1451504154052,2,-0.00976799987256527,0.1404149979352951,0.025640999898314476
1451504154072,2,-0.03296700119972229,-0.15018299221992493,0.15384599566459656
1451504154093,2,-0.013430999591946602,-0.24664199352264404,0.17093999683856964
1451504154112,2,0.003662999952211976,-0.2857140004634857,0.17948700487613678
1451504154132,2,0.05860799923539162,-0.1623930037021637,0.1782660037279129
1451504154153,2,0.0866909995675087,-0.06593400239944458,0.16483499109745026
1451504154173,2,0.21855899691581726,0.18681299686431885,0.11477399617433548
1451504154193,2,0.25152599811553955,0.10012199729681015,0.10744799673557281
1451504154213,2,0.2490839958190918,-0.00976799987256527,0.1135529950261116
1451504154233,2,0.19047600030899048,0.03296700119972229,0.007325999904423952
1451504154260,2,0.11233200132846832,0.030524998903274536,-0.2759459912776947
1451504154274,2,-0.06349200010299683,0.01953599974513054,-0.42490798234939575
1451504154293,2,-0.1025639995932579,0.555554986000061,-0.18559199571609497
1451504154313,2,-0.035408999770879745,0.4700849950313568,-0.008546999655663967
1451504154334,2,-0.04273499920964241,0.2271059900522232,0.13919399678707123
1451504154354,2,-0.097680002450943,-0.1782660037279129,0.2808299958705902
1451504154374,2,-0.12698400020599365,-0.4151400029659271,0.334553986787796
1451504154394,2,0.23443199694156647,0.01953599974513054,0.19780199229717255
1451504154414,2,0.42612898349761963,0.47863200306892395,0.18681299686431885
1451504154434,2,0.536018967628479,0.6251519918441772,0.15506699681282043
1451504154454,2,0.4481070041656494,0.5567759871482849,0.22100099921226501
1451504154477,2,0.28815600275993347,0.34310099482536316,0.1245419979095459
1451504154495,2,0.1941390037536621,-0.09890099614858627,-0.21367499232292175
1451504154514,2,0.2527469992637634,-0.14285700023174286,-0.08302799612283707
1451504154535,2,0.3076919913291931,0.08058600127696991,0.007325999904423952
1451504154555,2,0.32722800970077515,0.432233989238739,0.06715499609708786
1451504154577,2,0.3125759959220886,0.6410250067710876,0.10988999903202057
1451504154595,2,0.2527469992637634,0.5799750089645386,0.08913300186395645
1451504154616,2,0.013430999591946602,-0.5103780031204224,0.10622699558734894
1451504154636,2,-0.13308899104595184,-0.6361410021781921,0.20268599689006805
1451504154656,2,-0.17216099798679352,-0.5494499802589417,0.2527469992637634
1451504154676,2,-0.10378500074148178,-0.2661779820919037,0.24786299467086792
1451504154696,2,-0.021978000178933144,0.04273499920964241,0.1623930037021637
1451504154716,2,0.03418799862265587,0.45177000761032104,-0.02930399961769581
1451504154736,1,0.014651999808847904,0.4004879891872406,-0.10988999903202057
1451504154756,1,0.030524998903274536,0.22832699120044708,-0.1245419979095459
1451504154777,1,0.04395600035786629,0.17093999683856964,-0.05616600066423416
1451504154804,1,-0.0024419999681413174,0.11599499732255936,0.03296700119972229
1451504154816,1,-0.03907199949026108,-0.04151399806141853,0.0024419999681413174
1451504154845,1,0.06104999780654907,-0.08302799612283707,-0.09279599785804749
1451504154857,1,0.09645900130271912,-0.3724049925804138,-0.21489599347114563
1451504154881,1,0.02319899946451187,-0.5115990042686462,-0.2161169946193695
1451504154897,1,-0.02442000061273575,-0.5799750089645386,-0.2051279991865158
1451504154916,1,-0.015873000025749207,-0.6239309906959534,-0.15262499451637268
1451504154937,1,0.23443199694156647,-0.2490839958190918,-0.0757019966840744
1451504154957,1,0.5470079779624939,0.08913300186395645,-0.0647130012512207
1451504154978,1,0.7289369702339172,0.09157499670982361,-0.15873000025749207
1451504155002,1,0.7032960057258606,0.13308899104595184,-0.22100099921226501
1451504155018,1,0.6068369746208191,-0.0024419999681413174,-0.17948700487613678
1451504155038,1,0.3626369833946228,-0.2222220003604889,0.0378509983420372
1451504155058,1,0.2918190062046051,-0.2319899946451187,0.10744799673557281
1451504155078,1,0.24664199352264404,-0.14285700023174286,0.1465200036764145
1451504155097,1,0.2319899946451187,-0.02930399961769581,0.14163599908351898
1451504155117,1,0.24542099237442017,-0.020756999030709267,0.1575089991092682
1451504155139,1,0.15506699681282043,-0.2051279991865158,0.1892549991607666
1451504155159,1,0.06959699839353561,-0.2588520050048828,0.21489599347114563
1451504155179,1,-0.006105000153183937,-0.1575089991092682,0.2441999912261963
1451504155199,1,-0.054944999516010284,-0.015873000025749207,0.24664199352264404
1451504155219,1,-0.07692299783229828,0.07326000183820724,0.21367499232292175
1451504155239,1,0.006105000153183937,0.211232990026474,0.14896199107170105
1451504155265,1,0.3724049925804138,0.050060998648405075,-0.07203900068998337
1451504155280,1,0.44566500186920166,-0.09523800015449524,-0.6874229907989502
1451504155300,1,1.212453007698059,0.9853469729423523,-1.6104990243911743
1451504155319,1,1.915748953819275,1.2832709550857544,-2.0818049907684326
1451504155339,1,1.2429779767990112,0.1514039933681488,-1.9291800260543823
1451504155359,1,-0.8107439875602722,-1.7509139776229858,0.7142850160598755
1451504155379,1,-0.7362629771232605,-1.6239299774169922,1.1660549640655518
1451504155399,1,-0.4432229995727539,-1.0317449569702148,0.6678869724273682
1451504155420,1,-0.17948700487613678,-0.13675199449062347,-0.1892549991607666
1451504155441,1,0.0488400012254715,0.5958479642868042,-0.7887659668922424
1451504155460,1,0.1452990025281906,0.9487169981002808,-0.7619040012359619
1451504155486,1,-0.012210000306367874,0.44566500186920166,-0.23687399923801422
1451504155500,1,-0.211232990026474,-0.17948700487613678,0.24175800383090973
1451504155521,1,-0.2857140004634857,-0.4859579801559448,0.43589699268341064
1451504155541,1,-0.20757000148296356,-0.45665398240089417,0.38217300176620483
1451504155562,1,-0.03418799862265587,-0.20757000148296356,0.21977999806404114
1451504155580,1,0.2710619866847992,0.2759459912776947,0.013430999591946602
1451504155601,1,0.2967030107975006,0.28449299931526184,0.03907199949026108
1451504155621,1,0.22344300150871277,0.12576299905776978,0.14163599908351898
1451504155642,1,0.1025639995932579,-0.15995100140571594,0.26861998438835144
1451504155662,1,-0.01953599974513054,-0.38583600521087646,0.34432199597358704
1451504155681,1,-0.050060998648405075,-0.2319899946451187,0.22954799234867096
1451504155702,1,0.050060998648405075,0.008546999655663967,0.13675199449062347
1451504155722,1,0.167276993393898,0.26739898324012756,0.10378500074148178
1451504155742,1,0.23687399923801422,0.3418799936771393,0.14163599908351898
1451504155762,1,0.18803399801254272,0.19658099114894867,0.18314999341964722
1451504155782,1,0.008546999655663967,-0.14774100482463837,0.23931600153446198
1451504155802,1,0.012210000306367874,-0.12820500135421753,0.23687399923801422
1451504155823,1,0.0647130012512207,-0.02442000061273575,0.21977999806404114
1451504155843,1,0.10866899788379669,0.10744799673557281,0.195360004901886
1451504155868,1,0.13919399678707123,0.1941390037536621,0.1782660037279129
1451504155882,1,0.12332099676132202,0.19780199229717255,0.16117200255393982
1451504155903,1,0.006105000153183937,-0.013430999591946602,0.16483499109745026
1451504155924,1,-0.021978000178933144,-0.0488400012254715,0.14285700023174286
1451504155943,1,-0.004883999936282635,-0.0488400012254715,0.11599499732255936
1451504155964,1,0.030524998903274536,-0.012210000306367874,0.08791200071573257
1451504155983,1,0.07448099553585052,0.050060998648405075,0.04761900007724762
1451504156003,1,0.11965800076723099,0.14163599908351898,-0.04273499920964241
1451504156023,1,0.12820500135421753,0.13675199449062347,-0.05128199979662895
1451504156044,1,0.1452990025281906,0.13308899104595184,-0.04639799892902374
1451504156063,1,0.1623930037021637,0.1135529950261116,-0.04761900007724762
1451504156084,1,0.1623930037021637,0.07081799954175949,-0.040293000638484955
1451504156104,1,0.10988999903202057,-0.014651999808847904,-0.05250300094485283
1451504156124,1,0.10012199729681015,-0.015873000025749207,-0.03174600005149841
1451504156145,1,0.1245419979095459,0.03296700119972229,-0.010989000089466572
1451504156165,1,0.1575089991092682,0.10622699558734894,0.030524998903274536
1451504156184,1,0.17216099798679352,0.1294260025024414,0.05860799923539162
1451504156205,1,0.15995100140571594,0.07692299783229828,0.054944999516010284
1451504156225,1,0.10744799673557281,-0.059829000383615494,0.015873000025749207
1451504156248,1,0.11965800076723099,-0.05128199979662895,0.008546999655663967
1451504156265,1,0.1514039933681488,0.017093999311327934,0.007325999904423952
1451504156285,1,0.18559199571609497,0.07936500012874603,0.014651999808847904
1451504156306,1,0.2051279991865158,0.07936500012874603,0.015873000025749207
1451504156326,1,0.1733819991350174,0.014651999808847904,0.025640999898314476
1451504156348,1,0.1452990025281906,-0.017093999311327934,0.03174600005149841
1451504156365,1,0.1135529950261116,-0.012210000306367874,0.03907199949026108
1451504156386,1,0.09401699900627136,0.00976799987256527,0.05250300094485283
1451504156406,1,0.08546999841928482,0.013430999591946602,0.030524998903274536
1451504156426,1,0.10378500074148178,0.014651999808847904,-0.00976799987256527
1451504156449,1,0.13064700365066528,0.02319899946451187,0.025640999898314476
1451504156465,1,0.12576299905776978,0.010989000089466572,0.0488400012254715
1451504156486,1,0.09279599785804749,-0.008546999655663967,0.04273499920964241
1451504156507,1,0.06349200010299683,-0.00976799987256527,0.021978000178933144
1451504156526,1,0.09279599785804749,0.05250300094485283,-0.006105000153183937
1451504156549,1,0.10744799673557281,0.059829000383615494,-0.007325999904423952
1451504156566,1,0.11599499732255936,0.035408999770879745,-0.003662999952211976
1451504156586,1,0.12820500135421753,0.004883999936282635,0.020756999030709267
1451504156607,1,0.13797299563884735,-0.010989000089466572,0.03663000091910362
1451504156626,1,0.13430999219417572,0.0012209999840706587,0.03174600005149841
1451504156647,1,0.10134299844503403,-0.012210000306367874,0.010989000089466572
1451504156667,1,0.11965800076723099,0.0012209999840706587,0.00976799987256527
1451504156687,1,0.13919399678707123,0.020756999030709267,0.03418799862265587
1451504156707,1,0.1245419979095459,0.00976799987256527,0.05128199979662895
1451504156729,1,0.10134299844503403,-0.00976799987256527,0.05616600066423416
1451504156759,2,0.09645900130271912,0.012210000306367874,0.026861999183893204
1451504156768,2,0.12087900191545486,0.04395600035786629,0.015873000025749207
1451504156788,2,0.12698400020599365,0.02930399961769581,0.035408999770879745
1451504156809,2,0.10500600188970566,-0.003662999952211976,0.0488400012254715
1451504156828,2,0.08424899727106094,-0.025640999898314476,0.040293000638484955
1451504156849,2,0.09523800015449524,-0.015873000025749207,0.006105000153183937
1451504156868,2,0.11477399617433548,-0.007325999904423952,-0.004883999936282635
1451504156888,2,0.12698400020599365,0.004883999936282635,-0.004883999936282635
1451504156908,2,0.12209999561309814,0.013430999591946602,-0.0024419999681413174
1451504156929,2,0.11721599847078323,0.003662999952211976,-0.008546999655663967
1451504156948,2,0.11599499732255936,-0.01831500045955181,-0.00976799987256527
1451504156973,2,0.12209999561309814,0.003662999952211976,0.003662999952211976
1451504156989,2,0.12576299905776978,0.02930399961769581,0.012210000306367874
1451504157009,2,0.1294260025024414,0.0378509983420372,0.021978000178933144
1451504157029,2,0.12576299905776978,0.02442000061273575,0.035408999770879745
1451504157050,2,0.11843699961900711,0.014651999808847904,0.045176997780799866
1451504157069,2,0.10866899788379669,0.012210000306367874,0.040293000638484955
1451504157090,2,0.10622699558734894,0.006105000153183937,0.04151399806141853
1451504157110,2,0.11111100018024445,0.0012209999840706587,0.04639799892902374
1451504157130,2,0.11477399617433548,0.02319899946451187,0.03907199949026108
1451504157149,2,0.10134299844503403,0.040293000638484955,0.025640999898314476
1451504157170,2,0.08791200071573257,0.017093999311327934,0.013430999591946602
1451504157190,2,0.10866899788379669,-0.006105000153183937,0.006105000153183937
1451504157211,2,0.13186800479888916,0.006105000153183937,-0.020756999030709267
1451504157231,2,0.15018299221992493,0.017093999311327934,-0.02930399961769581
1451504157250,2,0.15873000025749207,0.02319899946451187,-0.035408999770879745
1451504157271,2,0.15018299221992493,0.014651999808847904,-0.050060998648405075
1451504157291,2,0.11599499732255936,0.04639799892902374,-0.13064700365066528
1451504157312,2,0.14407800137996674,0.12698400020599365,-0.18314999341964722
1451504157331,2,0.18314999341964722,0.20146499574184418,-0.21367499232292175
1451504157351,2,0.05372399836778641,-0.22100099921226501,1.62637197971344
1451504157376,2,-0.010989000089466572,-1.8901079893112183,1.3113540410995483
1451504157392,2,0.045176997780799866,-1.061048984527588,0.24053700268268585
1451504157411,2,0.1843709945678711,0.5482289791107178,-0.5567759871482849
1451504157432,2,0.29548200964927673,2.085468053817749,-0.9340649843215942
1451504157456,2,0.32722800970077515,2.462756872177124,-0.8534789681434631
1451504157472,2,0.2002439945936203,1.9474949836730957,-0.5250300168991089
1451504157492,2,-0.10744799673557281,-0.5824170112609863,0.29426100850105286
1451504157513,2,-0.09157499670982361,-1.1404139995574951,0.35531100630760193
1451504157533,2,0.03296700119972229,-0.9938939809799194,0.1733819991350174
1451504157552,2,0.24053700268268585,-0.38095200061798096,-0.06715499609708786
1451504157573,2,0.40781399607658386,0.30158698558807373,-0.23931600153446198
1451504157592,2,0.416361004114151,0.6410250067710876,-0.2661779820919037
1451504157613,2,0.05616600066423416,0.1623930037021637,-0.09523800015449524
1451504157633,2,-0.097680002450943,-0.18314999341964722,0.045176997780799866
1451504157653,2,-0.10622699558734894,-0.3040289878845215,0.11965800076723099
1451504157673,2,-0.00976799987256527,-0.19658099114894867,0.10134299844503403
1451504157693,2,0.11965800076723099,0.004883999936282635,0.017093999311327934
1451504157714,2,0.24053700268268585,0.17582400143146515,-0.030524998903274536
1451504157733,2,0.20268599689006805,0.07814399898052216,-0.0012209999840706587
1451504157753,2,0.1465200036764145,-0.03174600005149841,0.04761900007724762
1451504157774,2,0.11233200132846832,-0.0757019966840744,0.08913300186395645
1451504157795,2,0.10134299844503403,-0.040293000638484955,0.08913300186395645
1451504157814,2,0.1135529950261116,0.025640999898314476,0.03174600005149841
1451504157841,2,0.11233200132846832,0.0,0.02319899946451187
1451504157854,2,0.09157499670982361,-0.02930399961769581,0.030524998903274536
1451504157875,2,0.07814399898052216,-0.020756999030709267,0.03418799862265587
1451504157895,2,0.09157499670982361,0.02808300033211708,0.02319899946451187
1451504157915,2,0.13675199449062347,0.05616600066423416,0.012210000306367874
1451504157934,2,0.16117200255393982,-0.007325999904423952,0.020756999030709267
1451504157954,2,0.12576299905776978,-0.04273499920964241,0.03663000091910362
1451504157975,2,0.07814399898052216,-0.0378509983420372,0.020756999030709267
1451504157995,2,0.05372399836778641,0.004883999936282635,-0.020756999030709267
1451504158015,2,0.07081799954175949,0.03907199949026108,-0.020756999030709267
1451504158035,2,0.13797299563884735,0.012210000306367874,0.030524998903274536
1451504158055,2,0.1514039933681488,-0.03663000091910362,0.03174600005149841
1451504158075,2,0.15506699681282043,-0.05738699808716774,0.020756999030709267
1451504158096,2,0.14285700023174286,-0.02808300033211708,-0.006105000153183937
1451504158122,2,0.12698400020599365,0.00976799987256527,-0.017093999311327934
1451504158135,2,0.11965800076723099,0.05738699808716774,0.003662999952211976
1451504158161,2,0.11843699961900711,0.05372399836778641,0.03174600005149841
1451504158176,2,0.11599499732255936,0.040293000638484955,0.05738699808716774
1451504158196,2,0.11233200132846832,0.01831500045955181,0.05250300094485283
1451504158218,2,0.09645900130271912,0.00976799987256527,0.040293000638484955
1451504158236,2,0.08546999841928482,0.015873000025749207,0.01953599974513054
1451504158257,2,0.08791200071573257,0.03174600005149841,0.020756999030709267
1451504158277,2,0.10744799673557281,0.020756999030709267,0.03296700119972229
1451504158297,2,0.12820500135421753,-0.0012209999840706587,0.05128199979662895
1451504158319,2,0.13430999219417572,-0.01831500045955181,0.05738699808716774
1451504158336,2,0.12332099676132202,-0.01953599974513054,0.04151399806141853
1451504158357,2,0.12332099676132202,0.0024419999681413174,0.012210000306367874
1451504158377,2,0.1294260025024414,0.004883999936282635,0.01953599974513054
1451504158398,2,0.11965800076723099,-0.003662999952211976,0.03663000091910362
1451504158419,2,0.10378500074148178,-0.020756999030709267,0.035408999770879745
1451504158437,2,0.10134299844503403,-0.02930399961769581,0.026861999183893204
1451504158458,2,0.11721599847078323,-0.008546999655663967,0.03296700119972229
1451504158478,2,0.10988999903202057,-0.014651999808847904,0.02930399961769581
1451504158498,2,0.10134299844503403,-0.02319899946451187,0.014651999808847904
1451504158521,2,0.10134299844503403,-0.01831500045955181,0.012210000306367874
1451504158538,2,0.11233200132846832,-0.021978000178933144,0.0378509983420372
1451504158563,2,0.11721599847078323,-0.02319899946451187,0.05616600066423416
1451504158579,2,0.09890099614858627,-0.020756999030709267,0.06593400239944458
1451504158599,2,0.09890099614858627,-0.010989000089466572,0.0647130012512207
1451504158619,2,0.10500600188970566,-0.013430999591946602,0.050060998648405075
1451504158638,2,0.10988999903202057,-0.010989000089466572,0.04151399806141853
1451504158658,2,0.13430999219417572,0.012210000306367874,0.01831500045955181
1451504158679,2,0.11721599847078323,0.010989000089466572,0.004883999936282635
1451504158699,2,0.10134299844503403,-0.017093999311327934,0.00976799987256527
1451504158719,2,0.1245419979095459,-0.006105000153183937,0.021978000178933144
1451504158739,2,0.17582400143146515,0.00976799987256527,0.03174600005149841
1451504158759,2,0.20634900033473969,-0.007325999904423952,0.02808300033211708
1451504158780,1,0.10866899788379669,-0.06349200010299683,0.025640999898314476
1451504158800,1,0.07814399898052216,-0.020756999030709267,0.07081799954175949
1451504158821,1,0.09645900130271912,-0.0012209999840706587,0.13797299563884735
1451504158840,1,0.12576299905776978,-0.025640999898314476,0.1575089991092682
1451504158859,1,0.16117200255393982,-0.06227099895477295,0.13308899104595184
1451504158888,1,0.18070799112319946,-0.02930399961769581,0.08913300186395645
1451504158900,1,0.1575089991092682,-0.004883999936282635,0.1025639995932579
1451504158920,1,0.13675199449062347,-0.0024419999681413174,0.13430999219417572
1451504158940,1,0.13675199449062347,0.02442000061273575,0.1733819991350174
1451504158960,1,0.15262499451637268,0.04273499920964241,0.18070799112319946
1451504158981,1,0.15995100140571594,0.030524998903274536,0.1782660037279129
1451504159001,1,0.17093999683856964,-0.04639799892902374,0.13308899104595184
1451504159020,1,0.15018299221992493,-0.06959699839353561,0.08302799612283707
1451504159041,1,0.1404149979352951,-0.040293000638484955,0.054944999516010284
1451504159062,1,0.16483499109745026,0.02319899946451187,0.08180700242519379
1451504159081,1,0.17460300028324127,0.054944999516010284,0.11111100018024445
1451504159101,1,0.13430999219417572,0.09157499670982361,0.06227099895477295
1451504159123,1,0.19902299344539642,0.1135529950261116,0.045176997780799866
1451504159141,1,0.1733819991350174,0.012210000306367874,-0.10134299844503403
1451504159162,1,0.23443199694156647,0.47252699732780457,-0.8705729842185974
1451504159182,1,1.0793639421463013,1.7509139776229858,-1.2783869504928589
1451504159203,1,1.4786310195922852,1.0744799375534058,-2.1965789794921875
1451504159222,1,1.0891319513320923,0.2588520050048828,-1.8168479204177856
1451504159242,1,0.30158698558807373,-0.3614159822463989,-0.894993007183075
1451504159262,1,-0.38705700635910034,-1.2112319469451904,0.195360004901886
1451504159282,1,-0.9816839694976807,-1.9133069515228271,0.49450498819351196
1451504159303,1,-1.2759449481964111,-2.029301881790161,0.16361400485038757
1451504159322,1,-0.5494499802589417,-0.3772889971733093,-0.3137969970703125
1451504159342,1,0.02930399961769581,0.2332109957933426,-0.2905980050563812
1451504159363,1,0.36507898569107056,0.3504270017147064,-0.1465200036764145
1451504159383,1,0.3956039845943451,0.13675199449062347,0.10378500074148178
1451504159403,1,0.24664199352264404,-0.08913300186395645,0.32722800970077515
1451504159423,1,-0.012210000306367874,-0.21001200377941132,0.4371179938316345
1451504159444,1,-0.045176997780799866,-0.12698400020599365,0.35897400975227356
1451504159463,1,0.040293000638484955,0.008546999655663967,0.299144983291626
1451504159484,1,0.19902299344539642,0.1514039933681488,0.3125759959220886
1451504159505,1,0.31746000051498413,0.23443199694156647,0.37606799602508545
1451504159524,1,0.26251500844955444,0.06593400239944458,0.5995109677314758
1451504159544,1,0.1892549991607666,-0.07081799954175949,0.7081800103187561
1451504159564,1,0.11965800076723099,-0.14407800137996674,0.750914990901947
1451504159584,1,0.06104999780654907,-0.1782660037279129,0.7142850160598755
1451504159605,1,-0.0012209999840706587,-0.19169700145721436,0.6300359964370728
1451504159624,1,-0.06349200010299683,-0.15873000025749207,0.5738700032234192
1451504159645,1,-0.09157499670982361,-0.06593400239944458,0.5824170112609863
1451504159664,1,-0.09890099614858627,-0.06227099895477295,0.5604389905929565
1451504159685,1,-0.10866899788379669,-0.12209999561309814,0.5274720191955566
1451504159710,1,-0.11111100018024445,-0.21245399117469788,0.4920629858970642
1451504159725,1,-0.14407800137996674,-0.2551890015602112,0.5347979664802551
1451504159745,1,-0.2759459912776947,-0.2661779820919037,0.4920629858970642
1451504159766,1,-0.2759459912776947,-0.2429789900779724,0.4603169858455658
1451504159785,1,-0.20146499574184418,-0.17460300028324127,0.44200199842453003
1451504159805,1,-0.06349200010299683,-0.10866899788379669,0.4432229995727539
1451504159825,1,0.07081799954175949,-0.09523800015449524,0.4664219915866852
1451504159847,1,0.10378500074148178,-0.21489599347114563,0.3956039845943451
1451504159866,1,0.054944999516010284,-0.21977999806404114,0.3040289878845215
1451504159886,1,0.05372399836778641,-0.1514039933681488,0.19780199229717255
1451504159906,1,0.09401699900627136,-0.02442000061273575,0.12576299905776978
1451504159926,1,0.1404149979352951,0.10012199729681015,0.08302799612283707
1451504159947,1,0.18192899227142334,0.15995100140571594,0.05738699808716774
1451504159966,1,0.1465200036764145,-0.015873000025749207,0.08913300186395645
1451504159993,1,0.11477399617433548,-0.054944999516010284,0.07448099553585052
1451504160013,1,0.09645900130271912,-0.003662999952211976,0.030524998903274536
1451504160026,1,0.06837599724531174,0.10622699558734894,-0.03418799862265587
1451504160047,1,0.03663000091910362,0.14896199107170105,-0.09157499670982361
1451504160067,1,0.08913300186395645,0.040293000638484955,-0.0866909995675087
1451504160086,1,0.1623930037021637,-0.07081799954175949,-0.06715499609708786
1451504160107,1,0.16483499109745026,-0.12698400020599365,-0.07326000183820724
1451504160127,1,0.07326000183820724,-0.1245419979095459,-0.06837599724531174
1451504160147,1,-0.04395600035786629,-0.017093999311327934,-0.15018299221992493
1451504160167,1,0.14407800137996674,0.293040007352829,-0.10500600188970566
1451504160187,1,0.293040007352829,0.3199020028114319,-0.01953599974513054
1451504160207,1,0.3638579845428467,0.2319899946451187,-0.030524998903274536
1451504160228,1,0.3467639982700348,0.14774100482463837,-0.09401699900627136
1451504160248,1,0.26861998438835144,0.18192899227142334,-0.1733819991350174
1451504160268,1,0.19902299344539642,0.293040007352829,-0.20634900033473969
1451504160293,1,0.13797299563884735,0.3785099983215332,-0.11477399617433548
1451504160308,1,0.10744799673557281,0.2600730061531067,-0.07814399898052216
1451504160328,1,0.08058600127696991,0.07814399898052216,-0.05372399836778641
1451504160349,1,0.14896199107170105,0.0647130012512207,-0.02930399961769581
1451504160369,1,0.3235650062561035,0.04395600035786629,-0.013430999591946602
1451504160389,1,0.39316198229789734,0.26129400730133057,-0.04273499920964241
1451504160408,1,0.40292999148368835,0.34920600056648254,-0.01831500045955181
1451504160428,1,0.42979198694229126,0.31135499477386475,0.026861999183893204
1451504160449,1,0.42979198694229126,0.23931600153446198,0.030524998903274536
1451504160469,1,0.3577530086040497,0.06715499609708786,0.008546999655663967
1451504160490,1,0.2051279991865158,0.09157499670982361,-0.06104999780654907
1451504160509,1,0.22954799234867096,0.211232990026474,-0.03663000091910362
1451504160530,1,0.28327199816703796,0.2869350016117096,-0.015873000025749207
1451504160550,1,0.31013399362564087,0.32722800970077515,-0.00976799987256527
1451504160570,1,0.26129400730133057,0.308912992477417,-0.02319899946451187
1451504160589,1,0.19658099114894867,0.299144983291626,-0.0647130012512207
1451504160610,1,0.004883999936282635,0.004883999936282635,-0.08302799612283707
1451504160630,1,0.04151399806141853,0.0024419999681413174,0.035408999770879745
1451504160650,1,0.07448099553585052,0.004883999936282635,0.07936500012874603
1451504160671,1,0.11477399617433548,0.0647130012512207,0.06593400239944458
1451504160690,1,0.1575089991092682,0.14163599908351898,0.05860799923539162
1451504160711,1,0.097680002450943,0.09890099614858627,0.07081799954175949
1451504160731,1,0.03663000091910362,0.007325999904423952,0.07936500012874603
1451504160751,1,0.040293000638484955,-0.06715499609708786,0.07936500012874603
1451504160771,1,0.07326000183820724,-0.10988999903202057,0.08791200071573257
1451504160793,2,0.10988999903202057,-0.09157499670982361,0.09157499670982361
1451504160816,2,0.15262499451637268,-0.05372399836778641,0.08546999841928482
1451504160832,2,0.10134299844503403,-0.07203900068998337,0.050060998648405075
1451504160852,2,0.08058600127696991,-0.08424899727106094,0.03663000091910362
1451504160879,2,0.09279599785804749,-0.09523800015449524,0.040293000638484955
1451504160892,2,0.10500600188970566,-0.09279599785804749,0.0012209999840706587
1451504160912,2,0.13919399678707123,-0.03907199949026108,-0.054944999516010284
1451504160932,2,0.13430999219417572,0.07936500012874603,-0.10622699558734894
1451504160952,2,0.11233200132846832,0.08913300186395645,-0.05860799923539162
1451504160973,2,0.11111100018024445,0.09279599785804749,-0.035408999770879745
1451504160992,2,0.09157499670982361,0.0757019966840744,-0.0378509983420372
1451504161013,2,0.07203900068998337,0.06104999780654907,-0.05250300094485283
1451504161033,2,0.09401699900627136,0.017093999311327934,-0.04761900007724762
1451504161053,2,0.09645900130271912,0.04151399806141853,-0.025640999898314476
1451504161073,2,0.11843699961900711,0.11599499732255936,-0.003662999952211976
1451504161092,2,0.1562879979610443,0.17093999683856964,0.010989000089466572
1451504161113,2,0.1623930037021637,0.14774100482463837,-0.0024419999681413174
1451504161133,2,0.10988999903202057,0.01831500045955181,-0.008546999655663967
1451504161153,2,0.1025639995932579,-0.05250300094485283,-0.004883999936282635
1451504161173,2,0.09645900130271912,-0.0757019966840744,0.0012209999840706587
1451504161194,2,0.13797299563884735,-0.04639799892902374,-0.006105000153183937
1451504161214,2,0.18314999341964722,0.003662999952211976,-0.020756999030709267
1451504161234,2,0.17460300028324127,-0.01953599974513054,-0.006105000153183937
1451504161254,2,0.12209999561309814,-0.05860799923539162,-0.003662999952211976
1451504161274,2,0.10866899788379669,-0.06349200010299683,-0.026861999183893204
1451504161294,2,0.12209999561309814,-0.026861999183893204,-0.0488400012254715
1451504161314,2,0.13186800479888916,0.02808300033211708,-0.05738699808716774
1451504161334,2,0.12209999561309814,0.0647130012512207,-0.04395600035786629
1451504161354,2,0.09890099614858627,0.08302799612283707,-0.026861999183893204
1451504161375,2,0.09279599785804749,0.07692299783229828,-0.03663000091910362
1451504161394,2,0.08546999841928482,0.08058600127696991,-0.07814399898052216
1451504161415,2,0.1025639995932579,0.15018299221992493,-0.13919399678707123
1451504161435,2,0.1355309933423996,0.26251500844955444,-0.20757000148296356
1451504161455,2,0.2271059900522232,0.2319899946451187,-0.2869350016117096
1451504161475,2,-0.24664199352264404,-0.44688600301742554,0.8461529612541199
1451504161499,2,-0.41269800066947937,-1.6825380325317383,1.0207560062408447
1451504161515,2,-0.46764299273490906,-1.7264939546585083,0.45665398240089417
1451504161535,2,-0.308912992477417,-0.9767999649047852,-0.1733819991350174
1451504161556,2,0.11111100018024445,1.7203890085220337,-0.904761016368866
1451504161575,2,0.2857140004634857,2.288153886795044,-0.7179480195045471
1451504161596,2,0.308912992477417,2.056164026260376,-0.38705700635910034
1451504161616,2,0.22100099921226501,1.2283259630203247,-0.014651999808847904
1451504161636,2,0.05372399836778641,0.16483499109745026,0.24664199352264404
1451504161656,2,-0.13064700365066528,-0.6581189632415771,0.2551890015602112
1451504161676,2,-0.017093999311327934,-0.7899869680404663,-0.07692299783229828
1451504161697,2,0.20757000148296356,-0.2698409855365753,-0.16605599224567413
1451504161716,2,0.3626369833946228,0.19902299344539642,-0.17582400143146515
1451504161736,2,0.38583600521087646,0.42979198694229126,-0.13308899104595184
1451504161756,2,0.3137969970703125,0.36507898569107056,-0.05372399836778641
1451504161777,2,0.11843699961900711,-0.19902299344539642,0.05616600066423416
1451504161796,2,0.045176997780799866,-0.36019498109817505,0.035408999770879745
1451504161816,2,0.02808300033211708,-0.34310099482536316,0.0
1451504161838,2,0.08180700242519379,-0.18681299686431885,0.014651999808847904
1451504161858,2,0.1355309933423996,0.003662999952211976,0.06959699839353561
1451504161882,2,0.14774100482463837,0.21001200377941132,0.13064700365066528
1451504161898,2,0.1465200036764145,0.14285700023174286,0.1294260025024414
1451504161918,2,0.1245419979095459,0.01953599974513054,0.08180700242519379
1451504161938,2,0.07203900068998337,-0.1404149979352951,0.035408999770879745
1451504161959,2,0.040293000638484955,-0.19658099114894867,0.04395600035786629
1451504161978,2,0.04273499920964241,-0.15262499451637268,0.10500600188970566
1451504161998,2,0.0,-0.11965800076723099,0.2051279991865158
1451504162018,2,0.05860799923539162,-0.12820500135421753,0.20390699803829193
1451504162039,2,0.16483499109745026,-0.13064700365066528,0.17582400143146515
1451504162058,2,0.25641000270843506,-0.06227099895477295,0.12820500135421753
1451504162078,2,0.3406589925289154,0.06715499609708786,0.08180700242519379
1451504162099,2,0.3308909833431244,0.22466400265693665,0.01831500045955181
1451504162119,2,0.3028079867362976,0.24786299467086792,0.05250300094485283
1451504162139,2,0.19902299344539642,0.17704500257968903,0.05372399836778641
1451504162160,2,0.11233200132846832,0.18681299686431885,0.0378509983420372
1451504162179,2,0.10378500074148178,0.18192899227142334,0.04273499920964241
1451504162200,2,0.13919399678707123,0.17093999683856964,-0.006105000153183937
1451504162220,2,0.14407800137996674,0.19047600030899048,0.015873000025749207
1451504162240,2,0.11111100018024445,0.19169700145721436,0.03907199949026108
1451504162260,2,0.02808300033211708,0.2002439945936203,0.020756999030709267
1451504162280,2,-0.06959699839353561,0.23443199694156647,-0.00976799987256527
1451504162300,2,-0.09157499670982361,0.24053700268268585,0.017093999311327934
1451504162320,2,0.08180700242519379,0.08058600127696991,0.2002439945936203
1451504162340,2,0.10134299844503403,-0.2905980050563812,0.4700849950313568
1451504162360,2,-0.08058600127696991,-0.7448099851608276,0.6495720148086548
1451504162380,2,-0.15995100140571594,-1.3455419540405273,0.6862019896507263
1451504162401,2,-0.26129400730133057,-1.9047600030899048,0.5921850204467773
1451504162421,2,-0.41269800066947937,-2.1086668968200684,0.3943829834461212
1451504162440,2,-0.3418799936771393,-1.6202670335769653,0.34310099482536316
1451504162461,2,-0.22466400265693665,-0.8119649887084961,0.36019498109817505
1451504162481,2,-0.06104999780654907,0.16483499109745026,0.3528690040111542
1451504162501,2,0.13797299563884735,1.0671539306640625,0.2747249901294708
1451504162522,2,0.16605599224567413,1.7777760028839111,-0.04273499920964241
1451504162542,2,0.07936500012874603,1.8644670248031616,-0.20390699803829193
1451504162562,2,-0.21855899691581726,1.758239984512329,-0.31623899936676025
1451504162584,2,-0.27960899472236633,0.5970689654350281,-0.293040007352829
1451504162605,2,-0.21245399117469788,-0.1135529950261116,-0.2319899946451187
1451504162622,2,-0.22832699120044708,-0.4529910087585449,-0.14896199107170105
1451504162645,2,-0.1892549991607666,-0.6581189632415771,-0.14163599908351898
1451504162665,2,-0.07081799954175949,-0.38217300176620483,-0.1562879979610443
1451504162682,2,0.20390699803829193,-0.2490839958190918,0.0757019966840744
1451504162703,2,0.3943829834461212,-0.14285700023174286,0.21855899691581726
1451504162723,2,0.4114769995212555,-0.14896199107170105,0.25152599811553955
1451504162746,2,0.22466400265693665,-0.2380950003862381,0.11843699961900711
1451504162762,2,0.18559199571609497,-0.13797299563884735,0.10134299844503403
1451504162783,2,0.44688600301742554,0.26739898324012756,0.12698400020599365
1451504162803,2,0.8583629727363586,0.7802190184593201,0.054944999516010284
