x
-1 1
1 -3.139697199284599 3.137251890253757
2 -2.082370001077652 1.940733878314495
3 -1.208887990315755 1.512370014190674
4 -3.056843598683675 2.038780530293783
5 0.2382218437482327 9.835805199063405
6 0.1163605018554084 7.861833850428307
7 0.1101163651434459 8.9247733144259
8 -3.746465554154306 3.711437774925988
9 -3.735752271850385 3.806283673425701
10 -3.768546459132792 3.790084524594601
11 -1.183937167674738 14.2927200123274
12 -1.626333289436989 14.62576881690013
13 -1.600176991299791 14.53524971202569
14 3.32590103149 86.247938633
15 2.22281229496 56.1473016739
16 2.33362501631 42.6724316064
17 -1.993948364257812 0.3817250569661458
18 -1.5509521484375 1.457741292317708
19 -0.694976806640625 0.740130615234375
20 0.02615302423876372 3.483242517280564
21 0.03666659202112665 4.162574181022926
22 0.03457719417753419 2.070263670133304
23 -3.303103230305633 2.92638851594127
24 -2.662691189679951 2.708052274530181
25 -3.4242757250715 3.2898032792423
26 -1.959147998068692 11.89382128729617
27 -1.643716198829415 9.124107459859816
28 -1.848969609072556 12.57641042614447
29 0.800445556641 46.8169250488
30 0.281753540039 17.6469116211
31 0.405174618186 20.8255420477
32 -0.937872727034 0.94903941801
33 -0.95720485323 0.839653506033
34 -0.964366504156 0.988302955156
35 -0.899938902935 0.926934061365
36 -0.89970369866 0.869884420746
37 -0.896401285925 0.930691739729
38 -0.9189103277440001 0.8103410132260001
39 -0.927078598111 0.934285413529
40 -0.917408180867 0.947417772194
