1449111302074,0,-0.626357913017273,-0.4603281021118164,-0.15562662482261658
1449111302091,1,-0.626357913017273,-0.4603281021118164,-0.15562662482261658
1449111302120,1,-0.626357913017273,-0.4603281021118164,-0.15562662482261658
1449111302132,1,-0.626357913017273,-0.4603281021118164,-0.15562662482261658
1449111302150,1,-8.90393352508545,2.382493257522583,7.137696266174316
1449111302170,1,0.058435238897800446,0.20035657286643982,0.2727911174297333
1449111302190,1,-0.2785016596317291,0.40527036786079407,0.33536067605018616
1449111302210,1,-0.26510801911354065,0.5156418681144714,0.30744507908821106
1449111302230,1,-0.4062842130661011,0.5391387343406677,-0.22259412705898285
1449111302251,1,-0.2628190219402313,0.5089122653007507,-0.4890063405036926
1449111302277,1,-0.3224138915538788,0.4712570309638977,-0.4049883484840393
1449111302295,1,-0.2638362646102905,0.289998859167099,0.2076519876718521
1449111302316,1,-0.4159850478172302,0.18364274501800537,0.28367432951927185
1449111302335,1,-0.3702608644962311,0.18781360983848572,0.31375205516815186
1449111302358,1,-0.06653247773647308,0.31151071190834045,0.5178250074386597
1449111302377,1,0.07072378695011139,0.3493339717388153,0.6625485420227051
1449111302396,1,-0.028184842318296432,0.30420389771461487,0.42415598034858704
1449111302416,1,-0.39139410853385925,0.15557576715946198,0.409523069858551
1449111302437,1,-0.2850186228752136,0.20130875706672668,0.5823071599006653
1449111302459,1,-0.09460370242595673,0.3146396577358246,0.8188210725784302
1449111302479,1,-0.011546280235052109,0.34588849544525146,0.4461170434951782
1449111302497,1,-0.4760594666004181,0.38749387860298157,0.01207096129655838
1449111302516,1,-0.22979781031608582,0.432756632566452,-0.27231940627098083
1449111302536,1,-0.34835389256477356,0.34515491127967834,-0.2519511580467224
1449111302559,1,-0.492739737033844,0.2582312524318695,0.2592991888523102
1449111302578,1,-0.6584411859512329,0.12388181686401367,0.4570294916629791
1449111302597,1,-0.5363932251930237,0.09271861612796783,0.332978755235672
1449111302617,1,0.20357370376586914,0.26724839210510254,-0.13271570205688477
1449111302637,1,-0.001247369684278965,0.15960311889648438,-0.42885318398475647
1449111302659,1,-0.03818155452609062,0.10274375230073929,-1.6013327836990356
1449111302677,1,-0.06981354206800461,0.3151359260082245,-1.0567741394042969
1449111302698,1,10.767108917236328,-1.0558210611343384,-2.2151660919189453
1449111302718,1,0.054627079516649246,2.6560251712799072,-0.9837503433227539
1449111302740,1,-1.4175636768341064,0.338594526052475,-2.073094606399536
1449111302761,1,-0.42918190360069275,0.7157797813415527,-0.6142483353614807
1449111302779,1,0.35505008697509766,-0.6816059947013855,-2.71653151512146
1449111302798,1,1.8695281744003296,-0.969438910484314,-0.48060500621795654
1449111302819,1,-1.3482111692428589,0.026952596381306648,1.6515064239501953
1449111302841,1,-1.3345450162887573,0.6779372692108154,0.8420312404632568
1449111302861,1,-0.9628177285194397,0.9329390525817871,0.21144378185272217
1449111302879,1,-0.19019612669944763,0.9063509106636047,0.10042612254619598
1449111302899,1,0.2434944361448288,0.3045429289340973,0.37549394369125366
1449111302919,1,0.19311660528182983,-0.13396336138248444,0.8800625801086426
1449111302940,1,0.029934097081422806,-0.18956775963306427,0.6454355120658875
1449111302963,1,0.18912360072135925,3.790624614339322E-4,-0.06434592604637146
1449111302979,1,0.17710816860198975,0.18649083375930786,-0.2718967795372009
1449111303000,1,0.008949541486799717,0.2505541443824768,-0.12273673713207245
1449111303019,1,-0.11490137130022049,0.2433452308177948,-0.01974398083984852
1449111303042,1,-0.1638256311416626,0.140775665640831,-0.01177986990660429
1449111303061,1,-0.07254355400800705,0.1780225783586502,0.24153847992420197
1449111303080,1,-0.09952486306428909,0.22713293135166168,0.424617737531662
1449111303100,1,-0.17141002416610718,0.225449800491333,0.4581219553947449
1449111303120,1,-0.09887721389532089,0.27115970849990845,0.38922378420829773
1449111303143,1,-0.017977701500058174,0.13727350533008575,0.15954174101352692
1449111303159,1,-0.0018733927281573415,0.05121873319149017,0.14426876604557037
1449111303181,1,-0.07206278294324875,0.21438539028167725,0.1664075404405594
1449111303201,1,-0.3105323016643524,0.24399493634700775,0.14844343066215515
1449111303221,1,-0.12665829062461853,0.19891805946826935,0.1455214023590088
1449111303237,1,0.04310636967420578,0.13872136175632477,0.3004302382469177
1449111303262,1,0.21017427742481232,-0.013327391818165779,-0.24889761209487915
1449111303277,1,0.04607800766825676,0.028079554438591003,-0.25629764795303345
1449111303301,1,-0.10264576971530914,0.11054594814777374,-0.16482757031917572
1449111303325,1,0.050561144948005676,0.13438479602336884,0.06401567161083221
1449111303343,1,0.13572277128696442,0.08555705845355988,0.3139829635620117
1449111303364,1,0.17016075551509857,0.04848112165927887,0.49370238184928894
1449111303382,1,0.05189195275306702,0.08353344351053238,0.41985389590263367
1449111303402,1,-0.021075155586004257,0.12641893327236176,0.15542379021644592
1449111303425,1,0.07657960057258606,0.10291004925966263,-0.0577472560107708
1449111303444,1,0.09694668650627136,0.11836831271648407,0.05021686106920242
1449111303463,1,0.1923835426568985,0.002538286382332444,0.2091904580593109
1449111303483,1,0.10071253776550293,0.013131284154951572,0.22167524695396423
1449111303503,1,-0.1327333003282547,0.1463867872953415,0.2676420509815216
1449111303523,1,-0.21516156196594238,0.2691170871257782,0.24212299287319183
1449111303545,1,-0.20742151141166687,0.28678253293037415,0.05908405780792236
1449111303563,1,-0.16709047555923462,0.10499240458011627,-0.018591303378343582
1449111303583,1,-0.12817499041557312,0.11586334556341171,0.15298983454704285
1449111303603,1,-0.07811163365840912,0.12612609565258026,0.2983154356479645
1449111303625,1,-0.03545534610748291,0.1053130179643631,0.205464705824852
1449111303647,1,0.06806614995002747,0.12895137071609497,-0.08518471568822861
1449111303659,1,-0.01746504008769989,0.19552959501743317,-0.24091771245002747
1449111303684,1,-0.09182773530483246,0.11197657138109207,0.2499661147594452
1449111303704,1,0.01054324023425579,0.020153438672423363,0.318611204624176
1449111303725,1,0.09484601765871048,0.055620767176151276,0.29165539145469666
1449111303746,1,0.04579341784119606,0.09527619183063507,0.17242109775543213
1449111303764,1,0.026325039565563202,0.13073767721652985,0.03999766334891319
1449111303784,1,-0.08308514952659607,0.21618367731571198,-0.22816871106624603
1449111303806,1,-0.17977029085159302,0.17854630947113037,0.020635375753045082
1449111303827,1,-0.057818569242954254,0.1053907573223114,0.2416723370552063
1449111303844,1,0.04038545861840248,0.016427110880613327,0.10736790299415588
1449111303860,1,0.0848596841096878,0.006065291352570057,-0.182397723197937
1449111303885,1,-0.07158798724412918,0.14544834196567535,-0.4098503887653351
1449111303908,1,-0.11208061128854752,0.23494301736354828,-0.7320429682731628
1449111303928,1,-0.13680870831012726,0.24960312247276306,-0.37056466937065125
1449111303945,1,-0.13467460870742798,0.1057639792561531,0.23183424770832062
1449111303965,1,-0.11652953922748566,0.07155980169773102,0.3830600082874298
1449111303985,1,-0.009022570215165615,-0.05320259928703308,0.14095570147037506
1449111304008,1,0.4682493209838867,-0.11002163589000702,-0.2774842381477356
1449111304026,1,0.1837499588727951,-0.086027592420578,0.13541093468666077
1449111304048,1,0.09360256046056747,-0.11635814607143402,0.48486265540122986
1449111304066,1,0.05628781393170357,-0.1038832813501358,0.8332412242889404
1449111304086,1,0.07420443743467331,-0.2756178677082062,0.9518097639083862
1449111304107,1,0.35552775859832764,-0.37867316603660583,1.0100293159484863
1449111304129,2,0.3118351995944977,-0.008536942303180695,0.5058102011680603
1449111304149,2,0.22591851651668549,0.2835042178630829,-0.02057867869734764
1449111304167,2,-5.140139546710998E-5,0.32217296957969666,-0.36700552701950073
1449111304193,2,-0.11259199678897858,0.2615291178226471,-0.42836394906044006
1449111304217,2,-0.7073332667350769,0.09397680312395096,0.05796995759010315
1449111304228,2,-0.5897355079650879,0.35255730152130127,-0.008104396052658558
1449111304247,2,-0.641505777835846,0.35692164301872253,0.016974516212940216
1449111304269,2,-0.30491146445274353,0.33713439106941223,-0.14381927251815796
1449111304286,2,0.09834471344947815,0.3106657862663269,-0.2800321578979492
1449111304311,2,0.19087810814380646,0.09752952307462692,0.03286942094564438
1449111304329,2,0.2812962830066681,-0.36902299523353577,0.6913830041885376
1449111304347,2,0.09119284898042679,-0.16827508807182312,0.8159136772155762
1449111304368,2,0.05620674788951874,0.11682312935590744,1.026787519454956
1449111304390,2,0.4813220798969269,0.1719619631767273,0.7543360590934753
1449111304409,2,0.6916700005531311,0.10231705009937286,0.07845745235681534
1449111304428,2,0.19770503044128418,-0.08986439555883408,0.0741167888045311
1449111304448,2,-0.11360124498605728,-0.06069120019674301,0.3080003559589386
1449111304468,2,-0.11175324767827988,-0.029321664944291115,0.29547756910324097
1449111304491,2,0.1868823915719986,-0.0073234750889241695,0.16013094782829285
1449111304509,2,0.26141324639320374,0.1029755175113678,0.037667758762836456
1449111304528,2,0.2744502127170563,0.1232239380478859,0.23327334225177765
1449111304549,2,0.2526889145374298,0.009451426565647125,0.15645195543766022
1449111304569,2,0.1831720620393753,-0.05463993921875954,-0.11398644745349884
1449111304591,2,0.2238561064004898,-0.07436959445476532,-0.1823217272758484
1449111304610,2,0.17346921563148499,-0.33248570561408997,0.10445231199264526
1449111304629,2,0.7352361679077148,2.3072988986968994,2.8404152393341064
1449111304649,2,4.872148036956787,1.6112383604049683,0.48778995871543884
1449111304669,2,3.727282762527466,1.171278476715088,0.6835135817527771
1449111304691,2,0.21903212368488312,1.4487553834915161,-0.06314648687839508
1449111304712,2,-1.326832890510559,-0.16768062114715576,0.5540034174919128
1449111304730,2,-1.0760716199874878,-1.5448843240737915,0.9582459330558777
1449111304750,2,1.1247467994689941,-0.9118903875350952,-0.09411971271038055
1449111304771,2,0.5016657710075378,0.16842764616012573,-0.6816659569740295
1449111304792,2,-0.4519059360027313,0.8738082051277161,-0.9403168559074402
1449111304812,2,-1.3099526166915894,0.8707476854324341,-0.8153706192970276
1449111304830,2,-1.3266410827636719,0.7558338642120361,-0.5578635931015015
1449111304850,2,-0.7396523356437683,0.4891039729118347,0.10930033773183823
1449111304873,2,-0.3852568566799164,0.47224459052085876,0.16814298927783966
1449111304891,2,-0.4012494385242462,0.47681525349617004,0.2008107453584671
1449111304912,2,-0.6185188889503479,0.4442822337150574,0.24560265243053436
1449111304931,2,-0.6381285190582275,0.36339902877807617,0.185095876455307
1449111304951,2,-0.40937888622283936,0.27678659558296204,0.1792062371969223
1449111304974,2,0.05027896538376808,0.09481675922870636,0.057783495634794235
1449111304994,2,0.09061741083860397,0.07755670696496964,0.0010731822112575173
1449111305014,2,0.026484321802854538,0.09026917815208435,-0.03377367556095123
1449111305032,2,-0.04364091530442238,0.12158055603504181,-0.12056231498718262
1449111305052,2,-0.03858180716633797,0.12727583944797516,-0.07405366748571396
1449111305074,2,0.04078209400177002,0.06946253776550293,0.06962298601865768
1449111305094,2,-0.015378478914499283,0.037536825984716415,0.1813613623380661
1449111305112,2,-0.09082001447677612,0.1387505978345871,0.36929216980934143
1449111305132,2,-0.11991561949253082,0.1543310284614563,0.34887364506721497
1449111305156,2,-0.1535666137933731,0.18046967685222626,0.1802104413509369
1449111305174,2,-0.1653183549642563,0.20429828763008118,-0.024963760748505592
1449111305194,2,-0.18713314831256866,0.1844511479139328,0.10300678759813309
1449111305213,2,-0.21258901059627533,0.12222615629434586,0.08373977988958359
1449111305233,2,-0.15461057424545288,0.03779694065451622,0.14397534728050232
1449111305253,2,-0.08239435404539108,0.09917203336954117,0.15931962430477142
1449111305274,2,0.01941584423184395,0.25372838973999023,0.10007832944393158
1449111305294,2,0.08265241980552673,0.13882103562355042,0.00789104588329792
1449111305313,2,-0.011887568049132824,0.13892945647239685,0.005932897329330444
1449111305334,2,-0.14757022261619568,0.14548340439796448,0.09913316369056702
1449111305353,2,-0.08780505508184433,0.18003450334072113,0.240714892745018
1449111305369,2,-0.04196837916970253,0.07927870750427246,0.21922026574611664
1449111305394,2,-0.033834829926490784,0.0039686113595962524,-0.04254267364740372
1449111305414,2,0.040989380329847336,-0.023361586034297943,0.05098024755716324
1449111305434,2,0.1672998070716858,0.014295944012701511,0.4536614716053009
1449111305454,2,0.0752144530415535,0.11621814966201782,0.4680430591106415
1449111305476,2,0.1405763477087021,0.07931055873632431,0.34502458572387695
1449111305495,2,-0.20095278322696686,0.16441577672958374,-0.11814122647047043
1449111305514,2,-0.13750921189785004,0.2427498996257782,0.014956161379814148
1449111305534,2,0.3761052191257477,0.1696881651878357,0.24731296300888062
1449111305555,2,0.37649112939834595,0.25219109654426575,0.7225491404533386
1449111305576,2,-0.1836678832769394,0.10511545091867447,0.20696809887886047
1449111305596,2,-1.0372180938720703,0.16442367434501648,-0.11869184672832489
1449111305616,2,-1.1708555221557617,0.3701692521572113,-0.00501344446092844
1449111305635,2,0.21375241875648499,0.44676119089126587,-0.1374170035123825
1449111305655,2,0.7380349636077881,0.34779492020606995,-0.29131168127059937
1449111305676,2,0.26065725088119507,-0.13358283042907715,0.04478840529918671
1449111305696,2,0.1029963418841362,-0.08505202829837799,0.2533148527145386
1449111305716,2,-0.046837374567985535,0.03151332959532738,-0.26296237111091614
1449111305736,2,-0.03584500029683113,0.18748511373996735,-0.14918869733810425
1449111305759,2,0.017446810379624367,0.27376288175582886,-0.12446575611829758
1449111305778,2,0.16016945242881775,0.10496756434440613,-0.05005494877696037
1449111305792,2,0.19091975688934326,-0.14433160424232483,0.10382453352212906
1449111305816,2,0.12911343574523926,-0.059149231761693954,0.270614355802536
1449111305836,2,-0.055534183979034424,0.06871844083070755,0.22747136652469635
1449111305858,2,-0.1276843547821045,0.14358341693878174,0.16336627304553986
1449111305878,2,-0.16324031352996826,0.22274230420589447,0.10715338587760925
1449111305892,2,-0.08726173639297485,0.2422776073217392,0.15711364150047302
1449111305917,2,-0.15250052511692047,0.13770867884159088,0.18006372451782227
1449111305937,2,-0.055760905146598816,0.06309855729341507,0.13774901628494263
1449111305959,2,-0.01991334557533264,0.013197042979300022,0.0427238754928112
1449111305978,2,-0.06814517080783844,6.692775787087157E-5,-0.08464520424604416
1449111305997,2,0.030117856338620186,0.11232523620128632,-0.16836100816726685
1449111306017,2,0.0722554549574852,0.1713552176952362,-0.08338730782270432
1449111306039,2,0.014102978631854057,0.12872721254825592,0.06794482469558716
1449111306060,2,-0.11169979721307755,-0.05168868601322174,0.386513352394104
1449111306077,2,-0.02915310300886631,-0.12621669471263885,0.3650643229484558
1449111306098,2,0.21829159557819366,0.0396086648106575,0.2098340094089508
1449111306118,2,0.14536146819591522,0.14638502895832062,0.07754559814929962
1449111306139,2,0.08881518244743347,0.2330407053232193,-0.17528526484966278
1449111306161,1,-0.10527641326189041,0.08879180252552032,0.08551497012376785
1449111306180,1,-0.0818324089050293,0.005684182979166508,0.1215028166770935
1449111306198,1,-0.1146254763007164,-0.01875467784702778,0.13379764556884766
1449111306220,1,-0.08768325299024582,0.011142740957438946,0.20764322578907013
1449111306241,1,0.10850655287504196,0.15374328196048737,0.048924483358860016
1449111306261,1,0.04090900719165802,0.07848142087459564,-0.04715396463871002
1449111306279,1,0.1588474065065384,0.048845864832401276,0.06418517976999283
1449111306299,1,0.10474266856908798,-0.032529521733522415,0.2257610559463501
1449111306319,1,0.08384235948324203,-0.07900631427764893,0.27001404762268066
1449111306342,1,-0.02844941057264805,-0.040513213723897934,0.19016718864440918
1449111306361,1,-0.05497508868575096,0.15022943913936615,0.09941431879997253
1449111306380,1,-0.009558320976793766,0.2154451310634613,0.22854162752628326
1449111306400,1,-0.032043855637311935,0.14755700528621674,0.008697100915014744
1449111306419,1,0.1051170602440834,0.07994008809328079,0.08202888071537018
1449111306441,1,-0.08931523561477661,0.07993336766958237,0.1427735686302185
1449111306461,1,-0.11089732497930527,0.02581774815917015,0.4925841987133026
1449111306480,1,-0.1586339771747589,0.026980945840477943,0.5150099992752075
1449111306500,1,-0.04720160365104675,0.01731441542506218,0.35501521825790405
1449111306520,1,0.0195469968020916,0.10419628769159317,0.09684183448553085
1449111306541,1,0.050045523792505264,0.13958382606506348,-0.041340310126543045
1449111306561,1,0.18400047719478607,0.18728403747081757,0.5227099061012268
1449111306581,1,-0.2799154222011566,-0.03687836229801178,0.9767916202545166
1449111306602,1,0.3026561737060547,-0.40237727761268616,-0.2645949423313141
1449111306621,1,6.697329521179199,-1.374147891998291,0.0018465046305209398
1449111306642,1,-1.2322754859924316,-2.371384859085083,5.5394062995910645
1449111306662,1,1.8775784969329834,2.2661855220794678,0.6014531850814819
1449111306681,1,-5.043126583099365,1.245638370513916,-2.142801284790039
1449111306701,1,-4.596600532531738,1.566303014755249,-2.534564733505249
1449111306724,1,-1.9196996688842773,0.09210603684186935,-2.4533472061157227
1449111306743,1,0.0862378403544426,-1.0833274126052856,-3.3704872131347656
1449111306758,1,2.51659893989563,-0.8678826093673706,0.08155892789363861
1449111306783,1,-0.3302184045314789,0.13617314398288727,0.35863515734672546
1449111306802,1,-1.341949701309204,0.8108879327774048,-0.35060617327690125
1449111306823,1,-1.4481487274169922,1.1034668684005737,0.3354927599430084
1449111306846,1,-0.4431379735469818,0.6954536437988281,0.9534902572631836
1449111306863,1,1.0008213520050049,-0.058882396668195724,0.7328718304634094
1449111306883,1,1.3650933504104614,-0.5890203714370728,0.7315513491630554
1449111306903,1,0.670775830745697,-0.24466098845005035,0.7947294116020203
1449111306925,1,0.058498769998550415,0.02896130643785,0.1204933449625969
1449111306944,1,-0.07329369336366653,0.21057109534740448,-0.37746143341064453
1449111306963,1,-0.048712559044361115,0.29656389355659485,-0.5490028262138367
1449111306979,1,0.2879362106323242,0.18921324610710144,-0.3982996642589569
1449111306999,1,0.28953856229782104,0.05788228288292885,-0.5053092241287231
1449111307026,1,0.0902191624045372,0.1929302215576172,-0.028705870732665062
1449111307046,1,-0.5424095988273621,0.2691866457462311,0.9319348335266113
1449111307064,1,-0.7860894799232483,0.17505407333374023,0.8555132746696472
1449111307084,1,-0.40330567955970764,0.01643003337085247,0.2713157832622528
1449111307103,1,0.37646132707595825,0.1367310732603073,0.03198562189936638
1449111307125,1,0.4431999921798706,0.04653320461511612,0.0415969155728817
1449111307145,1,0.03343885391950607,0.11758067458868027,0.22286710143089294
1449111307164,1,-0.20850488543510437,0.17972996830940247,0.23854279518127441
1449111307184,1,-0.21696899831295013,0.17865824699401855,0.11422201246023178
1449111307207,1,0.2873261570930481,0.03521452099084854,-0.2225935310125351
1449111307227,1,0.4381025731563568,0.002740823198109865,-0.2083762139081955
1449111307245,1,0.32625967264175415,0.031401101499795914,0.06725450605154037
1449111307265,1,0.026633046567440033,0.08148089051246643,0.20615911483764648
1449111307285,1,-0.048447441309690475,0.05931289866566658,0.22396600246429443
1449111307307,1,0.014418913051486015,0.02388736419379711,0.29351240396499634
1449111307326,1,0.25506293773651123,0.1355900764465332,0.10795067250728607
1449111307345,1,0.17576251924037933,0.11410978436470032,0.03356792405247688
1449111307365,1,-0.001277655246667564,0.08544395118951797,0.002905658446252346
1449111307386,1,-0.13607940077781677,0.08860182762145996,0.03393208235502243
1449111307409,1,-0.15689517557621002,0.12952449917793274,0.1511690467596054
1449111307427,1,0.1698470115661621,-0.014369886368513107,0.1898883730173111
1449111307446,1,0.2124185413122177,0.02908259443938732,0.13982290029525757
1449111307466,1,-0.026934441179037094,0.05940086767077446,-0.021107085049152374
1449111307486,1,-0.06183525547385216,0.13912761211395264,-0.020501520484685898
1449111307508,1,-0.021486805751919746,0.14529694616794586,0.17882688343524933
1449111307530,1,0.17331509292125702,0.040429335087537766,0.3065028190612793
1449111307546,1,0.14517270028591156,0.06502338498830795,0.3221072256565094
1449111307567,1,0.08254566788673401,0.08605214208364487,0.3018360137939453
1449111307586,1,0.10321786999702454,0.06619330495595932,0.1361713856458664
1449111307608,1,0.15530966222286224,-0.023291151970624924,-0.032779403030872345
1449111307627,1,0.1593221127986908,0.08359832316637039,-0.09805647283792496
1449111307648,1,-0.11993702501058578,0.11226853728294373,-0.04491758719086647
1449111307668,1,-0.031062334775924683,0.0817979946732521,0.005844050087034702
1449111307690,1,0.017239011824131012,0.05262508988380432,0.0753951445221901
1449111307710,1,0.01751713454723358,0.0785202905535698,0.21832536160945892
1449111307728,1,-0.010553834959864616,0.08234919607639313,0.27950727939605713
1449111307748,1,0.047568026930093765,0.10217706114053726,0.12078092992305756
1449111307764,1,-0.07955047488212585,0.19713672995567322,0.20095980167388916
1449111307784,1,-0.050673261284828186,0.08786270022392273,0.09433657675981522
1449111307809,1,0.0668131560087204,0.03605886548757553,0.030502690002322197
1449111307828,1,0.06028177961707115,0.03170037642121315,0.07579728960990906
1449111307848,1,0.0403524711728096,0.08488427102565765,0.08817220479249954
1449111307868,1,0.053265396505594254,0.07364683598279953,0.007529811002314091
1449111307889,1,0.1036497950553894,0.02718786709010601,-0.1233978345990181
1449111307911,1,0.08515216410160065,0.04101298004388809,-0.2074059098958969
1449111307929,1,0.0023948957677930593,0.025072481483221054,-0.26027241349220276
1449111307949,1,0.12707020342350006,-0.0800488144159317,-0.16180209815502167
1449111307969,1,0.11686013638973236,-0.059831660240888596,-0.04392039030790329
1449111307991,1,-0.06411883980035782,0.044578853994607925,0.05500584840774536
1449111308011,1,-0.08593042194843292,0.17000235617160797,-0.025247838348150253
1449111308029,1,0.04693272337317467,0.12837007641792297,-0.15019816160202026
1449111308049,1,0.06640022993087769,0.10634469985961914,-0.16505202651023865
1449111308069,1,0.09661313891410828,0.14538374543190002,0.3830845355987549
1449111308092,1,0.17109298706054688,-0.090056411921978,0.5128770470619202
1449111308111,1,0.8208356499671936,-0.7577025890350342,0.10467267781496048
1449111308126,1,0.38379329442977905,0.030323535203933716,0.44712477922439575
1449111308149,1,-0.19076329469680786,0.6465767621994019,0.44523441791534424
1449111308170,1,-0.19006183743476868,0.1088891252875328,0.3349713683128357
1449111308192,2,-0.012806308455765247,-0.08344459533691406,0.34206104278564453
1449111308213,2,0.05297017842531204,-0.43807315826416016,0.7588052749633789
1449111308232,2,-0.07566097378730774,-0.4661252498626709,0.7586907148361206
1449111308251,2,0.14965996146202087,-0.10584872961044312,0.2525017559528351
1449111308270,2,-0.17646418511867523,0.14061200618743896,-0.1665121614933014
1449111308292,2,-0.24591511487960815,0.38392654061317444,-0.15491116046905518
1449111308312,2,-0.07081262022256851,0.21051497757434845,-0.12921616435050964
1449111308327,2,0.0918327048420906,0.025524025782942772,0.03728606924414635
1449111308351,2,0.11994390934705734,0.005635083187371492,0.2973620593547821
1449111308371,2,0.10463208705186844,-0.02389291673898697,0.3384060263633728
1449111308393,2,0.024882402271032333,0.03796381875872612,0.17184066772460938
1449111308412,2,-0.09927605092525482,0.09286562353372574,0.041738953441381454
1449111308432,2,-0.09975030273199081,0.136619433760643,0.04141337797045708
1449111308452,2,-0.10381945222616196,0.21157939732074738,0.11139234155416489
1449111308474,2,0.014803893864154816,0.10093232244253159,0.15269289910793304
1449111308493,2,0.09186961501836777,-0.058369480073451996,0.2505483031272888
1449111308512,2,0.10345590114593506,-0.06750380247831345,0.09275251626968384
1449111308533,2,0.06828425079584122,-0.03670212998986244,-0.02935059741139412
1449111308552,2,-0.04872502386569977,0.17522358894348145,-0.04945581406354904
1449111308575,2,-0.048757776618003845,0.2048734575510025,0.12619243562221527
1449111308593,2,0.11360610276460648,-0.09016016125679016,0.18100596964359283
1449111308613,2,0.07260872423648834,-0.09936638176441193,0.18077391386032104
1449111308633,2,0.016921982169151306,-0.013890578411519527,0.17922727763652802
1449111308653,2,-0.026056159287691116,0.06357727944850922,0.09212065488100052
1449111308675,2,-0.05146074295043945,0.14915625751018524,0.10772855579853058
1449111308695,2,0.0071966699324548244,0.18153905868530273,0.15798106789588928
1449111308709,2,0.14893296360969543,-0.05769435688853264,0.24121640622615814
1449111308734,2,0.10064090043306351,-0.04235182702541351,0.17406536638736725
1449111308753,2,0.11058564484119415,0.04039367660880089,0.1456020623445511
1449111308776,2,0.09057992696762085,0.03236205503344536,0.10114625096321106
1449111308795,2,0.1881258189678192,0.012471651658415794,0.10735680162906647
1449111308814,2,0.41860198974609375,-0.14578033983707428,0.05270283296704292
1449111308834,2,0.47039759159088135,-0.18378391861915588,0.18459494411945343
1449111308857,2,-4.606215000152588,5.862978935241699,-0.6222849488258362
1449111308877,2,-2.3432483673095703,-3.809884548187256,4.621121883392334
1449111308895,2,4.208258628845215,0.4655427634716034,0.06316927820444107
1449111308915,2,2.402839183807373,1.067628026008606,-1.2452794313430786
1449111308935,2,-0.5630068182945251,0.5566641688346863,-1.758895993232727
1449111308957,2,-0.7268379330635071,-0.5464747548103333,0.3338514268398285
1449111308978,2,-1.063023567199707,-1.382163166999817,1.3660235404968262
1449111308995,2,0.25940337777137756,-1.1578108072280884,0.6425058841705322
1449111309015,2,0.3097667992115021,-0.4875470995903015,-0.1728413701057434
1449111309035,2,-0.8320671319961548,1.1667550802230835,-0.25380760431289673
1449111309058,2,-0.8532482385635376,1.192517876625061,-0.48093703389167786
1449111309078,2,-0.9920008182525635,0.7420084476470947,-0.2407318353652954
1449111309091,2,-0.8524186015129089,0.6168725490570068,0.294357031583786
1449111309116,2,-0.7052361965179443,0.5138128399848938,0.4203606843948364
1449111309136,2,-0.589789092540741,0.36805006861686707,0.14391864836215973
1449111309159,2,-0.5640808939933777,0.4171867370605469,-0.003429390024393797
1449111309178,2,-0.5109962224960327,0.40333735942840576,-0.14405250549316406
1449111309196,2,-0.2718903720378876,0.3023378252983093,-0.18248598277568817
1449111309216,2,-0.09008132666349411,0.2622840404510498,-0.129004567861557
1449111309237,2,0.11595898866653442,0.027050796896219254,0.22058628499507904
1449111309259,2,0.051717109978199005,-0.011851766146719456,0.2236456722021103
1449111309279,2,0.0023843012750148773,0.04909341037273407,0.12136895954608917
1449111309297,2,-0.07112060487270355,0.13948212563991547,0.08770575374364853
1449111309317,2,-0.12366689741611481,0.19608370959758759,0.05732113867998123
1449111309337,2,-0.1130886971950531,0.2405807375907898,0.019936872646212578
1449111309358,2,-0.09873335063457489,0.1364385187625885,0.08791910856962204
1449111309380,2,-0.13113363087177277,0.1338689625263214,0.09100362658500671
1449111309397,2,-0.14947699010372162,0.15868045389652252,0.06458674371242523
1449111309432,2,-0.19605527818202972,0.2507619261741638,0.058370355516672134
1449111309446,2,-0.18390268087387085,0.2529623806476593,0.029145430773496628
1449111309470,2,-0.14963513612747192,0.10102584213018417,0.08023031055927277
1449111309494,2,-0.14359742403030396,0.12537702918052673,0.06360124051570892
1449111309513,2,-0.1266036033630371,0.1614072471857071,0.07594926655292511
1449111309532,2,-0.15932965278625488,0.1525759994983673,0.11466624587774277
1449111309551,2,-0.23475255072116852,0.23720833659172058,0.12679390609264374
1449111309571,2,-0.22983518242835999,0.3183399736881256,0.04942132532596588
1449111309594,2,-0.03951926901936531,0.08043284714221954,0.12235154211521149
1449111309613,2,-0.009641104377806187,0.06849398463964462,0.05869418382644653
1449111309633,2,-0.07435456663370132,0.06357143074274063,0.029548751190304756
1449111309651,2,-0.10183613747358322,0.0728340595960617,0.030565818771719933
1449111309674,2,-0.05710369721055031,0.11758388578891754,0.11188450455665588
1449111309694,2,0.0642002671957016,0.08550737053155899,0.23129063844680786
1449111309714,2,0.04490279033780098,0.09829846024513245,0.22294074296951294
1449111309733,2,-0.03732322156429291,0.10087094455957413,0.11571019887924194
1449111309761,2,-0.0013013649731874466,0.09684563428163528,0.04597849398851395
1449111309780,2,-0.05541488528251648,0.06588847935199738,0.1403822898864746
1449111309800,2,-0.017153270542621613,0.06398527324199677,0.07311083376407623
1449111309820,2,-0.02953762747347355,0.13878858089447021,0.10208733379840851
1449111309842,2,-0.19479480385780334,0.2196662575006485,0.16099369525909424
1449111309862,2,-0.14864443242549896,0.1490577608346939,0.15293197333812714
1449111309880,2,-0.016066204756498337,0.04084755852818489,0.08255086094141006
1449111309900,2,-0.08062485605478287,0.09064356237649918,0.05446282774209976
1449111309920,2,-0.10306912660598755,0.11807020753622055,0.08686521649360657
1449111309942,2,-0.1521315723657608,0.16490764915943146,0.09580197185277939
1449111309963,2,-0.12584862112998962,0.18644261360168457,0.1930886209011078
1449111309981,2,-0.005606058053672314,0.14149025082588196,0.16605916619300842
1449111310001,2,0.013303517363965511,0.10012099891901016,0.2829752266407013
1449111310022,2,0.007182787638157606,0.01973462849855423,0.24652619659900665
1449111310043,2,-0.022928254678845406,0.03820493444800377,0.16820377111434937
1449111310063,2,-0.0823739692568779,0.09241729974746704,0.06220715865492821
1449111310082,2,-0.043345313519239426,0.10435469448566437,-0.012129413895308971
1449111310102,2,-0.08386488258838654,0.1418389081954956,0.2513251304626465
1449111310123,2,-0.07346426695585251,0.146198570728302,0.19948329031467438
1449111310143,2,-0.037501756101846695,0.11703063547611237,0.2443646341562271
1449111310163,2,-0.09936386346817017,-0.06033318117260933,0.4144575893878937
1449111310182,2,0.4155941903591156,0.06701105087995529,0.067469023168087
1449111310202,2,-0.19447442889213562,0.11536416411399841,-0.023570844903588295
1449111310224,1,-0.17550532519817352,0.22297728061676025,0.18476912379264832
1449111310246,1,-0.057249099016189575,0.16805092990398407,0.13176760077476501
1449111310264,1,0.17832739651203156,0.14367461204528809,0.12718670070171356
1449111310283,1,0.075349822640419,0.044298868626356125,0.13584990799427032
1449111310302,1,0.003915118519216776,0.04415946081280708,-0.03994271904230118
1449111310325,1,0.1771361082792282,-0.004600771702826023,-0.046723172068595886
1449111310344,1,-0.010188600048422813,0.05718933045864105,0.12083587050437927
1449111310363,1,-0.16627749800682068,0.03222206234931946,0.09755963087081909
1449111310383,1,-0.07808194309473038,0.08094020932912827,0.3021826148033142
1449111310404,1,-0.20494110882282257,0.00757189653813839,0.26739656925201416
1449111310425,1,0.03431558236479759,0.15873569250106812,0.2334551215171814
1449111310445,1,-0.05044285207986832,0.21519729495048523,0.3466349244117737
1449111310464,1,-0.12387599796056747,0.18579818308353424,0.134842187166214
1449111310484,1,-0.21007578074932098,0.23929157853126526,-0.04639291763305664
1449111310504,1,-0.18740791082382202,0.1118786633014679,0.026311669498682022
1449111310526,1,0.031469013541936874,0.013898761942982674,0.4165630340576172
1449111310550,1,0.20774215459823608,0.07088497281074524,-0.0345744714140892
1449111310560,1,0.20670367777347565,0.17129121720790863,-0.14881108701229095
1449111310585,1,0.07354410737752914,0.23749884963035583,0.04102291539311409
1449111310607,1,3.1984306406229734E-4,0.08170096576213837,-0.059635262936353683
1449111310628,1,0.08073215186595917,0.01758943311870098,0.20163199305534363
1449111310646,1,0.15906232595443726,-0.026870472356677055,0.21595922112464905
1449111310665,1,0.04406772553920746,-0.01981733739376068,0.2576052248477936
1449111310685,1,0.08703859895467758,0.07732231169939041,0.20766426622867584
1449111310707,1,0.08560535311698914,0.11057400703430176,0.05814940854907036
1449111310728,1,0.16310353577136993,0.08303104341030121,-0.039624739438295364
1449111310745,1,0.24858233332633972,0.010835574939846992,-0.37865036725997925
1449111310765,1,0.1735464483499527,-0.03843173012137413,-0.2453787922859192
1449111310785,1,-0.27316930890083313,0.1327662616968155,0.603587806224823
1449111310808,1,-0.2460048794746399,0.24667350947856903,0.549685537815094
1449111310822,1,0.3071223497390747,-0.0578504242002964,0.11737842857837677
1449111310846,1,1.077479362487793,-4.506824493408203,2.5305659770965576
1449111310866,1,-1.9206445217132568,1.3104019165039063,5.004627227783203
1449111310886,1,-0.33986344933509827,1.7819427251815796,-1.2278233766555786
1449111310908,1,-5.350325107574463,1.5774726867675781,-2.8551838397979736
1449111310927,1,-4.104460716247559,1.9542367458343506,-2.5192718505859375
1449111310947,1,1.006321907043457,-1.0024603605270386,-2.1705355644226074
1449111310967,1,2.852597713470459,-1.5723732709884644,-2.379699230194092
1449111310987,1,1.8246303796768188,-0.527791440486908,-0.9311428070068359
1449111311009,1,-0.8491824269294739,0.3775947093963623,-0.021059155464172363
1449111311028,1,-2.3348569869995117,1.3174635171890259,0.07646072655916214
1449111311047,1,-1.8991587162017822,1.1239053010940552,-0.02387538179755211
1449111311067,1,0.9344903826713562,-0.20893822610378265,0.724777340888977
1449111311087,1,1.5473397970199585,-0.676764726638794,1.0004302263259888
1449111311109,1,1.1501390933990479,-0.6274807453155518,1.2109452486038208
1449111311129,1,0.6403266191482544,-0.23888884484767914,1.1820447444915771
1449111311148,1,0.3103029429912567,-0.014966098591685295,0.6885253190994263
1449111311168,1,0.2629757225513458,0.01527911052107811,0.25131577253341675
1449111311190,1,0.39861318469047546,0.055765725672245026,0.030845221132040024
1449111311204,1,0.42856401205062866,0.022798985242843628,-0.29763153195381165
1449111311230,1,0.19787220656871796,0.031176645308732986,-0.3631693124771118
1449111311248,1,-0.17574143409729004,0.11872633546590805,-0.27478960156440735
1449111311268,1,-0.3776245713233948,0.24616730213165283,-0.09652911871671677
1449111311290,1,-0.2133857160806656,0.22041064500808716,-0.11732114106416702
1449111311309,1,-0.10595694184303284,0.20901450514793396,0.1503349393606186
1449111311330,1,-0.03247242048382759,0.1688762605190277,0.4158645272254944
1449111311350,1,0.002563274698331952,0.14422084391117096,0.3985615074634552
1449111311373,1,-0.0711282417178154,0.09804478287696838,0.29818275570869446
1449111311389,1,-0.09286456555128098,0.07786591351032257,0.3237321972846985
1449111311411,1,0.2573339641094208,-0.02956833317875862,0.10790332406759262
1449111311429,1,0.3384748101234436,-0.08365122228860855,-0.040110476315021515
1449111311449,1,0.38982078433036804,-0.05890928581357002,-0.04747720807790756
1449111311470,1,0.29211512207984924,0.011003624647855759,0.020558219403028488
1449111311491,1,-0.10878423601388931,0.061468906700611115,0.14936873316764832
1449111311510,1,0.024690642952919006,0.07798662036657333,0.1227671355009079
1449111311529,1,0.11807609349489212,0.0862765982747078,0.09976327419281006
1449111311549,1,0.23285989463329315,0.029701603576540947,0.037146952003240585
1449111311570,1,0.2506985664367676,0.017141981050372124,-0.08122867345809937
1449111311591,1,-0.0179006177932024,0.1012742668390274,-0.14543022215366364
1449111311612,1,0.012448014691472054,0.1349097043275833,-0.15370938181877136
1449111311631,1,0.09035035222768784,0.1300710290670395,-0.0043798224069178104
1449111311651,1,0.029796114191412926,0.10001900047063828,0.07241875678300858
1449111311674,1,0.07487305253744125,0.08724632114171982,0.08003858476877213
1449111311693,1,0.19098171591758728,0.06706131994724274,0.213615283370018
1449111311712,1,-0.11479177325963974,0.0560559406876564,0.3790414035320282
1449111311727,1,-0.12259437143802643,0.07881488651037216,0.6006582379341125
1449111311751,1,-0.13882657885551453,-0.036044541746377945,0.6414958238601685
1449111311774,1,-0.04416592791676521,0.0036366030108183622,0.500331461429596
1449111311792,1,0.2368297129869461,-0.08236059546470642,0.11986089497804642
1449111311814,1,-0.07706303894519806,0.03293021023273468,0.1379331350326538
1449111311832,1,-0.1713835746049881,0.1788613647222519,0.16065175831317902
1449111311852,1,-0.1010451689362526,0.15469254553318024,-0.00854103360325098
1449111311875,1,0.01897997409105301,0.10690788924694061,-0.0404939241707325
1449111311895,1,0.10088197886943817,0.04736439511179924,0.040586862713098526
1449111311913,1,0.16497567296028137,-0.015872692689299583,0.09545125812292099
1449111311933,1,0.10320574045181274,0.0172398891299963,0.0914747565984726
1449111311953,1,0.05290251970291138,0.026280980557203293,0.21397241950035095
1449111311974,1,0.05975647643208504,0.019122926518321037,0.2418605536222458
1449111311990,1,0.1821509450674057,0.0045189387165009975,0.18724749982357025
1449111312013,1,0.10389036685228348,0.07828530669212341,0.18808044493198395
1449111312033,1,0.01004256121814251,0.13987141847610474,0.10306582599878311
1449111312053,1,-0.0413527674973011,0.1556999683380127,0.062041737139225006
1449111312075,1,-0.11092490702867508,0.10515139997005463,0.15845979750156403
1449111312095,1,-0.08870948851108551,0.07815028727054596,0.1781570166349411
1449111312113,1,0.020913060754537582,0.05831073597073555,0.14507541060447693
1449111312134,1,0.014328348450362682,0.05772972106933594,0.13691256940364838
1449111312154,1,-0.07632416486740112,0.10864333063364029,0.11955519020557404
1449111312176,1,-0.06960903108119965,0.1716211885213852,0.06330138444900513
1449111312194,1,-0.06133275106549263,0.10234773904085159,0.09584522247314453
1449111312214,1,0.010286854580044746,0.08233750611543655,0.1464969664812088
1449111312235,2,0.1450549215078354,-4.494973400142044E-4,0.11350421607494354
1449111312255,2,0.0714493989944458,0.018292028456926346,0.1663619428873062
1449111312278,2,0.05570833384990692,0.08088205009698868,0.2730453908443451
1449111312296,2,0.08401738852262497,0.07622341066598892,0.2275765836238861
1449111312315,2,0.14935046434402466,0.04270867630839348,0.15283085405826569
1449111312335,2,0.09172806888818741,0.02661006711423397,0.11022212356328964
1449111312355,2,0.04047616943717003,0.010703472420573235,0.07397826015949249
1449111312376,2,0.02560417726635933,0.045419398695230484,0.04983166232705116
1449111312395,2,-0.014273659326136112,0.10534984618425369,0.05138999596238136
1449111312415,2,-0.07294131815433502,0.10327742248773575,0.09026303887367249
1449111312435,2,-0.08136303722858429,0.07928191870450974,0.10747604072093964
1449111312458,2,-0.01860131323337555,0.1331847757101059,0.12079554051160812
1449111312478,2,-0.030518071725964546,0.12127456068992615,0.2237403690814972
1449111312497,2,0.020684439688920975,0.06591448932886124,0.21476444602012634
1449111312516,2,0.10012191534042358,0.04646656662225723,0.14060090482234955
1449111312537,2,0.029269933700561523,0.04019640013575554,0.021665887907147408
1449111312558,2,-0.03463833034038544,0.09290625154972076,0.066072016954422
1449111312581,2,0.13481563329696655,0.003724281210452318,0.11082009226083755
1449111312596,2,0.26753658056259155,-0.024157414212822914,0.2116781771183014
1449111312616,2,0.16104024648666382,0.013154665008187294,0.34381812810897827
1449111312636,2,-0.03305511549115181,0.06672375649213791,0.31781214475631714
1449111312660,2,-0.022831717506051064,0.13007482886314392,-0.03521393612027168
1449111312677,2,-0.049356408417224884,0.11534341424703598,0.08617839962244034
1449111312697,2,-0.030783042311668396,0.0783957839012146,0.10997487604618073
1449111312717,2,0.09603585302829742,0.0460243783891201,0.06000058725476265
1449111312737,2,0.07477792352437973,0.023417992517352104,0.08461422473192215
1449111312758,2,0.0916387140750885,0.01041471865028143,0.12982873618602753
1449111312779,2,0.08959471434354782,0.020524024963378906,0.07365735620260239
1449111312797,2,0.059079162776470184,0.06796353310346603,0.10175824910402298
1449111312818,2,0.008266199380159378,0.12350071221590042,0.14108312129974365
1449111312838,2,0.06541644036769867,0.07236410677433014,0.10993804782629013
1449111312859,2,0.11897172778844833,9.831658098846674E-4,0.04028232768177986
1449111312878,2,0.17943920195102692,-0.03429653123021126,0.06329904496669769
1449111312898,2,-12.019472122192383,2.4523427486419678,-3.5262627601623535
1449111312918,2,0.3511974811553955,-0.37926381826400757,1.5582529306411743
1449111312939,2,2.943136692047119,-1.0014201402664185,0.13456979393959045
1449111312960,2,4.626939296722412,1.4044222831726074,0.6049427390098572
1449111312979,2,0.9941157102584839,-0.8595993518829346,-1.0811532735824585
1449111312998,2,0.04455282539129257,-1.5206602811813354,0.03880874812602997
1449111313019,2,0.17109538614749908,-1.180923342704773,1.0872154235839844
1449111313041,2,0.7727687358856201,-0.7505509853363037,0.7486965656280518
1449111313060,2,0.6282396912574768,-0.11937135457992554,0.24478140473365784
1449111313079,2,0.34356144070625305,0.28688159584999084,-0.0658627599477768
1449111313099,2,0.2604105770587921,0.48057082295417786,-0.1498527079820633
1449111313120,2,-0.07281184941530228,0.19552987813949585,0.06489361822605133
1449111313142,2,-0.08848278969526291,0.07260726392269135,0.3006570339202881
1449111313164,2,0.06572183966636658,0.11962386965751648,0.4063602089881897
1449111313180,2,0.17097771167755127,0.042009588330984116,0.3330067992210388
1449111313200,2,0.33867016434669495,0.05773702636361122,0.012859481386840343
1449111313220,2,0.41273733973503113,0.05720657482743263,-0.08259937167167664
1449111313242,2,0.5473039746284485,-0.07227759063243866,-0.07969488203525543
1449111313261,2,0.6412789821624756,-0.20742987096309662,0.03169219195842743
1449111313281,2,0.6187018752098083,-0.2517763674259186,0.17876900732517242
1449111313296,2,0.5006591081619263,-0.06447656452655792,0.18860651552677155
1449111313321,2,0.4908367097377777,-2.981061697937548E-5,0.2421954870223999
1449111313342,2,0.3895981013774872,0.0052095516584813595,0.3289303481578827
1449111313357,2,0.30982282757759094,-0.011069675907492638,0.30496203899383545
1449111313381,2,0.21316228806972504,0.035510290414094925,0.21563363075256348
1449111313401,2,0.051740217953920364,0.0982242301106453,0.10697393864393234
1449111313424,2,0.20231975615024567,0.021676409989595413,-0.05186755210161209
1449111313443,2,0.19946333765983582,0.0189212653785944,0.010709025897085667
1449111313462,2,0.15822549164295197,0.030618717893958092,0.09499825537204742
1449111313482,2,0.21714965999126434,-0.004522738046944141,0.15202362835407257
1449111313502,2,0.1989314705133438,-0.015208383090794086,0.19571137428283691
1449111313524,2,0.36417344212532043,-0.017500001937150955,0.20049861073493958
1449111313545,2,0.3660346269607544,-0.05944149196147919,0.1763596087694168
1449111313562,2,0.3549485206604004,-0.08173486590385437,0.15194295346736908
1449111313582,2,0.2801029086112976,-0.048280924558639526,0.17671266198158264
1449111313602,2,0.16758622229099274,0.007254501339048147,0.20824351906776428
1449111313625,2,0.18111750483512878,0.027084406465291977,0.12707798182964325
1449111313643,2,0.12229922413825989,0.07168079912662506,0.116334468126297
1449111313663,2,0.14399981498718262,0.06308627873659134,0.0344867929816246
1449111313683,2,0.12993241846561432,0.04047171026468277,-0.035780925303697586
1449111313703,2,0.06850479543209076,0.02159896120429039,0.0361328050494194
1449111313724,2,0.021228410303592682,0.037969667464494705,0.18101122975349426
1449111313745,2,0.19182339310646057,0.025020752102136612,0.17522738873958588
1449111313764,2,0.25598663091659546,0.018099721521139145,0.14886720478534698
1449111313783,2,0.19448238611221313,0.06629472225904465,0.20605039596557617
1449111313804,2,0.05480879172682762,0.08318448066711426,0.2213619500398636
1449111313825,2,0.05757690593600273,0.05554857850074768,0.15943244099617004
1449111313844,2,0.10958065092563629,0.02605506405234337,0.17388825118541718
1449111313865,2,0.10349822044372559,-2.3497780784964561E-4,0.1464233249425888
1449111313884,2,0.10825762152671814,0.05104454234242439,0.10087211430072784
1449111313904,2,0.14464041590690613,0.08671703934669495,0.05909399315714836
1449111313925,2,0.13226966559886932,0.08195406198501587,0.09623217582702637
1449111313941,2,0.05986008420586586,0.03950052708387375,0.09763912111520767
1449111313960,2,0.0745467096567154,0.0028884150087833405,0.06679916381835938
1449111313983,2,0.20903000235557556,-0.013427052646875381,0.02740706317126751
1449111314005,2,0.17483298480510712,-0.01909077726304531,0.10812310874462128
1449111314026,2,0.1465892195701599,0.040153730660676956,0.14852000772953033
1449111314046,2,0.16989417374134064,0.03405570611357689,0.14680442214012146
1449111314065,2,0.15734712779521942,0.01920037530362606,0.23860125243663788
1449111314085,2,0.14129818975925446,0.0037774727679789066,0.16936054825782776
1449111314107,2,0.0728636160492897,0.07794453203678131,0.15716858208179474
1449111314127,2,-0.011816073209047318,0.12126783281564713,0.11485037207603455
1449111314146,2,-0.041842270642519,0.09525749087333679,0.056138068437576294
1449111314168,2,0.035411689430475235,0.07903233170509338,0.10944704711437225
1449111314186,2,0.09495309740304947,0.0073193833231925964,0.06281973421573639
1449111314207,2,0.07646287977695465,0.010128010995686054,-0.017950667068362236
1449111314227,2,-0.04608980566263199,0.05182341858744621,-0.01973872072994709
