1451266030089,0,0.0,0.0,0.0
1451266030108,1,-0.16004452109336853,5.002568244934082,-0.8100298643112183
1451266030131,1,0.3717365562915802,0.8813772201538086,0.5199988484382629
1451266030152,1,0.5342997908592224,0.6878279447555542,-0.5106400847434998
1451266030170,1,-0.14328885078430176,1.6920318603515625,-1.6183961629867554
1451266030190,1,0.09218023717403412,1.7091894149780273,-1.5292068719863892
1451266030210,1,0.14698494970798492,0.6452133655548096,0.061209965497255325
1451266030231,1,0.4592406749725342,-0.27498188614845276,1.2805553674697876
1451266030249,1,0.4352230727672577,-0.42716333270072937,1.72493577003479
1451266030275,1,0.08794112503528595,-0.25201427936553955,1.0789958238601685
1451266030295,1,0.07863891124725342,0.08829145133495331,0.40299803018569946
1451266030317,1,0.1879538595676422,0.10981997102499008,0.28666940331459045
1451266030336,1,0.3787252604961395,-0.20623627305030823,0.35908231139183044
1451266030356,1,0.4412173330783844,-0.24259646236896515,0.5156073570251465
1451266030375,1,0.11161595582962036,-0.14907997846603394,0.7050386071205139
1451266030394,1,0.022544406354427338,0.057757195085287094,0.4811515510082245
1451266030416,1,0.6309543251991272,0.31039807200431824,0.013407763093709946
1451266030436,1,0.5968424081802368,0.12636077404022217,-0.27314063906669617
1451266030455,1,0.38320019841194153,0.11452361941337585,-0.3481055796146393
1451266030476,1,0.4248088300228119,-0.026000702753663063,-0.053459204733371735
1451266030499,1,0.06617123633623123,-0.012774726375937462,0.596290647983551
1451266030519,1,-0.09272941201925278,0.04124152660369873,0.7715420126914978
1451266030536,1,0.13480620086193085,0.03911328315734863,0.4487175941467285
1451266030552,1,0.3258205056190491,0.047266777604818344,0.09651625901460648
1451266030577,1,0.44877079129219055,0.13656185567378998,-0.19231997430324554
1451266030596,1,0.39928004145622253,0.13482990860939026,-0.3393178880214691
1451266030618,1,0.44884732365608215,0.09035948663949966,-0.19944997131824493
1451266030636,1,-0.059646185487508774,-0.1433463990688324,0.3196878731250763
1451266030657,1,-0.17699432373046875,-0.08824001252651215,0.17789047956466675
1451266030677,1,-0.027248036116361618,0.2552946209907532,0.49911680817604065
1451266030700,1,-0.23808322846889496,-0.18445464968681335,0.41776248812675476
1451266030719,1,0.006890709511935711,-0.3261018395423889,-0.9451649188995361
1451266030737,1,-4.5938544273376465,0.24819208681583405,4.459871768951416
1451266030757,1,-1.5571625232696533,2.3419857025146484,-1.5432378053665161
1451266030778,1,-4.1457061767578125,1.382224202156067,-2.6269326210021973
1451266030793,1,-2.0165441036224365,0.5557950139045715,-3.0385522842407227
1451266030818,1,1.1695948839187622,-0.9262690544128418,-0.8472954630851746
1451266030833,1,3.729191780090332,-0.5531231164932251,0.1309632956981659
1451266030858,1,0.04999161884188652,0.8076590299606323,0.4601297974586487
1451266030879,1,-2.1387479305267334,1.586953043937683,0.24076047539710999
1451266030900,1,-1.5253252983093262,1.1118441820144653,0.3033978343009949
1451266030913,1,-0.0011401830706745386,0.3951590061187744,0.22843116521835327
1451266030939,1,0.6556379199028015,-0.06845861673355103,0.43059098720550537
1451266030954,1,0.6257326602935791,-0.2810474932193756,0.7772954702377319
1451266030980,1,0.6243219971656799,-0.16696283221244812,0.7208359241485596
1451266031000,1,0.3125886917114258,-0.007868833839893341,0.6164923310279846
1451266031018,1,0.20247404277324677,-0.037567220628261566,0.40409108996391296
1451266031039,1,0.3532373905181885,-0.1750830113887787,0.29792144894599915
1451266031059,1,-0.04735708609223366,0.21586860716342926,0.18988719582557678
1451266031080,1,0.051580917090177536,0.28412148356437683,-0.22283728420734406
1451266031103,1,0.30807292461395264,0.30552607774734497,-0.39501288533210754
1451266031119,1,0.3753756284713745,0.14920096099376678,-0.170199915766716
1451266031140,1,0.39033353328704834,0.014385668560862541,0.24211539328098297
1451266031160,1,0.24507176876068115,-0.18454408645629883,0.4188257157802582
1451266031182,1,0.5184168815612793,-0.023794718086719513,0.18008828163146973
1451266031202,1,0.3616952896118164,0.05301029235124588,0.0611439123749733
1451266031222,1,0.3123565912246704,0.17978782951831818,-0.018109073862433434
1451266031241,1,0.30885446071624756,0.27795419096946716,-0.02481938526034355
1451266031261,1,0.3748393654823303,0.07090659439563751,0.06806640326976776
1451266031277,1,0.06934444606304169,0.07952654361724854,0.5967822670936584
1451266031302,1,0.15697284042835236,0.076083704829216,0.3673895597457886
1451266031320,1,0.22528508305549622,0.09688392281532288,0.08735153824090958
1451266031342,1,0.10185147821903229,0.1131570115685463,-0.030581016093492508
1451266031363,1,-0.06914316862821579,0.21560440957546234,-0.03304419293999672
1451266031382,1,0.010269474238157272,0.1639017015695572,0.009500819258391857
1451266031402,1,0.17303159832954407,0.10213351249694824,0.08761457353830338
1451266031421,1,0.3191748261451721,0.057091422379016876,0.12585458159446716
1451266031437,1,0.1923084855079651,0.011312836781144142,0.1293850988149643
1451266031462,1,-0.01948278211057186,-4.617722879629582E-4,0.10137304663658142
1451266031483,1,0.12125884741544724,0.18459844589233398,-0.0777495950460434
1451266031501,1,0.1410808563232422,0.1780196577310562,-1.7126491002272815E-4
1451266031521,1,0.2144014835357666,0.0601087249815464,0.09623685479164124
1451266031542,1,0.13049155473709106,0.0481342077255249,0.23890052735805511
1451266031564,1,0.0028968448750674725,0.04423077031970024,0.27012336254119873
1451266031583,1,0.2581443786621094,0.09118366241455078,0.23137949407100677
1451266031602,1,0.30514848232269287,0.006036942359060049,0.28976970911026
1451266031621,1,0.24013710021972656,0.08174421638250351,0.3622802495956421
1451266031641,1,0.10727361589670181,0.05960661917924881,0.36412733793258667
1451266031663,1,0.032511502504348755,0.09760113060474396,0.32796940207481384
1451266031683,1,0.13926655054092407,0.13780629634857178,0.20326456427574158
1451266031698,1,0.13141456246376038,0.12047522515058517,0.09889233857393265
1451266031723,1,0.014141392894089222,0.11877134442329407,0.1012672483921051
1451266031744,1,0.0653291791677475,0.07020458579063416,-0.02070610411465168
1451266031766,1,0.09314732998609543,0.08556348830461502,-0.11554127186536789
1451266031785,1,0.0962725579738617,0.1011824980378151,-0.04345686361193657
1451266031803,1,0.18553543090820313,-0.14897768199443817,0.03859773278236389
1451266031823,1,0.10792892426252365,0.25696343183517456,0.31048810482025146
1451266031845,1,0.11722828447818756,0.16459143161773682,0.25505146384239197
1451266031866,1,0.18268975615501404,0.08505377918481827,0.1820218712091446
1451266031883,1,0.10085821896791458,0.045103464275598526,0.20204000174999237
1451266031904,1,0.08631370216608047,0.05711538717150688,0.12653496861457825
1451266031925,1,0.07210586220026016,0.12188860028982162,0.15028057992458344
1451266031947,1,0.1234046220779419,0.1576525717973709,0.1429109275341034
1451266031966,1,0.12172051519155502,0.039278119802474976,0.1164051964879036
1451266031983,1,0.08849064260721207,0.03783318027853966,0.08137363195419312
1451266032004,1,0.06765280663967133,0.05798808112740517,0.05123860388994217
1451266032026,1,0.07972873002290726,0.080060213804245,-0.05972527712583542
1451266032046,1,-0.04272955656051636,0.2029319703578949,-0.028569675981998444
1451266032066,1,-0.11215177178382874,0.21314473450183868,-0.05206453427672386
1451266032085,1,-0.038293592631816864,0.15354162454605103,-0.07575871795415878
1451266032105,1,0.15540912747383118,0.11524784564971924,-0.05190788209438324
1451266032126,2,0.026659732684493065,-0.019759178161621094,0.061043959110975266
1451266032142,2,0.015226183459162712,0.1123509556055069,0.16387714445590973
1451266032168,2,2.2511399583891034E-4,0.07290156930685043,0.08963000029325485
1451266032181,2,0.08082277327775955,0.11104162782430649,0.15844283998012543
1451266032207,2,0.054685357958078384,0.1371200680732727,0.23069150745868683
1451266032220,2,0.11783874034881592,0.10561434179544449,0.1691974699497223
1451266032248,2,0.13622257113456726,0.006523848976939917,0.30574119091033936
1451266032273,2,0.12314959615468979,-0.04716682434082031,0.37286651134490967
1451266032289,2,-0.10844863206148148,0.05420622229576111,0.3033534288406372
1451266032304,2,-0.1684773713350296,0.1570785641670227,0.09594517946243286
1451266032327,2,-0.005896939896047115,0.12226152420043945,-0.09549801796674728
1451266032349,2,0.14719350636005402,0.04460018873214722,-0.09496376663446426
1451266032363,2,0.1491604745388031,0.04865092784166336,0.03636252135038376
1451266032387,2,0.07776650786399841,-0.004766191355884075,0.15494389832019806
1451266032408,2,0.10426882654428482,-0.08836334198713303,0.30503860116004944
1451266032428,2,0.01473059132695198,-0.00994856283068657,0.24328503012657166
1451266032449,2,0.6412554383277893,-0.1962503045797348,0.5296276807785034
1451266032468,2,0.28783121705055237,-0.15789631009101868,0.7176087498664856
1451266032488,2,-0.13551896810531616,0.029985973611474037,0.42540860176086426
1451266032507,2,-0.2319256067276001,0.44373804330825806,-0.03610825538635254
1451266032527,2,-0.22373893857002258,0.5288187265396118,-0.3199029862880707
1451266032550,2,-0.07874318212270737,0.07490355521440506,0.03861585631966591
1451266032563,2,-0.13417571783065796,0.10928922891616821,0.1807405948638916
1451266032588,2,-0.15324345231056213,0.30197277665138245,0.1146077960729599
1451266032608,2,-0.2481880486011505,0.11688567698001862,-0.16745616495609283
1451266032631,2,-0.13958124816417694,0.009002221748232841,-0.2997124493122101
1451266032647,2,-0.15312223136425018,0.059906478971242905,-0.19133798778057098
1451266032667,2,0.27992960810661316,0.018043605610728264,0.18083178997039795
1451266032689,2,0.3686782121658325,0.021522680297493935,0.33010756969451904
1451266032709,2,0.23774942755699158,0.016761749982833862,0.4301029145717621
1451266032725,2,0.1248796209692955,-0.010813070461153984,0.3376549184322357
1451266032749,2,0.08208682388067245,0.04856090992689133,0.2233288735151291
1451266032769,2,0.184552401304245,-0.5038917660713196,-0.042639702558517456
1451266032789,2,0.2486516386270523,0.08614625036716461,0.2262164056301117
1451266032806,2,-0.1161632314324379,-0.06095978990197182,0.11712474375963211
1451266032826,2,-0.1533190906047821,0.010443068109452724,-0.010288169607520103
1451266032853,2,0.08419585227966309,0.22761166095733643,-0.08763210475444794
1451266032865,2,-0.05103757604956627,0.17556582391262054,0.10214228183031082
1451266032891,2,-0.15330709517002106,0.1356096714735031,0.28656068444252014
1451266032910,2,-0.1213730201125145,0.15895897150039673,0.24547699093818665
1451266032926,2,-0.05378960445523262,0.20034253597259521,0.1006874069571495
1451266032951,2,-0.0925997942686081,0.19668401777744293,0.0234025027602911
1451266032970,2,-0.181607186794281,0.17922843992710114,0.06537993997335434
1451266032990,2,0.027779020369052887,0.059332478791475296,0.11307693272829056
1451266033014,2,0.17128302156925201,-0.011496961116790771,0.1657312512397766
1451266033035,2,0.20898449420928955,-0.03162497282028198,0.16728314757347107
1451266033053,2,0.16343705356121063,0.0015314474003389478,0.15057343244552612
1451266033071,2,0.2007698118686676,-0.02716214768588543,0.07873918861150742
1451266033091,2,0.25519728660583496,-3.524667117744684E-4,0.03797288239002228
1451266033111,2,-23.326887130737305,-1.5086220502853394,-4.566361427307129
1451266033133,2,4.798061370849609,-1.7632468938827515,5.440698623657227
1451266033151,2,1.6833786964416504,1.0274509191513062,-1.1906330585479736
1451266033171,2,3.209745407104492,0.880678117275238,-1.8728853464126587
1451266033191,2,1.6536301374435425,0.5578408241271973,-0.7744155526161194
1451266033211,2,-1.0625320672988892,-0.2496504783630371,0.5891121625900269
1451266033233,2,-1.7759943008422852,-0.43382981419563293,0.2398579716682434
1451266033254,2,-0.8644868731498718,-0.5697352290153503,1.1930898427963257
1451266033275,2,-0.2621510326862335,-0.3739619255065918,1.4739333391189575
1451266033293,2,-0.41314613819122314,0.285564661026001,0.2979840040206909
1451266033316,2,-0.7783690094947815,0.9565449357032776,-0.43093058466911316
1451266033332,2,-1.1844732761383057,1.1008037328720093,-1.0184656381607056
1451266033352,2,-1.1010310649871826,0.7985831499099731,-1.0645967721939087
1451266033372,2,-0.6145820617675781,0.6036089062690735,-0.4700292646884918
1451266033392,2,-0.341675728559494,0.4317378103733063,0.1420031636953354
1451266033412,2,-6.065327906981111E-4,-0.0638192668557167,0.42836686968803406
1451266033434,2,-0.04489118233323097,-0.04939034581184387,0.4015408158302307
1451266033454,2,-0.14008434116840363,0.09653729945421219,0.2340700477361679
1451266033472,2,-0.05126931890845299,0.15984219312667847,0.04797405004501343
1451266033494,2,0.04391184076666832,0.13818039000034332,0.06930091977119446
1451266033515,2,-0.056069012731313705,0.04618190601468086,0.307400643825531
1451266033535,2,-0.15814605355262756,-0.03197334706783295,0.321835994720459
1451266033555,2,-0.04831155762076378,-0.16591069102287292,0.1188034936785698
1451266033576,2,-0.0019834653940051794,-0.09953063726425171,-0.017009587958455086
1451266033593,2,-0.053577277809381485,0.08274433761835098,-0.07717325538396835
1451266033610,2,-0.031552236527204514,0.15991467237472534,-0.16072247922420502
1451266033634,2,-0.13337835669517517,0.07871054857969284,-0.07316051423549652
1451266033654,2,-0.26262715458869934,0.10346446931362152,-0.006883914582431316
1451266033675,2,-0.1826619803905487,0.11862287670373917,-0.0946352630853653
1451266033696,2,-0.09133361279964447,0.15436404943466187,-0.013595394790172577
1451266033716,2,-0.08191428333520889,0.11023206263780594,0.10672025382518768
1451266033736,2,-0.2194189429283142,0.07755202800035477,0.12845687568187714
1451266033756,2,-0.21604013442993164,0.05681494250893593,0.08744330704212189
1451266033775,2,-0.046093955636024475,0.15719547867774963,0.07287468016147614
1451266033796,2,0.04719117283821106,0.1505810171365738,0.05660977587103844
1451266033816,2,-0.04126198589801788,0.0020329670514911413,0.003342296229675412
1451266033831,2,-0.07896921783685684,0.1196913793683052,0.015009937807917595
1451266033856,2,-2.0111207049922086E-5,0.014939210377633572,-0.010533084161579609
1451266033877,2,0.002369944006204605,-0.10606851428747177,0.011616203933954239
1451266033897,2,-0.11034950613975525,0.06925591081380844,0.18482348322868347
1451266033920,2,-0.19088812172412872,0.16840426623821259,0.1972317099571228
1451266033936,2,-0.0957469791173935,0.10710486769676208,-0.05143968015909195
1451266033957,2,-0.14822013676166534,0.15446048974990845,0.05676642805337906
1451266033976,2,-0.13395938277244568,0.14107319712638855,0.08345219492912292
1451266033998,2,0.0067698960192501545,0.04202478751540184,0.08829086273908615
1451266034018,2,0.032718684524297714,0.042631521821022034,0.11485212296247482
1451266034037,2,-0.0539599284529686,0.030289925634860992,0.16246961057186127
1451266034058,2,-0.10833694040775299,0.09175357222557068,0.17697277665138245
1451266034080,2,-0.08398990333080292,0.1552910953760147,0.15193361043930054
1451266034099,2,-0.08402878046035767,0.15001170337200165,0.14263269305229187
1451266034119,2,-0.08507976680994034,0.12130057066679001,0.14787176251411438
1451266034133,1,-0.09131008386611938,0.09914368391036987,0.11087854206562042
1451266034160,1,-0.11295012384653091,0.10125964879989624,-0.0010579846566542983
1451266034182,1,-0.08967754989862442,0.1252303123474121,-0.04995090514421463
1451266034200,1,-0.09294435381889343,0.07400339841842651,-0.06363455951213837
1451266034218,1,-0.10988843441009521,0.12335282564163208,0.04428746923804283
1451266034234,1,-0.0803462415933609,0.041515666991472244,0.11157470941543579
1451266034259,1,0.047790709882974625,0.02967793121933937,0.22806933522224426
1451266034285,1,-0.007306733634322882,0.07629939913749695,0.2133423089981079
1451266034301,1,0.02755812555551529,0.054566286504268646,0.12762275338172913
1451266034319,1,0.00998962577432394,0.041577041149139404,0.08141805231571198
1451266034339,1,-0.050790805369615555,0.06113105267286301,0.12174539268016815
1451266034361,1,-0.0821220725774765,0.10340368002653122,0.19891105592250824
1451266034380,1,-0.04138738289475441,0.10325930267572403,0.059254154562950134
1451266034402,1,-0.05421311780810356,0.09049977362155914,-0.04359130561351776
1451266034419,1,-0.06998195499181747,0.004328384529799223,-0.08193185180425644
1451266034439,1,-0.10888192802667618,0.03149520978331566,0.015324994921684265
1451266034459,1,-0.1679629683494568,0.07627660036087036,0.10940729826688766
1451266034482,1,0.04144790768623352,0.1442442238330841,0.12466449290513992
1451266034502,1,0.050776075571775436,0.1308428943157196,0.18824470043182373
1451266034520,1,0.08395500481128693,0.06629939377307892,0.21807634830474854
1451266034539,1,0.031727246940135956,0.03568856790661812,0.30017712712287903
1451266034560,1,-0.13238753378391266,0.033373862504959106,0.5261182188987732
1451266034585,1,-0.22298967838287354,0.039575640112161636,-0.024434769526124
1451266034602,1,0.08636767417192459,0.2631862461566925,-0.36093583703041077
1451266034620,1,0.12705695629119873,0.24451018869876862,-0.2520657181739807
1451266034640,1,0.051768090575933456,0.08013912290334702,0.015449498780071735
1451266034662,1,-0.08127370476722717,0.03434300050139427,0.294159471988678
1451266034682,1,0.045090459287166595,-0.08914893865585327,0.2556862533092499
1451266034702,1,-0.009925820864737034,-0.024576807394623756,0.1759820133447647
1451266034722,1,0.05309084430336952,0.09194061905145645,-0.036213468760252
1451266034747,1,0.07363259047269821,0.13203999400138855,-0.10944471508264542
1451266034765,1,-0.005276168696582317,0.07582008838653564,0.030595630407333374
1451266034785,1,-0.043776195496320724,0.08753449469804764,0.2586965262889862
1451266034802,1,-0.05150812491774559,0.07448972016572952,0.20334582030773163
1451266034821,1,0.016802428290247917,0.07225567102432251,0.14380817115306854
1451266034842,1,0.1024366021156311,0.033536944538354874,-0.03880056366324425
1451266034865,1,0.13509535789489746,0.056780457496643066,-0.07260346412658691
1451266034884,1,-0.04932139068841934,0.06623860448598862,-0.009268179535865784
1451266034902,1,-0.06724091619253159,0.10978490114212036,-3.3025487209670246E-4
1451266034919,1,-0.051088474690914154,0.07791852205991745,0.06441197544336319
1451266034943,1,-0.07160548865795135,0.11761866509914398,0.1262216567993164
1451266034965,1,-0.02514496259391308,0.1294189989566803,0.12332067638635635
1451266034985,1,0.009802103042602539,0.011240355670452118,0.1570996195077896
1451266035003,1,0.024557847529649734,0.061630818992853165,0.09473054111003876
1451266035019,1,-0.0066715870052576065,0.07626724988222122,0.09868074208498001
1451266035043,1,-0.022426169365644455,0.07587386667728424,0.15922318398952484
1451266035067,1,0.0865747407078743,0.022594694048166275,0.13904431462287903
1451266035085,1,0.0524984672665596,0.11692892760038376,0.14013445377349854
1451266035103,1,-0.08816347271203995,0.09800269454717636,0.23091770708560944
1451266035123,1,-0.010420747101306915,-0.1520785689353943,-0.3119301199913025
1451266035143,1,0.8108899593353271,-0.10335575044155121,-0.8831833600997925
1451266035167,1,0.7307518720626831,0.3289753496646881,-0.5662462115287781
1451266035184,1,-1.5207988023757935,-2.8552000522613525,4.812979698181152
1451266035204,1,-3.402665853500366,-0.15387187898159027,4.244745254516602
1451266035224,1,-1.8939374685287476,0.4320598840713501,-2.711235284805298
1451266035246,1,-1.2675340175628662,0.5806219577789307,-3.345968246459961
1451266035265,1,-0.5706932544708252,0.634906530380249,-1.6589789390563965
1451266035287,1,-0.2968815863132477,0.8673334717750549,-1.0193179845809937
1451266035305,1,-1.1765965223312378,-0.5934276580810547,0.5351876616477966
1451266035326,1,0.33413469791412354,0.2649328112602234,0.39518415927886963
1451266035346,1,-1.208522081375122,0.6497563123703003,-0.18502923846244812
1451266035362,1,-0.7881248593330383,1.1905752420425415,-0.2813929319381714
1451266035380,1,0.0657796636223793,0.7882488369941711,-0.17152853310108185
1451266035405,1,0.48047053813934326,0.028324762359261513,0.05712883174419403
1451266035426,1,0.8245363235473633,-0.22899989783763885,0.7741115689277649
1451266035448,1,0.6465474367141724,-0.47345924377441406,1.1874544620513916
1451266035466,1,0.8219212889671326,-0.48311904072761536,0.9071400165557861
1451266035485,1,0.7422487139701843,-0.3386632204055786,0.5545142889022827
1451266035507,1,0.6040754914283752,-0.1973801851272583,0.0937754362821579
1451266035528,1,0.6105147004127502,-0.08521043509244919,-0.13535013794898987
1451266035549,1,0.046504873782396317,0.10851766169071198,-0.2935749590396881
1451266035564,1,0.15591800212860107,0.15927754342556,-0.30856677889823914
1451266035586,1,0.12178386002779007,0.13484160602092743,-0.2733879089355469
1451266035606,1,-0.013788177631795406,0.08614975959062576,-0.26399871706962585
1451266035627,1,-0.02898338995873928,0.09574351459741592,-0.2811936140060425
1451266035649,1,-0.03547114506363869,0.11442600935697556,-0.095502108335495
1451266035668,1,0.17339353263378143,0.1807844340801239,-0.02839198149740696
1451266035686,1,-0.03383906930685043,0.15504851937294006,0.07548632472753525
1451266035704,1,0.13287833333015442,0.09843933582305908,0.1482435166835785
1451266035729,1,0.3035135865211487,0.09271394461393356,0.26257601380348206
1451266035751,1,0.08004125207662582,0.04551847279071808,0.28370413184165955
1451266035769,1,0.2118263840675354,0.04681026563048363,0.045226212590932846
1451266035788,1,0.2600589096546173,0.021929508075118065,0.062159813940525055
1451266035807,1,-0.08004587143659592,0.08689093589782715,0.14216390252113342
1451266035828,1,0.017093611881136894,0.06752689182758331,-0.004680267069488764
1451266035849,1,0.2131049633026123,0.08243570476770401,0.030823593959212303
1451266035868,1,0.017262211069464684,0.08108078688383102,-0.058842066675424576
1451266035884,1,0.07835286110639572,0.10307108610868454,-0.09630758315324783
1451266035908,1,-0.027110563591122627,0.06581424176692963,-0.07512392103672028
1451266035930,1,-0.044357504695653915,0.09135375916957855,-0.020222704857587814
1451266035951,1,0.0884198248386383,0.03219195827841759,0.08927519619464874
1451266035968,1,0.0403963066637516,0.09093523770570755,0.16263796389102936
1451266035989,1,0.1155230849981308,0.11362462490797043,0.10947452485561371
1451266036010,1,0.07222140580415726,0.07385259121656418,0.14279519021511078
1451266036031,1,0.009682641364634037,0.08558277040719986,0.1983955055475235
1451266036050,1,0.0278176162391901,0.008867197670042515,0.16595570743083954
1451266036069,1,0.059882476925849915,0.052447982132434845,-0.012865327298641205
1451266036090,1,0.044179223477840424,0.026814941316843033,-0.05510404706001282
1451266036110,1,-0.011205741204321384,0.07090601325035095,-1.9698387768585235E-4
1451266036132,1,0.015371610410511494,0.12679098546504974,0.16405250132083893
1451266036153,2,-0.03770644962787628,0.16282092034816742,0.22292788326740265
1451266036171,2,0.06450944393873215,0.12672844529151917,0.10563304275274277
1451266036192,2,0.12234298884868622,0.04860357940196991,0.10194704681634903
1451266036212,2,0.059651684015989304,-0.015647651627659798,0.046508654952049255
1451266036233,2,0.042642079293727875,-0.004437690135091543,0.019711831584572792
1451266036254,2,0.0065429555252194405,-0.01087386067956686,0.00707271508872509
1451266036271,2,-0.011849281378090382,0.039143092930316925,0.0110030397772789
1451266036293,2,0.08869993686676025,0.058014966547489166,0.05692658945918083
1451266036311,2,0.05266151577234268,0.038197923451662064,0.09721183776855469
1451266036333,2,0.0165428277105093,0.06267419457435608,0.08869827538728714
1451266036349,2,-0.09275275468826294,0.12660042941570282,0.12628771364688873
1451266036372,2,-0.025501741096377373,0.08351648598909378,0.01706511713564396
1451266036392,2,0.028236262500286102,0.08207155019044876,0.09622282534837723
1451266036412,2,0.012584738433361053,0.09283026307821274,0.10187222808599472
1451266036433,2,0.07179339230060577,0.06900280714035034,0.10613339394330978
1451266036453,2,0.038181811571121216,0.10709785670042038,0.12671558558940887
1451266036472,2,0.027502961456775665,0.07556407153606415,0.1785077303647995
1451266036493,2,0.012110891751945019,0.0306412223726511,0.19214053452014923
1451266036514,2,0.08363103866577148,0.020262451842427254,0.23356617987155914
1451266036534,2,0.13811315596103668,0.05477847158908844,0.19531740248203278
1451266036552,2,0.0446021631360054,0.10352233797311783,0.13910043239593506
1451266036573,2,-0.0797659233212471,0.14808745682239532,0.10036708414554596
1451266036593,2,-0.031145920976996422,0.07395488023757935,0.025232641026377678
1451266036615,2,0.08534449338912964,0.03749474138021469,0.09062252193689346
1451266036637,2,0.1385146677494049,0.047857146710157394,-0.019417233765125275
1451266036652,2,0.07021837681531906,0.07030629366636276,-0.1253098100423813
1451266036673,2,-0.16453297436237335,0.13938100636005402,-0.11378946155309677
1451266036693,2,-0.16604246199131012,0.11163081973791122,-0.050465866923332214
1451266036717,2,0.06662975996732712,0.15725041925907135,0.15939152240753174
1451266036735,2,0.089630626142025,0.10773206502199173,0.1465437263250351
1451266036753,2,-0.027577104046940804,0.07632102072238922,0.17417466640472412
1451266036774,2,-0.0025538126938045025,0.11519172787666321,0.02523205615580082
1451266036795,2,0.12383385002613068,-0.01882043667137623,-0.04052840918302536
1451266036816,2,0.25629210472106934,-0.03496142476797104,0.13703180849552155
1451266036835,2,0.015617365948855877,0.006915478501468897,0.46740826964378357
1451266036853,2,-0.21519778668880463,0.05062602460384369,0.20983050763607025
1451266036871,2,0.06347867846488953,0.15640753507614136,0.24985271692276
1451266036897,2,0.191924586892128,0.010292845778167248,-0.029269933700561523
1451266036917,2,-0.005471325945109129,0.12558570504188538,-0.0071504563093185425
1451266036989,2,-0.07390574365854263,-0.013788287527859211,-0.21167875826358795
1451266037010,2,0.5565648674964905,0.12617313861846924,-0.04297522082924843
1451266037028,2,0.4867236018180847,-0.09215747565031052,0.14368367195129395
1451266037050,2,0.09015410393476486,-0.09454875439405441,0.24720950424671173
1451266037068,2,-0.2726258635520935,0.40390464663505554,0.07569967955350876
1451266037088,2,0.18298563361167908,0.06866437196731567,0.022919103503227234
1451266037109,2,0.24398863315582275,-0.16275310516357422,0.21624504029750824
1451266037129,2,-0.1346917599439621,-0.05213058739900589,0.2364443689584732
1451266037150,2,-0.3536391854286194,0.2585451304912567,0.04979834333062172
1451266037170,2,0.220540389418602,0.05777999013662338,-0.12500467896461487
1451266037189,2,0.2706983685493469,-0.04679039493203163,0.16535189747810364
1451266037210,2,0.06462705880403519,-0.040412675589323044,0.24732466042041779
1451266037231,2,0.012294103391468525,0.044495560228824615,0.11389759927988052
1451266037250,2,0.15241259336471558,-0.04338788986206055,-0.007899228483438492
1451266037271,2,0.05234868451952934,-0.06696926057338715,0.1519184112548828
1451266037291,2,0.028612913563847542,-0.019770285114645958,0.19784779846668243
1451266037310,2,0.07217755168676376,0.11855389922857285,0.0913262888789177
1451266037335,2,0.17750534415245056,0.1396358460187912,-0.10898060351610184
1451266037353,2,0.16286230087280273,0.11688391864299774,-0.05113748461008072
1451266037372,2,-0.1946912407875061,0.04900164157152176,0.16185177862644196
1451266037393,2,0.11646023392677307,-0.02579553611576557,0.024652795866131783
1451266037415,2,0.23108337819576263,0.062125325202941895,0.015680968761444092
1451266037436,2,0.07462112605571747,0.12496084719896317,0.041104163974523544
1451266037453,2,0.030426228418946266,0.14154548943042755,0.046005379408597946
1451266037474,2,0.14804890751838684,-0.039584990590810776,-0.011939444579184055
1451266037493,2,0.6164002418518066,-0.2527273893356323,0.44123396277427673
1451266037517,2,0.7157086133956909,-0.4492606222629547,0.36075055599212646
1451266037535,2,-18.376461029052734,-0.5701496601104736,-8.171051979064941
1451266037553,2,1.3955949544906616,1.267817497253418,1.1718518733978271
1451266037573,2,2.1581804752349854,0.40238311886787415,1.2196125984191895
1451266037594,2,3.0740156173706055,0.11727555096149445,0.9306149482727051
1451266037615,2,0.47591453790664673,0.19965514540672302,1.1773416996002197
1451266037636,2,-0.591060996055603,-0.18898937106132507,1.3886451721191406
1451266037653,2,-0.5537725687026978,-0.7755480408668518,-0.1659603863954544
1451266037673,2,-0.43511441349983215,-0.6881751418113708,0.6993839740753174
1451266037696,2,-0.06309975683689117,-0.3847767412662506,0.822409451007843
1451266037717,2,0.05977627635002136,-0.04881342500448227,-0.11778350174427032
1451266037734,2,-0.3531351685523987,0.5911790132522583,-0.4887251853942871
1451266037753,2,-0.8354882001876831,0.9355944991111755,-0.6981079578399658
1451266037775,2,-1.0916163921356201,0.8447995781898499,-0.7897943258285522
1451266037796,2,-1.0618563890457153,0.5066214799880981,-0.7120797634124756
1451266037817,2,-0.5052351355552673,0.18833646178245544,-0.12488017976284027
1451266037836,2,-0.3002742528915405,0.09535130113363266,-0.007829670794308186
1451266037855,2,-0.3674592077732086,0.16979776322841644,0.10894962400197983
1451266037876,2,-0.36311182379722595,0.23076632618904114,0.16728724539279938
1451266037895,2,-0.28848719596862793,0.2696230113506317,0.2001660168170929
1451266037917,2,0.020904220640659332,0.16058512032032013,0.2723749279975891
1451266037936,2,-0.08140566945075989,-0.017061609774827957,0.3136965334415436
1451266037951,2,-0.210648775100708,-0.050828270614147186,0.3510223627090454
1451266037975,2,-0.27393466234207153,0.04781389236450195,0.2395738959312439
1451266037997,2,-0.26025381684303284,0.22692133486270905,0.12810908257961273
1451266038019,2,-0.17537221312522888,0.25602760910987854,0.010791443288326263
1451266038037,2,-0.3561621308326721,0.16088497638702393,-0.044285133481025696
1451266038058,2,-0.38115087151527405,0.12700140476226807,-0.12014088034629822
1451266038078,2,-0.29696694016456604,0.11568331718444824,-0.13858546316623688
1451266038099,2,-0.10996396839618683,0.14220599830150604,-0.044808279722929
1451266038118,2,-0.07264726608991623,0.1855412721633911,0.11615443974733353
1451266038138,2,-0.22970308363437653,0.10203063488006592,0.1901356279850006
1451266038158,2,-0.34842947125434875,0.1599760502576828,0.15290625393390656
1451266038179,2,-0.2695503830909729,0.18633097410202026,0.06211772561073303
1451266038202,1,-0.04912373051047325,0.18973521888256073,0.0015530746895819902
1451266038219,1,-0.13155122101306915,0.09414719045162201,0.002287818817421794
1451266038238,1,-0.21703363955020905,0.14374855160713196,0.023844987154006958
1451266038262,1,-0.14348837733268738,0.10771335661411285,0.02304769866168499
1451266038280,1,-0.08459240943193436,0.015192308463156223,0.004572130274027586
1451266038300,1,-0.1339617669582367,0.050898998975753784,0.07225099951028824
1451266038321,1,-0.10537872463464737,0.11559563875198364,0.05202887952327728
1451266038338,1,-0.11450552195310593,0.14536066353321075,0.07535188645124435
1451266038359,1,-0.29626500606536865,0.12809622287750244,0.003580781165510416
1451266038375,1,-0.26434454321861267,0.3039730191230774,0.0964367613196373
1451266038399,1,-0.11885672062635422,0.22394846379756927,0.02481529302895069
1451266038419,1,0.025354111567139626,0.061258479952812195,-0.005388122983276844
1451266038439,1,-0.14258280396461487,0.10246902704238892,0.08694470673799515
1451266038459,1,-0.311015248298645,0.12398235499858856,0.12849077582359314
1451266038481,1,-0.16109633445739746,0.041886840015649796,0.02852759137749672
1451266038502,1,0.06743888556957245,0.10067629814147949,0.13921967148780823
1451266038519,1,0.057990819215774536,0.09856675565242767,0.3032587170600891
1451266038540,1,-0.03026055172085762,-0.031912557780742645,0.30795127153396606
1451266038561,1,-0.002498849295079708,0.07602876424789429,0.11527473479509354
1451266038582,1,-0.028889520093798637,-0.007959434762597084,0.046461306512355804
1451266038598,1,-0.02750358171761036,-0.04805237799882889,-0.0022895722649991512
1451266038621,1,-0.0629374086856842,1.835398725233972E-4,0.08142507076263428
1451266038641,1,-0.09509822726249695,-0.004445873666554689,0.10807926952838898
1451266038661,1,0.04913334175944328,0.006992635317146778,0.00668985303491354
1451266038682,1,0.15986892580986023,-0.01268587913364172,0.03041793592274189
1451266038702,1,-0.011290953494608402,0.06762100011110306,0.042145196348428726
1451266038722,1,-0.08465606719255447,0.041471242904663086,-0.010489829815924168
1451266038742,1,-0.1281398981809616,0.014731121249496937,0.0877004936337471
1451266038764,1,-0.06815764307975769,-0.06763210892677307,-0.015135610476136208
1451266038784,1,-0.02186327427625656,0.09838087856769562,-0.03255787119269371
1451266038803,1,-0.06572462618350983,0.2083534151315689,0.03576222062110901
1451266038818,1,-0.07700268924236298,0.18255378305912018,0.04055062308907509
1451266038842,1,-0.061279524117708206,0.08058686554431915,0.015339023433625698
1451266038863,1,0.06743650883436203,0.012080898508429527,0.09012801945209503
1451266038882,1,-0.003279387019574642,0.027182606980204582,0.1891501247882843
1451266038897,1,0.10246460884809494,0.07053600996732712,0.0784551128745079
1451266038921,1,-0.08293302357196808,0.08131985366344452,0.13768061995506287
1451266038942,1,-0.1746980994939804,0.09124621003866196,0.1007511168718338
1451266038966,1,-0.08244539052248001,0.15364742279052734,0.03635258600115776
1451266038985,1,-0.03299151360988617,0.05579787492752075,0.12542378902435303
1451266039002,1,-0.07133665680885315,0.0049579148180782795,0.11581073701381683
1451266039023,1,-0.073926642537117,0.035931143909692764,0.10284312069416046
1451266039043,1,-0.036632753908634186,0.02965688705444336,0.06954524666070938
1451266039064,1,-0.016421740874648094,0.04936579614877701,0.07628244906663895
1451266039085,1,-0.02045399136841297,0.07571545988321304,0.06101531907916069
1451266039103,1,-0.05665938928723335,0.09482581913471222,-0.05393734201788902
1451266039125,1,-0.07947970926761627,0.1068161129951477,0.06996317952871323
1451266039145,1,-0.07634180784225464,-0.026267245411872864,0.12032324820756912
1451266039165,1,-0.07229209691286087,0.06625848263502121,0.1525578796863556
1451266039180,1,0.007493132259696722,0.04886602982878685,0.1159837543964386
1451266039203,1,0.04663516581058502,0.08167115598917007,0.12490355968475342
1451266039225,1,0.016179274767637253,0.01666647382080555,0.2704658806324005
1451266039245,1,0.0048752049915492535,0.02472001500427723,0.21648411452770233
1451266039261,1,0.014771891757845879,0.08038578927516937,0.15416765213012695
1451266039285,1,-0.04697934165596962,0.08353753387928009,-0.00851239264011383
1451266039305,1,0.022709114477038383,0.09409867227077484,0.008630465716123581
1451266039320,1,-0.11530472338199615,0.08193302154541016,0.15906710922718048
1451266039345,1,-0.2180785834789276,0.005566986743360758,0.21696284413337708
1451266039367,1,-0.0396651066839695,0.057556118816137314,0.2334890216588974
1451266039387,1,-0.41044098138809204,0.4189467132091522,0.7599725723266602
1451266039401,1,-0.8732959032058716,0.066105917096138,0.744635283946991
1451266039426,1,7.912947177886963,-2.064007043838501,-0.9172908067703247
1451266039446,1,-3.24609637260437,-3.0689055919647217,6.566038608551025
1451266039465,1,-0.47655829787254333,3.5083775520324707,1.8069652318954468
1451266039481,1,-3.4723410606384277,1.6885522603988647,-3.4502623081207275
1451266039505,1,-3.145841360092163,1.4408365488052368,-2.9353690147399902
1451266039526,1,0.6004037857055664,0.31663843989372253,-0.25693827867507935
1451266039547,1,0.1653948873281479,0.10137655586004257,-0.526404619216919
1451266039568,1,-0.4671819806098938,-1.1148451566696167,-2.621389627456665
1451266039586,1,1.9372678995132446,0.24726270139217377,-0.1292325258255005
1451266039607,1,0.3161208927631378,0.5376876592636108,1.5897440910339355
1451266039627,1,-0.12601327896118164,0.08672083914279938,0.5131833553314209
1451266039650,1,0.5860548615455627,-0.07232815772294998,0.26102176308631897
1451266039669,1,0.593386709690094,-0.17115561664104462,0.35086044669151306
1451266039687,1,0.7463074326515198,-0.08327098935842514,0.46041563153266907
1451266039708,1,0.5565317869186401,-0.08673486858606339,0.4143880307674408
1451266039729,1,0.12689608335494995,-0.17450550198554993,0.42734336853027344
1451266039749,1,0.16986750066280365,-0.05087912455201149,0.04660626873373985
1451266039769,1,0.19481737911701202,0.16365034878253937,-0.14373217523097992
1451266039787,1,0.09858151525259018,0.26610827445983887,-0.3379138708114624
1451266039807,1,0.083467498421669,0.2668021023273468,-0.30191490054130554
1451266039828,1,0.07155874371528625,0.21447862684726715,-0.19299568235874176
1451266039848,1,-0.19044777750968933,0.05901508405804634,0.02138940989971161
1451266039868,1,-0.03825966268777847,0.03618131950497627,0.05012976750731468
1451266039888,1,0.10938581824302673,0.0490010567009449,0.01636076718568802
1451266039908,1,0.19061602652072906,0.11508534848690033,0.047655485570430756
1451266039931,1,0.1741788238286972,0.15107552707195282,0.07319850474596024
1451266039951,1,0.045270346105098724,0.13357669115066528,0.139457568526268
1451266039969,1,0.06681348383426666,0.12736089527606964,0.2087012082338333
1451266039988,1,0.049904581159353256,0.009792495518922806,0.187763050198555
1451266040008,1,0.15398162603378296,0.054448213428258896,0.11026772111654282
1451266040031,1,0.13003866374492645,0.09450199455022812,0.08867489546537399
1451266040052,1,-0.047053977847099304,0.07971183955669403,0.018778350204229355
1451266040065,1,-0.011360256001353264,0.14346037805080414,-0.002767126774415374
1451266040086,1,-0.07961725443601608,0.1465039849281311,0.03576338663697243
1451266040110,1,0.17173045873641968,0.09342238306999207,-0.003055295906960964
1451266040132,1,0.08360080420970917,0.04328443109989166,0.06044774875044823
1451266040152,1,0.02869129367172718,0.050859834998846054,0.03169044107198715
1451266040169,1,0.027656251564621925,0.07233516871929169,0.01712532341480255
1451266040189,1,0.03603405877947807,0.08480945229530334,0.03328793868422508
1451266040210,1,0.05738123506307602,0.09613923728466034,0.09490998834371567
1451266040233,2,-0.05697473883628845,0.10595569759607315,0.1083136647939682
1451266040252,2,0.093166284263134,0.07052665948867798,0.01092880591750145
1451266040274,2,-0.04621964320540428,0.05367021635174751,0.057253919541835785
1451266040292,2,0.08298512548208237,0.06803601235151291,0.014312603510916233
1451266040311,2,0.13822540640830994,0.07616554200649261,0.0811772346496582
1451266040334,2,-0.06469658017158508,0.0608101524412632,0.1539110392332077
1451266040352,2,0.05490337312221527,0.05652151256799698,0.07942191511392593
1451266040370,2,0.2552611529827118,-0.04283200949430466,0.09171031415462494
1451266040393,2,0.08558277040719986,-0.021596331149339676,0.07194704562425613
1451266040414,2,0.006418525241315365,0.03819908946752548,-0.10828268527984619
1451266040433,2,0.02925214357674122,0.056745387613773346,-0.2569587528705597
1451266040452,2,0.0932023823261261,-0.05379880964756012,-0.2136918604373932
1451266040471,2,0.127879798412323,-0.018090952187776566,0.01776069775223732
1451266040491,2,-0.03771822899580002,0.04567454010248184,0.14762918651103973
1451266040512,2,-0.07726787775754929,0.13747896254062653,0.11624328792095184
1451266040533,2,-0.05069343000650406,0.21842122077941895,0.1369347721338272
1451266040552,2,-0.11627340316772461,0.25506022572517395,0.07600538432598114
1451266040571,2,-0.006999540142714977,0.23921383917331696,0.03621639311313629
1451266040591,2,-0.024863077327609062,0.14414602518081665,0.2501204311847687
1451266040615,2,-0.12058219313621521,0.0612654946744442,0.3261427581310272
1451266040637,2,-0.13895906507968903,0.0421907901763916,0.26137715578079224
1451266040653,2,-0.09355331212282181,0.08448445796966553,0.1747913360595703
1451266040672,2,0.007529317867010832,0.10102759301662445,0.020493922755122185
1451266040693,2,0.12521794438362122,0.10496318340301514,0.0027630350086838007
1451266040714,2,0.02120908536016941,0.09170505404472351,-0.00964402686804533
1451266040735,2,0.014328110963106155,0.02825578860938549,-0.0452028326690197
1451266040753,2,0.020361052826046944,0.01186930201947689,-6.640168721787632E-4
1451266040773,2,0.01659269444644451,0.06029811128973961,0.11176233738660812
1451266040794,2,0.04656410962343216,0.09975684434175491,0.07579845935106277
1451266040815,2,0.08667349070310593,0.08487141132354736,-0.03263327479362488
1451266040835,2,-0.016473013907670975,0.05355857312679291,0.055983755737543106
1451266040854,2,-0.022616833448410034,0.026223406195640564,0.1373550444841385
1451266040873,2,0.018737634643912315,-0.053293198347091675,0.12455752491950989
1451266040894,2,0.10222773253917694,-0.04404372349381447,0.13956336677074432
1451266040918,2,0.01773751713335514,0.0778980627655983,0.15077917277812958
1451266040935,2,0.0057790582068264484,0.10752981901168823,0.0700794979929924
1451266040955,2,0.04607311263680458,0.12253624945878983,0.06163783371448517
1451266040976,2,0.02365276962518692,0.13928280770778656,0.06839139759540558
1451266040994,2,0.058563232421875,0.09751695394515991,0.07495090365409851
1451266041017,2,-0.06279823929071426,0.033164020627737045,0.05987725406885147
1451266041036,2,-0.096286341547966,0.03789747878909111,0.059840429574251175
1451266041056,2,-0.024853067472577095,0.020633623003959656,-0.013127777725458145
1451266041076,2,0.09835729748010635,0.08196575194597244,0.0040390463545918465
1451266041096,2,0.132717564702034,0.10499182343482971,0.046355508267879486
1451266041117,2,0.05251558497548103,0.09879180043935776,0.14240121841430664
1451266041136,2,0.024439938366413116,0.049949150532484055,0.11728549003601074
1451266041156,2,-0.017025625333189964,0.047051090747117996,0.1302928477525711
1451266041179,2,0.0023091903422027826,0.039947979152202606,0.12182839214801788
1451266041200,2,0.05822475627064705,0.08740238845348358,0.18922960758209229
1451266041220,2,0.00661328062415123,0.0886380672454834,0.2121007889509201
1451266041237,2,-0.018732959404587746,0.11559738963842392,0.1172182708978653
1451266041257,2,0.031598541885614395,0.0939379334449768,0.010681552812457085
1451266041276,2,0.047293759882450104,0.03772329166531563,0.018528759479522705
1451266041297,2,0.04327283054590225,-0.021185996010899544,0.04278349503874779
1451266041319,2,0.08714458346366882,0.00564589723944664,0.06520809233188629
1451266041337,2,0.04648572951555252,0.05375146493315697,0.018948446959257126
1451266041358,2,-0.012741189450025558,0.14675825834274292,0.1075005903840065
1451266041377,2,-0.03734864667057991,0.13637129962444305,0.1606137603521347
1451266041399,2,-0.0044252690859138966,0.09649989008903503,0.15878187119960785
1451266041418,2,0.04872613027691841,0.09121990203857422,0.1294359415769577
1451266041438,2,0.02293921448290348,0.10215280205011368,0.1407429426908493
1451266041459,2,0.09261055290699005,0.00859831739217043,0.09351181238889694
1451266041479,2,0.017206205055117607,-0.016094226390123367,0.07765314728021622
1451266041498,2,-0.034714389592409134,0.023296119645237923,0.05282207578420639
1451266041519,2,-0.026610195636749268,0.08898293972015381,-0.030350130051374435
1451266041537,2,0.018182484433054924,0.12069442123174667,-0.0690302848815918
1451266041558,2,0.019113756716251373,0.0660620778799057,0.07500234246253967
1451266041575,2,-0.020897936075925827,0.043406594544649124,0.12227730453014374
1451266041599,2,0.048542317003011703,0.019802432507276535,0.091387078166008
1451266041620,2,0.050202831625938416,0.00787993986159563,0.09649930149316788
1451266041638,2,0.08778861165046692,0.024957330897450447,0.10913082212209702
1451266041660,2,0.004224796313792467,0.02423369325697422,0.1114203929901123
1451266041682,2,0.11180321872234344,-0.018085692077875137,-0.005619593430310488
1451266041702,2,0.11690602451562881,0.05035656318068504,-0.007163316011428833
1451266041720,2,0.08980605751276016,-0.025418519973754883,-0.07843758165836334
1451266041740,2,0.15489041805267334,-0.0744236633181572,0.04389876499772072
1451266041760,2,0.20372098684310913,-0.11915420740842819,0.26626959443092346
1451266041781,2,0.24524331092834473,-0.15941724181175232,0.2779495120048523
1451266041802,2,0.3800223171710968,-0.19782793521881104,0.2439151406288147
1451266041820,2,0.484449565410614,-0.19976970553398132,0.1933528333902359
1451266041840,2,0.7844127416610718,-0.5059066414833069,-0.05681085214018822
1451266041864,2,-12.664273262023926,5.0776495933532715,-5.460531711578369
1451266041883,2,-0.4802872836589813,0.9190221428871155,-1.0664268732070923
1451266041902,2,2.3252956867218018,0.9903531074523926,-0.19391922652721405
1451266041920,2,1.878801703453064,0.16382044553756714,0.507573127746582
1451266041940,2,-0.14854024350643158,-0.8830828070640564,2.027210235595703
1451266041960,2,-0.6869565844535828,-0.7501175403594971,1.14466392993927
1451266041980,2,1.4737468957901,-0.4315355718135834,0.5236281752586365
1451266042000,2,0.7563874125480652,-0.4866764545440674,0.7633751034736633
1451266042020,2,0.06140599772334099,-0.35557228326797485,0.5022013187408447
1451266042043,2,-0.019075268879532814,0.11478665471076965,0.023009704425930977
1451266042063,2,0.335514098405838,0.27807343006134033,-0.4813198745250702
1451266042079,2,0.4319011867046356,0.09697452187538147,-0.19320787489414215
1451266042102,2,0.509904146194458,-0.05827215686440468,0.015468203462660313
1451266042121,2,0.5858664512634277,-0.11080197244882584,0.1337602436542511
1451266042143,2,0.5388849377632141,-0.3850514590740204,0.16908815503120422
1451266042165,2,0.5317437648773193,-0.4178612530231476,0.15837036073207855
1451266042185,2,0.5377717614173889,-0.23360943794250488,0.17066402733325958
1451266042202,2,0.6872338056564331,-0.06321779638528824,0.3820125460624695
1451266042223,2,0.5536110401153564,-0.007207739632576704,0.38446226716041565
1451266042245,2,0.4146835207939148,-0.07524024695158005,0.3098258376121521
