1451267655290,1,0.050198961049318314,0.08596096187829971,0.09242869168519974
1451267655311,1,0.050198961049318314,0.08596096187829971,0.09242869168519974
1451267655332,1,0.050198961049318314,0.08596096187829971,0.09242869168519974
1451267655353,1,0.050198961049318314,0.08596096187829971,0.09242869168519974
1451267655373,1,0.050198961049318314,0.08596096187829971,0.09242869168519974
1451267655391,1,1.2262226343154907,0.04870294779539108,0.6210422515869141
1451267655411,1,-0.09803418815135956,0.21959610283374786,0.6101467609405518
1451267655432,1,-0.1939978450536728,0.08128829300403595,0.7375777959823608
1451267655459,1,-0.044240307062864304,0.007562544196844101,0.4151484966278076
1451267655477,1,-0.039928656071424484,0.3774322271347046,-0.6295827031135559
1451267655496,1,-0.10603047907352448,0.5993225574493408,-0.22787527740001678
1451267655517,1,-0.21047289669513702,0.4223439693450928,0.2965729534626007
1451267655533,1,0.01485032681375742,0.1668102741241455,0.40873220562934875
1451267655557,1,-0.08340093493461609,-0.04418634995818138,0.276152104139328
1451267655577,1,-0.10741017013788223,0.09108254313468933,0.09200842678546906
1451267655599,1,-0.21542970836162567,0.3693997263908386,0.04385024681687355
1451267655618,1,-0.36254167556762695,0.37082478404045105,0.06712415814399719
1451267655637,1,-0.2840457558631897,0.27523499727249146,-0.0030178865417838097
1451267655662,1,-0.048658378422260284,0.21667467057704926,-0.03936813399195671
1451267655680,1,0.11431505531072617,0.18596798181533813,-0.042700495570898056
1451267655699,1,-0.08182630687952042,0.12277064472436905,0.6385796666145325
1451267655718,1,-0.3342213034629822,0.24531273543834686,0.6944418549537659
1451267655737,1,-0.2905493676662445,0.2289624959230423,0.3026788830757141
1451267655754,1,0.00984320230782032,0.1498994678258896,-4.898293409496546E-4
1451267655781,1,0.28289252519607544,0.06828559935092926,0.09132277965545654
1451267655797,1,0.07069046795368195,0.05130874738097191,0.167903333902359
1451267655818,1,-0.2132289856672287,0.1900707334280014,0.21751871705055237
1451267655838,1,-0.3757510483264923,0.12770751118659973,0.19816285371780396
1451267655860,1,-0.12624314427375793,0.10535948723554611,0.24624387919902802
1451267655875,1,0.14230769872665405,0.04445464536547661,0.2164209932088852
1451267655899,1,0.16929076611995697,0.05081190541386604,0.08547522127628326
1451267655919,1,-0.29367363452911377,0.13934242725372314,0.2747440040111542
1451267655934,1,-0.31873607635498047,0.2707347571849823,0.1622825711965561
1451267655962,1,-0.25819504261016846,0.2500619888305664,-0.17979542911052704
1451267655983,1,-0.10831943154335022,0.12074059993028641,-0.02716682478785515
1451267656000,1,-0.04996544495224953,0.00624327827244997,0.4611603021621704
1451267656020,1,0.043086279183626175,0.09216975420713425,0.4111906886100769
1451267656039,1,0.055801164358854294,0.1103711798787117,0.22366905212402344
1451267656060,1,-0.05218611657619476,0.15381518006324768,0.07917466014623642
1451267656081,1,-0.1224440410733223,0.2131219506263733,0.008599486202001572
1451267656098,1,-0.11281228810548782,0.2506049871444702,-0.08924071490764618
1451267656119,1,0.03481711819767952,0.021544307470321655,0.08853928744792938
1451267656139,1,-0.05088014528155327,0.012704583816230297,0.190189391374588
1451267656163,1,-0.1348852962255478,0.11362112313508987,0.14127543568611145
1451267656181,1,-0.31999650597572327,0.1738964319229126,-0.038739774376153946
1451267656201,1,-0.34290480613708496,0.03357318416237831,0.02768763341009617
1451267656217,1,-0.272428423166275,0.07066285610198975,0.3974906802177429
1451267656242,1,1.0950171947479248,-0.8169205188751221,1.0113987922668457
1451267656263,1,1.4577372074127197,0.3105301856994629,-0.5403162837028503
1451267656283,1,0.8336915969848633,-3.6445980072021484,1.6562474966049194
1451267656302,1,-1.3824172019958496,3.014493942260742,4.880871772766113
1451267656321,1,-7.079387664794922,1.5637632608413696,-3.367438554763794
1451267656338,1,-1.3173776865005493,-0.4188549518585205,-2.080091953277588
1451267656364,1,4.776554584503174,-1.21620512008667,-2.6591532230377197
1451267656381,1,4.40815544128418,-0.5041495561599731,-1.7589941024780273
1451267656400,1,0.7601550817489624,0.8332809805870056,0.32214170694351196
1451267656421,1,-2.379240036010742,1.593687891960144,1.4997265338897705
1451267656443,1,-1.4095587730407715,0.9118903875350952,0.8250585198402405
1451267656464,1,0.0974225103855133,-0.03060206025838852,0.024059506133198738
1451267656482,1,1.4345043897628784,-0.5144873857498169,0.11490590125322342
1451267656502,1,1.3186851739883423,-0.6430313587188721,0.6331775188446045
1451267656521,1,0.8058823347091675,-0.37826985120773315,0.8788321614265442
1451267656544,1,0.22816993296146393,-0.12999007105827332,0.7499614953994751
1451267656562,1,0.33957695960998535,-0.03254033252596855,-0.015181202441453934
1451267656584,1,0.3852470815181732,0.14127777516841888,-0.2698223292827606
1451267656602,1,0.5278710126876831,0.10530980676412582,-0.1962064653635025
1451267656624,1,0.690574586391449,-0.012119476683437824,0.02526186779141426
1451267656646,1,0.636672854423523,-0.0998702421784401,0.1511450856924057
1451267656666,1,0.06921041011810303,0.15930034220218658,-0.03463643044233322
1451267656684,1,0.15547402203083038,0.162849560379982,-0.2617494761943817
1451267656703,1,0.5287002325057983,0.22913551330566406,-0.23988310992717743
1451267656723,1,0.3795492947101593,0.1353963166475296,0.027094928547739983
1451267656745,1,0.25948676466941833,0.18654315173625946,0.17513678967952728
1451267656763,1,0.08885082602500916,0.27007484436035156,0.2431061714887619
1451267656783,1,0.03366544842720032,0.3142126798629761,0.45872753858566284
1451267656803,1,-0.14730584621429443,0.2636795938014984,0.3152163028717041
1451267656827,1,0.12056046724319458,0.28417760133743286,0.024034956470131874
1451267656846,1,0.07884269952774048,0.27850306034088135,0.022061025723814964
1451267656859,1,-9.909016080200672E-4,0.2898959815502167,0.01276011299341917
1451267656885,1,-0.016722796484827995,0.36278703808784485,-0.07160042226314545
1451267656907,1,-0.0594063475728035,0.38355040550231934,-0.039528876543045044
1451267656925,1,-0.019465282559394836,0.29564064741134644,0.030208677053451538
1451267656945,1,-0.1294211447238922,0.20965807139873505,0.2909884452819824
1451267656964,1,-0.10845102369785309,0.1483960747718811,0.2609890401363373
1451267656986,1,0.13406234979629517,0.2031073272228241,-0.030196402221918106
1451267657006,1,0.18784691393375397,0.27839842438697815,-0.04538227990269661
1451267657024,1,0.15793971717357635,0.2580330967903137,0.08873217552900314
1451267657048,1,0.18600043654441833,0.13670331239700317,0.15433482825756073
1451267657065,1,0.2614723742008209,0.04212532564997673,0.10600363463163376
1451267657088,1,-0.046075377613306046,0.13121406733989716,0.13211655616760254
1451267657108,1,-0.07071805000305176,0.14636486768722534,0.07916998118162155
1451267657129,1,0.25354593992233276,0.17840367555618286,-0.07889058440923691
1451267657148,1,0.29581260681152344,0.13145780563354492,-0.10295125842094421
1451267657165,1,0.13841722905635834,0.14266659319400787,0.02742459811270237
1451267657185,1,-0.16481654345989227,0.16922961175441742,0.07755319774150848
1451267657202,1,0.1039583832025528,0.15608546137809753,-0.04598141461610794
1451267657229,1,0.1694319248199463,0.009337152354419231,0.11799392849206924
1451267657247,1,0.09125612676143646,0.03769172728061676,0.15896891057491302
1451267657266,1,-0.07736962288618088,0.10638123005628586,0.22436989843845367
1451267657287,1,-0.5066894888877869,0.10799100250005722,0.2300257384777069
1451267657311,1,0.08830971270799637,0.19808045029640198,0.42000120878219604
1451267657329,2,0.532664954662323,0.3199661076068878,0.39100831747055054
1451267657347,2,0.39854922890663147,0.05667757987976074,0.333988219499588
1451267657367,2,-0.213007852435112,0.05350011959671974,-0.08335457742214203
1451267657390,2,-0.1734478622674942,0.01244096364825964,0.029099253937602043
1451267657407,2,0.08029285073280334,0.032534487545490265,0.26503273844718933
1451267657429,2,0.42381104826927185,0.05062076449394226,0.480709046125412
1451267657448,2,0.7863572835922241,0.12591010332107544,0.3550538122653961
1451267657467,2,0.8680113554000854,0.039016835391521454,-0.2806049883365631
1451267657488,2,0.6457668542861938,-0.10254501551389694,-0.4549725651741028
1451267657506,2,0.2674386501312256,-0.2713891267776489,-0.27334874868392944
1451267657526,2,-0.41324788331985474,0.18014848232269287,0.13268238306045532
1451267657544,2,-0.08326682448387146,0.2458580881357193,0.36580607295036316
1451267657567,2,0.24453042447566986,0.23956309258937836,0.3249427378177643
1451267657588,2,0.25729602575302124,0.1787310093641281,0.2893131971359253
1451267657605,2,0.16597747802734375,0.06774433702230453,0.20608839392662048
1451267657631,2,-0.25031858682632446,-0.4117492139339447,0.6067109107971191
1451267657647,2,-0.6045490503311157,0.1214718371629715,0.41812020540237427
1451267657668,2,-0.5389162302017212,0.583960771560669,0.298228919506073
1451267657688,2,-0.08669230341911316,0.5486494898796082,0.35466042160987854
1451267657710,2,0.23151874542236328,0.3677610158920288,0.42497724294662476
1451267657729,2,0.1641942858695984,0.16459085047245026,0.2211199551820755
1451267657749,2,-0.13230974972248077,0.18731647729873657,0.1038309633731842
1451267657770,2,-0.5115986466407776,0.2643886208534241,-0.25966042280197144
1451267657786,2,-0.47610676288604736,0.2774930000305176,-0.36712944507598877
1451267657805,2,-0.2773679196834564,0.3182949721813202,-0.15747897326946259
1451267657826,2,-0.10266619175672531,0.3650152087211609,0.36041972041130066
1451267657849,2,-0.00924738310277462,-0.020783845335245132,0.3118108808994293
1451267657869,2,-0.11027736216783524,-0.05349135398864746,0.11139000207185745
1451267657889,2,-0.18236374855041504,0.13797055184841156,-0.2815893292427063
1451267657911,2,-0.21439297497272491,0.32122868299484253,-0.423460990190506
1451267657926,2,-0.1623375564813614,0.24525661766529083,-0.3353671133518219
1451267657949,2,-0.16047818958759308,0.06828267872333527,0.05083002522587776
1451267657970,2,-0.20182915031909943,0.03630933165550232,0.20537294447422028
1451267657993,2,-0.009993314743041992,0.07670505344867706,0.29822540283203125
1451267658010,2,0.33885449171066284,-0.01635083183646202,0.1929781585931778
1451267658031,2,0.6947352290153503,-0.0840817242860794,0.26240766048431396
1451267658047,2,1.0634188652038574,-0.47780925035476685,0.7178192138671875
1451267658072,2,1.179232120513916,-0.6109285354614258,0.9196651577949524
1451267658094,2,1.0371906757354736,-0.6010510325431824,0.7346656918525696
1451267658108,2,-4.380918502807617,5.677036285400391,-1.1270599365234375
1451267658134,2,-2.220367431640625,-1.2758406400680542,4.222458362579346
1451267658147,2,6.0411763191223145,1.4521640539169312,1.364662766456604
1451267658172,2,2.177238941192627,1.5310072898864746,-1.8002082109451294
1451267658194,2,-0.7698793411254883,0.04287468269467354,-2.381612777709961
1451267658214,2,-3.173482894897461,-0.41770461201667786,0.5358978509902954
1451267658232,2,-3.4345901012420654,-0.924013078212738,2.130694627761841
1451267658253,2,-1.326822280883789,-0.9786936640739441,1.5739713907241821
1451267658271,2,0.7102960348129272,0.049786653369665146,-1.2416577339172363
1451267658293,2,-0.25394123792648315,0.7513689994812012,-1.5398762226104736
1451267658314,2,-1.0474175214767456,1.1408944129943848,-1.2279168367385864
1451267658332,2,-1.3185789585113525,0.9521850347518921,-0.6290770769119263
1451267658353,2,-1.0866771936416626,0.4488169550895691,-0.032197803258895874
1451267658376,2,-0.48623767495155334,-0.10750409960746765,0.8268173336982727
1451267658395,2,-0.48038193583488464,-0.06054185703396797,0.8006938695907593
1451267658414,2,-0.5057721734046936,0.20626141130924225,0.4531950354576111
1451267658432,2,-0.5138989090919495,0.5068138241767883,0.15098316967487335
1451267658452,2,-0.5229631066322327,0.6552057862281799,0.01205108780413866
1451267658474,2,-0.4402664303779602,0.26395663619041443,0.19768063724040985
1451267658495,2,-0.42998653650283813,-0.03669803962111473,0.16820085048675537
1451267658514,2,-0.3926708400249481,-0.1594160795211792,0.10452304035425186
1451267658534,2,-0.34920087456703186,-0.20492403209209442,-0.04577157273888588
1451267658555,2,-0.15029913187026978,-0.04435235261917114,-0.2313736379146576
1451267658574,2,-0.11229235678911209,0.2572346329689026,-0.2568564713001251
1451267658596,2,-0.16718071699142456,0.3582669198513031,0.0445721335709095
1451267658609,2,-0.3792448341846466,0.038272157311439514,0.17311258614063263
1451267658631,2,-0.6425164341926575,-0.22416706383228302,0.16843466460704803
1451267658655,2,-0.6961670517921448,-0.19044366478919983,-0.0316360779106617
1451267658677,2,-0.520413339138031,0.03864508122205734,-0.21390286087989807
1451267658697,2,-0.22641488909721375,0.40477439761161804,0.1328057199716568
1451267658714,2,-0.06960055977106094,0.2537444531917572,0.57987380027771
1451267658735,2,-0.12187862396240234,0.0028489597607403994,0.6919891834259033
1451267658755,2,-0.24503783881664276,-0.059888359159231186,0.4344634413719177
1451267658778,2,-0.32106447219848633,0.0714694932103157,0.098228320479393
1451267658796,2,0.136068657040596,-0.09681962430477142,0.17677754163742065
1451267658815,2,0.14318133890628815,-0.16733692586421967,0.2742921710014343
1451267658835,2,-0.12670280039310455,0.0034977791365236044,0.12463877350091934
1451267658856,2,-0.450452595949173,0.24281039834022522,-0.13846972584724426
1451267658878,2,-0.5753730535507202,0.25538697838783264,-0.16614742577075958
1451267658896,2,-0.333740770816803,0.03384147956967354,0.03236030042171478
1451267658915,2,0.020971477031707764,-0.09133739024400711,0.09641805291175842
1451267658936,2,-0.06092910096049309,0.14299276471138,-0.0209469273686409
1451267658956,2,-0.3020382821559906,0.3029237985610962,-0.06791676580905914
1451267658977,2,-0.3916333019733429,0.26954877376556396,0.06330021470785141
1451267658997,2,-0.28591036796569824,0.14308862388134003,0.26212066411972046
1451267659012,2,-0.2030341923236847,0.0562158077955246,0.19595570862293243
1451267659037,2,-0.3547632694244385,0.14611703157424927,-0.011197686195373535
1451267659057,2,-0.3810576796531677,0.22671617567539215,-0.049686700105667114
1451267659078,2,-0.22243230044841766,0.23344694077968597,0.06104512885212898
1451267659099,2,-0.14405286312103271,0.13191255927085876,0.2377086877822876
1451267659118,2,-0.19322295486927032,0.1722445785999298,0.07008183747529984
1451267659138,2,-0.20381496846675873,0.2114332616329193,-4.6761753037571907E-4
1451267659161,2,-0.12882378697395325,0.11798223853111267,0.12079320102930069
1451267659179,2,-0.007303381804376841,-0.0997556746006012,0.2235012948513031
1451267659198,2,-0.07569482177495956,-0.12672960758209229,0.19036592543125153
1451267659218,2,-0.2290387898683548,0.16391338407993317,-0.009090484119951725
1451267659238,2,-0.1796002835035324,0.18408581614494324,0.07614099234342575
1451267659261,2,0.02395133301615715,-0.013080431148409843,0.24414193630218506
1451267659280,2,-0.10665515065193176,-0.05628478154540062,0.2228209227323532
1451267659299,2,-0.16187556087970734,0.17629414796829224,0.1228986531496048
1451267659319,2,-0.10930625349283218,0.23315176367759705,0.02581014856696129
1451267659339,1,-0.13545863330364227,-0.05326397344470024,-0.10104338079690933
1451267659355,1,-0.27205806970596313,0.06302548944950104,-0.18176409602165222
1451267659382,1,-0.318162202835083,0.19022738933563232,-0.08552607893943787
1451267659402,1,-0.1241532564163208,0.16934651136398315,0.16777649521827698
1451267659418,1,0.02199234440922737,0.07305120676755905,0.40346741676330566
1451267659439,1,-0.05707103759050369,0.17005905508995056,0.2323381006717682
1451267659461,1,-0.14212776720523834,0.22683483362197876,0.07867605984210968
1451267659482,1,-0.19632183015346527,0.16122107207775116,0.14668168127536774
1451267659499,1,-0.17929606139659882,-0.0063829789869487286,0.22736206650733948
1451267659519,1,-0.05680613964796066,-0.05502806231379509,0.09729483723640442
1451267659538,1,-0.002955306088551879,0.08112754672765732,-0.031080197542905807
1451267659562,1,-0.06828457862138748,0.10646072775125504,0.12958383560180664
1451267659580,1,-0.12338537722826004,0.05843757838010788,0.16826456785202026
1451267659595,1,-0.2412642389535904,0.12780629098415375,0.07044541090726852
1451267659619,1,-0.16309216618537903,0.07298047840595245,-0.14351239800453186
1451267659640,1,0.010198007337749004,-0.014783143065869808,-0.15709668397903442
1451267659662,1,0.2257755994796753,-0.11579495668411255,0.11752806603908539
1451267659681,1,0.28499478101730347,-0.04606090858578682,0.12408874183893204
1451267659701,1,0.29917022585868835,-0.017490649595856667,0.11197160184383392
1451267659720,1,0.25224927067756653,0.039428338408470154,0.2039443701505661
1451267659741,1,0.22390729188919067,0.05078735575079918,0.21866671741008759
1451267659763,1,-0.5082056522369385,0.2928086519241333,0.7889993786811829
1451267659782,1,-0.3349829912185669,0.25363048911094666,1.1354728937149048
1451267659801,1,0.025462431833148003,0.14177636802196503,1.098344087600708
1451267659821,1,-0.3441338837146759,-0.08165770769119263,0.2150859385728836
1451267659844,1,-0.26530301570892334,0.1414870321750641,-0.4755915701389313
1451267659864,1,-0.34136295318603516,0.382432222366333,-0.9685054421424866
1451267659882,1,-1.1092759370803833,0.4864204227924347,-0.5169073343276978
1451267659901,1,-1.2502799034118652,0.14330489933490753,-0.6782944202423096
1451267659922,1,-0.9370406866073608,-0.15925532579421997,-0.009134908206760883
1451267659945,1,-0.8303388357162476,-0.10374211519956589,1.3319693803787231
1451267659965,1,-0.1250792145729065,-0.17125321924686432,1.5820984840393066
1451267659977,1,0.052680473774671555,0.06805062294006348,-0.3996715247631073
1451267660002,1,4.737258434295654,-3.0841829776763916,0.2194768637418747
1451267660022,1,4.041153430938721,0.9413701891899109,2.100100040435791
1451267660044,1,1.9828861951828003,-0.2098667472600937,0.3590449094772339
1451267660066,1,-3.8845133781433105,0.20951777696609497,-0.5117214322090149
1451267660082,1,-3.6718268394470215,0.3093143701553345,-0.8604770302772522
1451267660102,1,0.059819385409355164,-1.5253820419311523,-1.4699621200561523
1451267660119,1,3.351059675216675,-1.4821540117263794,-1.4487451314926147
1451267660146,1,1.9256948232650757,-0.047734394669532776,-0.9837141036987305
1451267660165,1,-1.4186506271362305,1.213886022567749,0.2183370441198349
1451267660183,1,-2.976886510848999,1.9870991706848145,0.923833966255188
1451267660204,1,-1.643081545829773,0.7549982666969299,-0.10543255507946014
1451267660224,1,-0.042230356484651566,0.13152970373630524,-0.5620061159133911
1451267660246,1,0.9125298261642456,-0.364221453666687,-0.7575812935829163
1451267660265,1,1.137121558189392,-0.46753451228141785,-0.5729653239250183
1451267660283,1,0.9694876074790955,-0.23243162035942078,-0.04590309038758278
1451267660303,1,0.0568607933819294,0.09983517229557037,0.8274924755096436
1451267660325,1,0.40117931365966797,0.09254150837659836,0.25356385111808777
1451267660347,1,1.0445855855941772,-0.07598083466291428,-0.21310089528560638
1451267660367,1,1.5106807947158813,-0.3162234127521515,-0.3564285933971405
1451267660381,1,1.488904595375061,-0.2734241485595703,-0.3743646442890167
1451267660405,1,0.46220454573631287,-0.12943068146705627,0.6631336808204651
1451267660427,1,0.016869155690073967,-0.12264642864465714,1.07339608669281
1451267660446,1,-0.24579386413097382,-0.15334902703762054,0.7902648448944092
1451267660465,1,-0.06449230760335922,-0.14962241053581238,0.4364467263221741
1451267660486,1,0.36828547716140747,-0.2768336534500122,0.5013421177864075
1451267660505,1,0.2804951071739197,-0.4970812201499939,0.5799474120140076
1451267660527,1,0.05834975093603134,-0.2275611013174057,0.09624036401510239
1451267660548,1,-0.2811460793018341,0.14262421429157257,-0.6335065960884094
1451267660565,1,-0.5285062789916992,0.3454609215259552,-0.7273942232131958
1451267660586,1,-0.4118410050868988,0.30659663677215576,-0.4414011240005493
1451267660605,1,-0.0785057470202446,0.13479572534561157,0.08210603892803192
1451267660628,1,0.09934315085411072,-0.2131035327911377,0.8710235357284546
1451267660648,1,0.074468232691288,-0.031605977565050125,0.6810585856437683
1451267660665,1,-0.1002572700381279,0.17559856176376343,0.20124679803848267
1451267660686,1,-0.04495324194431305,0.42675650119781494,-0.11043372005224228
1451267660706,1,0.02389700897037983,0.4727972745895386,-0.07133505493402481
1451267660729,1,0.0713224858045578,0.0525999553501606,-0.020952187478542328
1451267660747,1,0.1338779479265213,0.008707038126885891,0.11141747236251831
1451267660762,1,-0.04748553782701492,0.29224225878715515,0.013780687935650349
1451267660787,1,0.02087627351284027,0.0667860135436058,0.5515636205673218
1451267660803,1,-0.19433026015758514,0.15791356563568115,0.1503957360982895
1451267660828,1,-4.454056906979531E-4,0.19965924322605133,-0.0746200680732727
1451267660849,1,0.40374651551246643,-0.06117840111255646,0.0034516018349677324
1451267660867,1,0.3728901147842407,0.07856237143278122,-0.18150164186954498
1451267660887,1,0.37155067920684814,0.2462891787290573,-0.6406418681144714
1451267660907,1,0.03125007450580597,0.18943828344345093,-0.8184095621109009
1451267660929,1,-0.22408056259155273,-0.10515139997005463,-0.17298750579357147
1451267660947,1,-0.5001929402351379,-0.5653849244117737,1.1449989080429077
1451267660967,1,-0.11669197678565979,-0.7309113144874573,1.0329759120941162
1451267661001,1,0.7324804663658142,0.3314952254295349,-0.2539356052875519
1451267661016,1,0.5708643794059753,0.4813023507595062,-0.20618309080600739
1451267661041,1,0.31754547357559204,0.52344810962677,-0.03670855984091759
1451267661062,1,0.08344751596450806,0.22645226120948792,-0.019815292209386826
1451267661083,1,-0.0193185955286026,-0.37756139039993286,0.30570611357688904
1451267661100,1,0.09918788820505142,-0.2391878217458725,0.4294850528240204
1451267661124,1,-0.1810167133808136,0.08648410439491272,1.0820833444595337
1451267661145,1,0.09945566952228546,0.11477701365947723,0.9944272041320801
1451267661163,1,0.09932685643434525,0.389636754989624,0.284690797328949
1451267661182,1,-0.26581183075904846,0.22122137248516083,-0.32934653759002686
1451267661197,1,-0.3230108916759491,0.11798223853111267,-0.0847182646393776
1451267661229,1,-0.18962009251117706,0.07318681478500366,0.12461305409669876
1451267661264,1,0.014676212333142757,0.14968407154083252,0.1225888580083847
1451267661282,1,-0.03052954189479351,0.06692366302013397,0.05285188555717468
1451267661302,1,-0.022949334233999252,0.07521013915538788,0.14795593917369843
1451267661323,1,0.054274264723062515,0.12479805946350098,0.11222001910209656
1451267661339,1,0.1449582874774933,0.12415479123592377,0.07884849607944489
1451267661363,2,0.1565742939710617,0.008211655542254448,0.11411913484334946
1451267661380,2,0.23171433806419373,-0.17458850145339966,-0.06296353042125702
1451267661403,2,0.2880045473575592,-0.2179819494485855,-0.2939145565032959
1451267661422,2,0.05501729995012283,0.23772884905338287,-0.2580728530883789
1451267661437,2,-0.05715267360210419,0.2044306844472885,0.05747370049357414
1451267661463,2,0.03449280932545662,-0.056146543473005295,0.3055196702480316
1451267661476,2,0.24351315200328827,-0.16739216446876526,0.43402212858200073
1451267661499,2,0.2904037833213806,-0.0568619966506958,0.49260056018829346
1451267661521,2,0.13098673522472382,0.03587649390101433,0.24068741500377655
1451267661543,2,-0.031343795359134674,0.15516279637813568,0.059761520475149155
1451267661564,2,0.03177105635404587,0.22184184193611145,0.25072774291038513
1451267661581,2,0.11110536009073257,0.10050942003726959,0.5856763124465942
1451267661597,2,0.1651277244091034,-0.08979425579309464,0.6977741718292236
1451267661621,2,-0.03603522852063179,0.043043315410614014,0.30061259865760803
1451267661641,2,-0.13713979721069336,0.34047290682792664,0.042990416288375854
1451267661662,2,-0.015958160161972046,0.22236615419387817,0.38379940390586853
1451267661681,2,-0.15070903301239014,0.17099516093730927,0.549676775932312
1451267661700,2,-0.28175443410873413,0.24618367850780487,0.26942718029022217
1451267661721,2,-0.2932848632335663,0.2987774908542633,-0.04293079674243927
1451267661744,2,-0.16536621749401093,0.19794979691505432,0.19904957711696625
1451267661765,2,0.10625256597995758,0.17784956097602844,0.14878244698047638
1451267661781,2,0.3274514079093933,0.11441314965486526,0.2169879674911499
1451267661802,2,0.5088263750076294,-0.05079670622944832,0.3177501857280731
1451267661822,2,0.6864026784896851,-0.2577931582927704,0.30930444598197937
1451267661843,2,0.7047783732414246,-0.32876113057136536,0.2588368058204651
1451267661866,2,0.7189996242523193,-0.27922317385673523,0.19919045269489288
1451267661883,2,-14.04263973236084,5.036941051483154,-10.229126930236816
1451267661903,2,1.3944766521453857,-2.071068286895752,2.6459856033325195
1451267661923,2,5.5653181076049805,-1.1106061935424805,1.5859488248825073
1451267661946,2,6.401742935180664,0.28498831391334534,0.6832002997398376
1451267661966,2,1.6044431924819946,-0.03827858716249466,-1.0877999067306519
1451267661983,2,-1.284172534942627,-0.7752960920333862,0.5507867932319641
1451267662003,2,-2.1675806045532227,-1.1238467693328857,1.6750900745391846
1451267662022,2,-1.1004105806350708,-0.9107953310012817,1.671067476272583
1451267662046,2,0.8015198707580566,-0.5412710905075073,0.6326245665550232
1451267662064,2,1.1576642990112305,-0.03436112031340599,-0.794905960559845
1451267662083,2,0.3350275456905365,0.31669455766677856,-0.754539430141449
1451267662103,2,-0.13685506582260132,0.351692795753479,-0.6173293590545654
1451267662119,2,-0.3243612051010132,0.19169804453849792,-0.38305649161338806
1451267662146,2,-0.1763545274734497,0.04591653496026993,-0.03855740278959274
1451267662164,2,0.09439758956432343,-0.07477613538503647,0.23089082539081573
1451267662186,2,0.33013081550598145,-0.12482757121324539,0.1174415573477745
1451267662204,2,0.35993295907974243,-0.051582302898168564,-0.14512626826763153
1451267662227,2,0.3344041705131531,0.12136778980493546,-0.0350765734910965
1451267662245,2,0.20116689801216125,0.21615444123744965,0.3257739245891571
1451267662265,2,0.27165451645851135,0.053923897445201874,0.38572365045547485
1451267662281,2,0.4450479745864868,-0.22333353757858276,0.3189607262611389
1451267662305,2,0.3877505958080292,-0.17988544702529907,0.26220718026161194
1451267662328,2,0.34324294328689575,-0.10239478945732117,0.15810206532478333
1451267662347,2,0.34479373693466187,-0.00482756644487381,0.07118073850870132
1451267662366,2,0.4068748354911804,0.08591712266206741,0.072896309196949
1451267662385,2,0.5251047611236572,-0.09609247744083405,0.39307695627212524
1451267662406,2,0.5141083598136902,-0.31539836525917053,0.3773696720600128
1451267662427,2,0.2931554913520813,-0.34469929337501526,0.21851591765880585
1451267662449,2,0.1747802495956421,-0.1662687212228775,-0.031947627663612366
1451267662466,2,0.16513633728027344,0.04743511974811554,-0.15027648210525513
1451267662487,2,0.11521893739700317,0.12178163230419159,-0.013421207666397095
1451267662507,2,0.09118448197841644,0.04586714133620262,0.16594752669334412
1451267662528,2,0.17254017293453217,-0.06171031668782234,0.275136798620224
1451267662548,2,0.20564600825309753,-0.04395195469260216,0.41577568650245667
1451267662562,2,0.2532728314399719,0.05161036178469658,0.49819618463516235
1451267662588,2,0.19206249713897705,0.1244146078824997,0.4918260872364044
1451267662607,2,-0.014515775255858898,0.21116028726100922,0.37934184074401855
1451267662629,2,0.005295942071825266,0.20369185507297516,0.31182900071144104
1451267662648,2,0.08446314185857773,0.11711685359477997,0.24428221583366394
1451267662662,2,0.3092191815376282,-0.015313304960727692,0.25764673948287964
1451267662688,2,0.32329943776130676,-0.09810411185026169,0.1586257964372635
1451267662710,2,0.06224115192890167,0.0915665253996849,-0.17191490530967712
1451267662729,2,-0.07804101705551147,0.07778554409742355,-0.056307580322027206
1451267662748,2,0.03743015229701996,-0.0292278490960598,0.050233811140060425
1451267662768,2,0.17435212433338165,-0.04166179895401001,0.03081599436700344
1451267662788,2,0.29739078879356384,0.07682488113641739,0.0355558842420578
1451267662811,2,0.20821645855903625,-0.005500935483723879,0.3083271086215973
1451267662829,2,0.1112157553434372,1.619125687284395E-4,0.2975970506668091
1451267662848,2,0.12772352993488312,0.04397796466946602,0.16677461564540863
1451267662868,2,0.08849137276411057,0.05195493623614311,0.06388473510742188
1451267662889,2,0.07637885212898254,0.057791970670223236,0.07486731559038162
1451267662911,2,0.10788063704967499,0.029024142771959305,0.11565291881561279
1451267662931,2,0.11259718239307404,0.032133799046278,0.02946341037750244
1451267662949,2,0.06255213916301727,0.11985533684492111,0.009746317751705647
1451267662968,2,0.03473004326224327,0.12892448902130127,0.14257365465164185
1451267662989,2,0.026357334107160568,0.028733927756547928,0.23844577372074127
1451267663011,2,0.1361459344625473,-0.020761925727128983,0.1468406617641449
1451267663030,2,0.10107399523258209,0.08789660036563873,0.12268296629190445
1451267663051,2,0.07118766009807587,0.0934884324669838,0.15842413902282715
1451267663069,2,0.21453359723091125,0.032699909061193466,0.22804127633571625
1451267663090,2,0.4417865574359894,-0.006066460628062487,0.5988362431526184
1451267663112,2,0.46039021015167236,-0.013341420330107212,0.5576403141021729
1451267663127,2,0.41116687655448914,0.1291179656982422,0.39506256580352783
1451267663151,2,0.5799165964126587,0.08601006120443344,0.6816782355308533
1451267663170,2,0.19971401989459991,0.022208910435438156,0.11527765542268753
1451267663190,2,-0.2183545082807541,-0.11033494025468826,-0.37206631898880005
1451267663212,2,-0.7908595204353333,-0.3015279471874237,-0.09127017110586166
1451267663231,2,-0.11117938905954361,0.21611236035823822,-0.1255371868610382
1451267663249,2,-0.26625633239746094,0.09181787073612213,0.1377834975719452
1451267663267,2,-0.010687471367418766,0.1919838786125183,0.17465513944625854
1451267663292,2,-0.11189648509025574,0.2660579979419708,-0.3111988604068756
1451267663313,2,-0.2672225534915924,0.20385143160820007,-0.5181646347045898
1451267663332,2,-0.311196893453598,0.19387538731098175,-0.41339316964149475
1451267663350,2,-0.2900805175304413,0.12339140474796295,0.2629033327102661
1451267663368,2,-0.1331273317337036,0.12183190137147903,0.48692193627357483
1451267663394,1,1.0690357885323465E-4,0.0740630179643631,0.2557102143764496
1451267663414,1,-0.07618571072816849,0.18248306214809418,-0.07837269455194473
1451267663435,1,-0.20911303162574768,0.2232481986284256,-0.15933892130851746
1451267663451,1,0.29645514488220215,0.13127776980400085,-0.43732234835624695
1451267663472,1,0.274334192276001,0.0691448524594307,0.021163783967494965
1451267663492,1,0.17656850814819336,-0.026038112118840218,0.23698388040065765
1451267663516,1,0.08048240095376968,-0.062867671251297,0.5895996689796448
1451267663527,1,-0.04392656683921814,-0.06618190556764603,0.6173685193061829
1451267663553,1,-0.01006946712732315,0.009355273097753525,0.21334055066108704
1451267663573,1,0.234414741396904,0.07090601325035095,0.29832711815834045
1451267663595,1,0.5256514549255371,-0.05495324358344078,0.3264034688472748
1451267663614,1,0.5883862972259521,-0.09753449261188507,0.2723199725151062
1451267663633,1,0.3323777914047241,-0.07577741891145706,0.4401566684246063
1451267663653,1,-0.13721588253974915,0.12760522961616516,0.749607264995575
1451267663674,1,-0.20010952651500702,0.15071313083171844,0.0058890581130981445
1451267663696,1,0.1280875951051712,0.09757716208696365,-0.1444265991449356
1451267663716,1,0.0740446075797081,0.15155775845050812,-0.0681026428937912
1451267663733,1,-0.05407854914665222,0.1269020438194275,-0.16946342587471008
1451267663754,1,-0.28618648648262024,0.1620236188173294,-0.21633505821228027
1451267663774,1,0.1143038421869278,0.0709632933139801,-0.4833832383155823
1451267663796,1,-0.3586794435977936,0.45456573367118835,0.7332838773727417
1451267663816,1,-0.25161951780319214,-0.011846505105495453,-0.07105156034231186
1451267663834,1,0.8740465641021729,-0.38797348737716675,-1.0725538730621338
1451267663854,1,5.08143424987793,-4.000372886657715,1.533583164215088
1451267663874,1,-2.51300311088562,0.7362976670265198,4.8658223152160645
1451267663897,1,-4.82094669342041,1.2118927240371704,-0.8148235082626343
1451267663916,1,-1.028939127922058,-0.34419482946395874,-0.7276800870895386
1451267663935,1,2.0182573795318604,-1.470727801322937,-1.732881784439087
1451267663955,1,2.4856624603271484,-0.5200260281562805,-2.0558581352233887
1451267663977,1,0.5522974133491516,1.062623381614685,-0.8392179608345032
1451267663997,1,-2.106318712234497,1.3595178127288818,0.4097977876663208
1451267664016,1,-1.3167963027954102,0.6876286268234253,0.04665595293045044
1451267664036,1,-0.2763839364051819,-0.021867549046874046,-0.11719430238008499
1451267664056,1,0.4373658299446106,-0.14855974912643433,0.3147551119327545
1451267664078,1,0.22927601635456085,-0.09319733828306198,0.6151561141014099
1451267664094,1,-0.06758233159780502,-0.08333528786897659,0.2314753532409668
1451267664116,1,-0.18188859522342682,-0.0013175123604014516,0.26780980825424194
1451267664136,1,-0.08203426748514175,-0.04471563175320625,0.14736440777778625
1451267664155,1,0.16920600831508636,-0.02050970494747162,0.06613397598266602
1451267664172,1,0.27567487955093384,0.0017693478148430586,0.17478081583976746
1451267664196,1,0.4959962069988251,-0.0015299860388040543,0.3769184350967407
1451267664211,1,0.4924023449420929,-0.18410715460777283,0.49964407086372375
1451267664237,1,0.3131628930568695,-0.15165099501609802,0.3563888370990753
1451267664257,1,-0.007483341731131077,-0.028554771095514297,0.19859598577022552
1451267664279,1,0.08149590343236923,0.017631227150559425,0.021654197946190834
1451267664297,1,0.31873753666877747,0.06508622318506241,0.2700532078742981
1451267664317,1,-0.005942395888268948,0.06630202382802963,0.15826164186000824
1451267664337,1,-0.28398197889328003,0.21867431700229645,0.38795244693756104
1451267664356,1,-0.4187147617340088,0.23373745381832123,0.4052116274833679
1451267664379,1,0.005229790695011616,0.09660568833351135,-0.1614297479391098
1451267664397,1,0.07222165912389755,0.16049686074256897,-0.38483986258506775
1451267664416,1,-0.2929149866104126,0.20897534489631653,-0.1400683969259262
1451267664437,1,-0.09808365255594254,0.16039222478866577,-0.3061918616294861
1451267664458,1,-0.05572550371289253,0.11076397448778152,-0.1118658035993576
1451267664480,1,-0.07837178558111191,0.11709201335906982,-0.028263971209526062
1451267664499,1,-0.18598176538944244,0.18380291759967804,-0.014786065556108952
1451267664518,1,-0.3816929757595062,0.19667115807533264,0.16496318578720093
1451267664538,1,-0.017143698409199715,0.08085925132036209,-0.0015267712296918035
1451267664558,1,0.08579367399215698,0.04509177431464195,0.146567702293396
1451267664580,1,0.15219850838184357,0.019635844975709915,0.13367080688476563
1451267664599,1,0.13091985881328583,0.04496142268180847,0.041402269154787064
1451267664614,1,-0.022803332656621933,0.07588204741477966,0.05129881203174591
1451267664638,1,-0.11110670864582062,0.0035994858480989933,0.41782617568969727
1451267664661,1,0.12320826947689056,-0.09797580540180206,0.08585340529680252
1451267664680,1,0.21888503432273865,-0.0736316367983818,-0.025740591809153557
1451267664698,1,0.15923206508159637,-0.010699673555791378,-0.005659925751388073
1451267664718,1,0.11418390274047852,0.08606734126806259,-0.01329202763736248
1451267664738,1,-0.22777718305587769,0.1442980021238327,0.15538229048252106
1451267664762,1,-0.060972776263952255,0.09078910946846008,0.048890579491853714
1451267664781,1,0.01994743011891842,0.06357435882091522,0.05549509450793266
1451267664794,1,-0.089006207883358,0.09874387085437775,0.22647300362586975
1451267664819,1,-0.07574813812971115,0.10322423279285431,0.11951719224452972
1451267664838,1,-0.0963108167052269,0.16997137665748596,0.09500117599964142
1451267664861,1,-0.12467525899410248,0.21372926235198975,0.14240415394306183
1451267664882,1,-0.010191778652369976,0.11889877170324326,0.1044786125421524
1451267664899,1,0.012641893699765205,0.04728548228740692,0.13276304304599762
1451267664920,1,0.021773770451545715,0.01772562600672245,0.15230068564414978
1451267664937,1,0.02896353416144848,0.03487316146492958,0.13724516332149506
1451267664962,1,-0.06671619415283203,0.10811375826597214,0.09877894073724747
1451267664981,1,-0.1907041370868683,0.1171475425362587,0.11890403181314468
1451267665000,1,-0.04434329271316528,0.040324997156858444,-0.0013642740668728948
1451267665020,1,0.06546957790851593,-0.009546411223709583,0.08362579345703125
1451267665041,1,0.13134974241256714,-0.018441081047058105,0.17648060619831085
1451267665062,1,0.23847001791000366,-0.08331190794706345,0.1575040966272354
1451267665083,1,0.1464751809835434,-0.06907353550195694,0.2078939825296402
1451267665100,1,0.12809228897094727,0.06003624573349953,0.18964287638664246
1451267665118,1,0.16135112941265106,0.1564718335866928,0.05209960415959358
1451267665141,1,0.12647351622581482,0.14724749326705933,0.07949673384428024
1451267665163,1,0.010692696087062359,0.0926484763622284,0.12225158512592316
1451267665177,1,-0.20299570262432098,0.22747956216335297,-0.08429741114377975
1451267665201,1,-0.2781843841075897,0.29992228746414185,-0.07897650450468063
1451267665221,1,-0.29236334562301636,0.1821335107088089,0.15400631725788116
1451267665244,1,-0.24171924591064453,0.06942424923181534,0.24757951498031616
1451267665264,1,-0.14953666925430298,0.14329145848751068,0.19710253179073334
1451267665281,1,-0.06967170536518097,0.24489130079746246,0.12743279337882996
1451267665301,1,-0.12244776636362076,0.1485474705696106,0.14184008538722992
1451267665323,1,-0.042395804077386856,0.0833224281668663,0.20702537894248962
1451267665344,1,0.06646644324064255,0.011074936017394066,0.16889585554599762
1451267665363,1,0.19625209271907806,-0.07467559725046158,0.17400924861431122
1451267665383,1,0.013176046311855316,0.04128127545118332,-0.06936930865049362
1451267665404,2,-0.08237142860889435,0.24746085703372955,-0.19852116703987122
1451267665422,2,-0.0928555354475975,0.24486032128334045,-0.1232464388012886
1451267665448,2,-0.10007266700267792,0.11940262466669083,0.12984159588813782
1451267665467,2,-0.19353316724300385,0.10988134890794754,0.3099713921546936
1451267665483,2,-0.06581699848175049,0.2310568243265152,0.08298340439796448
1451267665500,2,0.025913115590810776,0.18466156721115112,0.17783084511756897
1451267665523,2,-0.08394775539636612,0.21139176189899445,0.2580278515815735
1451267665545,2,-0.1629561185836792,0.2804372310638428,0.02553308568894863
1451267665560,2,-0.0900518074631691,0.3033563494682312,-0.23930911719799042
1451267665580,2,-0.06607749313116074,0.16539163887500763,-0.20709727704524994
1451267665603,2,-0.1730722188949585,-0.07400105893611908,0.137124165892601
1451267665624,2,-0.06075538322329521,0.0638590157032013,-0.07091419398784637
1451267665646,2,0.041691869497299194,0.16006898880004883,-0.1299409717321396
1451267665665,2,0.03790847957134247,0.14137773215770721,-0.01472293771803379
1451267665685,2,0.04494928941130638,0.059416066855192184,0.1117132380604744
1451267665704,2,0.14871473610401154,-0.0033761984668672085,0.1908499002456665
1451267665726,2,0.20832373201847076,-0.07363105565309525,0.22360475361347198
1451267665747,2,0.23543769121170044,-0.10881108790636063,0.24237726628780365
1451267665766,2,0.15932540595531464,-0.06692425161600113,0.21924306452274323
1451267665785,2,0.21399806439876556,-0.029042555019259453,0.08436521142721176
1451267665801,2,0.16136041283607483,-0.014780805446207523,0.021426234394311905
1451267665827,2,-11.945051193237305,1.7937989234924316,-12.996150016784668
1451267665856,2,-0.6731442809104919,-1.4596271514892578,-0.16513386368751526
1451267665872,2,4.011723518371582,-0.9151137471199036,1.0124708414077759
1451267665888,2,6.1610188484191895,2.1335792541503906,-0.29784664511680603
1451267665905,2,3.728654146194458,2.654069662094116,-3.168764591217041
1451267665930,2,-1.3229646682739258,-0.8762287497520447,0.03877308964729309
1451267665948,2,-2.484818458557129,-1.87163507938385,2.2288990020751953
1451267665968,2,-2.2750730514526367,-1.8781030178070068,3.3078556060791016
1451267665988,2,-1.0248202085494995,-1.3796429634094238,2.099053144454956
1451267666006,2,0.14862996339797974,-0.4699743092060089,0.06716682761907578
1451267666026,2,-0.27985891699790955,0.8570423722267151,-1.5156437158584595
1451267666048,2,-0.6782731413841248,1.004825234413147,-0.9747732877731323
1451267666068,2,-0.7081975936889648,0.5749819278717041,-0.03334229812026024
1451267666087,2,-0.5343244075775146,0.005082417745143175,0.7382628321647644
1451267666159,2,-0.3939400911331177,-0.02815583534538746,-0.010001754388213158
1451267666169,2,-0.24596257507801056,0.2068009227514267,-0.2356342226266861
1451267666188,2,-0.07532817870378494,0.2079717218875885,-0.08111527562141418
1451267666205,2,0.008557729423046112,0.02542904019355774,0.22137364745140076
1451267666229,2,-0.07451678812503815,-0.1934545338153839,0.4425450265407562
1451267666252,2,-0.14512594044208527,-0.5242746472358704,0.2647124230861664
1451267666276,2,-0.10643329471349716,-0.44592708349227905,-0.03149988502264023
1451267666297,2,-0.051802266389131546,-0.1355588138103485,-0.1702566146850586
1451267666309,2,-0.06338825821876526,0.15884733200073242,-0.1417284458875656
1451267666330,2,-0.06908668577671051,0.22484803199768066,0.006727262400090694
