1451267688393,1,-9.349610190838575E-4,0.14832477271556854,0.10429448634386063
1451267688411,1,-9.349610190838575E-4,0.14832477271556854,0.10429448634386063
1451267688432,1,-9.349610190838575E-4,0.14832477271556854,0.10429448634386063
1451267688451,1,-9.349610190838575E-4,0.14832477271556854,0.10429448634386063
1451267688471,1,-9.349610190838575E-4,0.14832477271556854,0.10429448634386063
1451267688490,1,0.19739116728305817,-0.9166498780250549,0.49922260642051697
1451267688511,1,-0.2135896235704422,0.3015154004096985,0.2416495382785797
1451267688531,1,-0.5415674448013306,0.6243941783905029,-0.006039280444383621
1451267688551,1,-0.5828909873962402,1.0831512212753296,-0.33901333808898926
1451267688575,1,-0.08635410666465759,0.5745172500610352,0.5472556948661804
1451267688595,1,0.5456717014312744,-0.06898059695959091,0.7943190932273865
1451267688619,1,0.12600834667682648,-0.5533750653266907,0.6384528279304504
1451267688637,1,-0.20227482914924622,-0.42753130197525024,0.15360650420188904
1451267688657,1,0.18989798426628113,-0.2221606969833374,0.054728202521800995
1451267688676,1,0.8779980540275574,-0.06703647971153259,0.5097820162773132
1451267688697,1,0.36072486639022827,-0.3526616394519806,1.1515893936157227
1451267688717,1,0.16195961833000183,-0.0374719463288784,0.25928571820259094
1451267688740,1,0.019803492352366447,0.26907822489738464,0.06884323805570602
1451267688757,1,0.16100867092609406,0.2769549489021301,0.17412790656089783
1451267688778,1,0.096722811460495,0.0521092489361763,0.49206748604774475
1451267688797,1,0.5151506066322327,-0.3023383915424347,0.568446934223175
1451267688820,1,0.24741336703300476,-0.18117284774780273,0.357657253742218
1451267688840,1,0.18361739814281464,0.10163988173007965,0.2633715271949768
1451267688859,1,0.06745897978544235,0.1428244262933731,0.26566579937934875
1451267688879,1,-0.22194300591945648,0.06918138265609741,-0.004749240353703499
1451267688901,1,-0.06712868809700012,0.17690496146678925,-0.4279308319091797
1451267688919,1,-0.04515088349580765,0.16085165739059448,-0.38949617743492126
1451267688939,1,0.033168766647577286,0.021005963906645775,-0.0883311927318573
1451267688958,1,-0.08248934149742126,-0.0427437499165535,0.1397095024585724
1451267688978,1,-0.049554742872714996,0.2077484279870987,0.6680862903594971
1451267689000,1,-0.4907052516937256,0.6854784488677979,1.2434756755828857
1451267689019,1,1.2191264629364014,-0.7305424809455872,-1.139728307723999
1451267689038,1,28.132110595703125,-6.067811012268066,1.4737299680709839
1451267689057,1,-4.067771911621094,-1.2138652801513672,6.365147113800049
1451267689078,1,-2.6565403938293457,4.760138988494873,0.019719431176781654
1451267689101,1,-6.977151393890381,2.3969523906707764,-2.062983512878418
1451267689121,1,-0.7834233045578003,-1.5968296527862549,-0.8373094797134399
1451267689139,1,1.5930317640304565,-1.8587048053741455,-1.2918401956558228
1451267689159,1,-0.0540083609521389,-1.0352058410644531,-0.533057689666748
1451267689179,1,-2.6654117107391357,0.4662579298019409,0.718850314617157
1451267689202,1,-3.9201204776763916,1.5481696128845215,1.205770492553711
1451267689222,1,-2.490100145339966,0.5396010875701904,0.5098088979721069
1451267689240,1,-1.1244417428970337,-0.1877136528491974,0.4453448951244354
1451267689259,1,-0.6521535515785217,-0.45238810777664185,0.9611498117446899
1451267689276,1,-0.5849931836128235,-0.5159451961517334,1.5438035726547241
1451267689303,1,-0.6779091954231262,-0.4076233506202698,1.7495763301849365
1451267689321,1,-0.8885486125946045,-0.1531643122434616,1.5804566144943237
1451267689346,1,-1.203840732574463,0.059271689504384995,0.14625439047813416
1451267689360,1,-1.1372311115264893,0.13642507791519165,-0.20738837122917175
1451267689380,1,-1.112336277961731,0.1460106521844864,-0.2156459093093872
1451267689402,1,-0.9106098413467407,0.16252602636814117,0.11710779368877411
1451267689421,1,-1.083694577217102,0.050298985093832016,0.31928572058677673
1451267689441,1,-1.2961872816085815,0.1364838182926178,0.11468378454446793
1451267689460,1,-1.2365823984146118,0.29003655910491943,0.06643909960985184
1451267689481,1,-1.2446446418762207,0.2450362592935562,-0.14550620317459106
1451267689503,1,-1.0752558708190918,0.3851221799850464,-0.12369593977928162
1451267689518,1,-1.078197717666626,0.4683470129966736,0.010301029309630394
1451267689542,1,-1.1819783449172974,0.44449734687805176,0.2453431338071823
1451267689562,1,-1.3961957693099976,0.3077472746372223,0.21611352264881134
1451267689581,1,-1.3384829759597778,0.30573710799217224,0.16587328910827637
1451267689603,1,-1.1552587747573853,0.3130301833152771,0.1300947070121765
1451267689623,1,-0.9786657691001892,0.24432313442230225,0.0392494760453701
1451267689641,1,-0.7345760464668274,0.17438626289367676,-0.07068038731813431
1451267689662,1,-0.8294519186019897,0.2004401534795761,0.22757600247859955
1451267689682,1,-0.9085052013397217,0.15662673115730286,0.3688613772392273
1451267689705,1,-0.7897931337356567,0.10509762167930603,0.4269903302192688
1451267689723,1,-0.7188583016395569,0.05553893372416496,0.37676936388015747
1451267689739,1,-0.5397026538848877,0.030979661270976067,0.19696751236915588
1451267689763,1,-0.4783819317817688,0.14448095858097076,0.09597498923540115
1451267689783,1,-0.5378648042678833,0.12253449112176895,0.18771277368068695
1451267689805,1,-0.6329895257949829,-0.03766659274697304,0.24808746576309204
1451267689824,1,-0.6734721660614014,-0.06646949052810669,0.16211597621440887
1451267689843,1,-0.5111387372016907,0.11259587109088898,0.015302198939025402
1451267689869,1,-0.40981948375701904,0.13863281905651093,0.2703723609447479
1451267689885,1,-0.5842783451080322,0.05555938929319382,0.40668460726737976
1451267689907,1,-0.6673679351806641,0.09020283818244934,0.19007191061973572
1451267689919,1,-0.5217646956443787,0.2831435799598694,-0.019759178161621094
1451267689943,1,-0.3708738386631012,0.34210896492004395,0.015383447520434856
1451267689965,1,-0.3874925673007965,0.06959317624568939,0.2032259851694107
1451267689985,1,-0.5817384719848633,0.11113690584897995,0.005932312924414873
1451267690004,1,-0.7596591114997864,0.4702005088329315,-0.022346273064613342
1451267690024,1,-0.6987636089324951,0.4555179178714752,-0.004125555511564016
1451267690045,1,-0.43780431151390076,0.12915770709514618,0.1209825873374939
1451267690065,1,-0.37587568163871765,-0.06429389864206314,0.3258668780326843
1451267690087,1,-0.41941308975219727,0.153985857963562,0.28990358114242554
1451267690108,1,-0.3393624424934387,0.21307401359081268,0.20051205158233643
1451267690124,1,-0.41265928745269775,0.12587854266166687,0.19017595052719116
1451267690145,1,-0.538200855255127,0.0639677420258522,0.13645020127296448
1451267690164,1,-0.6798776388168335,0.12283903360366821,-0.026079028844833374
1451267690186,1,-0.46357789635658264,0.30977556109428406,-0.19104279577732086
1451267690204,1,-0.23710761964321136,0.28921031951904297,0.3099743127822876
1451267690225,1,-0.37648656964302063,0.019243629649281502,0.35776421427726746
1451267690246,1,0.07817987352609634,0.19279754161834717,0.3960317075252533
1451267690268,1,-0.021377719938755035,0.017702246084809303,0.2617097496986389
1451267690287,1,-0.12818875908851624,0.03557400405406952,0.28912967443466187
1451267690308,1,-0.05214560031890869,0.10094693303108215,0.3042003810405731
1451267690325,1,-0.19463366270065308,-0.015577800571918488,0.33700844645500183
1451267690346,1,-0.2163577824831009,-0.056277766823768616,0.3093850910663605
1451267690368,1,-0.19956056773662567,0.008898761123418808,0.1904185265302658
1451267690387,1,-0.17289291322231293,0.13724136352539063,0.11010346561670303
1451267690409,2,-0.32501348853111267,0.08938567340373993,0.08725684136152267
1451267690426,2,-0.2888455390930176,0.10413198918104172,0.12413082271814346
1451267690443,2,-0.2012542188167572,0.12269085645675659,0.07502397149801254
1451267690470,2,-0.0763445496559143,0.17092296481132507,0.1370394080877304
1451267690484,2,-0.17865432798862457,0.046066753566265106,0.30274084210395813
1451267690505,2,-0.2391800731420517,0.05836217477917671,0.07889876514673233
1451267690527,2,-0.24923081696033478,0.18165157735347748,-0.08544599264860153
1451267690548,2,-0.2391161024570465,0.20612609386444092,-0.12385960668325424
1451267690568,2,-0.24769173562526703,0.17623919248580933,-0.021959317848086357
1451267690589,2,-0.2535684108734131,0.14646248519420624,0.14217326045036316
1451267690607,2,-0.49219170212745667,0.0573003888130188,0.20720891654491425
1451267690627,2,-0.15943481028079987,0.004684066399931908,0.4593459367752075
1451267690648,2,0.2944692075252533,-9.834581287577748E-4,0.389853298664093
1451267690669,2,0.3556819558143616,-0.037122692912817,0.2249281257390976
1451267690688,2,-0.03979730233550072,0.2185024619102478,-0.4354308247566223
1451267690708,2,-0.3092648684978485,0.32644087076187134,-0.7226882576942444
1451267690727,2,-0.3742979168891907,-0.17458587884902954,-0.3168354332447052
1451267690748,2,-0.2154049575328827,-0.41462036967277527,0.11531331390142441
1451267690771,2,0.05431092530488968,-0.2436208426952362,0.26125556230545044
1451267690788,2,0.07945263385772705,0.2535942494869232,0.08774901181459427
1451267690807,2,-0.03960894048213959,0.6877268552780151,0.15700550377368927
1451267690829,2,0.29796478152275085,0.1029062494635582,0.9442846179008484
1451267690851,2,0.2972174286842346,-0.19874036312103271,0.9975497722625732
1451267690875,2,-0.14352288842201233,-0.3660852015018463,0.8235065937042236
1451267690889,2,-0.23980127274990082,-0.04574088379740715,0.3501940965652466
1451267690908,2,-0.08038514107465744,0.5716851949691772,-0.10711188614368439
1451267690926,2,-0.1881447434425354,0.7212833762168884,0.30012452602386475
1451267690951,2,-0.22526519000530243,0.09702946990728378,0.6824591159820557
1451267690970,2,-0.1711612045764923,-0.08669394999742508,0.6174222826957703
1451267690987,2,-0.23631876707077026,0.06641630083322525,0.3444172441959381
1451267691005,2,-0.19469162821769714,0.17302490770816803,0.20928339660167694
1451267691031,2,-0.17002283036708832,0.20859774947166443,0.060610245913267136
1451267691052,2,-0.257662296295166,0.4996621906757355,-0.22460487484931946
1451267691073,2,-0.26667922735214233,0.5444283485412598,-0.12303075194358826
1451267691089,2,-0.31516215205192566,0.342891663312912,0.03361760824918747
1451267691109,2,-0.1924218088388443,0.03212123364210129,0.07345686852931976
1451267691130,2,-0.02356060780584812,-0.051480598747730255,0.16666297614574432
1451267691152,2,-0.015491100959479809,0.06872107088565826,-0.06075754389166832
1451267691173,2,-0.11058618128299713,0.11050736904144287,-0.13355039060115814
1451267691190,2,0.0030620822217315435,0.06229308247566223,-0.11061550676822662
1451267691210,2,0.17089979350566864,-0.026714405044913292,0.11564180999994278
1451267691230,2,0.39352118968963623,-0.29610154032707214,0.22478783130645752
1451267691252,2,0.7433944940567017,-0.3958689272403717,0.3248404562473297
1451267691270,2,-12.489027976989746,0.22080139815807343,-4.130354404449463
1451267691291,2,-0.8640816807746887,-1.0269228219985962,-1.9144260883331299
1451267691311,2,0.7375674843788147,-0.1446416974067688,0.2013946771621704
1451267691335,2,4.810572624206543,1.8823375701904297,1.5690064430236816
1451267691357,2,1.397775650024414,-0.010039163753390312,-0.8267202973365784
1451267691374,2,0.349671334028244,-1.402679204940796,0.5949479937553406
1451267691394,2,-0.3259837031364441,-1.7358207702636719,1.7595775127410889
1451267691414,2,-0.07589315623044968,-1.1131173372268677,1.7929344177246094
1451267691434,2,0.4833383560180664,-0.3043465316295624,0.38232582807540894
1451267691456,2,0.3454275131225586,0.3930447995662689,-1.2410452365875244
1451267691473,2,-0.01142349373549223,0.3741290867328644,-1.0357868671417236
1451267691490,2,-0.10983681678771973,0.26227322220802307,-0.45547816157341003
1451267691515,2,0.058247361332178116,0.1714215725660324,0.04828735440969467
1451267691537,2,0.17644630372524261,0.08586743474006653,0.4580903947353363
1451267691557,2,0.28920823335647583,-0.15964753925800323,0.3477729856967926
1451267691576,2,0.42439842224121094,-0.18567746877670288,0.22658699750900269
1451267691597,2,0.34506022930145264,-0.0503331795334816,-0.03093815967440605
1451267691615,2,0.39689651131629944,0.10164953023195267,-0.16314181685447693
1451267691638,2,0.28557297587394714,0.14882336556911469,-0.06511574238538742
1451267691656,2,0.29272356629371643,-0.10232757031917572,0.27691081166267395
1451267691677,2,0.2835686206817627,-0.2523614764213562,0.3135252594947815
1451267691696,2,0.377757728099823,-0.33800387382507324,0.22129473090171814
1451267691719,2,0.3965960741043091,-0.280088871717453,0.0673772543668747
1451267691751,2,0.34026646614074707,0.18112054467201233,-0.11456979811191559
1451267691769,2,0.18800756335258484,0.20456746220588684,-0.0177829097956419
1451267691790,2,0.0067711747251451015,0.03084229864180088,0.268422394990921
1451267691808,2,0.056676119565963745,-0.15955577790737152,0.40147361159324646
1451267691830,2,0.3545575439929962,-0.12571954727172852,0.13682429492473602
1451267691851,2,0.47796037793159485,0.051905546337366104,0.1314496248960495
1451267691871,2,0.3988571763038635,0.1501186639070511,0.3365057408809662
1451267691891,2,0.31758514046669006,0.08800327777862549,0.5782698392868042
1451267691910,2,0.28624841570854187,-0.07246493548154831,0.677747905254364
1451267691929,2,0.23714056611061096,-0.10230477899312973,0.32553136348724365
1451267691950,2,0.24181033670902252,-0.08225742727518082,0.10971476137638092
1451267691969,2,0.25188496708869934,-0.05229659005999565,0.08004559576511383
1451267691988,2,0.2812916934490204,0.04038286581635475,0.21300679445266724
1451267692009,2,0.22415612637996674,0.13889233767986298,0.1592676043510437
1451267692030,2,-0.01774412952363491,0.08711305260658264,-0.09036240726709366
1451267692052,2,-0.10339492559432983,0.056335050612688065,-0.005356558598577976
1451267692070,2,-0.06211883947253227,-0.03199848160147667,0.02365151047706604
1451267692090,2,0.02745683863759041,0.015538346022367477,-0.015298106707632542
1451267692111,2,-0.00916360504925251,0.15940380096435547,0.05515139549970627
1451267692128,2,0.018698252737522125,0.24297289550304413,0.2053501456975937
1451267692147,2,0.11940262466669083,0.1596931368112564,0.4354834258556366
1451267692173,2,0.05860180780291557,0.07867839932441711,0.31498074531555176
1451267692191,2,0.017553867772221565,0.07917056977748871,0.08665654063224792
1451267692212,2,0.01345386728644371,0.10235796868801117,0.038590721786022186
1451267692232,2,0.14358170330524445,0.09541910886764526,0.14348959922790527
1451267692254,2,0.134565532207489,-0.08684709668159485,0.2477811723947525
1451267692272,2,0.04576065018773079,0.028630467131733894,0.08886077255010605
1451267692292,2,0.06594082713127136,0.14722469449043274,-0.003713467624038458
1451267692312,2,0.1244150698184967,0.10931962728500366,0.1388607770204544
1451267692334,2,0.2980838418006897,-0.040837038308382034,0.2834223806858063
1451267692353,2,0.16658824682235718,-0.011277181096374989,0.10805296152830124
1451267692373,2,0.024273933842778206,0.12639935314655304,0.01706920936703682
1451267692392,2,0.08285793662071228,0.07927402853965759,0.02357727475464344
1451267692413,2,0.15381178259849548,-0.05695522949099541,0.10652151703834534
1451267692436,1,0.16600827872753143,-0.0977136492729187,0.047722119837999344
1451267692454,1,0.08087445050477982,0.039558105170726776,-0.03817453980445862
1451267692469,1,0.02079623006284237,0.07761164754629135,0.06929682195186615
1451267692493,1,0.07489621639251709,-0.06996288895606995,0.20170623064041138
1451267692513,1,0.12363376468420029,-0.04143032804131508,0.21882513165473938
1451267692535,1,0.15226419270038605,0.06048924848437309,0.26101768016815186
1451267692554,1,0.13164737820625305,0.09406769275665283,0.2441810965538025
1451267692573,1,0.04041694849729538,0.07784955203533173,0.14185410737991333
1451267692593,1,0.09019574522972107,0.053393736481666565,0.10278116166591644
1451267692614,1,0.06544362008571625,0.01990530826151371,0.09248597919940948
1451267692636,1,-0.008964154869318008,0.06078764796257019,0.1567687690258026
1451267692654,1,0.01062043383717537,0.1148269921541214,0.2407236546278
1451267692674,1,0.1918691247701645,0.061967212706804276,1.0229133476968855E-4
1451267692694,1,0.16321779787540436,0.1548530012369156,0.2012801170349121
1451267692714,1,-0.23859454691410065,0.1636030077934265,0.38626259565353394
1451267692737,1,-0.3742882311344147,0.09123451262712479,-0.13236498832702637
1451267692754,1,-0.2655327320098877,0.07833937555551529,-0.4774111807346344
1451267692773,1,-0.12596246600151062,0.16593056917190552,-0.28433191776275635
1451267692791,1,0.02483392506837845,0.1240285336971283,0.27505847811698914
1451267692816,1,0.002255195053294301,0.07568243145942688,0.17843875288963318
1451267692837,1,-0.15451061725616455,0.032587386667728424,0.19151800870895386
1451267692859,1,-0.1454395353794098,0.0382695272564888,0.2512076497077942
1451267692877,1,-0.160183846950531,0.27799248695373535,0.8458388447761536
1451267692896,1,0.5400661826133728,-0.9066922664642334,-0.5548626780509949
1451267692919,1,2.872945785522461,-1.329376459121704,-1.6980338096618652
1451267692938,1,2.4717066287994385,-3.4762861728668213,3.5633506774902344
1451267692956,1,0.6637930274009705,1.8344424962997437,3.1171774864196777
1451267692977,1,-3.011134147644043,2.39430832862854,0.5737731456756592
1451267692996,1,-3.018209218978882,0.9405182600021362,-1.1177455186843872
1451267693017,1,-0.18852749466896057,-1.0922633409500122,-1.0143424272537231
1451267693037,1,1.3809669017791748,-2.442845582962036,-1.5976603031158447
1451267693056,1,3.0756969451904297,-0.838817298412323,-1.9081190824508667
1451267693077,1,1.4952353239059448,0.4779545068740845,-1.0897650718688965
1451267693097,1,-2.0320000648498535,1.762095332145691,0.3781733810901642
1451267693119,1,-1.4058433771133423,1.2131503820419312,0.17822247743606567
1451267693223,1,-0.3117009401321411,0.3884931206703186,0.15203823149204254
1451267693231,1,0.35412612557411194,-0.07211773097515106,0.533807635307312
1451267693236,1,0.6372637748718262,-0.14764496684074402,0.8707354068756104
1451267693247,1,0.6345032453536987,-0.07640548795461655,0.9035212397575378
1451267693257,1,0.15905643999576569,0.03565145283937454,0.23631811141967773
1451267693261,1,0.20246382057666779,0.06295359134674072,0.013639234006404877
1451267693269,1,0.3704076409339905,0.021185996010899544,0.01277998648583889
1451267693281,1,0.43486225605010986,-0.005775368772447109,0.15343524515628815
1451267693300,1,0.34503552317619324,-0.013435527682304382,0.2225198894739151
1451267693320,1,0.23986677825450897,-0.027094928547739983,-0.0979243665933609
1451267693339,1,0.1464536488056183,-0.032345980405807495,0.26557400822639465
1451267693354,1,0.07357340306043625,-0.09200228750705719,-0.02621171623468399
1451267693379,1,0.13693368434906006,-0.021862288936972618,-0.3738304078578949
1451267693397,1,0.18170195817947388,0.15800240635871887,-0.16663433611392975
1451267693420,1,0.1849011927843094,0.16200433671474457,0.13560733199119568
1451267693434,1,0.11492851376533508,0.13266074657440186,0.13745500147342682
1451267693458,1,-0.009192191064357758,0.1479746401309967,0.17143091559410095
1451267693478,1,-0.05298113822937012,0.17679888010025024,0.14259295165538788
1451267693499,1,0.0176444873213768,0.19500498473644257,0.18121816217899323
1451267693520,1,0.03799399733543396,0.13298369944095612,0.21944180130958557
1451267693538,1,0.14245054125785828,0.06954904645681381,0.13041210174560547
1451267693559,1,0.036270059645175934,0.11385317891836166,0.12910042703151703
1451267693579,1,-0.024023886770009995,0.19504736363887787,0.10728724300861359
1451267693601,1,0.027483999729156494,0.08769290149211884,0.030441900715231895
1451267693620,1,0.14732447266578674,-0.057437460869550705,-0.04112403839826584
1451267693640,1,0.2975141108036041,-0.02194499783217907,0.015519056469202042
1451267693655,1,0.19262704253196716,0.04497808218002319,0.11837445199489594
1451267693680,1,0.026976780965924263,0.11739040911197662,0.280097633600235
1451267693701,1,-0.05492861941456795,0.10030921548604965,0.16405484080314636
1451267693724,1,0.15040899813175201,0.08287117630243301,-0.043747372925281525
1451267693740,1,-0.04356887564063072,0.1647542119026184,0.18325930833816528
1451267693761,1,-0.020197240635752678,0.0824853926897049,0.0583411306142807
1451267693781,1,0.026828423142433167,0.02310527302324772,0.04751286283135414
1451267693802,1,-0.05572981387376785,0.06298866122961044,0.1411006599664688
1451267693821,1,-0.04685812443494797,0.13458441197872162,-0.03640110045671463
1451267693841,1,0.06386705487966537,0.17407003045082092,-0.06322481483221054
1451267693862,1,0.0027232510037720203,0.06219371408224106,0.23069500923156738
1451267693882,1,0.13316494226455688,0.0107686473056674,0.09641572088003159
1451267693906,1,0.0931355282664299,-6.231003208085895E-4,0.09771627932786942
1451267693921,1,0.033742036670446396,0.02469371259212494,0.1276046335697174
1451267693941,1,0.10270228981971741,0.024835750460624695,0.11447861045598984
1451267693961,1,0.23018096387386322,-0.016882160678505898,0.15473230183124542
1451267693981,1,0.07835779339075089,0.023247605189681053,0.1548088788986206
1451267694003,1,-0.02669847570359707,0.08671674877405167,0.04612696170806885
1451267694022,1,-0.03282097727060318,0.11278232932090759,0.0031967503018677235
1451267694041,1,-0.043419018387794495,0.07590484619140625,0.08977730572223663
1451267694061,1,0.07900668680667877,0.06433598697185516,0.1344476342201233
1451267694081,1,-0.024129647761583328,0.1337035447359085,0.17411154508590698
1451267694104,1,-0.016988763585686684,0.18028408288955688,0.09079203009605408
1451267694122,1,0.02860383503139019,0.14361527562141418,0.10261691361665726
1451267694142,1,-0.04731770604848862,0.08047229796648026,0.17425064742565155
1451267694163,1,0.018273908644914627,0.043655019253492355,0.1625935286283493
1451267694185,1,-0.005607099272310734,0.11533493548631668,0.1411164402961731
1451267694206,1,0.008321217261254787,0.12273439764976501,0.05168167129158974
1451267694222,1,-0.013156017288565636,0.08335983753204346,-0.024318449199199677
1451267694242,1,0.03758033737540245,0.03418108820915222,0.04364274442195892
1451267694264,1,0.06710442900657654,-0.012810966931283474,0.08332067728042603
1451267694286,1,-0.0888776108622551,0.1094435453414917,0.04702829569578171
1451267694304,1,0.004911299329251051,0.18269465863704681,0.13683833181858063
1451267694324,1,-0.017817066982388496,0.10722703486680984,0.27033963799476624
1451267694344,1,0.1449282169342041,-0.003319499781355262,0.125398650765419
1451267694364,1,0.1668550670146942,-0.016038987785577774,0.07715455442667007
1451267694387,1,0.03938833624124527,0.08346855640411377,0.08549568057060242
1451267694406,1,0.06241736561059952,0.027951836585998535,0.07835223525762558
1451267694424,1,0.016274113208055496,-0.005061667412519455,0.06799918413162231
1451267694445,1,-0.01869330182671547,-0.0016921908827498555,0.0824585035443306
1451267694465,2,-0.02069496177136898,0.07729951292276382,0.05263093486428261
1451267694486,2,0.0011717472225427628,0.1656535118818283,-0.009745148941874504
1451267694502,2,-0.0054535893723368645,0.08075784146785736,0.07634031027555466
1451267694524,2,0.05509611964225769,0.011644844897091389,0.15426701307296753
1451267694546,2,0.07003068923950195,0.030036242678761482,0.14041560888290405
1451267694567,2,0.06926511228084564,0.07577858865261078,0.12514321506023407
1451267694587,2,0.08175342530012131,0.04979775846004486,0.15833470225334167
1451267694606,2,0.018393151462078094,0.046250294893980026,0.16281332075595856
1451267694625,2,-0.030953356996178627,0.025287587195634842,0.19309388101100922
1451267694646,2,0.07237747311592102,0.06500877439975739,0.21720249950885773
1451267694666,2,0.14149320125579834,0.0566512793302536,0.20525194704532623
1451267694687,2,0.1732448786497116,0.03845452517271042,0.008669628761708736
1451267694706,2,-0.08395221084356308,0.2571422755718231,-0.18594694137573242
1451267694725,2,-0.09192395955324173,0.09483633935451508,-0.024821138009428978
1451267694746,2,-0.05716836079955101,0.022609306499361992,0.041270170360803604
1451267694768,2,-0.20706994831562042,0.18789280951023102,0.021850597113370895
1451267694787,2,-0.3243199586868286,0.24448738992214203,0.08291501551866531
1451267694806,2,-0.3400406539440155,0.1098310798406601,0.09361878037452698
1451267694826,2,-0.12487004697322845,0.2909334897994995,0.3059001863002777
1451267694847,2,0.11662761121988297,0.26913198828697205,0.5073047876358032
1451267694867,2,0.2287101149559021,0.15049861371517181,0.6086591482162476
1451267694891,2,0.12682479619979858,0.05902385339140892,0.469262957572937
1451267694902,2,1.9376901036594063E-4,0.15072539448738098,0.307273805141449
1451267694928,2,0.2267586886882782,-0.147104874253273,0.10154373198747635
1451267694946,2,-0.04549470916390419,-0.16893501579761505,-0.01625555381178856
1451267694969,2,-0.15503157675266266,0.13492226600646973,-0.2354530245065689
1451267694987,2,-0.03067256696522236,0.37045127153396606,-0.23882628977298737
1451267695007,2,-0.030845586210489273,0.24558863043785095,0.10052140057086945
1451267695028,2,-0.16511903703212738,0.0854337215423584,0.04065466672182083
1451267695047,2,-0.09593457728624344,0.3050093650817871,-0.05875847861170769
1451267695070,2,-0.019527489319443703,0.3208417296409607,0.12962883710861206
1451267695087,2,0.02915080077946186,0.04864215850830078,0.2556055784225464
1451267695107,2,0.08267536014318466,-0.1434638798236847,0.16759587824344635
1451267695128,2,0.14413124322891235,-0.038984689861536026,-0.024048399180173874
1451267695149,2,0.20380860567092896,0.036070846021175385,5.091186030767858E-4
1451267695171,2,0.2809332311153412,-0.20533844828605652,0.0568266361951828
1451267695189,2,0.36862120032310486,-0.33235621452331543,0.039089903235435486
1451267695208,2,0.36968177556991577,-0.27557283639907837,-0.05820669233798981
1451267695229,2,-1.2600009441375732,4.455060958862305,3.714919090270996
1451267695249,2,5.519318580627441,0.5902478694915771,0.8685855269432068
1451267695269,2,5.615533351898193,1.4698141813278198,-0.8946434855461121
1451267695289,2,2.205098867416382,1.5597201585769653,-2.3988142013549805
1451267695308,2,-0.33673951029777527,0.5568161606788635,-1.1947627067565918
1451267695330,2,-0.43289557099342346,-1.4832514524459839,1.7882786989212036
1451267695350,2,-0.8686564564704895,-2.124237060546875,2.123136043548584
1451267695370,2,-0.20323950052261353,-0.8476809859275818,0.5080851316452026
1451267695390,2,-0.35145580768585205,0.31410452723503113,-0.7785428166389465
1451267695409,2,-0.6071103811264038,1.1553542613983154,-1.6612708568572998
1451267695430,2,-0.7126966714859009,1.1942033767700195,-1.7172727584838867
1451267695451,2,-0.710686981678009,0.5945651531219482,-0.6970260143280029
1451267695472,2,-0.49938371777534485,-0.020648235455155373,1.044196367263794
1451267695490,2,-0.5045517086982727,0.0953507199883461,0.842099666595459
1451267695507,2,-0.5655012726783752,0.2337988168001175,0.3220663070678711
1451267695530,2,-0.5181360244750977,0.24528585374355316,0.009334229864180088
1451267695552,2,-0.33623817563056946,0.2527472674846649,-0.04848083108663559
1451267695573,2,-0.07487750798463821,0.3313584625720978,0.4267442524433136
1451267695590,2,-0.05620737001299858,0.2503963112831116,0.401822566986084
1451267695612,2,-0.12194836884737015,0.039238955825567245,0.2608236074447632
1451267695632,2,-0.24548763036727905,-0.16931378841400146,0.07449088990688324
1451267695653,2,-0.28938600420951843,-0.2691308259963989,-0.0942407101392746
1451267695674,2,-0.08481847494840622,0.08378303050994873,-0.2642185091972351
1451267695691,2,-0.003802972612902522,0.3069242537021637,-0.16565993428230286
1451267695711,2,-0.01657477580010891,0.25452888011932373,0.05909867212176323
1451267695732,2,-0.11772073805332184,-0.03758826479315758,0.2534714937210083
1451267695753,2,-0.19550210237503052,-0.24645313620567322,0.25606444478034973
1451267695768,2,-0.10005363821983337,-0.04811258241534233,-0.0694727674126625
1451267695791,2,-0.01604340970516205,0.15568974614143372,-0.019556349143385887
1451267695813,2,-0.03366732969880104,0.24697570502758026,0.12226736545562744
1451267695832,2,-0.17038650810718536,0.2214367687702179,0.29590076208114624
1451267695855,2,-0.16962099075317383,0.09023381769657135,0.30232173204421997
1451267695873,2,-0.13053743541240692,-0.014030863530933857,0.2892255187034607
1451267695892,2,0.015486359596252441,-0.026170799508690834,0.2007388472557068
1451267695913,2,0.04023994877934456,0.09868308156728745,0.1799035668373108
1451267695939,2,-0.0039405543357133865,0.109034962952137,0.17872634530067444
1451267695954,2,-0.05711889639496803,0.028536943718791008,0.22047990560531616
1451267695972,2,-0.14423902332782745,-0.04343932867050171,0.14775662124156952
1451267695992,2,0.019440868869423866,0.05989186838269234,0.14119359850883484
1451267696012,2,-0.034889671951532364,0.037225861102342606,0.14477437734603882
1451267696035,2,-0.028287425637245178,0.050281159579753876,0.1915554255247116
1451267696054,2,-0.018534714356064796,0.046281859278678894,0.19408464431762695
1451267696073,2,0.020380672067403793,0.1247200220823288,0.10541969537734985
1451267696093,2,-0.2401169389486313,0.17440146207809448,-0.025302784517407417
1451267696109,2,-0.3890894055366516,0.1905757635831833,0.07259060442447662
1451267696136,2,-0.3343355655670166,0.15739011764526367,0.034171734005212784
1451267696157,2,-0.22886471450328827,0.18300855159759521,0.020358897745609283
1451267696173,2,-0.1529613733291626,0.2428121566772461,0.06467033177614212
1451267696195,2,-0.14274834096431732,0.22751638293266296,0.12037760764360428
1451267696218,2,0.001446472480893135,0.03211947903037071,0.25276070833206177
1451267696235,2,0.045343995094299316,-0.044981881976127625,0.20821721851825714
1451267696256,2,-0.031930387020111084,-0.025269465520977974,0.17715047299861908
1451267696275,2,-0.08741689473390579,0.06617313623428345,0.09986966103315353
1451267696295,2,-0.036351196467876434,0.0987812802195549,0.09337035566568375
1451267696318,2,0.061386819928884506,0.07666004449129105,0.021814942359924316
1451267696337,2,0.05425422638654709,0.003095043357461691,0.037795186042785645
1451267696357,2,-0.15311402082443237,-0.020941665396094322,0.08850947767496109
1451267696375,2,-0.12604428827762604,0.02513093501329422,0.07106149941682816
1451267696396,2,-0.0440874919295311,-0.003563829930499196,0.0430307500064373
1451267696417,2,-0.07009999454021454,0.06536298990249634,0.08886778354644775
1451267696437,2,-0.10807491838932037,0.24129006266593933,0.07857318967580795
1451267696457,2,0.003126571187749505,0.25197336077690125,0.04724632203578949
1451267696477,1,0.06973711401224136,0.08578034490346909,0.23299860954284668
1451267696496,1,-0.03251582011580467,-0.07191314548254013,0.32296180725097656
1451267696519,1,-0.0803193747997284,-0.08147826045751572,0.15229660272598267
1451267696541,1,-0.09107983857393265,0.17086100578308105,-0.08597265183925629
1451267696551,1,-0.02366531826555729,0.1292933225631714,0.09093757718801498
1451267696573,1,-0.12683957815170288,0.0807955414056778,0.21655191481113434
1451267696598,1,-0.17545749247074127,0.13364040851593018,0.1676192581653595
1451267696618,1,-0.09394817799329758,0.13692601025104523,0.15204700827598572
1451267696639,1,-0.07402367144823074,0.04921557381749153,0.11817103624343872
1451267696657,1,-0.011168861761689186,0.15847031772136688,-0.00822597648948431
1451267696676,1,0.05190674960613251,0.1790606826543808,0.005101122427731752
1451267696697,1,0.04411616921424866,0.05346972495317459,0.16886427998542786
1451267696719,1,0.009226860478520393,-0.06000935658812523,0.21945758163928986
1451267696738,1,-0.13818663358688354,0.046548984944820404,0.0031640171073377132
1451267696757,1,-0.13703419268131256,0.11506897956132889,0.03994680941104889
1451267696778,1,-0.047833070158958435,0.06559329479932785,0.08609072118997574
1451267696798,1,0.052970726042985916,0.0374918207526207,0.18226736783981323
1451267696819,1,0.07459072768688202,0.08032967895269394,0.2156599462032318
1451267696839,1,0.018915310502052307,0.13995324075222015,0.17283610999584198
1451267696857,1,0.02835669182240963,0.014196868054568768,0.06498831510543823
1451267696879,1,-0.07958667725324631,-0.09372048825025558,0.13450023531913757
1451267696899,1,-0.015821143984794617,-0.07043547183275223,0.03524024039506912
1451267696920,1,0.006241232622414827,0.13330373167991638,0.002783493371680379
1451267696940,1,-0.10117992013692856,0.2442261129617691,0.02824351377785206
1451267696958,1,-0.09067299216985703,0.08586392551660538,0.09594517946243286
1451267696979,1,-0.029646804556250572,-0.0027303018141537905,0.3052174746990204
1451267696998,1,-0.09258092939853668,-0.005785597953945398,0.4303203523159027
1451267697021,1,0.022899886593222618,0.05300269275903702,0.34054070711135864
1451267697039,1,-0.06557648628950119,0.1270715594291687,0.22854864597320557
1451267697058,1,-0.19503948092460632,0.12479718029499054,-0.09942308068275452
1451267697079,1,0.1265438050031662,0.21352994441986084,-0.14617197215557098
1451267697101,1,-0.09127780795097351,0.1533481478691101,-0.18663491308689117
1451267697120,1,-0.24223129451274872,0.06214812025427818,0.027981648221611977
1451267697138,1,-0.16097699105739594,-0.07723580300807953,-0.09633622318506241
1451267697159,1,-0.049005184322595596,0.014272855594754219,0.0418839156627655
1451267697179,1,0.18802739679813385,0.039454057812690735,0.17756372690200806
1451267697202,1,0.3561350107192993,-0.05087094008922577,0.2232891172170639
1451267697221,1,0.2296571135520935,-0.01878887228667736,0.20677052438259125
1451267697240,1,0.13092976808547974,-0.02918342500925064,-0.019829321652650833
1451267697260,1,0.115467369556427,-0.1367144137620926,-0.10248539596796036
1451267697281,1,-0.29075926542282104,0.4010176658630371,1.5155529975891113
1451267697301,1,-0.1640293002128601,0.14710253477096558,1.2180594205856323
1451267697323,1,0.5828552842140198,-0.616823136806488,-1.201253890991211
1451267697341,1,1.6834152936935425,-0.5363593697547913,-1.9875293970108032
1451267697356,1,-2.030484914779663,-3.4233102798461914,3.401137590408325
1451267697381,1,-3.589611291885376,2.3575024604797363,-1.389927625656128
1451267697404,1,-3.0521411895751953,1.1698867082595825,-0.922354519367218
1451267697422,1,-0.23090609908103943,-0.6916004419326782,-0.16277240216732025
1451267697441,1,1.8724498748779297,-1.8176997900009155,-1.1800743341445923
1451267697461,1,2.2253050804138184,-0.8402332663536072,-1.3242162466049194
1451267697481,1,0.14497330784797668,0.284882515668869,-0.6737620234489441
1451267697503,1,-1.8615802526474,1.4870336055755615,0.6987819075584412
1451267697524,1,-1.1254470348358154,0.7982669472694397,0.54475337266922
1451267697541,1,-0.07951616495847702,0.010521979071199894,0.5092664361000061
1451267697562,1,0.6238075494766235,-0.24175795912742615,0.7407815456390381
1451267697583,1,0.6103346943855286,-0.16896657645702362,0.9542945623397827
1451267697605,1,0.1638849973678589,-0.08051145821809769,0.44113224744796753
1451267697622,1,0.135679230093956,-0.15054069459438324,0.1872977614402771
1451267697642,1,0.20870760083198547,-0.2620125114917755,0.056456632912158966
1451267697662,1,0.2801400423049927,-0.26103198528289795,0.1455465406179428
1451267697684,1,0.2604590356349945,-0.19642332196235657,0.12206453830003738
1451267697705,1,0.16926278173923492,-0.012424012646079063,-0.3577934503555298
1451267697722,1,0.08369816839694977,-0.014279285445809364,-0.32384616136550903
1451267697742,1,-0.009235921315848827,-0.08081658184528351,-0.20919571816921234
1451267697763,1,-0.05360836535692215,-0.0567658431828022,0.24221476912498474
1451267697785,1,-0.16499972343444824,-0.1370055079460144,0.3917401432991028
1451267697804,1,0.18379059433937073,-0.10383973270654678,0.039540570229291916
1451267697823,1,-0.11885558813810349,0.24775603413581848,0.3999047577381134
1451267697843,1,-0.13263072073459625,0.20503917336463928,0.2849450707435608
1451267697863,1,0.08505477011203766,0.06154606491327286,0.07746902853250504
1451267697886,1,0.04697422683238983,0.016983283683657646,0.2113455832004547
1451267697904,1,-0.19700700044631958,0.08033493906259537,0.2771054804325104
1451267697924,1,-0.0327826552093029,0.1099187582731247,0.08468319475650787
1451267697941,1,-0.19327622652053833,0.08809797465801239,0.14054302871227264
1451267697965,1,0.03985138610005379,0.056610360741615295,0.029127895832061768
1451267697987,1,0.17069274187088013,0.015161913819611073,0.030306290835142136
1451267698007,1,-0.0038094022311270237,0.0033031331840902567,0.10075871646404266
1451267698025,1,0.09404365718364716,8.808745187707245E-4,0.1332569718360901
1451267698046,1,0.048161644488573074,-0.053884152323007584,0.16733458638191223
1451267698066,1,0.12269823253154755,-0.04690028354525566,0.1385030448436737
1451267698087,1,0.11734083294868469,-0.020848726853728294,0.059708911925554276
1451267698102,1,0.037405163049697876,0.030119244009256363,0.05314707010984421
1451267698125,1,-0.0888228490948677,0.09482815861701965,0.040592122822999954
1451267698151,1,-0.013076339848339558,0.12114976346492767,0.1755366027355194
1451267698165,1,-0.0037921953480690718,0.07839666306972504,0.19524726271629333
1451267698187,1,0.025069668889045715,0.08676818758249283,0.16188567876815796
1451267698207,1,-0.07903408259153366,0.14587679505348206,0.10009878873825073
1451267698227,1,-0.11116258800029755,0.17484687268733978,0.04313128814101219
1451267698246,1,0.017618220299482346,0.022484803572297096,0.02797112613916397
1451267698268,1,0.023718619719147682,0.012604630552232265,0.03127659857273102
1451267698288,1,-0.017904052510857582,0.03091653250157833,0.04481763392686844
1451267698308,1,-0.03602941706776619,0.04610065743327141,0.12821604311466217
1451267698322,1,0.03518971800804138,0.01677636243402958,0.20437340438365936
1451267698347,1,0.20909908413887024,0.023600071668624878,0.12904080748558044
1451267698369,1,0.057499345391988754,0.09657587856054306,0.1577998697757721
1451267698384,1,0.009277678094804287,0.1102297231554985,0.06107260286808014
1451267698406,1,0.11017722636461258,-0.013610592111945152,0.029081717133522034
1451267698428,1,0.10878895223140717,-0.15040449798107147,0.045357730239629745
1451267698448,1,-0.054700471460819244,0.08183715492486954,-0.02816343493759632
1451267698468,1,-0.17365838587284088,0.1781190186738968,0.07282909005880356
1451267698494,2,-0.11448661237955093,0.17648878693580627,0.10573358088731766
1451267698509,2,-0.014997297897934914,0.1771089732646942,0.23674480617046356
1451267698529,2,0.012579349800944328,0.18474164605140686,0.21299919486045837
1451267698550,2,0.029751542955636978,0.1758253574371338,0.133860781788826
1451267698569,2,-0.1560470014810562,0.09267594665288925,0.11889000236988068
1451267698588,2,0.034970592707395554,-0.025076573714613914,0.049760349094867706
1451267698604,2,0.13382329046726227,-0.09532266110181808,0.038140639662742615
1451267698625,2,-0.08148670196533203,0.02077215537428856,0.08238543570041656
1451267698648,2,-0.13307645916938782,0.16534020006656647,-0.03227905184030533
1451267698670,2,-0.0077579207718372345,0.06168459728360176,0.1627250462770462
1451267698688,2,0.06195797026157379,-0.05470949783921242,0.22206513583660126
1451267698708,2,0.1656910628080368,-0.09083002805709839,0.10301204770803452
1451267698729,2,0.06644538044929504,-0.015227964147925377,0.13471710681915283
1451267698750,2,0.012367423623800278,0.08158522844314575,0.17272037267684937
1451267698771,2,0.04223758727312088,0.043414779007434845,0.08946692198514938
1451267698790,2,0.013249394483864307,0.07336509972810745,0.06616027653217316
1451267698808,2,-0.022105924785137177,0.04634031280875206,0.023464461788535118
1451267698829,2,-0.09204941242933273,0.05684124678373337,-0.013951368629932404
1451267698852,2,-0.09511259943246841,0.08747077733278275,0.005747019313275814
1451267698872,2,-0.11274305731058121,0.08271393924951553,0.1101788729429245
1451267698890,2,0.046810414642095566,0.12008418142795563,0.2377127856016159
1451267698907,2,0.0365457721054554,0.11275076866149902,0.2136351615190506
1451267698929,2,0.07582206279039383,0.0948684886097908,0.19049100577831268
1451267698953,2,0.02051522023975849,0.07168985903263092,0.20094050467014313
1451267698970,2,0.014966866001486778,0.05181903392076492,0.15777824819087982
1451267698986,2,0.06814831495285034,0.009440029039978981,0.030754035338759422
1451267699010,2,1.852203786256723E-5,0.07299976795911789,-0.08758008480072021
1451267699030,2,-0.17842483520507813,0.07095745205879211,0.13710078597068787
1451267699053,2,-0.056984636932611465,0.024777298793196678,0.07071896642446518
1451267699072,2,0.1130705401301384,-0.03727613016963005,-0.023985272273421288
1451267699090,2,0.0038642012514173985,0.013089198619127274,-0.0843815803527832
1451267699111,2,0.0650656521320343,0.08720657229423523,-0.1654950976371765
1451267699131,2,0.12929211556911469,0.13218377530574799,-0.11692600697278976
1451267699154,2,0.21468622982501984,-1.5139117022044957E-4,0.08828326314687729
1451267699172,2,0.25855752825737,-0.12054887413978577,0.24331717193126678
1451267699191,2,0.15171243250370026,0.018936755135655403,0.1903226673603058
1451267699212,2,-0.3492177724838257,0.18071195483207703,0.1773977130651474
1451267699233,2,-0.30723267793655396,0.1316886991262436,0.30129531025886536
1451267699255,2,-0.2828017473220825,0.15931436419487,0.4803764522075653
1451267699273,2,-0.215627059340477,0.2473486214876175,0.44670039415359497
1451267699291,2,-0.06414161622524261,0.3620733320713043,0.39412325620651245
1451267699313,2,-0.17888404428958893,0.4076373875141144,0.13352526724338531
1451267699332,2,-0.21319013833999634,0.3245265483856201,-0.16308745741844177
1451267699354,2,-0.29989251494407654,0.09743395447731018,-0.1795329749584198
1451267699374,2,-0.3621123135089874,-0.03925123065710068,-0.13029928505420685
1451267699394,2,-0.2916540503501892,0.12993161380290985,-0.19121231138706207
1451267699413,2,0.1489480882883072,0.24502047896385193,0.13698212802410126
1451267699435,2,0.10450199246406555,0.009715338237583637,0.5842097401618958
1451267699457,2,0.044550176709890366,-0.04153028130531311,0.4903770387172699
1451267699475,2,0.1830117255449295,0.05273556709289551,0.1598433554172516
1451267699494,2,0.3476264178752899,0.05792728811502457,-0.056430328637361526
1451267699513,2,0.43995794653892517,-0.1704758107662201,0.05839899927377701
1451267699536,2,0.4250040352344513,-0.4913289546966553,0.12749475240707397
1451267699555,2,0.4449557065963745,-0.299411416053772,-0.0744236633181572
1451267699574,2,0.46852388978004456,-0.1714572310447693,-0.10984686017036438
1451267699607,2,-1.2972720861434937,-1.2900503873825073,-1.745966911315918
1451267699627,2,2.606053113937378,0.4615279734134674,0.2618021070957184
1451267699647,2,3.7498111724853516,1.5954233407974243,1.2489250898361206
1451267699669,2,0.8307406902313232,-0.19812195003032684,0.1552940309047699
1451267699688,2,-0.9060748219490051,-1.4663277864456177,1.1237235069274902
1451267699703,2,-0.9837726950645447,-1.4134306907653809,1.9108933210372925
1451267699727,2,-0.2431143820285797,-0.6204477548599243,1.302483081817627
1451267699749,2,0.0749284029006958,0.1572936773300171,-0.06479658931493759
1451267699770,2,-0.475420743227005,0.6548644304275513,-1.3489900827407837
1451267699789,2,-0.8273366093635559,0.4854711592197418,-1.0215426683425903
1451267699809,2,-0.7726666331291199,0.3683013916015625,-0.27171850204467773
1451267699828,2,-0.35339462757110596,0.25531506538391113,0.06462942063808441
1451267699848,2,-0.04113554581999779,0.20553718507289886,0.12981821596622467
1451267699869,2,-0.27516159415245056,0.1364075392484665,0.14702537655830383
1451267699890,2,-0.34529030323028564,0.15647009015083313,-0.09864567220211029
1451267699910,2,-0.2086906135082245,0.27786359190940857,-0.14075404405593872
1451267699928,2,-0.10111173242330551,0.32139351963996887,-0.007262684404850006
1451267699949,2,-0.023877281695604324,0.26912498474121094,0.13633914291858673
1451267699971,2,-0.06592340022325516,0.1757587194442749,0.1945207118988037
1451267700012,2,-0.3124743103981018,0.06695698201656342,-0.06637188047170639
1451267700028,2,-0.198801189661026,-2.1393501083366573E-4,-0.207789346575737
1451267700040,2,-0.10781671106815338,0.1911637932062149,-0.023031916469335556
1451267700061,2,-0.09225114434957504,0.387525737285614,0.09760522097349167
1451267700082,2,-0.1191624253988266,0.33483460545539856,0.21526363492012024
1451267700103,2,-0.08192750066518784,0.025760464370250702,0.16934768855571747
1451267700124,2,-0.027180597186088562,-0.19096213579177856,0.08900398015975952
1451267700141,2,-0.05967395007610321,0.08293664455413818,-0.018038345500826836
1451267700162,2,-0.0208307895809412,0.16955344378948212,0.01763736456632614
1451267700185,2,-0.014168153516948223,0.17712007462978363,0.2907628118991852
1451267700204,2,-0.08549579232931137,0.07836977392435074,0.3296241760253906
1451267700218,2,0.03553418070077896,0.016625557094812393,0.16213351488113403
1451267700237,2,0.08380717784166336,0.06549333781003952,0.2724246084690094
1451267700263,2,0.034910496324300766,0.07673603296279907,0.18583938479423523
1451267700285,2,-0.08062256127595901,0.0705178901553154,-0.06261339783668518
1451267700305,2,-0.20104141533374786,0.1687730997800827,-0.12525837123394012
1451267700322,2,-0.24740487337112427,0.19831016659736633,0.08362521231174469
1451267700343,2,-0.06850454211235046,0.01473404373973608,0.10070961713790894
1451267700363,2,0.0657225102186203,0.03600713238120079,0.045747607946395874
1451267700384,2,-0.178810253739357,0.27875909209251404,0.015993688255548477
1451267700405,2,-0.3323087990283966,0.32120296359062195,-0.036411624401807785
1451267700425,2,-0.1836106926202774,0.14460135996341705,-0.08937223255634308
1451267700444,2,0.14709676802158356,-0.08325345069169998,0.08327098935842514
1451267700465,2,-0.021553952246904373,-0.005180617794394493,0.19377778470516205
1451267700488,2,-0.09459854662418365,0.204542338848114,0.06897592544555664
