1449111425249,0,0.09947790950536728,0.1604512631893158,-0.1658814698457718
1449111425255,0,0.09947790950536728,0.1604512631893158,-0.1658814698457718
1449111425277,1,0.09947790950536728,0.1604512631893158,-0.1658814698457718
1449111425292,1,0.09947790950536728,0.1604512631893158,-0.1658814698457718
1449111425313,1,0.09947790950536728,0.1604512631893158,-0.1658814698457718
1449111425334,1,0.09947790950536728,0.1604512631893158,-0.1658814698457718
1449111425354,1,0.09947790950536728,0.1604512631893158,-0.1658814698457718
1449111425373,1,0.6793811321258545,-0.527393639087677,0.9756424427032471
1449111425393,1,-0.027812356129288673,0.26996493339538574,0.32496318221092224
1449111425414,1,-0.3014709949493408,0.2659256160259247,0.20315702259540558
1449111425441,1,-0.2066408395767212,0.3759203553199768,0.5906593799591064
1449111425460,1,-0.48141807317733765,0.3823544681072235,0.5244458913803101
1449111425477,1,-0.30682632327079773,0.3740808665752411,0.33361002802848816
1449111425498,1,-0.7942556142807007,0.3398343026638031,0.7511667609214783
1449111425517,1,-0.7310469150543213,0.6285743713378906,-0.6724848747253418
1449111425541,1,-1.0265371799468994,0.4855857193470001,-1.3285762071609497
1449111425561,1,-0.3022450804710388,0.4437117576599121,-0.5822107195854187
1449111425578,1,-0.2321607768535614,0.4151800572872162,0.15228606760501862
1449111425598,1,-0.5489445924758911,0.2431909143924713,0.13917173445224762
1449111425619,1,-0.173407182097435,0.23681612312793732,-0.03866437077522278
1449111425642,1,0.05971694737672806,0.18305179476737976,0.2771154046058655
1449111425660,1,0.06742562353610992,0.2999936044216156,0.862646758556366
1449111425678,1,-0.20889830589294434,0.24429741501808167,0.9055079817771912
1449111425699,1,-0.2783980667591095,0.3024836480617523,0.6201496720314026
1449111425719,1,-0.08380590379238129,0.2596726715564728,0.489165335893631
1449111425743,1,0.33878734707832336,0.17221008241176605,0.4433879256248474
1449111425759,1,0.22008860111236572,0.11694587767124176,0.8156126141548157
1449111425775,1,0.0869714543223381,0.025814825668931007,0.6836714148521423
1449111425800,1,0.04618453606963158,-0.024082303047180176,0.39271280169487
1449111425821,1,0.011504962109029293,0.051800329238176346,0.3866618275642395
1449111425842,1,-0.0967910885810852,0.12212240695953369,-0.06831950694322586
1449111425861,1,0.018731771036982536,0.14160510897636414,-0.3914221525192261
1449111425880,1,-0.12910568714141846,0.1769552379846573,-0.47549861669540405
1449111425902,1,-0.3075987994670868,0.2048071175813675,0.020843466743826866
1449111425921,1,-1.2998615503311157,0.40360361337661743,1.1238292455673218
1449111425943,1,0.3040524423122406,0.4664788842201233,-1.6094202995300293
1449111425962,1,21.761629104614258,-3.5980052947998047,0.5613011717796326
1449111425981,1,-3.0553455352783203,-1.1903443336486816,7.3752055168151855
1449111426001,1,-0.8723901510238647,3.3840253353118896,-2.523728847503662
1449111426024,1,-8.209248542785645,2.414949893951416,-3.7475311756134033
1449111426043,1,-0.8768247961997986,-0.5801268815994263,-1.5601556301116943
1449111426061,1,3.4041788578033447,-2.0200092792510986,-0.20153965055942535
1449111426082,1,2.353729486465454,-2.0961952209472656,1.2609844207763672
1449111426102,1,-0.31722208857536316,-1.2036019563674927,1.982765555381775
1449111426121,1,-3.477337121963501,0.34708911180496216,2.0644664764404297
1449111426143,1,-5.460963249206543,1.4239076375961304,1.420194149017334
1449111426161,1,-1.787523627281189,1.0184084177017212,-0.46884676814079285
1449111426182,1,0.07482640445232391,0.11804653704166412,-0.23416531085968018
1449111426202,1,0.4610520303249359,-0.23617315292358398,0.5540092587471008
1449111426223,1,0.0533868707716465,-0.37589725852012634,1.6118940114974976
1449111426244,1,-0.7721527218818665,-0.41787150502204895,1.855207085609436
1449111426262,1,-1.0431017875671387,-0.13969840109348297,0.24297931790351868
1449111426283,1,-0.6946651339530945,0.13612288236618042,-0.44668346643447876
1449111426303,1,-0.25395578145980835,0.29154667258262634,-0.5169873833656311
1449111426326,1,-0.3000337779521942,0.24722588062286377,-0.053109075874090195
1449111426344,1,-0.6858507394790649,0.01633329503238201,0.5839660167694092
1449111426363,1,-0.5847524404525757,-0.168378546833992,0.7383096218109131
1449111426384,1,-0.43629270792007446,-0.08375322073698044,0.3665256202220917
1449111426403,1,-0.3965744376182556,0.12609891593456268,0.04872165247797966
1449111426425,1,-0.797772228717804,0.2971615791320801,0.021688684821128845
1449111426445,1,-0.8647370934486389,0.390959233045578,-0.14479601383209229
1449111426463,1,-1.0093730688095093,0.31786301732063293,0.10603051632642746
1449111426484,1,-0.8099072575569153,0.12417992204427719,0.8033002614974976
1449111426505,1,-0.49702852964401245,0.042321138083934784,0.5093950629234314
1449111426526,1,-0.28991934657096863,0.09058920294046402,0.02021159790456295
1449111426545,1,-0.6384678483009338,0.05557224899530411,-0.1645902544260025
1449111426564,1,-0.9939518570899963,0.07641396671533585,-0.13780103623867035
1449111426580,1,-0.4053574502468109,0.0590057335793972,0.05810089409351349
1449111426603,1,-0.026562940329313278,-0.16653262078762054,0.36285892128944397
1449111426628,1,0.06637991219758987,-0.3548755347728729,0.6722568869590759
1449111426644,1,-0.20854762196540833,0.04436053708195686,0.8696037530899048
1449111426664,1,-0.3578343093395233,0.10029752552509308,0.22115561366081238
1449111426685,1,-0.5553373694419861,0.26821255683898926,0.04660860821604729
1449111426707,1,-0.36330723762512207,0.30481356382369995,-0.17435118556022644
1449111426726,1,-0.39636918902397156,0.1938561052083969,-0.11820611357688904
1449111426746,1,-0.7618215680122375,0.0992436334490776,-0.10920213162899017
1449111426764,1,-0.727706253528595,0.07759995758533478,0.28413668274879456
1449111426786,1,-0.28914815187454224,-0.02019873820245266,0.6976158022880554
1449111426808,1,0.1640632450580597,0.0590934120118618,0.9257575869560242
1449111426827,1,0.3210223615169525,0.011342647485435009,0.5117068290710449
1449111426842,1,-0.46660515666007996,-3.565583756426349E-5,0.17138181626796722
1449111426867,1,-0.790553092956543,0.4133318066596985,0.0457528680562973
1449111426887,1,-0.7004117965698242,0.7199860215187073,-0.353819876909256
1449111426908,1,-0.22855405509471893,0.4504302442073822,-0.1718658059835434
1449111426929,1,-0.03666011616587639,0.10554478317499161,0.2648112177848816
1449111426948,1,-0.08874846994876862,-8.797054761089385E-4,0.3911924362182617
1449111426967,1,-0.5661985874176025,0.04417465627193451,0.21813422441482544
1449111426988,1,-0.3333739638328552,0.10595394670963287,0.14578209817409515
1449111427010,1,0.19714725017547607,0.04324117675423622,0.03683540225028992
1449111427028,1,0.1731920838356018,0.017672434449195862,0.066544309258461
1449111427049,1,0.01729666069149971,0.06957973539829254,0.05756546929478645
1449111427067,1,-0.3282229006290436,0.10663199424743652,-0.13376140594482422
1449111427090,1,-0.5926017165184021,0.18869243562221527,-0.3183288872241974
1449111427110,1,-0.3782329559326172,0.18676994740962982,-0.22435353696346283
1449111427128,1,0.17360928654670715,-0.0895189419388771,0.3985363841056824
1449111427143,1,0.08507365733385086,0.04324526712298393,0.3596779406070709
1449111427168,1,-0.20203429460525513,0.1716635674238205,0.22593174874782562
1449111427190,1,-0.25528019666671753,0.25649580359458923,0.06064940616488457
1449111427210,1,-0.4341168999671936,0.25314298272132874,-0.07662731409072876
1449111427229,1,-0.20560140907764435,0.1709410846233368,0.19945640861988068
1449111427245,1,-0.012353761121630669,-0.03504500910639763,0.16476328670978546
1449111427270,1,-0.014928324148058891,0.020858079195022583,0.012661328539252281
1449111427292,1,-0.14422018826007843,0.11796645820140839,0.038814593106508255
1449111427310,2,-0.35068055987358093,0.21240298449993134,0.047957684844732285
1449111427331,2,-0.41220176219940186,0.2739408612251282,-0.06598258763551712
1449111427350,2,-0.032293226569890976,0.08323708921670914,0.23546822369098663
1449111427370,2,0.11291783303022385,-0.07604922354221344,0.4847176969051361
1449111427391,2,0.2319325953722,-0.05277414247393608,0.4159013628959656
1449111427411,2,0.16329233348369598,-0.060150809586048126,0.2456938475370407
1449111427429,2,0.013307188637554646,0.016693945974111557,0.21313247084617615
1449111427450,2,-0.010372195392847061,0.08030804991722107,0.34802141785621643
1449111427469,2,0.13457316160202026,0.04694119840860367,0.38971593976020813
1449111427492,2,0.2994075417518616,0.03453998267650604,0.3922194540500641
1449111427511,2,0.08541132509708405,0.07235679775476456,0.2414192408323288
1449111427529,2,-0.2285182923078537,0.20346622169017792,0.04735913500189781
1449111427550,2,-0.030406992882490158,0.0268330629914999,0.10877133905887604
1449111427570,2,0.1540287882089615,-0.041581135243177414,0.32694706320762634
1449111427593,2,0.10365169495344162,0.05125555768609047,0.345145583152771
1449111427612,2,-0.11907394230365753,0.17331542074680328,0.2585083246231079
1449111427629,2,-0.2433672845363617,0.2771346867084503,0.15065643191337585
1449111427650,2,-0.29492831230163574,0.2829752266407013,0.1494581550359726
1449111427670,2,-0.3168175518512726,0.24201719462871552,0.24168051779270172
1449111427693,2,-0.1949072927236557,0.19537235796451569,0.27725276350975037
1449111427710,2,-0.19556167721748352,0.18846330046653748,0.22136838734149933
1449111427726,2,-0.1883830577135086,0.2415466606616974,0.07417816668748856
1449111427750,2,-0.12825973331928253,0.18035189807415009,-0.028843233361840248
1449111427772,2,0.027273079380393028,0.10044892132282257,0.12326222658157349
1449111427794,2,0.06184301897883415,0.052294835448265076,0.20536592602729797
1449111427814,2,0.0776500478386879,0.06060323119163513,0.10539105534553528
1449111427831,2,0.20953819155693054,-0.0022533319424837828,0.004116203170269728
1449111427851,2,0.45692676305770874,-0.1372445672750473,-0.025378188118338585
1449111427868,2,1.1040451526641846,-0.5154954195022583,0.25255319476127625
1449111427896,2,-3.0623316764831543,-2.3906445503234863,1.714180588722229
1449111427945,2,-1.7551100254058838,-1.8144431114196777,0.691615104675293
1449111427961,2,5.482936859130859,1.6831746101379395,0.5667155981063843
1449111428013,2,-1.031673550605774,0.35768648982048035,0.3299614489078522
1449111428126,2,1.0211793184280396,-0.5721554756164551,-0.4579261541366577
1449111428141,2,-2.0034549236297607,0.9930244088172913,-0.8651344776153564
1449111428156,2,-1.4435611963272095,0.6854109764099121,0.20920798182487488
1449111428178,2,-0.6767369508743286,0.5111322402954102,0.5712912678718567
1449111428198,2,-0.4908352494239807,0.4867880940437317,0.6199363470077515
1449111428216,2,-0.7466171383857727,0.5737789869308472,0.3121037185192108
1449111428237,2,-0.9151970148086548,0.6015531420707703,0.03689911216497421
1449111428258,2,-0.9685773253440857,0.484127938747406,-0.05481412634253502
1449111428278,2,-0.19388167560100555,0.4631061851978302,-0.012640870176255703
1449111428296,2,0.22428199648857117,0.20197510719299316,-0.032193128019571304
1449111428316,2,0.4450192451477051,-0.0036357261706143618,0.08386486768722534
1449111428337,2,0.2906741201877594,-0.06898702681064606,0.06335632503032684
1449111428358,2,-0.2228262573480606,-0.250357449054718,0.049008652567863464
1449111428380,2,-0.3704553544521332,0.4797896146774292,0.30359891057014465
1449111428411,2,-0.13277794420719147,0.17038637399673462,0.4440431594848633
1449111428430,2,0.9296591281890869,-0.37835606932640076,0.3549848198890686
1449111428449,2,0.7632635831832886,-0.228921577334404,0.3374386429786682
1449111428470,2,-0.02544979192316532,0.015818331390619278,0.1686275601387024
1449111428492,2,-0.5978868007659912,0.20552198588848114,-0.03286883607506752
1449111428512,2,-0.4974510669708252,0.4071153998374939,-0.07773907482624054
1449111428530,2,0.01228767354041338,0.01019756868481636,0.05353986844420433
1449111428548,2,0.008826280944049358,-0.02596270851790905,-0.13900983333587646
1449111428570,2,-0.030761267989873886,0.07527648657560349,-0.2257411926984787
1449111428592,2,-0.19672559201717377,0.08287526667118073,-0.08713409304618835
1449111428612,2,-0.309884637594223,0.22129589319229126,0.05870470404624939
1449111428631,2,-0.48550674319267273,0.4242004156112671,-0.49482935667037964
1449111428651,2,-0.3607501983642578,0.17942951619625092,-0.1209995374083519
1449111428671,2,0.015592341311275959,0.04543780907988548,0.1336316466331482
1449111428693,2,0.07952339947223663,0.2186111956834793,0.19693595170974731
1449111428711,2,-0.07692242413759232,0.3878811299800873,0.318696528673172
1449111428730,2,-0.3891541361808777,0.2407049536705017,0.2882131338119507
1449111428751,2,-0.1760827600955963,-0.0757499486207962,0.38939154148101807
1449111428772,2,-0.260454922914505,0.13625556230545044,0.10393208265304565
1449111428794,2,0.11781016737222672,0.15373685956001282,-0.06383446604013443
1449111428811,2,0.2961702346801758,0.17907938361167908,0.3739776909351349
1449111428832,2,0.02496916800737381,0.1736345738172531,0.21713760495185852
1449111428853,2,-0.09860087931156158,0.18841712176799774,-0.21405015885829926
1449111428868,2,0.22012042999267578,0.12868717312812805,0.014048399403691292
1449111428895,2,0.32607364654541016,0.02129763923585415,0.4702051877975464
1449111428913,2,0.18282632529735565,-0.053052376955747604,0.4725269079208374
1449111428932,2,0.09316650778055191,0.04210662096738815,0.27204233407974243
1449111428953,2,-0.08443250507116318,0.06878536939620972,0.09532909095287323
1449111428976,2,-0.16975070536136627,0.08434592187404633,-0.12903086841106415
1449111428995,2,-0.11015129089355469,0.05783668905496597,-0.07524667680263519
1449111429009,2,-0.04856427013874054,0.025836452841758728,0.15750469267368317
1449111429034,2,-0.006916866637766361,0.039305005222558975,0.24077917635440826
1449111429054,2,0.03438501060009003,0.036758244037628174,0.2068009227514267
1449111429076,2,-0.020607611164450645,0.10942074656486511,0.332740843296051
1449111429090,2,-0.06871961057186127,0.1558639407157898,0.30899345874786377
1449111429113,2,-0.15384162962436676,0.12106149643659592,0.40511927008628845
1449111429134,2,-0.15703125298023224,0.036660630255937576,0.26829731464385986
1449111429154,2,-0.044394802302122116,0.03407704085111618,-0.04431728273630142
1449111429176,2,0.1351679116487503,0.07092998176813126,-0.34597909450531006
1449111429196,2,0.09833791851997375,0.03288637101650238,-0.2998053729534149
1449111429214,2,0.04103219509124756,0.05152794346213341,-0.07558160275220871
1449111429234,2,-0.16684424877166748,0.131696879863739,0.5285013318061829
1449111429255,2,-0.1869848221540451,0.09559095650911331,0.8624001145362854
1449111429277,2,0.01255019661039114,0.19168460369110107,0.6591659188270569
1449111429294,2,0.32398340106010437,0.38164079189300537,0.0425853431224823
1449111429315,1,0.2738268971443176,0.4144640266895294,-0.17933307588100433
1449111429335,1,0.06353066116571426,0.2056581825017929,-0.08662088215351105
1449111429357,1,-0.2536822557449341,-0.003609422827139497,0.17833705246448517
1449111429381,1,-0.31716811656951904,0.011094225570559502,0.43866848945617676
1449111429394,1,-0.07593531161546707,-0.01209901925176382,0.056265491992235184
1449111429415,1,0.12270926684141159,0.10168343037366867,-0.36102935671806335
1449111429436,1,0.15505751967430115,0.33813539147377014,-0.5171422958374023
1449111429455,1,-0.031885962933301926,0.38839903473854065,-0.3572258949279785
1449111429478,1,-0.16535112261772156,0.21797990798950195,-0.23700200021266937
1449111429495,1,0.15654665231704712,-0.13964110612869263,0.28066402673721313
1449111429515,1,0.0914764329791069,-0.09314239770174026,0.3332534730434418
1449111429536,1,0.17133550345897675,0.05059387907385826,0.2063087522983551
1449111429558,1,0.0048876260407269,0.14104513823986053,0.14651158452033997
1449111429577,1,-0.11024726182222366,0.16015022993087769,0.10953063517808914
1449111429595,1,-0.16244542598724365,0.20256605744361877,0.24009236693382263
1449111429616,1,-0.07645546644926071,0.15063713490962982,0.30590954422950745
1449111429637,1,0.02776113711297512,0.06635259091854095,0.4808417558670044
1449111429658,1,0.07576031982898712,0.028888240456581116,0.44472822546958923
1449111429677,1,-0.015981851145625114,0.10742460191249847,0.2208738774061203
1449111429696,1,-0.09609123319387436,0.15807926654815674,-0.13515198230743408
1449111429717,1,0.008782514370977879,0.09406185150146484,-0.17829379439353943
1449111429737,1,0.14504830539226532,-0.04402560368180275,0.3310439884662628
1449111429759,1,0.4017757177352905,-0.2934340834617615,0.6154343485832214
1449111429777,1,0.39772215485572815,-0.03203413635492325,1.090986728668213
1449111429797,1,-0.6382765769958496,0.17126667499542236,1.7348376512527466
1449111429818,1,0.2062074840068817,0.21220366656780243,-1.2849171161651611
1449111429837,1,4.822320461273193,-3.707044839859009,0.5078483819961548
1449111429860,1,1.6549209356307983,1.4117097854614258,0.47067221999168396
1449111429878,1,-1.2704200744628906,2.904163122177124,-2.154074192047119
1449111429897,1,-8.671066284179688,2.145009994506836,-2.2251830101013184
1449111429918,1,-0.1027471125125885,-1.1511536836624146,-0.8101514577865601
1449111429939,1,3.42842435836792,-2.0213801860809326,-0.625862181186676
1449111429959,1,4.196642875671387,-1.7342431545257568,-0.4344131648540497
1449111429978,1,2.1957106590270996,-0.651643693447113,0.23758184909820557
1449111429998,1,-0.8114719986915588,0.810893177986145,0.9874883890151978
1449111430019,1,-2.616936683654785,1.7524259090423584,0.8495821356773376
1449111430042,1,-1.2579431533813477,0.5147773027420044,-0.27463293075561523
1449111430060,1,0.3109615445137024,-0.1668243110179901,0.03315817192196846
1449111430078,1,1.2127923965454102,-0.42665043473243713,0.6591256260871887
1449111430099,1,1.310085415840149,-0.5423054099082947,0.7574480175971985
1449111430120,1,0.9882216453552246,-0.4433908462524414,0.47370296716690063
1449111430140,1,-0.2051326334476471,0.014454642310738564,-0.18606501817703247
1449111430163,1,-0.3150835931301117,0.2578454613685608,-0.291955828666687
1449111430176,1,-0.31140053272247314,0.28767362236976624,-0.25042086839675903
1449111430199,1,-0.05471716821193695,0.2108124941587448,-0.11990999430418015
1449111430220,1,0.4210689663887024,0.11896014213562012,-0.05860942602157593
1449111430243,1,0.4827973246574402,-0.17149755358695984,0.3494347929954529
1449111430262,1,0.2740345299243927,-0.16061697900295258,0.8855886459350586
1449111430280,1,-0.1253533512353897,-0.16286884248256683,1.265325665473938
1449111430301,1,-0.2294522523880005,-0.2954924702644348,0.631572961807251
1449111430331,1,0.23018048703670502,-0.17758768796920776,-0.17596271634101868
1449111430341,1,0.502993643283844,0.0948500782251358,-0.2559235692024231
1449111430362,1,0.22491686046123505,0.09888619929552078,0.03868073597550392
1449111430380,1,0.2001063972711563,0.02506926655769348,-0.170536607503891
1449111430400,1,-0.20511771738529205,0.3099971115589142,0.16676117479801178
1449111430422,1,-0.11582330614328384,0.17085108160972595,0.08177519589662552
1449111430443,1,0.24451296031475067,-0.07923310995101929,0.07739187031984329
1449111430462,1,0.30118995904922485,-0.04465396702289581,0.15734919905662537
1449111430481,1,0.13091178238391876,0.037173256278038025,0.11281739920377731
1449111430502,1,-0.16026604175567627,0.16745850443840027,0.059857964515686035
1449111430524,1,-0.4002867341041565,0.26943886280059814,-0.01770341396331787
1449111430543,1,-0.30220943689346313,0.14866846799850464,0.036253802478313446
1449111430558,1,0.2233678102493286,-0.0059995329938828945,0.013805238530039787
1449111430582,1,0.1603134572505951,-0.0057236384600400925,0.014981880784034729
1449111430603,1,0.01667063683271408,0.08704875409603119,0.06209727004170418
1449111430624,1,-0.21176593005657196,0.18590426445007324,0.05925239995121956
1449111430645,1,-0.26698651909828186,0.15989479422569275,0.022445641458034515
1449111430661,1,-0.08593224734067917,0.08372282236814499,0.007101356517523527
1449111430682,1,0.1977742314338684,0.031318098306655884,0.21105682849884033
1449111430702,1,0.19743812084197998,0.018206102773547173,0.1773030310869217
1449111430724,1,0.22519788146018982,0.06509235501289368,0.1720692217350006
1449111430745,1,0.12963731586933136,0.07967676222324371,0.22250761091709137
1449111430763,1,0.03499116003513336,0.11410978436470032,0.24460312724113464
1449111430782,1,-0.03692074120044708,0.03784428536891937,0.1395750641822815
1449111430804,1,-0.01632533222436905,-0.02450023591518402,0.014223756268620491
1449111430825,1,-0.027237186208367348,0.026968086138367653,-0.07798749953508377
1449111430845,1,-0.0811116173863411,0.10864274948835373,-0.153915137052536
1449111430863,1,-0.101256363093853,0.18291035294532776,-0.18721827864646912
1449111430884,1,0.001020794385112822,0.08829495310783386,0.09595979005098343
1449111430904,1,0.09598609805107117,0.05905190855264664,0.3314841091632843
1449111430926,1,0.09036971628665924,0.07288520783185959,0.4576309621334076
1449111430945,1,0.021639877930283546,0.02627776563167572,0.30321723222732544
1449111430964,1,0.05202851444482803,0.08956979960203171,0.08384966850280762
1449111430985,1,0.12085764855146408,0.07048925012350082,0.05647709220647812
1449111431007,1,0.09963515400886536,0.07863689959049225,0.14345979690551758
1449111431027,1,0.07500380277633667,0.10487959533929825,0.11302607506513596
1449111431045,1,0.09464863687753677,0.1272679567337036,0.22548983991146088
1449111431064,1,0.04952153563499451,0.03418050333857536,0.24016602337360382
1449111431082,1,0.0696125403046608,0.041576460003852844,0.1197621077299118
1449111431108,1,0.05414104834198952,0.24466098845005035,0.08740998804569244
1449111431127,1,0.03975578024983406,0.10754501819610596,0.129921093583107
1449111431141,1,0.002616320038214326,0.08241817355155945,0.19524376094341278
1449111431166,1,-0.07150357961654663,0.20062720775604248,0.19140928983688354
1449111431185,1,-0.08478515595197678,0.2688356637954712,0.12839023768901825
1449111431207,1,0.021700887009501457,0.2777811586856842,0.26116204261779785
1449111431228,1,0.11964736133813858,0.025216858834028244,0.40428340435028076
1449111431244,1,0.1100410670042038,0.023720482364296913,0.35305413603782654
1449111431266,1,-0.05157477781176567,0.10898469388484955,0.13202303647994995
1449111431286,1,-0.20211313664913177,0.12014789134263992,-0.08043605834245682
1449111431308,1,-0.2555878460407257,0.06887830793857574,-0.10760171711444855
1449111431332,2,-0.12128036469221115,0.033873043954372406,0.043169278651475906
1449111431349,2,-0.010762911289930344,0.0519961453974247,-0.061980947852134705
1449111431368,2,-0.06074110418558121,0.04752104729413986,-0.10582125931978226
1449111431387,2,-0.07351268827915192,0.046950552612543106,0.0075859250500798225
1449111431409,2,-0.024149484932422638,0.1132078617811203,0.022257424890995026
1449111431428,2,0.057518232613801956,0.06122574582695961,-0.04366729408502579
1449111431447,2,0.16782142221927643,-0.05081424117088318,0.028643911704421043
1449111431468,2,0.22437047958374023,-0.04396013915538788,0.010389292612671852
1449111431487,2,0.10214541852474213,0.01243219617754221,-0.02428571507334709
1449111431509,2,0.02137761004269123,0.07905425131320953,0.02301204204559326
1449111431524,2,0.08225812017917633,0.027283143252134323,0.0028635726775974035
1449111431547,2,0.17324520647525787,0.05999123677611351,0.208595409989357
1449111431568,2,0.15284250676631927,0.03259294107556343,0.3137824535369873
1449111431589,2,0.08762827515602112,0.042789340019226074,0.25213000178337097
1449111431604,2,0.04067161679267883,0.06173837184906006,0.10871171951293945
1449111431628,2,0.055462032556533813,0.08768588304519653,0.07227730005979538
1449111431647,2,-0.006270458456128836,0.14562778174877167,0.16611060500144958
1449111431668,2,0.03131331130862236,0.09199731796979904,0.1752297282218933
1449111431690,2,-0.07242117077112198,0.10411737859249115,0.016034020110964775
1449111431709,2,-0.12171510607004166,0.10899989306926727,-0.0084141930565238
1449111431724,2,-0.04766315594315529,0.07849720120429993,0.13527648150920868
1449111431748,2,0.009735723957419395,0.03675999864935875,0.18661679327487946
1449111431769,2,0.08937621116638184,0.07044073194265366,0.2792746126651764
1449111431792,2,0.1738307923078537,0.10334581136703491,0.3461070954799652
1449111431812,2,0.12491405010223389,0.13164252042770386,0.24450960755348206
1449111431829,2,0.21014690399169922,0.03005903959274292,0.15112988650798798
1449111431850,2,1.060572862625122,-0.4749623239040375,0.22177988290786743
1449111431870,2,1.4941635131835938,-0.663350522518158,0.25635668635368347
1449111431890,2,-5.251343727111816,9.329679489135742,0.9503589868545532
1449111431911,2,-3.031856060028076,-3.196063756942749,2.4674429893493652
1449111431931,2,3.394421339035034,0.6130716800689697,-0.5345055460929871
1449111431949,2,6.240053176879883,1.894436001777649,0.1349579244852066
1449111431967,2,0.8186296224594116,1.2335129976272583,-0.8281822204589844
1449111431993,2,-0.4154910147190094,-0.7054852247238159,1.0152753591537476
1449111432012,2,-0.5065204501152039,-1.8780717849731445,1.574205756187439
1449111432030,2,0.3057748079299927,-2.0321810245513916,1.2105021476745605
1449111432050,2,0.9866029620170593,-1.0615957975387573,0.01775134541094303
1449111432070,2,-0.32075852155685425,0.6607213616371155,-1.3560645580291748
1449111432092,2,-1.1051985025405884,0.8380126953125,-1.0737223625183105
1449111432110,2,-1.5136756896972656,0.7468535900115967,-0.4646674394607544
1449111432130,2,-1.6855802536010742,0.6267518401145935,-0.06594166904687881
1449111432151,2,-1.4150816202163696,0.651827871799469,0.035873278975486755
1449111432172,2,-0.5873889327049255,0.8318278789520264,0.0670575201511383
1449111432192,2,-0.3622737526893616,0.5829249620437622,0.20087796449661255
1449111432212,2,-0.5780214071273804,0.39190673828125,0.07056231796741486
1449111432230,2,-0.7431326508522034,0.5230506658554077,0.3051607608795166
1449111432252,2,-1.1227596998214722,0.4919681251049042,1.0064116716384888
1449111432274,2,-0.9168487787246704,-0.012768296524882317,1.2324901819229126
1449111432293,2,0.18546690046787262,0.08742576837539673,0.28678572177886963
1449111432313,2,-0.32641127705574036,0.22891747951507568,-0.9216647744178772
1449111432332,2,0.30331337451934814,0.896290123462677,-0.7599100470542908
1449111432351,2,-0.07208382338285446,1.0769851207733154,-0.7342243790626526
1449111432375,2,-0.7075356245040894,0.6059072017669678,-0.8474889397621155
1449111432394,2,0.13611732423305511,-0.23275721073150635,0.2059200555086136
1449111432408,2,0.17279870808124542,-0.4819315969944,0.4572194516658783
1449111432429,2,-0.31087279319763184,-0.07874854654073715,0.3061223030090332
1449111432453,2,-0.2791759967803955,0.28281623125076294,0.016367781907320023
1449111432474,2,-0.23078598082065582,0.32090720534324646,-0.077364981174469
1449111432493,2,-0.24380818009376526,0.26582828164100647,-0.09974690526723862
1449111432513,2,-0.24376016855239868,0.1604991853237152,-0.08126257359981537
1449111432532,2,-0.15908809006214142,0.007357377093285322,0.03409107029438019
1449111432552,2,-0.13654862344264984,-0.13839900493621826,0.15347792208194733
1449111432575,2,-0.08569624274969101,-0.0650368258357048,0.11149638146162033
1449111432595,2,-0.1460246741771698,0.11068389564752579,-6.686930428259075E-4
1449111432613,2,-0.1939636617898941,0.28583353757858276,0.09585574269294739
1449111432633,2,-0.10910838842391968,0.27241232991218567,0.040049102157354355
1449111432653,2,-0.09521438181400299,0.1493903547525406,0.10601707547903061
1449111432676,2,-0.012027560733258724,-0.010668694041669369,0.23189736902713776
1449111432694,2,-0.004696121904999018,0.002755436347797513,0.20557460188865662
1449111432709,2,-0.04699300229549408,0.1327829211950302,0.07060498744249344
1449111432734,2,-0.013936317525804043,0.17295944690704346,0.08852116763591766
1449111432756,2,-0.013670505955815315,0.1563163548707962,0.1442512422800064
1449111432775,2,-0.07810213416814804,0.09947860985994339,0.09158230572938919
1449111432795,2,-0.08818550407886505,0.12237024307250977,-0.03218552842736244
1449111432814,2,-0.2656365633010864,0.1698053628206253,-0.07926233857870102
1449111432836,2,-0.31848472356796265,0.2606681287288666,0.030482232570648193
1449111432855,2,-0.24139921367168427,0.26332828402519226,0.06754676252603531
1449111432878,2,-0.2909776270389557,0.21387305855751038,0.01010346133261919
1449111432896,2,-0.170796200633049,0.1905132234096527,-0.04498889669775963
1449111432916,2,-0.0022319969721138477,-0.00458674319088459,-0.03091302514076233
1449111432936,2,-0.07217245548963547,0.15738017857074738,0.00671381875872612
1449111432957,2,-0.2685661017894745,0.329845130443573,0.013572598807513714
1449111432977,2,-0.2665473222732544,0.2705214023590088,0.021096564829349518
1449111432991,2,-0.2397814840078354,-0.012545593082904816,-0.16382570564746857
1449111433016,2,0.08441869914531708,-0.09179741144180298,-0.2657867968082428
1449111433036,2,0.5752564668655396,0.030257776379585266,0.4497130215167999
1449111433058,2,-0.4883609712123871,-0.23634733259677887,1.2203975915908813
1449111433077,2,-0.4883817136287689,-0.06975216418504715,1.8247843980789185
1449111433096,2,0.10296700149774551,0.4019114077091217,0.5913187265396118
1449111433116,2,-0.024657728150486946,0.32305005192756653,-0.5695657134056091
1449111433137,2,-0.3943159878253937,0.21736381947994232,-0.43362054228782654
1449111433158,2,-0.19840574264526367,0.15020400285720825,-0.1301870495080948
1449111433177,2,-0.188002809882164,-0.12753567099571228,-0.16544483602046967
1449111433197,2,-0.11053625494241714,-0.04486439377069473,0.07463058829307556
1449111433218,2,0.0016775047406554222,0.0901525691151619,0.4513678252696991
1449111433238,2,-0.06326008588075638,0.23239129781723022,0.28249359130859375
1449111433259,2,-0.06706767529249191,0.3243757486343384,0.08270692825317383
1449111433279,2,-0.1630444973707199,0.3706172704696655,-0.04761573672294617
1449111433297,2,-0.286011666059494,0.16149930655956268,0.09169512242078781
1449111433318,2,-0.4469476640224457,-0.004285130184143782,0.03789922967553139
1449111433338,2,-0.027123240754008293,0.11755495518445969,-0.1338549256324768
1449111433360,2,0.396401971578598,0.11207155138254166,0.11969780921936035
1449111433383,1,0.3459039628505707,0.04483341425657272,0.32984453439712524
1449111433399,1,0.08821506053209305,-0.01572130061686039,0.35780632495880127
1449111433422,1,-0.0699041485786438,-0.007636778522282839,0.23926059901714325
1449111433442,1,-0.16648833453655243,-0.0011649521766230464,0.07349427789449692
1449111433460,1,0.10764558613300323,0.07249123603105545,-0.058527007699012756
1449111433478,1,0.23019130527973175,0.1707739233970642,0.2512672543525696
1449111433498,1,0.03940167278051376,0.10024316608905792,0.3568681478500366
1449111433514,1,0.05433454364538193,-0.012861819937825203,0.16688977181911469
1449111433541,1,-0.004878419917076826,-0.02217266894876957,0.21181611716747284
1449111433560,1,-0.041784074157476425,0.1398392617702484,0.3453466296195984
1449111433578,1,0.08811689913272858,0.14804770052433014,0.20632921159267426
1449111433599,1,-0.0030867322348058224,0.08892974257469177,0.05721709504723549
1449111433619,1,-0.03570248931646347,0.11412088572978973,-0.11789339035749435
1449111433640,1,-0.009019666351377964,0.1745242178440094,-0.19801673293113708
1449111433661,1,-0.1691577136516571,0.07032967358827591,-0.07497662305831909
1449111433678,1,-0.027760479599237442,0.023983517661690712,0.5084101557731628
1449111433699,1,-0.20034946501255035,0.05621873214840889,0.3028291165828705
1449111433719,1,-0.38194721937179565,-0.0026432080194354057,0.14070376753807068
1449111433742,1,-0.47466087341308594,-0.1497562676668167,0.176402285695076
1449111433760,1,-0.39571869373321533,0.11812193691730499,0.4713374078273773
1449111433779,1,-0.6993587613105774,0.15597674250602722,0.14068330824375153
1449111433800,1,0.600917398929596,0.30368778109550476,-0.7722668051719666
1449111433820,1,9.872589111328125,-1.2924222946166992,2.219360113143921
1449111433841,1,-0.5681360363960266,-2.1996188163757324,6.436089515686035
1449111433860,1,3.512653112411499,2.4703550338745117,-0.7862573862075806
1449111433879,1,-5.544432163238525,-0.6121639609336853,-4.621565341949463
1449111433901,1,-2.6916637420654297,-0.9959937334060669,-4.632673740386963
1449111433922,1,1.6878960132598877,-0.646994411945343,-3.4315290451049805
1449111433943,1,2.138005495071411,0.011800328269600868,0.9058563709259033
1449111433962,1,0.9864984750747681,-0.30331775546073914,3.472306728363037
1449111433981,1,-0.8745479583740234,0.11092063039541245,3.435986280441284
1449111434002,1,-0.5225415825843811,0.6793184876441956,-1.2728677988052368
1449111434024,1,-0.5503139495849609,0.6483663320541382,-1.4846528768539429
1449111434043,1,-0.4408998191356659,0.6958867907524109,-0.4785492420196533
1449111434062,1,-0.04040432348847389,0.5179921984672546,0.44136548042297363
1449111434082,1,0.28703996539115906,-0.01071896217763424,1.0052894353866577
1449111434102,1,0.907520055770874,-0.6466349363327026,0.9432336091995239
1449111434125,1,1.14630126953125,-0.37975218892097473,0.5214040279388428
1449111434144,1,0.8436042070388794,-0.010594459250569344,0.0876537337899208
1449111434162,1,0.5005685091018677,0.24050971865653992,-0.1662064641714096
1449111434182,1,0.29595276713371277,0.3595592975616455,-0.10175473988056183
1449111434202,1,0.4067077040672302,-0.1467640995979309,0.16998189687728882
1449111434225,1,0.5114467144012451,-0.31316694617271423,0.3567681908607483
1449111434239,1,0.6099522113800049,-0.40595805644989014,0.3701257109642029
1449111434263,1,0.37370941042900085,-0.17948563396930695,0.25933659076690674
1449111434283,1,0.001384732429869473,0.18416239321231842,0.0038619362749159336
1449111434303,1,-0.08868249505758286,0.33066871762275696,-0.19962124526500702
1449111434327,1,0.02685498259961605,0.16306465864181519,0.09130582958459854
1449111434344,1,0.2283363938331604,0.01298106275498867,0.1984931230545044
1449111434363,1,0.2839917838573456,0.021889761090278625,0.16015490889549255
1449111434386,1,0.13260701298713684,0.05832008644938469,0.0084159467369318
1449111434400,1,0.03507503867149353,0.18276071548461914,-0.0498509518802166
1449111434425,1,-0.327692449092865,0.2440495789051056,0.03805062174797058
1449111434444,1,-0.16881459951400757,0.1923702508211136,-0.1516343355178833
1449111434459,1,0.04663947597146034,0.18579554557800293,-0.1252373307943344
1449111434484,1,0.1152876690030098,0.07941489666700363,-0.021657705307006836
1449111434504,1,0.0717095136642456,0.0694517195224762,0.07208499312400818
1449111434526,1,-0.07799593359231949,0.18553660809993744,0.3143780827522278
1449111434546,1,-0.033575814217329025,0.12966157495975494,0.4438987970352173
1449111434565,1,0.10949067026376724,-0.0055687399581074715,0.2408084124326706
1449111434585,1,0.4159826934337616,-0.23599019646644592,-0.01367898192256689
1449111434607,1,0.5057882070541382,-0.2672393321990967,-0.10338731110095978
1449111434626,1,0.26843059062957764,0.023027824237942696,0.15294249355793
1449111434644,1,0.017421748489141464,0.24744507670402527,0.1925327479839325
1449111434664,1,-0.13477720320224762,0.2225707471370697,0.28103286027908325
1449111434685,1,-0.22734318673610687,0.22985972464084625,0.26940906047821045
1449111434708,1,0.13595789670944214,0.11074001342058182,0.09794190526008606
1449111434727,1,0.24518750607967377,-0.048745036125183105,-0.06554360687732697
1449111434745,1,0.033606793731451035,0.11449965834617615,0.03684826195240021
1449111434765,1,-0.20343747735023499,0.16506314277648926,0.08456862717866898
1449111434786,1,-0.27830445766448975,0.23352117836475372,3.9338323404081166E-4
1449111434808,1,-0.22091741859912872,0.23225685954093933,-0.16091829538345337
1449111434822,1,-0.07275872677564621,0.2033464014530182,-0.014240707270801067
1449111434846,1,0.155984565615654,-0.026440847665071487,0.11345160752534866
1449111434867,1,0.05066460371017456,-0.051870472729206085,0.02639584057033062
1449111434887,1,-0.0027053500525653362,0.0909416675567627,0.01974748820066452
1449111434908,1,-0.08103533834218979,0.14024199545383453,0.013816344551742077
1449111434931,1,-0.03747793659567833,0.1421428620815277,-0.04686871916055679
1449111434946,1,0.15400946140289307,0.14817161858081818,0.042241644114255905
1449111434967,1,0.19707368314266205,0.023013796657323837,0.2174772173166275
1449111434997,1,0.10060754418373108,0.02673310972750187,0.20643852651119232
1449111435007,1,-0.0017810016870498657,0.042941901832818985,0.1822241246700287
1449111435027,1,-0.07260781526565552,0.03766132891178131,0.20712065696716309
1449111435046,1,0.12019538134336472,0.05957447364926338,0.26137012243270874
1449111435068,1,0.11999130994081497,0.09035714715719223,0.25555238127708435
1449111435089,1,-0.027737682685256004,0.1342296153306961,0.12017244100570679
1449111435109,1,-0.04587620124220848,0.16323767602443695,0.0657622218132019
1449111435130,1,-0.08665186166763306,0.18341010808944702,0.12263035774230957
1449111435148,1,-0.17771150171756744,0.1693640500307083,0.18538637459278107
1449111435168,1,-0.03242047131061554,0.12319617718458176,0.09772153943777084
1449111435189,1,0.07388553768396378,0.09181611239910126,0.06360474973917007
1449111435211,1,0.1511952430009842,0.0634416714310646,-0.01400105282664299
1449111435229,1,0.028045542538166046,0.086907297372818,0.0048918635584414005
1449111435248,1,-0.07554065436124802,0.09296996146440506,0.09656710922718048
1449111435268,1,-0.04785740002989769,0.07464227825403214,0.15361060202121735
1449111435291,1,0.18676388263702393,0.07014905661344528,0.16138532757759094
1449111435310,1,0.08863810449838638,0.07574819028377533,0.2887123227119446
1449111435324,1,0.04871361702680588,0.08403671532869339,0.1922626942396164
1449111435348,1,0.003145896829664707,0.08548866957426071,0.021281857043504715
1449111435369,1,-0.10538232326507568,0.14590543508529663,0.00876022968441248
1449111435392,1,-0.08535265177488327,0.15686112642288208,0.046509239822626114
1449111435414,2,-0.012197437696158886,0.0784679725766182,0.048863694071769714
1449111435431,2,5.738543695770204E-4,0.060243748128414154,0.10337387025356293
1449111435452,2,0.052680183202028275,0.05801789090037346,0.05760989338159561
1449111435473,2,0.10010507702827454,0.049777884036302567,-0.05107201635837555
1449111435493,2,0.025414355099201202,0.04560147598385811,0.004995908588171005
1449111435512,2,-0.010980536229908466,0.07231529802083969,0.17602993547916412
1449111435529,2,0.05524352937936783,0.07824819535017014,0.24834582209587097
1449111435550,2,0.14682628214359283,0.009763269685208797,0.17498891055583954
1449111435570,2,0.2507850229740143,-0.0016284780576825142,0.12000234425067902
1449111435591,2,0.18142010271549225,-0.008940262719988823,0.09410159289836884
1449111435611,2,0.027060076594352722,0.03122749738395214,0.16043898463249207
1449111435630,2,0.02754296362400055,0.07246902585029602,0.33870354294776917
1449111435646,2,-0.03099536895751953,0.09356968104839325,0.45177698135375977
1449111435671,2,-0.02141052484512329,0.14801613986492157,0.3692682087421417
1449111435693,2,0.004593465477228165,0.1750713288784027,0.15977029502391815
1449111435711,2,-0.013448752462863922,0.07175590842962265,-0.10404957085847855
1449111435731,2,-0.09435673803091049,0.015327917411923409,-0.12922318279743195
1449111435752,2,-0.17674875259399414,0.06984803080558777,-0.12138999998569489
1449111435773,2,-0.19082382321357727,0.05757423862814903,-0.12333528697490692
1449111435793,2,0.06588577479124069,0.09744272381067276,0.01427460927516222
1449111435812,2,0.028467092663049698,0.1382628083229065,0.2906792461872101
1449111435832,2,-0.05912146717309952,0.11043898016214371,0.2561866044998169
1449111435852,2,-0.06241396814584732,0.1395353078842163,0.14174772799015045
1449111435874,2,-0.06939443945884705,0.1621083766222,0.1357937902212143
1449111435894,2,-0.08001662790775299,0.1465080827474594,0.2721078097820282
1449111435908,2,0.1661740243434906,0.03440028429031372,0.17489421367645264
1449111435928,2,0.14586590230464935,0.01833820529282093,0.12090542912483215
1449111435953,2,0.12304230034351349,0.06869184225797653,0.0802794098854065
1449111435975,2,0.07122399657964706,0.08615794032812119,0.09387713670730591
1449111435994,2,0.037441037595272064,0.012096680700778961,0.08982698619365692
1449111436013,2,0.02324424311518669,0.012347440235316753,0.14288754761219025
1449111436033,2,-0.07419402152299881,0.12077099084854126,0.26251286268234253
1449111436053,2,0.2384212166070938,0.015010522678494453,0.15208616852760315
1449111436075,2,0.42380014061927795,-0.07334639132022858,0.10683190077543259
1449111436090,2,0.5730705261230469,-0.10383447259664536,0.1129687950015068
1449111436113,2,0.6530603766441345,-0.09606091678142548,0.16962240636348724
1449111436134,2,-14.541948318481445,-1.6178020238876343,-2.806379556655884
1449111436154,2,-6.381497383117676,-0.9038915038108826,-2.3358254432678223
1449111436176,2,-0.06412729620933533,2.134219169616699,-3.2451493740081787
1449111436195,2,9.221049308776855,3.4851877689361572,0.2085515707731247
1449111436210,2,4.883877754211426,-0.8935738205909729,2.6600866317749023
1449111436234,2,2.2799031734466553,-3.035104751586914,2.8122775554656982
1449111436253,2,0.6047400832176208,-1.762414813041687,2.9686522483825684
1449111436293,2,0.7881731390953064,0.12542875111103058,0.3530249297618866
1449111436307,2,1.2539511919021606,0.282344251871109,-1.2073966264724731
1449111436330,2,1.2776992321014404,0.27693450450897217,-1.6185861825942993
1449111436347,2,0.758470356464386,0.14834465086460114,-1.2656816244125366
1449111436367,2,-0.20086361467838287,-0.06743921339511871,-0.4397299885749817
1449111436391,2,-0.2651745080947876,-0.0017366146203130484,-0.45620474219322205
1449111436408,2,-0.22472433745861053,0.12343992292881012,-0.512516975402832
1449111436430,2,-0.05767945200204849,0.2757733464241028,-0.5556868314743042
1449111436448,2,0.129261314868927,0.3829641342163086,-0.40038055181503296
1449111436469,2,0.2077549397945404,0.29460370540618896,-0.045348379760980606
1449111436490,2,0.20992329716682434,0.015564064495265484,0.8189151883125305
1449111436510,2,0.16704510152339935,2.8173954342491925E-4,0.7075473666191101
1449111436524,2,0.32226037979125977,-0.0018026655307039618,0.2427425980567932
1449111436568,2,0.41406288743019104,0.021654782816767693,-0.12307576090097427
1449111436589,2,0.38135963678359985,-0.06348258256912231,0.13590776920318604
1449111436609,2,0.3580542206764221,-0.09416355192661285,0.10354512929916382
1449111436629,2,0.3002301752567291,-0.11924071609973907,0.22510990500450134
1449111436669,2,0.37327927350997925,-0.0022182606626302004,-0.03184475377202034
1449111436702,2,0.140620619058609,0.06337912380695343,-0.19817981123924255
1449111436719,2,0.11588219553232193,0.037855975329875946,-0.02781330607831478
1449111436745,2,0.13170264661312103,0.028926819562911987,0.33290743827819824
1449111436762,2,0.12736155092716217,0.022341595962643623,0.2183849811553955
1449111436782,2,0.17443273961544037,0.07805296033620834,0.17941957712173462
1449111436804,2,0.166185200214386,0.2632341682910919,0.4623521566390991
1449111436826,2,0.13474954664707184,0.19267654418945313,0.297419935464859
1449111436845,2,0.11520049721002579,0.053712885826826096,0.05052841082215309
1449111436863,2,0.06050751358270645,0.11493103206157684,-0.02240472473204136
1449111436883,2,0.09008198231458664,0.12656301259994507,0.18239538371562958
1449111436903,2,0.18213000893592834,0.058562666177749634,0.2951812148094177
1449111436924,2,0.29188451170921326,0.0030015199445188046,0.24756021797657013
1449111436944,2,0.17564813792705536,0.051827218383550644,0.1774415522813797
1449111436963,2,-0.08516374230384827,0.27454468607902527,0.18176351487636566
1449111436983,2,-0.028767574578523636,0.22754034399986267,-0.0378156453371048
1449111437003,2,-0.029972493648529053,0.18170447647571564,0.08996493369340897
1449111437026,2,-0.10818871855735779,0.06097732484340668,0.28327569365501404
1449111437041,2,0.035605236887931824,-0.03383563458919525,0.22241175174713135
1449111437059,2,0.15901020169258118,0.19742636382579803,0.08015256375074387
1449111437084,2,0.23183004558086395,0.24072833359241486,0.19806991517543793
1449111437104,2,0.32540327310562134,0.12495382875204086,0.22862054407596588
1449111437127,2,0.10040971636772156,0.06387538462877274,0.09445873647928238
1449111437145,2,-0.07603774964809418,0.12287118285894394,-0.010626023635268211
1449111437164,2,-0.03198215365409851,0.1100911945104599,0.004050736781209707
1449111437185,2,0.08489114046096802,0.11082418262958527,-0.09788111597299576
1449111437208,2,0.08791588991880417,0.22237259149551392,0.13435645401477814
1449111437227,2,0.18702322244644165,0.1946709305047989,0.29883331060409546
1449111437246,2,0.010341872461140156,0.036643676459789276,0.07663725316524506
1449111437265,2,-0.12140844762325287,-0.14330314099788666,-0.0778612419962883
1449111437286,2,0.21959081292152405,0.28825345635414124,-0.1827045977115631
1449111437307,2,-0.04064779728651047,0.31173253059387207,-0.043173372745513916
1449111437328,2,-0.13658645749092102,0.15235388278961182,0.18343700468540192
1449111437347,2,-0.04015851765871048,0.07244505733251572,0.4184183180332184
1449111437365,2,0.002778086345642805,0.04707213491201401,0.32686758041381836
1449111437386,2,0.23723377287387848,0.0660012885928154,0.04546528309583664
1449111437405,2,0.09953578561544418,0.15084581077098846,0.27818626165390015
1449111437427,2,-0.11066506803035736,0.11057985574007034,0.06897533684968948
