1451312168433,1,0.3194510340690613,-0.2709340751171112,0.9549959897994995
1451312168451,1,0.3194510340690613,-0.2709340751171112,0.9549959897994995
1451312168472,1,0.3194510340690613,-0.2709340751171112,0.9549959897994995
1451312168491,1,0.3194510340690613,-0.2709340751171112,0.9549959897994995
1451312168511,1,0.3194510340690613,-0.2709340751171112,0.9549959897994995
1451312168531,1,0.3194510340690613,-0.2709340751171112,0.9549959897994995
1451312168552,1,0.10025171935558319,0.2454237937927246,0.48719725012779236
1451312168572,1,0.03668912500143051,0.08721008151769638,-0.03352642431855202
1451312168591,1,8.907383307814598E-4,0.007990414276719093,-0.48466333746910095
1451312168617,1,0.17898717522621155,-0.2905068099498749,-0.8332394957542419
1451312168638,1,-0.24467973411083221,0.5745441317558289,-0.05251169204711914
1451312168658,1,-0.28697583079338074,0.8984253406524658,0.2854600250720978
1451312168672,1,-0.6352877020835876,0.8943062424659729,0.030338440090417862
1451312168697,1,0.09548523277044296,-0.21088907122612,0.8876993656158447
1451312168717,1,0.46914875507354736,-0.22092297673225403,1.2111393213272095
1451312168737,1,0.4326188266277313,4.378069133963436E-4,1.0920336246490479
1451312168762,1,0.06026073545217514,0.14119009673595428,0.791243314743042
1451312168777,1,-0.17821426689624786,0.3651426434516907,0.2996610105037689
1451312168797,1,-0.25566256046295166,0.13511691987514496,-0.05102233216166496
1451312168818,1,0.09993819147348404,0.39306584000587463,0.050893738865852356
1451312168839,1,0.15979915857315063,0.3985317051410675,0.2968541085720062
1451312168860,1,0.2038441151380539,0.24903146922588348,0.3491571545600891
1451312168877,1,0.01465337909758091,0.22121933102607727,0.26372575759887695
1451312168898,1,-0.043659914284944534,0.08666706085205078,-0.15039047598838806
1451312168914,1,-0.07561945170164108,0.26053953170776367,-0.10654957592487335
1451312168939,1,-0.20793870091438293,0.16808336973190308,-0.030970308929681778
1451312168955,1,-0.09699095785617828,0.12720482051372528,-0.2207692414522171
1451312168979,1,-0.3458256721496582,0.14733868837356567,-0.16291268169879913
1451312168994,1,-0.0884910598397255,0.08448328822851181,-0.08124445378780365
1451312169019,1,-0.16399016976356506,0.17996260523796082,-0.12580722570419312
1451312169040,1,-0.157618448138237,0.08154080808162689,0.09428863972425461
1451312169059,1,-0.13957740366458893,0.1757955402135849,0.39746788144111633
1451312169078,1,-0.2705285847187042,0.3479740619659424,-0.0694517195224762
1451312169094,1,-0.2634918689727783,0.39749884605407715,-0.2638759911060333
1451312169121,1,-0.06138429790735245,0.06214753910899162,0.35845571756362915
1451312169144,1,0.009702624753117561,0.03969312831759453,0.43041619658470154
1451312169159,1,0.01524644996970892,0.1368120312690735,0.4916881322860718
1451312169178,1,-0.2331952303647995,0.15426351130008698,0.4287795424461365
1451312169199,1,-0.1656898856163025,0.18804186582565308,0.11054010689258575
1451312169222,1,-1.1464492082595825,0.5518208146095276,0.2352227121591568
1451312169244,1,-1.3696786165237427,-0.1420908421278,0.7976625561714172
1451312169259,1,-1.077816128730774,-0.4326215982437134,1.2068355083465576
1451312169279,1,0.9791742563247681,-0.8179436922073364,-0.2511836588382721
1451312169300,1,30.103647232055664,-4.1619367599487305,-0.7430132627487183
1451312169320,1,-0.4688844084739685,-0.3600158095359802,5.660900592803955
1451312169341,1,-7.505899429321289,2.213632345199585,-3.6604137420654297
1451312169360,1,-5.057900905609131,2.1743991374969482,-1.4861621856689453
1451312169381,1,-0.6816784739494324,-0.41638416051864624,0.40646424889564514
1451312169441,1,-4.069342613220215,1.0550181865692139,1.5089538097381592
1451312169461,1,-4.738616943359375,1.3670927286148071,1.0752999782562256
1451312169481,1,-3.9345314502716064,0.5909621715545654,1.1112339496612549
1451312169501,1,-2.2880539894104004,-0.10842647403478622,0.5818430185317993
1451312169517,1,-1.3029390573501587,-0.09827566891908646,0.175627201795578
1451312169543,1,-1.0921063423156738,0.29355740547180176,0.518683135509491
1451312169561,1,-1.6610722541809082,0.5501572489738464,1.1163970232009888
1451312169582,1,-1.30083167552948,0.29791736602783203,1.2941232919692993
1451312169602,1,-1.1029633283615112,0.14210020005702972,0.7246996164321899
1451312169623,1,-1.0527071952819824,-0.13148002326488495,0.25156712532043457
1451312169643,1,-1.1058651208877563,-0.09023965895175934,-0.3948936462402344
1451312169661,1,-1.6205158233642578,1.468511939048767,-1.9850311279296875
1451312169682,1,-1.9854966402053833,1.5836820602416992,-1.3816403150558472
1451312169703,1,-0.9511404037475586,-0.3986325263977051,1.5744208097457886
1451312169724,1,-0.7520084381103516,-2.885916233062744,2.840576410293579
1451312169744,1,-0.2917512357234955,-1.8174270391464233,1.0324369668960571
1451312169762,1,-1.1424442529678345,-0.15411211550235748,1.7314521074295044
1451312169783,1,-1.1267733573913574,0.811983048915863,1.431496500968933
1451312169805,1,-0.9144344329833984,0.8084671497344971,0.5033838152885437
1451312169827,1,-0.7550158500671387,0.6872650384902954,0.22648411989212036
1451312169843,1,-0.23910970985889435,0.22804975509643555,0.0473749153316021
1451312169863,1,-0.6702604293823242,-0.6125090718269348,0.18988895416259766
1451312169883,1,-1.1328611373901367,-0.31442543864250183,-0.21265140175819397
1451312169906,1,-1.3359776735305786,-0.3766147792339325,-1.0078660249710083
1451312169925,1,-0.8935628533363342,0.03960895910859108,-0.7890303134918213
1451312169943,1,-0.45218905806541443,1.529039740562439,0.7800543904304504
1451312169959,1,-0.4594787061214447,-0.014138415455818176,1.4753162860870361
1451312169983,1,-0.16373202204704285,0.26448389887809753,-0.8132452964782715
1451312170007,1,-0.2536424398422241,0.3046177327632904,-1.165651798248291
1451312170025,1,-0.7702562212944031,0.26693886518478394,-0.3338637053966522
1451312170040,1,-1.764223337173462,0.8980278968811035,0.750042736530304
1451312170064,1,-1.0965163707733154,0.3755670189857483,0.22306466102600098
1451312170079,1,-0.43571892380714417,0.05598200112581253,0.42721420526504517
1451312170109,1,-0.4087728261947632,-0.3196873068809509,0.7438976168632507
1451312170128,1,-0.5011863708496094,0.2957090437412262,0.6311854720115662
1451312170144,1,-0.5172380208969116,0.3493015170097351,0.2789367735385895
1451312170165,1,-0.41241058707237244,0.45236557722091675,0.532509982585907
1451312170185,1,0.5814396142959595,-0.08213350921869278,-0.2001151591539383
1451312170206,1,0.5075665712356567,0.17384091019630432,-0.5205529928207397
1451312170222,1,-0.14366598427295685,0.5315554738044739,-0.3175058662891388
1451312170244,1,-0.5116094350814819,0.5167208909988403,-0.4099380671977997
1451312170265,1,-0.14133578538894653,0.07119184732437134,-0.4695914387702942
1451312170288,1,-0.2844390571117401,0.04248363524675369,-0.48185646533966064
1451312170307,1,0.24720318615436554,-0.8240160346031189,-0.5081996917724609
1451312170327,1,0.3483707308769226,-0.7858560681343079,0.13220365345478058
1451312170344,1,-1.0262093544006348,0.49563834071159363,0.546463668346405
1451312170366,1,-1.2612805366516113,1.0366127490997314,0.8542127013206482
1451312170387,1,-0.9979514479637146,0.6581804156303406,-2.589432115200907E-4
1451312170407,1,-0.18082410097122192,-0.0030997195281088352,-0.44885554909706116
1451312170428,1,-0.17805889248847961,-0.007305939216166735,-0.20227088034152985
1451312170449,2,-0.4318065047264099,0.30251696705818176,0.2225695699453354
1451312170466,2,-0.6065975427627563,0.3985574245452881,0.1311567723751068
1451312170490,2,-0.5628207325935364,0.2901262640953064,-0.2423667460680008
1451312170509,2,-0.28540870547294617,-0.009903554804623127,0.10058861970901489
1451312170526,2,-0.1879499852657318,0.07221651077270508,0.6164964437484741
1451312170547,2,-0.2151089310646057,-0.018507132306694984,0.991716206073761
1451312170566,2,-0.2244652807712555,0.03791384398937225,0.38336804509162903
1451312170589,2,-0.195170596241951,0.08362755179405212,-0.2724766433238983
1451312170609,2,-0.08931001275777817,0.07904606312513351,-0.022186698392033577
1451312170626,2,-0.26020097732543945,0.3383861482143402,-0.010334931313991547
1451312170647,2,-0.4464057385921478,0.3706161081790924,-0.022708674892783165
1451312170667,2,-0.2495124489068985,0.1959831714630127,0.3703250288963318
1451312170689,2,-0.09254150837659836,-0.013460954651236534,0.5294675230979919
1451312170708,2,-0.12167245894670486,0.0310527253895998,0.5141185522079468
1451312170727,2,-0.020293843001127243,-0.012817395851016045,0.09864041209220886
1451312170748,2,-0.11680690199136734,0.2043517827987671,-0.06434650719165802
1451312170768,2,-0.3799371123313904,0.42097967863082886,-0.05024141073226929
1451312170790,2,-0.4063262641429901,0.5317758321762085,-0.14196868240833282
1451312170808,2,-0.13901515305042267,0.38646015524864197,-0.175188809633255
1451312170828,2,-0.043511711061000824,-0.05900280922651291,0.3471013903617859
1451312170848,2,-0.17941056191921234,0.034521277993917465,0.08001520484685898
1451312170869,2,-0.378390908241272,0.2679728865623474,-0.2004120945930481
1451312170889,2,-0.4168546199798584,0.38398411870002747,-0.241260826587677
1451312170910,2,-0.39027997851371765,0.4291454553604126,-0.3020201325416565
1451312170928,2,-0.24524901807308197,0.3364812135696411,-0.6156757473945618
1451312170944,2,0.6219258904457092,-0.6075596809387207,-0.5372381806373596
1451312170969,2,1.766676664352417,-2.5192229747772217,-1.1097954511642456
1451312170992,2,3.4590039253234863,-2.9082889556884766,-1.672131896018982
1451312171010,2,-14.435294151306152,-7.892142295837402,15.824745178222656
1451312171029,2,-4.263595104217529,6.021524906158447,6.523911952972412
1451312171049,2,-0.19909341633319855,1.049623966217041,-3.9441633224487305
1451312171069,2,-1.6264231204986572,1.8893296718597412,-2.7799651622772217
1451312171090,2,-1.6320544481277466,0.7303478121757507,-2.792389154434204
1451312171112,2,-1.4446043968200684,-0.04862462356686592,-1.0865391492843628
1451312171131,2,-1.5995686054229736,0.08749415725469589,-0.3756459355354309
1451312171150,2,-0.777427613735199,-0.10838380455970764,-0.7846692204475403
1451312171170,2,-0.22559286653995514,-0.5042418837547302,-0.8626309633255005
1451312171192,2,-0.6211503148078918,-0.5513362288475037,-0.25691139698028564
1451312171206,2,-1.2957756519317627,-0.4231342375278473,0.40193596482276917
1451312171231,2,-1.2032732963562012,-0.9786646962165833,0.7620604634284973
1451312171251,2,-0.8276052474975586,-0.49963003396987915,1.5034722089767456
1451312171273,2,-0.82966148853302,-0.471587598323822,1.0340934991836548
1451312171293,2,-0.6062701940536499,-0.35052141547203064,0.8581324815750122
1451312171306,2,-0.831723690032959,-0.06265256553888321,0.6967565417289734
1451312171330,2,-1.0037752389907837,0.48240065574645996,0.4157423675060272
1451312171351,2,-1.0644893646240234,0.5689981579780579,0.264350026845932
1451312171373,2,-0.6459943056106567,0.024721184745430946,-0.14387246966362
1451312171391,2,-0.5566731095314026,0.06604103744029999,-0.4529378414154053
1451312171411,2,-0.5157420039176941,0.07190729677677155,-0.4174059331417084
1451312171431,2,-0.6923841834068298,0.2993517816066742,-0.10518530011177063
1451312171452,2,-0.8476197123527527,0.4227338433265686,-0.24083471298217773
1451312171472,2,-0.88856440782547,0.3427572250366211,0.2110164910554886
1451312171488,2,-0.6697248816490173,0.14987842738628387,0.4431692957878113
1451312171513,2,-0.32471805810928345,-0.05355214327573776,0.5319395065307617
1451312171532,2,-0.24002766609191895,-0.19476795196533203,0.39283788204193115
1451312171553,2,-0.44741976261138916,0.027917349711060524,0.39618250727653503
1451312171574,2,-0.5481923818588257,0.04183774068951607,0.7818558812141418
1451312171588,2,-0.5800996422767639,0.3036480247974396,0.33156830072402954
1451312171613,2,-0.7446361780166626,0.3630892336368561,0.19393384456634521
1451312171632,2,-0.6862930655479431,0.45078855752944946,0.2908446490764618
1451312171656,2,-0.7226836085319519,0.2610252797603607,0.1892079859972
1451312171674,2,-0.40715983510017395,0.2860264480113983,0.2184685617685318
1451312171694,2,-0.11652887612581253,0.18076573312282562,0.11873393505811691
1451312171712,2,-0.1880296915769577,0.22174948453903198,0.2129915952682495
1451312171733,2,-0.29472994804382324,0.16681845486164093,0.37642040848731995
1451312171756,2,-0.2710721492767334,0.22952421009540558,0.05006839334964752
1451312171775,2,-0.3769432604312897,0.2311246395111084,-0.1364694982767105
1451312171792,2,-0.23098906874656677,0.019991233944892883,-0.10448913276195526
1451312171812,2,-0.09107333421707153,-0.03137596696615219,-0.07780804485082626
1451312171833,2,-0.23979315161705017,-0.004872574470937252,0.1437280923128128
1451312171855,2,-0.18405140936374664,-0.062163904309272766,0.3724941909313202
1451312171874,2,-0.12276722490787506,-0.09227204322814941,0.33988603949546814
1451312171894,2,-0.001535082352347672,-0.07951309531927109,0.06932371109724045
1451312171913,2,-0.07514780014753342,-0.02833528444170952,-0.08028116077184677
1451312171935,2,-0.0166961420327425,-0.03148702532052994,-0.06632044166326523
1451312171956,2,-0.16444894671440125,-0.14456045627593994,0.24706512689590454
1451312171977,2,-0.40793198347091675,0.13026128709316254,0.3920639753341675
1451312171995,2,-0.2153477519750595,0.138914555311203,0.29617199301719666
1451312172015,2,-0.0733122006058693,0.016291795298457146,0.0611678771674633
1451312172035,2,-0.09722143411636353,-0.06064824014902115,0.24622634053230286
1451312172056,2,-0.1314404308795929,-0.06113923713564873,0.3626233637332916
1451312172075,2,-0.385109543800354,0.19242402911186218,-0.43214696645736694
1451312172090,2,-0.47175776958465576,0.3192752003669739,-0.8784814476966858
1451312172111,2,1.099747657775879,0.5199146866798401,0.2913946807384491
1451312172139,2,-0.06672706454992294,-0.472470223903656,0.763708233833313
1451312172158,2,0.3749069273471832,-0.6607441306114197,0.9428022503852844
1451312172177,2,0.2713947594165802,-0.12636779248714447,0.7111433744430542
1451312172196,2,-0.3475973308086395,0.04733458161354065,0.4596528112888336
1451312172216,2,-0.4430845081806183,0.1785644292831421,-0.09200374782085419
1451312172239,2,-0.10689429938793182,-0.008760814554989338,0.07318389415740967
1451312172257,2,0.08917221426963806,-0.18097060918807983,0.04868249222636223
1451312172277,2,1.2396289110183716,-0.6435819864273071,1.4893285036087036
1451312172296,2,0.3213575780391693,0.20982056856155396,0.6826625466346741
1451312172316,2,0.11734664440155029,0.25996845960617065,-0.2958206832408905
1451312172339,2,-0.2403741031885147,0.41758301854133606,-0.7234300374984741
1451312172357,2,-0.24817883968353271,0.26716509461402893,-0.470451295375824
1451312172376,2,-0.1863425374031067,0.21082653105258942,0.1574830561876297
1451312172396,2,-0.10224387794733047,-0.07022212445735931,0.2829582691192627
1451312172417,2,-0.04937661811709404,0.07624562084674835,0.27474284172058105
1451312172438,2,-0.217514768242836,0.23300912976264954,-0.11161971837282181
1451312172463,1,-0.16452060639858246,0.11399638652801514,-0.26513737440109253
1451312172480,1,-0.03768241032958031,0.12619009613990784,-0.35385727882385254
1451312172497,1,-0.012396230362355709,0.07143676280975342,-0.012531564570963383
1451312172522,1,-0.05637987703084946,0.03800678253173828,0.17679975926876068
1451312172542,1,0.020412052050232887,0.07398059964179993,-0.034267596900463104
1451312172562,1,0.010021289810538292,0.2242874801158905,0.21418635547161102
1451312172577,1,0.022638916969299316,-0.007443301845341921,-0.10946458578109741
1451312172598,1,-0.011749730445444584,-0.1343839168548584,-0.3623679280281067
1451312172619,1,0.5432689189910889,0.1114063635468483,-0.26622575521469116
1451312172641,1,0.8882511854171753,0.2129267156124115,-0.685350775718689
1451312172661,1,0.07464218884706497,-0.2270464301109314,-0.41985273361206055
1451312172678,1,-1.1168192625045776,-0.27097266912460327,0.8235182762145996
1451312172698,1,-0.1254262775182724,-0.05261106416583061,1.0064215660095215
1451312172719,1,0.6799588203430176,0.07922551035881042,0.4218319058418274
1451312172741,1,0.6978407502174377,-0.3292869031429291,-0.7724456787109375
1451312172760,1,0.5926028490066528,-0.2446954846382141,-0.8707289695739746
1451312172779,1,-0.248545840382576,0.06234686076641083,0.10172902047634125
1451312172799,1,-0.737094521522522,0.4224368929862976,0.9556137919425964
1451312172821,1,-0.5612136125564575,0.39961132407188416,1.15400230884552
1451312172841,1,-0.41591399908065796,0.4496440589427948,1.0169552564620972
1451312172860,1,0.15103179216384888,0.10332067310810089,1.1034306287765503
1451312172879,1,0.02823614329099655,0.10016951709985733,0.6038339138031006
1451312172899,1,-0.08139668405056,0.22102759778499603,0.055192895233631134
1451312172922,1,-0.1786157488822937,0.33099135756492615,-0.38531333208084106
1451312172936,1,-0.18292497098445892,0.2948690950870514,-0.267348051071167
1451312172959,1,-0.2671774625778198,0.27579495310783386,0.24989187717437744
1451312172980,1,-0.4377850890159607,0.2555360198020935,0.7629232406616211
1451312173001,1,-0.25650179386138916,0.28376609086990356,0.33827099204063416
1451312173021,1,-0.16301046311855316,0.21491174399852753,-0.1193874254822731
1451312173041,1,-0.07937568426132202,0.22683483362197876,-0.7148410677909851
1451312173055,1,-0.04916397109627724,0.08984218537807465,-0.8704255819320679
1451312173080,1,-2.137000322341919,-0.49730831384658813,1.721736192703247
1451312173101,1,-1.7020082473754883,-1.5201746225357056,2.2921266555786133
1451312173124,1,-0.014074117876589298,-0.3638923466205597,0.42381754517555237
1451312173144,1,15.837629318237305,-0.5940496325492859,-4.430302619934082
1451312173161,1,0.10922405123710632,-0.2546235918998718,3.325774669647217
1451312173181,1,-3.487112283706665,2.0353684425354004,-2.9800188541412354
1451312173202,1,-2.4139108657836914,0.25499066710472107,-1.6895973682403564
1451312173223,1,2.108798027038574,0.6817360520362854,-1.9946733713150024
1451312173243,1,2.1411755084991455,-0.06611001491546631,-1.8519471883773804
1451312173262,1,0.0561174638569355,-0.20625585317611694,-0.4096463918685913
1451312173280,1,-1.8451744318008423,0.195110484957695,1.0568184852600098
1451312173301,1,-2.5446622371673584,0.24212299287319183,1.0267378091812134
1451312173326,1,-1.243659496307373,0.061835404485464096,0.315118670463562
1451312173342,1,-0.10684549063444138,-0.1726817935705185,-0.15744681656360626
1451312173358,1,0.40380364656448364,-0.3293190598487854,0.02449672855436802
1451312173382,1,-0.10320588946342468,-0.28841859102249146,0.7877794504165649
1451312173404,1,-0.44872549176216125,0.43618953227996826,0.37671616673469543
1451312173426,1,-0.6323664784431458,0.4275742769241333,0.17000935971736908
1451312173440,1,-1.055709719657898,0.40162354707717896,-0.07182546705007553
1451312173463,1,-0.6171857118606567,-0.0230398066341877,0.7291197776794434
1451312173483,1,-0.3015096187591553,-0.12353286147117615,1.5271482467651367
1451312173506,1,0.611095666885376,0.271062970161438,0.3126654326915741
1451312173528,1,0.08591536432504654,-0.1757730394601822,-0.5932874083518982
1451312173545,1,0.5476893186569214,0.19318361580371857,-0.9768009781837463
1451312173563,1,0.10728928446769714,-0.10450959205627441,0.5760124325752258
1451312173583,1,-0.40662193298339844,1.0156307220458984,0.4781307280063629
1451312173605,1,-0.7024304270744324,1.0641671419143677,-0.5920031666755676
1451312173627,1,-0.06921619176864624,0.5106044411659241,-0.1821335107088089
1451312173643,1,-0.47156786918640137,0.18728666007518768,0.8491460680961609
1451312173663,1,-0.1299915313720703,-0.32435792684555054,1.300832986831665
1451312173685,1,-0.23617549240589142,-0.7210249900817871,1.3481711149215698
1451312173705,1,-0.15778905153274536,-0.46606209874153137,0.45144030451774597
1451312173722,1,0.009526318870484829,0.4336112141609192,-0.3524240255355835
1451312173744,1,-0.28319546580314636,0.2610889673233032,0.2259066104888916
1451312173765,1,-0.4715256094932556,0.08246727287769318,0.3843120336532593
1451312173785,1,-0.6090669631958008,0.055257778614759445,0.31388357281684875
1451312173807,1,-0.11139127612113953,-0.15440788865089417,-0.4507710039615631
1451312173826,1,0.30267709493637085,0.1414542943239212,-0.647002637386322
1451312173839,1,0.26432278752326965,0.10598843544721603,-0.3003104031085968
1451312173865,1,0.2962453067302704,-0.2231616973876953,-0.0014507833402603865
1451312173886,1,0.5169146656990051,-0.3824702203273773,-0.013919804245233536
1451312173907,1,0.5677785277366638,-0.5906450748443604,-0.4744313061237335
1451312173925,1,-0.5459398031234741,0.931272566318512,0.23595161736011505
1451312173945,1,-0.1256239414215088,0.08051730692386627,-0.6665063500404358
1451312173965,1,0.42992231249809265,-0.2624889016151428,-1.3241606950759888
1451312173986,1,0.6946442723274231,-0.659672737121582,-1.0579249858856201
1451312174007,1,0.21455757319927216,-0.9404545426368713,0.2517635226249695
1451312174021,1,0.11621017009019852,-0.43611645698547363,0.9542962908744812
1451312174041,1,-0.3178796172142029,0.4475088119506836,0.574463427066803
1451312174063,1,-0.08675090223550797,0.15718495845794678,0.2597837448120117
1451312174087,1,0.15632623434066772,-0.1410965770483017,-0.22930093109607697
1451312174107,1,0.22409017384052277,-0.1045733094215393,0.16169629991054535
1451312174128,1,0.0835772156715393,0.09052198380231857,0.7034732699394226
1451312174147,1,-0.054322414100170135,0.264791339635849,0.7323550581932068
1451312174163,1,-0.06907130777835846,0.22411037981510162,0.20533494651317596
1451312174189,1,-0.1029110923409462,0.2504676282405853,-0.2605670094490051
1451312174210,1,-0.0194206852465868,0.09996376931667328,-0.04646364599466324
1451312174228,1,-0.049299709498882294,-0.01844809576869011,0.43867024779319763
1451312174244,1,-0.0661219134926796,0.05867898464202881,1.0047317743301392
1451312174268,1,0.3870833218097687,-0.06905775517225266,0.7313053011894226
1451312174289,1,0.23021858930587769,0.09514789283275604,0.12239128351211548
1451312174309,1,0.010680749081075191,0.11522212624549866,-0.3610246777534485
1451312174328,1,-0.24564841389656067,0.36320555210113525,-0.43593642115592957
1451312174348,1,-0.151161789894104,0.23838849365711212,-0.5736123919487
1451312174368,1,0.27531468868255615,0.03759527951478958,-0.06526245176792145
1451312174390,1,0.08658716827630997,0.026053309440612793,0.550143837928772
1451312174411,1,0.09976234287023544,0.163321852684021,1.118740439414978
1451312174427,1,0.30368804931640625,-0.278779536485672,1.2256786823272705
1451312174447,1,0.4685581624507904,-0.130313903093338,0.706852376461029
1451312174471,1,-0.17045722901821136,0.15503741800785065,-0.5166869759559631
1451312174493,1,0.018713505938649178,0.13130466639995575,-1.0993891954421997
1451312174509,2,0.16689923405647278,-0.09693068265914917,-1.4777344465255737
1451312174528,2,-0.09699805080890656,0.35206103324890137,-1.199808955192566
1451312174549,2,0.12354832887649536,0.31282326579093933,-1.278334140777588
1451312174571,2,-0.05063639581203461,-0.2819827198982239,-0.12298048287630081
1451312174590,2,0.1163557693362236,-0.07269056141376495,-0.008130115456879139
1451312174609,2,-0.4349345564842224,-0.24971535801887512,-0.7647153735160828
1451312174629,2,-0.35219472646713257,0.13446633517742157,-0.5681295394897461
1451312174649,2,-0.38822728395462036,0.3107225000858307,-0.9871172308921814
1451312174669,2,1.76139497756958,-2.4792227745056152,1.0761111974716187
1451312174690,2,-0.6146563291549683,1.150423288345337,2.2009453773498535
1451312174710,2,-0.860205888748169,0.8092974424362183,0.1669388711452484
1451312174757,2,-0.349016934633255,0.43550214171409607,-1.364706039428711
1451312174769,2,0.01958497241139412,0.2520984411239624,-0.4539262652397156
1451312174790,2,0.25704729557037354,-0.1392044723033905,0.44771865010261536
1451312174810,2,-0.16525939106941223,0.09307342022657394,-0.06281857192516327
1451312174830,2,-0.4871028959751129,0.3501970171928406,-0.07831541448831558
1451312174849,2,-0.5234081745147705,0.32329028844833374,0.07478373497724533
1451312174872,2,-0.22837530076503754,0.038692425936460495,0.3859516382217407
1451312174891,2,0.1290724128484726,-0.21444997191429138,0.2261684685945511
1451312174911,2,-0.0820792019367218,-0.06871990114450455,0.10419804602861404
1451312174930,2,-0.3261573016643524,0.28927111625671387,-0.22313129901885986
1451312174951,2,-0.3474285900592804,0.2635281980037689,-0.340846985578537
1451312174972,2,-0.17637450993061066,0.09456629306077957,-0.3760492503643036
1451312174992,2,-0.15469990670681,-0.049879007041454315,-0.7103431820869446
1451312175010,2,0.13188132643699646,-0.47291913628578186,-0.38832888007164
1451312175031,2,1.378687858581543,-1.133594036102295,-0.7989450097084045
1451312175051,2,1.6889755725860596,-1.4292784929275513,0.5979244112968445
1451312175072,2,-4.493934631347656,-9.377429008483887,12.085899353027344
1451312175088,2,-1.6881874799728394,2.6737420558929443,7.574197769165039
1451312175110,2,-0.8823120594024658,1.6198577880859375,-4.2992634773254395
1451312175131,2,-1.1502271890640259,1.9716999530792236,-3.063812494277954
1451312175154,2,-1.5748367309570313,2.218926191329956,-3.7245869636535645
1451312175174,2,-1.8128516674041748,1.4941887855529785,-1.2130827903747559
1451312175192,2,-0.6426597833633423,0.39100950956344604,-0.29633915424346924
1451312175211,2,-0.15565232932567596,0.6533154249191284,-0.8768839836120605
1451312175231,2,-0.18225963413715363,0.6560957431793213,-1.083074688911438
1451312175254,2,-0.6642997860908508,0.22852058708667755,-0.8524404168128967
1451312175272,2,-1.0472058057785034,0.2885369658470154,-0.2075461894273758
1451312175288,2,-1.0116413831710815,0.2071107178926468,0.12857845425605774
1451312175311,2,-0.650890588760376,0.11934475600719452,0.5014946460723877
1451312175333,2,-0.00566993560642004,-0.23085692524909973,0.7019646167755127
1451312175354,2,-0.1012088730931282,-0.08496259897947311,1.11467444896698
1451312175377,2,-0.3327542543411255,0.040998950600624084,1.3522323369979858
1451312175394,2,-0.5111596584320068,0.2422901690006256,0.7555898427963257
1451312175414,2,-0.7376207709312439,0.605352520942688,-0.3139461278915405
1451312175434,2,-0.9001047611236572,1.0040122270584106,-0.4408808946609497
1451312175456,2,-0.6856864094734192,0.9209925532341003,0.01524433121085167
1451312175476,2,-0.4066203832626343,0.6315191984176636,-0.05149170383810997
1451312175497,2,0.0037545303348451853,0.28865504264831543,0.049615971744060516
1451312175515,2,0.0486333929002285,0.26143911480903625,0.05342354625463486
1451312175534,2,-0.7211548686027527,0.5110001564025879,0.21715456247329712
1451312175556,2,-0.3833347260951996,0.5148059725761414,-0.18543080985546112
1451312175575,2,-0.3954530656337738,-0.06914835423231125,-0.3414759337902069
1451312175595,2,-0.4999224841594696,0.11448445916175842,-0.2878793776035309
1451312175615,2,-0.14063148200511932,0.2572375535964966,-0.2293400913476944
1451312175635,2,-0.0387556292116642,0.22373920679092407,-0.2896083891391754
1451312175657,2,-0.0446636825799942,-0.044447045773267746,0.046675242483615875
1451312175676,2,0.06977956742048264,0.19832652807235718,-0.29011574387550354
1451312175695,2,0.47153693437576294,-0.16929157078266144,-0.3174281120300293
1451312175716,2,-0.6454581618309021,0.06360650062561035,0.2949988543987274
1451312175736,2,-0.9862790703773499,0.6281769275665283,0.3236199617385864
1451312175757,2,-0.6687642931938171,0.3535498380661011,0.09045534580945969
1451312175777,2,-0.464581698179245,0.3457072973251343,-0.3199801445007324
1451312175796,2,-0.44577643275260925,0.3575643301010132,-0.14320378005504608
1451312175817,2,-0.3027908504009247,0.3811018466949463,0.43966683745384216
1451312175839,2,-0.04890678450465202,0.17195582389831543,1.299072504043579
1451312175860,2,-0.4523836374282837,0.6400526762008667,0.2586369216442108
1451312175872,2,-0.45873701572418213,0.46793490648269653,0.07478548586368561
1451312175897,2,0.01992633379995823,0.18124914169311523,-0.3158370554447174
1451312175916,2,-0.20438964664936066,-0.2088245451450348,-0.6195844411849976
1451312175937,2,-0.31081658601760864,0.04339373856782913,-0.24093233048915863
1451312175958,2,-0.5151664614677429,0.24213118851184845,0.4131792485713959
1451312175976,2,-0.13252663612365723,0.1562783569097519,0.19185470044612885
1451312175996,2,0.14098215103149414,-0.026420975103974342,-0.3439052104949951
1451312176017,2,0.049494463950395584,-0.05877133831381798,-0.8878057599067688
1451312176039,2,-0.016948943957686424,0.1357271522283554,-0.6767874956130981
1451312176060,2,0.06804068386554718,0.15760229527950287,-0.3453109860420227
1451312176077,2,-0.586649477481842,-0.1405944675207138,0.5746656656265259
1451312176099,2,-0.38702288269996643,0.16549217700958252,0.5068845152854919
1451312176118,2,-0.2657482922077179,0.3933744728565216,-0.013157587498426437
1451312176141,2,-0.08815518021583557,0.16694705188274384,0.19947686791419983
1451312176158,2,0.12373795360326767,0.05332651734352112,0.7775953412055969
1451312176178,2,-0.13618001341819763,0.07992226630449295,0.7461942434310913
1451312176199,2,-0.13445208966732025,0.11349135637283325,0.07540390640497208
1451312176218,2,-0.1609838306903839,0.1939724236726761,-0.31551966071128845
1451312176240,2,-0.1677863597869873,0.30570611357688904,-0.19132570922374725
1451312176258,2,-0.13518427312374115,0.1479974389076233,0.3044891357421875
1451312176278,2,-0.0787477046251297,-0.25936901569366455,0.4093342423439026
1451312176294,2,0.10376812517642975,-0.14705577492713928,-0.22598610818386078
1451312176319,2,-0.09580138325691223,-0.0772843137383461,-0.30731648206710815
1451312176340,2,-0.12668606638908386,-0.18077801167964935,-0.2197679579257965
1451312176359,2,0.39159053564071655,0.024801263585686684,0.08253741264343262
1451312176374,2,0.3602987825870514,-0.15572336316108704,0.41322073340415955
1451312176396,2,-0.08987418562173843,-0.011193593963980675,0.5270429253578186
1451312176419,2,-0.44541099667549133,0.19604746997356415,0.4211684763431549
1451312176441,2,-0.524782657623291,0.37326106429100037,0.13896013796329498
1451312176459,2,-0.5489009618759155,0.3422837555408478,-0.3480348587036133
1451312176478,2,-0.5130925178527832,0.3187207877635956,-0.43159109354019165
1451312176500,2,-0.45660310983657837,-0.6164356470108032,0.6429173946380615
1451312176520,2,-0.3161931335926056,-0.7755354642868042,1.1628496646881104
1451312176542,1,0.01715696044266224,-0.17656506597995758,1.4216969013214111
1451312176561,1,-0.6446530818939209,0.6129828691482544,1.3123294115066528
1451312176579,1,-1.777750015258789,1.0682631731033325,1.2386609315872192
1451312176597,1,-0.637296199798584,0.6256868243217468,0.7497130632400513
1451312176622,1,0.2377418577671051,0.5538085103034973,-0.3224053382873535
1451312176641,1,0.723261296749115,0.3523956835269928,-0.3589893877506256
1451312176660,1,0.2564747631549835,0.5206941366195679,-0.4044342041015625
1451312176680,1,0.40307557582855225,0.2291588932275772,-0.07579904794692993
1451312176700,1,0.2648925483226776,0.2154015749692917,0.08093056082725525
1451312176723,1,0.19476620852947235,-0.1211988627910614,-0.5325987935066223
1451312176742,1,0.053756725043058395,-0.17457623779773712,-0.32547932863235474
1451312176761,1,0.1804017275571823,-0.125438392162323,-0.07754150778055191
1451312176781,1,0.1929088830947876,0.001790390582755208,0.0049701896496117115
1451312176802,1,0.19561521708965302,0.004285714589059353,-0.08831892162561417
1451312176823,1,0.3207913041114807,-0.11782091110944748,0.155267134308815
1451312176844,1,0.07581022381782532,0.0702788233757019,0.11555179953575134
1451312176861,1,-0.38787829875946045,0.16933424770832062,0.0063420627266168594
1451312176883,1,-0.4179956614971161,0.24722588062286377,-0.24188335239887238
1451312176902,1,-0.44402194023132324,0.2894727885723114,-0.502808690071106
1451312176924,1,-1.4974430799484253,0.17895138263702393,0.43436288833618164
1451312176939,1,0.291753351688385,-1.77561354637146,0.460614949464798
1451312176961,1,1.9544358253479004,-1.5902315378189087,-1.341191291809082
1451312176983,1,28.431171417236328,-1.740526795387268,1.6800427436828613
1451312177003,1,-3.5871665477752686,-0.14304068684577942,5.517603874206543
1451312177024,1,-1.7804850339889526,2.8675971031188965,-3.377732276916504
1451312177042,1,-1.150388240814209,0.26361411809921265,-1.577568531036377
1451312177062,1,3.2031571865081787,0.6550900340080261,-1.2123744487762451
1451312177082,1,1.2721350193023682,-0.5024299025535583,-0.9325959086418152
1451312177104,1,-0.26893267035484314,-0.15833938121795654,-0.2907610535621643
1451312177124,1,-1.5460820198059082,0.8291805386543274,0.7225836515426636
1451312177143,1,-1.5864946842193604,0.8383967280387878,0.4827157258987427
1451312177163,1,-0.9130775928497314,0.3069722056388855,0.01812836155295372
1451312177184,1,-0.3015013039112091,-0.08815233409404755,-0.03234393522143364
1451312177207,1,-0.08913681656122208,-0.12364976108074188,0.6593635082244873
1451312177226,1,0.30652904510498047,-0.17366087436676025,1.000074863433838
1451312177244,1,0.7635915279388428,-0.09763211011886597,0.7188923954963684
1451312177264,1,0.6131557822227478,-0.3451783061027527,-0.030775077641010284
1451312177285,1,0.31323906779289246,-0.2870177924633026,0.06778232753276825
1451312177307,1,0.34746479988098145,-0.27106383442878723,0.047169748693704605
1451312177325,1,0.4647880792617798,-0.25626900792121887,0.16983692348003387
1451312177345,1,0.6525980830192566,-0.22574293613433838,0.25485914945602417
1451312177366,1,0.4539872109889984,-0.02784487046301365,-0.016147417947649956
1451312177385,1,0.34656822681427,0.05340426042675972,-0.05919628590345383
1451312177409,1,0.10530147701501846,0.15028350055217743,-0.06243745982646942
1451312177425,1,-0.05308511108160019,0.15453530848026276,0.11154840886592865
1451312177445,1,0.004480506293475628,0.08277998864650726,0.3732353448867798
1451312177466,1,0.3870142102241516,0.17219489812850952,-0.35865679383277893
1451312177486,1,0.04420015960931778,0.48021337389945984,-0.789212703704834
1451312177507,1,-0.0923801064491272,0.7125035524368286,-0.4769745469093323
1451312177527,1,-0.4605681002140045,0.9720067381858826,-0.25333645939826965
1451312177546,1,-0.29988935589790344,0.8007926344871521,-0.17519232630729675
1451312177565,1,-0.08819708228111267,0.9279565811157227,0.4337058961391449
1451312177589,1,-2.360738754272461,2.2352936267852783,1.5236872434616089
1451312177608,1,-1.6861165761947632,1.2548925876617432,1.0810171365737915
1451312177626,1,0.977017343044281,-2.100454092025757,-0.43250003457069397
1451312177645,1,2.457890510559082,-3.5229222774505615,-0.6614812016487122
1451312177667,1,2.881350517272949,-3.177313804626465,0.3511240482330322
1451312177690,1,-0.23500753939151764,0.4576479196548462,1.3762048482894897
1451312177710,1,-0.6324285268783569,1.2358026504516602,0.6246405839920044
1451312177727,1,-0.6940824389457703,0.9389017224311829,0.16317221522331238
1451312177747,1,0.3132341802120209,-0.11915712803602219,0.5197293758392334
1451312177767,1,1.5323994159698486,-1.6410160064697266,0.3092179298400879
1451312177789,1,0.647018551826477,0.024663317948579788,-0.1292933225631714
1451312177809,1,-0.008450323715806007,0.3618447780609131,0.5721142292022705
1451312177827,1,-0.10722710192203522,0.016483517363667488,0.4570581316947937
1451312177847,1,0.23647162318229675,0.07623977214097977,0.28813889622688293
1451312177868,1,0.5883693695068359,-0.11792846024036407,0.08990940451622009
1451312177890,1,0.7639042735099792,-0.46238458156585693,0.06870704144239426
1451312177908,1,0.152822807431221,-0.1887882947921753,0.07239069789648056
1451312177927,1,-0.30675551295280457,0.01049099862575531,0.47905486822128296
1451312177948,1,-0.05654609948396683,0.09760639071464539,0.36793431639671326
1451312177968,1,0.2777559161186218,0.06979600340127945,0.06754501163959503
1451312177992,1,0.5906372666358948,-0.16674481332302094,-0.1431581825017929
1451312178008,1,0.24815957248210907,-0.23108722269535065,0.22275778651237488
1451312178029,1,0.1651746928691864,-0.032065700739622116,0.23933307826519012
1451312178048,1,-0.10721373558044434,0.47361236810684204,0.009659224189817905
1451312178069,1,-0.14222988486289978,0.1743617206811905,-0.2671230137348175
1451312178131,1,0.19808219373226166,-0.105493925511837,-0.08899170905351639
1451312178158,1,0.16242296993732452,0.05004734918475151,-0.10703998804092407
1451312178169,1,-0.036301109939813614,0.24327099323272705,-0.020367665216326714
1451312178226,1,0.16069118678569794,0.06210428103804588,0.6129980683326721
1451312178242,1,0.4532529413700104,0.05016600713133812,-0.17378771305084229
1451312178253,1,0.3530789315700531,0.002451484790071845,-0.024139000102877617
1451312178273,1,0.11366594582796097,0.08653203397989273,0.18941490352153778
1451312178291,1,-0.4888993501663208,0.17972470819950104,0.051906127482652664
1451312178311,1,-0.5127084255218506,0.44880643486976624,-0.32823535799980164
1451312178328,1,0.4031716287136078,-0.023202011361718178,0.3055424690246582
1451312178349,1,0.9210023880004883,-0.6746595501899719,0.47548753023147583
1451312178373,1,0.27314046025276184,0.0376303493976593,0.3180827796459198
1451312178392,1,-0.29089784622192383,0.4663695693016052,0.021951135247945786
1451312178409,1,-0.060188110917806625,0.34248659014701843,-0.27247896790504456
1451312178430,1,-0.06680820137262344,0.2939326763153076,-0.4817255437374115
1451312178450,1,-0.1070813238620758,0.26785480976104736,-0.4740601181983948
1451312178467,1,-0.10950101166963577,0.25234103202819824,-0.3215361535549164
1451312178491,1,-0.19421643018722534,0.20706279575824738,-0.044679686427116394
1451312178511,1,1.188374638557434,-1.9576945304870605,0.4502706527709961
1451312178531,1,0.9980876445770264,-0.46958765387535095,0.21432197093963623
1451312178547,1,-0.6085729598999023,0.7839391231536865,0.7346101999282837
1451312178573,2,-0.4373566508293152,0.498272180557251,0.1959305703639984
1451312178598,2,-0.24664869904518127,0.15556524693965912,0.4636071026325226
1451312178610,2,0.19713078439235687,-0.08809271454811096,0.0730477049946785
1451312178632,2,0.4757879376411438,-0.26261311769485474,-0.692463219165802
1451312178650,2,-0.12661467492580414,0.2968143820762634,0.3888847529888153
1451312178673,2,-0.13867489993572235,0.32556524872779846,0.781789243221283
1451312178693,2,-0.16299334168434143,0.23917992413043976,0.5534311532974243
1451312178711,2,-0.24922960996627808,0.23125381767749786,-0.19128187000751495
1451312178730,2,-0.26541611552238464,0.13897299766540527,-0.16316227614879608
1451312178752,2,-0.15246990323066711,0.32846564054489136,-0.17357495427131653
1451312178773,2,-0.25678667426109314,0.42515259981155396,-0.18413667380809784
1451312178793,2,-0.1286439150571823,0.3073994815349579,0.0606008917093277
1451312178811,2,0.4504683017730713,-0.2945972979068756,-0.14232231676578522
1451312178832,2,1.6222100257873535,-2.1217660903930664,0.4170715808868408
1451312178852,2,2.6585967540740967,-3.100874662399292,11.812094688415527
1451312178874,2,-4.034582614898682,1.2545310258865356,6.046435356140137
1451312178889,2,2.7163808345794678,9.512282371520996,1.0695230960845947
1451312178911,2,0.5362595319747925,1.139331340789795,-2.3391759395599365
1451312178932,2,-0.40972384810447693,1.414742350578308,-2.309030532836914
1451312178954,2,-1.6718080043792725,0.936057448387146,-2.6663732528686523
1451312178975,2,-1.7066370248794556,0.5651707053184509,-1.277721643447876
1451312178994,2,-1.1802226305007935,0.538834810256958,0.04688040912151337
1451312179008,2,-1.1345449686050415,0.341205894947052,0.07500409334897995
1451312179033,2,-1.2640109062194824,0.1587429940700531,0.12300854176282883
1451312179056,2,-1.5120959281921387,-0.09349924325942993,-0.009639350697398186
1451312179074,2,-0.6528095602989197,-0.8335735201835632,0.882878839969635
1451312179093,2,-0.7595157623291016,0.2861158847808838,1.3092116117477417
1451312179113,2,-0.5706740617752075,0.20212474465370178,0.7959762215614319
1451312179134,2,-0.2417898178100586,0.2031070441007614,0.10424480587244034
1451312179154,2,-0.5616030693054199,0.38332390785217285,0.26092004776000977
1451312179173,2,-1.193097472190857,0.5164213180541992,0.33286359906196594
1451312179194,2,-1.0163092613220215,0.31390461325645447,-0.1221294179558754
1451312179215,2,-0.8439889550209045,0.10821633785963058,-0.07198971509933472
1451312179234,2,-0.6500374674797058,0.030236734077334404,-0.12017595022916794
1451312179257,2,-0.5522277355194092,0.1517646759748459,0.06724632531404495
1451312179276,2,-0.4367089569568634,0.12325228750705719,-0.018046529963612556
1451312179295,2,-0.43375009298324585,0.08514321595430374,-0.38015374541282654
1451312179314,2,-0.3703601360321045,0.1992465704679489,-0.22997020184993744
1451312179336,2,-0.4136652648448944,0.2850181460380554,0.3414040505886078
1451312179357,2,-0.3857962489128113,0.16707155108451843,0.4744161069393158
1451312179377,2,-0.2832176983356476,0.08665069192647934,0.3940747380256653
1451312179396,2,-0.4041849970817566,0.15815234184265137,0.5842834115028381
1451312179416,2,-0.4282708764076233,0.253560334444046,0.7607868313789368
1451312179439,2,-0.3868753910064697,0.28609365224838257,0.6058136820793152
1451312179459,2,-0.16330744326114655,0.2640261948108673,0.34473347663879395
1451312179477,2,0.03184175863862038,0.16502222418785095,0.05475158244371414
1451312179496,2,-0.13730375468730927,0.3128261864185333,-0.022411739453673363
1451312179516,2,-0.11527878791093826,0.29300037026405334,-0.03676759824156761
1451312179537,2,-0.04340703412890434,0.13208383321762085,0.001367781194858253
1451312179558,2,-0.20802739262580872,-0.015886720269918442,-0.15739303827285767
1451312179579,2,-0.4797341525554657,0.2556394934654236,-0.41867899894714355
1451312179596,2,-0.5939708352088928,0.3103431463241577,-0.6112053394317627
1451312179617,2,-0.29524022340774536,-0.001145078451372683,-0.12815234065055847
1451312179639,2,-0.049708638340234756,-0.12049217522144318,-0.052360888570547104
1451312179658,2,-0.24136315286159515,-0.24995793402194977,0.12165888398885727
1451312179677,2,-0.3788207471370697,0.026131050661206245,0.28224867582321167
1451312179696,2,-0.9331279993057251,-0.07536474615335464,0.4194967448711395
1451312179717,2,-0.5754113793373108,0.28883039951324463,-0.31299978494644165
1451312179740,2,-0.6303732395172119,0.07831365615129471,-0.02055295929312706
1451312179758,2,-0.5397701263427734,0.12059563398361206,0.0699310302734375
1451312179776,2,-0.4619159400463104,0.24889059364795685,-0.1248316690325737
1451312179797,2,-0.5171735286712646,0.33077919483184814,-0.1642155796289444
1451312179818,2,-0.5354902148246765,0.35849136114120483,-0.017490649595856667
1451312179840,2,-0.37000367045402527,0.17831599712371826,-0.2237544059753418
1451312179859,2,-0.2592422664165497,0.12435586750507355,-0.12414544075727463
1451312179879,2,-0.33088433742523193,0.0938730463385582,0.23168285191059113
1451312179912,2,-0.1738990992307663,0.030270636081695557,0.5620242357254028
1451312179919,2,-0.10936979949474335,0.10739947110414505,0.3332306742668152
1451312179935,2,0.04722275584936142,0.1254185289144516,-0.11356500536203384
1451312179954,2,0.025207990780472755,0.08784136921167374,-0.0604424886405468
1451312179980,2,0.11470337957143784,0.0630301684141159,-0.07311609387397766
1451312179999,2,0.24471454322338104,0.033019643276929855,-0.01171440351754427
1451312180020,2,0.13380233943462372,-0.07626374065876007,0.09378945827484131
1451312180042,2,-0.2521091401576996,0.13816168904304504,0.17375731468200684
1451312180063,2,-0.3070560693740845,0.009189268574118614,0.4735971689224243
1451312180079,2,-0.16355670988559723,0.09564590454101563,0.353005051612854
1451312180100,2,0.2069641649723053,-0.1059761568903923,0.3291904628276825
1451312180124,2,0.5315383672714233,-0.2791205942630768,0.4012497365474701
1451312180141,2,0.09261810034513474,-0.0320884995162487,0.6354875564575195
1451312180162,2,-0.25958573818206787,0.291311115026474,0.27428221702575684
1451312180179,2,-0.3645859658718109,0.3706307113170624,0.031243864446878433
1451312180200,2,-0.35447752475738525,0.31125789880752563,-0.17617782950401306
1451312180224,2,-0.17444580793380737,0.22106793522834778,-0.037182606756687164
1451312180241,2,-0.05931089073419571,0.03230944648385048,0.27195993065834045
1451312180260,2,0.14613597095012665,0.10118599981069565,0.16460604965686798
1451312180280,2,0.0032653266098350286,0.15853403508663177,0.10366612672805786
1451312180302,2,0.026417512446641922,0.08831483125686646,-0.12706395983695984
1451312180322,2,0.15892213582992554,-0.047300681471824646,-0.25712475180625916
1451312180346,2,0.055384792387485504,-0.07506079226732254,-0.18790684640407562
1451312180361,2,-0.15883587300777435,-0.04019523411989212,-0.16679157316684723
1451312180382,2,-0.1810169667005539,-0.22221067547798157,0.0787988156080246
1451312180402,2,-0.0686761885881424,-0.25724515318870544,0.21461890637874603
1451312180424,2,-0.19931688904762268,0.02180909737944603,0.14335457980632782
1451312180444,2,-0.21069642901420593,0.08579203486442566,0.10741467028856277
1451312180460,2,0.0867825299501419,0.0728185698390007,0.11536241322755814
1451312180481,2,-0.10496439039707184,0.21074587106704712,0.10934241861104965
1451312180501,2,-0.2768649458885193,0.48576927185058594,0.21183307468891144
1451312180525,2,-0.27519235014915466,0.3038105070590973,0.10491291433572769
1451312180543,2,-0.529615581035614,0.5335989594459534,-0.07526712864637375
1451312180562,2,-0.18893438577651978,0.9698720574378967,-0.5311766862869263
