1451546773756,1,-0.017587432637810707,-0.0039162966422736645,0.21779461205005646
1451546773774,1,-0.017587432637810707,-0.0039162966422736645,0.21779461205005646
1451546773795,1,-0.017587432637810707,-0.0039162966422736645,0.21779461205005646
1451546773815,1,-0.017587432637810707,-0.0039162966422736645,0.21779461205005646
1451546773834,1,-0.017587432637810707,-0.0039162966422736645,0.21779461205005646
1451546773855,1,0.3268730938434601,-0.5081523656845093,0.8505138754844666
1451546773876,1,-0.09748481214046478,0.24266426265239716,0.38605567812919617
1451546773896,1,0.03365476056933403,0.10457038134336472,0.2548123896121979
1451546773922,1,0.2169334590435028,0.08524550497531891,0.011039280332624912
1451546773940,1,-0.0037420361768454313,0.2247597724199295,-0.10496727377176285
1451546773961,1,-0.0292647834867239,0.22218261659145355,-0.05007306858897209
1451546773980,1,-0.0027795478235930204,-0.01430968102067709,0.2132277488708496
1451546774001,1,0.13703005015850067,-0.07672200351953506,0.1661515235900879
1451546774022,1,0.07634875178337097,-0.03136836737394333,0.11641571670770645
1451546774040,1,-0.05562927946448326,0.18452538549900055,0.00772504135966301
1451546774061,1,-0.14866137504577637,0.25213879346847534,0.09117898344993591
1451546774080,1,-0.15450097620487213,0.310828298330307,0.10306582599878311
1451546774102,1,-0.2770032286643982,0.26851415634155273,0.20687632262706757
1451546774121,1,-0.11570636928081512,0.012210077606141567,0.0988350510597229
1451546774141,1,0.1728999763727188,0.040929391980171204,0.049630001187324524
1451546774163,1,0.3015134930610657,-0.02802431769669056,0.24376024305820465
1451546774183,1,0.17221999168395996,-0.18140754103660583,0.6136801838874817
1451546774203,1,-0.0763174444437027,-0.2521761953830719,0.5890104174613953
1451546774224,1,-0.15337930619716644,-0.10712006688117981,-0.053332362323999405
1451546774242,1,-0.17448928952217102,0.21831192076206207,-0.4582306742668152
1451546774262,1,-0.17370609939098358,0.36056408286094666,-0.3334639072418213
1451546774285,1,-0.13905823230743408,0.10408931970596313,0.2521820366382599
1451546774303,1,-0.6009703278541565,-5.704934010282159E-4,0.16001754999160767
1451546774321,1,-0.6937636137008667,0.20366905629634857,-0.1455623209476471
1451546774342,1,-0.24549221992492676,0.3755681812763214,-0.21018706262111664
1451546774372,1,-0.005772263277322054,0.320002943277359,0.4081020951271057
1451546774383,1,-0.35914385318756104,-0.051156770437955856,0.1851367950439453
1451546774406,1,0.006147891748696566,0.008500117808580399,0.268863707780838
1451546774422,1,-0.14826802909374237,-0.03133329749107361,0.6606114506721497
1451546774439,1,-0.37537360191345215,-0.09690262377262115,0.3969348073005676
1451546774463,1,0.021225085482001305,0.12081132084131241,0.004724690690636635
1451546774485,1,-0.07064122706651688,0.11752630770206451,0.13552959263324738
1451546774504,1,0.02640015073120594,-0.06788695603609085,0.309012770652771
1451546774523,1,0.2636857330799103,-0.1213940903544426,0.2987748682498932
1451546774543,1,0.06412168592214584,-0.10786591470241547,0.4092857539653778
1451546774563,1,-0.10023118555545807,-0.03247895836830139,0.09355682134628296
1451546774584,1,0.06823386996984482,-0.027942484244704247,-0.17121171951293945
1451546774603,1,0.15548384189605713,0.18926818668842316,-0.07367197424173355
1451546774619,1,-0.8417693376541138,0.28420332074165344,1.0630419254302979
1451546774644,1,-1.1708800792694092,-0.4992208778858185,1.316782832145691
1451546774664,1,0.0362958125770092,-0.8528916835784912,0.9406079649925232
1451546774686,1,-0.7978003025054932,-4.5433807373046875,5.172928810119629
1451546774702,1,-2.9177744388580322,2.196155071258545,-3.740063428878784
1451546774720,1,-3.788827657699585,2.637049436569214,-1.7454513311386108
1451546774744,1,-1.8596298694610596,1.4135708808898926,-0.9545838832855225
1451546774764,1,1.7904123067855835,-1.3808295726776123,0.5182979106903076
1451546774786,1,2.7866885662078857,-1.7306705713272095,-1.9267431497573853
1451546774804,1,2.3459103107452393,-0.7285627126693726,-2.718885898590088
1451546774824,1,-2.5535149574279785,1.3209084272384644,-0.46912968158721924
1451546774844,1,-3.1942806243896484,1.5540298223495483,0.07355740666389465
1451546774868,1,-1.8552641868591309,0.8393985629081726,-0.1802355796098709
1451546774885,1,-0.34157735109329224,0.03364274278283119,-0.3974439203739166
1451546774907,1,0.29964280128479004,-0.42652854323387146,0.11069441586732864
1451546774924,1,0.3466533422470093,-0.37615737318992615,1.1878572702407837
1451546774946,1,0.13196860253810883,-0.19935762882232666,1.3496265411376953
1451546774969,1,-0.09341171383857727,-0.14322423934936523,1.0818278789520264
1451546774986,1,-0.05526099354028702,-0.1559627205133438,0.4970715641975403
1451546775006,1,0.28246837854385376,-0.1317564994096756,0.016866963356733322
1451546775025,1,0.33953794836997986,-0.11978431791067123,0.3789999186992645
1451546775046,1,0.10157061368227005,-0.2077624648809433,0.5060784816741943
1451546775068,1,-0.043287426233291626,-0.1541612148284912,0.4434259235858917
1451546775089,1,-0.09459084272384644,-0.02171674184501171,0.2849141061306
1451546775106,1,-0.15926091372966766,0.05597440153360367,0.051677580922842026
1451546775126,1,0.04979351907968521,0.060169514268636703,-0.2550000250339508
1451546775146,1,0.10433021932840347,0.021744798868894577,-0.4253852367401123
1451546775170,1,-0.06047481670975685,0.0025175358168780804,-0.11808628588914871
1451546775187,1,-0.4000510275363922,-0.07381342351436615,0.17813421785831451
1451546775207,1,-0.43749141693115234,-0.01737082190811634,0.28561317920684814
1451546775227,1,0.04705832526087761,-0.016266075894236565,-0.0753951445221901
1451546775249,1,0.19728417694568634,-0.0582025982439518,0.32009121775627136
1451546775268,1,-0.03154558688402176,-0.07648936659097672,0.5182225108146667
1451546775289,1,-0.24579593539237976,-0.05305354669690132,0.3984598219394684
1451546775303,1,-0.14207717776298523,0.0011520927073433995,0.05708207190036774
1451546775328,1,-0.027003377676010132,0.07122048735618591,0.0018903438467532396
1451546775349,1,-0.004825849551707506,0.09004267305135727,0.36382222175598145
1451546775369,1,-0.10101539641618729,-0.06370002776384354,0.29867082834243774
1451546775390,1,-0.1348651647567749,-0.07698562741279602,0.08912906795740128
1451546775408,1,-0.37640759348869324,0.05140110105276108,0.17076514661312103
1451546775429,1,-0.4305680990219116,0.3761959671974182,0.238528773188591
1451546775452,1,-0.16838228702545166,0.2612643241882324,0.2191571295261383
1451546775469,1,0.15381942689418793,-0.07718494534492493,0.2485024780035019
1451546775489,1,-0.03737590089440346,-0.013010872527956963,0.3569049835205078
1451546775509,1,-0.05625544860959053,-0.01639525406062603,0.304063618183136
1451546775531,1,0.011257927864789963,0.008147650398314,0.20702655613422394
1451546775551,1,-0.012512859888374805,0.004447042476385832,0.18627017736434937
1451546775572,1,-0.15025168657302856,0.0505056157708168,0.42455577850341797
1451546775592,1,-0.10019724816083908,0.022538580000400543,0.23184184730052948
1451546775605,1,0.029474442824721336,0.002342179184779525,-0.06456395238637924
1451546775629,1,-0.05919325351715088,-0.05693593993782997,-0.10223288089036942
1451546775651,1,-0.05724281445145607,-0.017591185867786407,-0.07661036401987076
1451546775670,1,-0.18593262135982513,-0.08988310396671295,-0.03207330033183098
1451546775689,1,-0.06294471770524979,-0.07553952187299728,-0.01897358149290085
1451546775710,1,-0.1039809137582779,0.02512158267199993,0.16812077164649963
1451546775731,1,-0.17591756582260132,-0.019630583003163338,0.43378889560699463
1451546775751,1,0.33062589168548584,-0.15836042165756226,0.4763169586658478
1451546775771,1,-0.18585935235023499,-0.05166296660900116,0.36925825476646423
1451546775794,2,0.03884820267558098,0.0734223797917366,0.3597773313522339
1451546775811,2,0.08917736262083054,0.023904606699943542,0.6285709142684937
1451546775836,2,0.08888857066631317,-0.023072248324751854,0.6803723573684692
1451546775854,2,0.04531798139214516,-0.039357028901576996,0.3685574233531952
1451546775873,2,-0.07575718313455582,-0.0034673837944865227,0.01228957250714302
1451546775886,2,-0.22130605578422546,0.049341831356287,-0.08977671712636948
1451546775910,2,-0.01677621714770794,-0.07804828882217407,0.05843231454491615
1451546775934,2,0.02778119407594204,-0.1620604544878006,0.22309798002243042
1451546775952,2,0.08578743040561676,-0.17488837242126465,0.1541413515806198
1451546775971,2,0.1417931467294693,-0.19898353517055511,0.09235095232725143
1451546775991,2,-0.4730626344680786,0.13138006627559662,-0.21264789998531342
1451546776012,2,-0.45722195506095886,0.43790626525878906,-0.3772352337837219
1451546776035,2,-0.22394177317619324,0.47315236926078796,-0.06433598697185516
1451546776053,2,0.306240439414978,0.08907470852136612,0.35189563035964966
1451546776071,2,0.47429072856903076,-0.42100656032562256,0.8207575678825378
1451546776092,2,0.0536336824297905,-0.33592942357063293,0.6698310971260071
1451546776113,2,-0.4186156094074249,0.2362070530653,0.11066051572561264
1451546776135,2,-0.5173302888870239,0.39950376749038696,-0.41727733612060547
1451546776153,2,-0.13031645119190216,0.5288403630256653,-0.012380758300423622
1451546776177,2,0.2867979109287262,0.4210200309753418,0.0912526398897171
1451546776193,2,-0.6669303774833679,-0.7022755742073059,0.5326333045959473
1451546776213,2,-0.6701140403747559,0.06552081555128098,0.5712579488754272
1451546776235,2,-0.7394566535949707,0.2067839801311493,0.3816501200199127
1451546776253,2,-0.057673752307891846,0.11914543807506561,0.8739677667617798
1451546776272,2,0.35554203391075134,-0.0035422027576714754,0.847637414932251
1451546776293,2,0.1654096096754074,0.15842647850513458,-0.0043470892123878
1451546776313,2,0.7286084294319153,-0.009050737135112286,0.7525094151496887
1451546776334,2,0.2107335925102234,-0.7262941598892212,0.7417816519737244
1451546776354,2,-0.24122735857963562,-0.9561720490455627,0.2137555629014969
1451546776375,2,-0.44295960664749146,-0.6260919570922852,0.04315408319234848
1451546776394,2,-0.19675561785697937,-0.28204408288002014,-0.15218494832515717
1451546776415,2,0.03292977064847946,0.19280922412872314,-0.962995171546936
1451546776435,2,-0.037212565541267395,-0.16241993010044098,0.3735656142234802
1451546776452,2,-0.3172041177749634,-0.43403205275535583,0.6459457874298096
1451546776469,2,0.19016338884830475,-0.6699901223182678,0.3439391255378723
1451546776491,2,0.14167320728302002,-0.4326367974281311,-0.2306692898273468
1451546776515,2,-0.17119286954402924,0.230838805437088,-0.7686141729354858
1451546776536,2,0.3632730543613434,-0.34953123331069946,-1.8871114253997803
1451546776551,2,1.7113617658615112,-2.223155975341797,-1.9706921577453613
1451546776574,2,2.3292641639709473,-3.0293171405792236,0.30543607473373413
1451546776595,2,0.5997878313064575,-8.399215698242188,6.614115238189697
1451546776619,2,4.18670129776001,3.3973424434661865,13.61837100982666
1451546776638,2,0.7634528279304504,2.692363977432251,-6.906019687652588
1451546776655,2,0.3135659098625183,2.645350933074951,-8.464658737182617
1451546776674,2,-1.2600088119506836,1.4491040706634521,-6.645241737365723
1451546776695,2,-2.3071768283843994,0.45564767718315125,-4.02371072769165
1451546776718,2,-2.5545573234558105,-0.09684183448553085,-1.2106891870498657
1451546776731,2,-2.279228925704956,-0.2339303344488144,0.626727283000946
1451546776756,2,-2.162233352661133,0.8019132018089294,2.041461944580078
1451546776775,2,-1.50908625125885,0.07212532311677933,0.3629430830478668
1451546776797,2,-0.560697078704834,0.009954407811164856,-1.3311399221420288
1451546776819,2,-1.2112427949905396,-0.021214637905359268,-2.1617116928100586
1451546776837,2,-1.3118436336517334,0.39356619119644165,-1.1295902729034424
1451546776851,2,0.5780040621757507,0.480502724647522,2.0516934394836426
1451546776873,2,0.510776937007904,-0.06633563339710236,2.755239725112915
1451546776898,2,-0.014802067540585995,-0.26054713129997253,2.0718934535980225
1451546776918,2,-0.5542348623275757,-0.29277005791664124,0.9185802340507507
1451546776939,2,-0.6142789125442505,0.08004150539636612,-0.07026888430118561
1451546776951,2,0.004159749951213598,0.24909751117229462,-0.3841460347175598
1451546776977,2,-0.09941855072975159,0.09801146388053894,0.23177579045295715
1451546776997,2,-0.767238199710846,-0.04454699903726578,0.17855975031852722
1451546777019,2,-0.31012073159217834,-0.5012193322181702,0.037409402430057526
1451546777037,2,-0.20866620540618896,0.25291210412979126,0.4755541682243347
1451546777057,2,-0.024427389726042747,0.42257893085479736,-0.4871312081813812
1451546777077,2,-0.32678401470184326,0.8667588829994202,-0.5362994074821472
1451546777100,2,-0.08861158043146133,0.4887789785861969,-0.5356552600860596
1451546777119,2,0.2660294473171234,0.4199661314487457,1.0142793655395508
1451546777138,2,0.921197772026062,0.6739473342895508,1.6302415132522583
1451546777158,2,0.4254394769668579,-0.4812549948692322,0.6800947189331055
1451546777179,2,-0.9206560850143433,0.16318097710609436,0.07174830883741379
1451546777200,2,-1.1023919582366943,-0.09393851459026337,-0.4881511926651001
1451546777221,2,-0.47683149576187134,-0.007477204315364361,-1.0803309679031372
1451546777238,2,0.21058957278728485,0.41697046160697937,-0.8009119033813477
1451546777258,2,0.2986545264720917,0.09819266200065613,-0.3453139066696167
1451546777279,2,-0.40572863817214966,-0.22827742993831635,-0.004484451841562986
1451546777299,2,-0.20797084271907806,-0.3869418203830719,0.06776712834835052
1451546777320,2,0.13006481528282166,-0.5765320658683777,0.02570435032248497
1451546777339,2,0.3421485126018524,-0.3030184805393219,0.2303992360830307
1451546777359,2,0.07246486097574234,0.4012678563594818,0.790917158126831
1451546777380,2,-0.4197483956813812,0.4390408396720886,0.9990355968475342
1451546777402,2,-0.19582980871200562,0.4677659869194031,0.7776678204536438
1451546777424,2,-0.2041943222284317,0.2744733691215515,0.742425799369812
1451546777440,2,0.4174039363861084,-0.5263414978981018,0.09841887652873993
1451546777461,2,0.6881381869316101,-0.694349467754364,-0.4472557008266449
1451546777481,2,-0.2878502905368805,-0.35536885261535645,-0.03494038060307503
1451546777503,2,-0.5259862542152405,0.17437048256397247,-1.3882626295089722
1451546777521,2,-0.5145078897476196,0.027838440611958504,-0.6203635931015015
1451546777541,2,-0.3224484324455261,-0.14461831748485565,0.25639528036117554
1451546777561,2,-0.15952201187610626,-0.40133097767829895,0.05645546317100525
1451546777584,2,-0.3698362112045288,-0.305132120847702,-0.2333645224571228
1451546777601,2,0.20355983078479767,0.2460194230079651,0.8485159277915955
1451546777624,2,-0.38474196195602417,0.13028758764266968,0.14289280772209167
1451546777640,2,-0.8750404119491577,0.3931254744529724,-0.5914905667304993
1451546777661,2,-0.9923508763313293,0.27615034580230713,-0.84996497631073
1451546777684,2,-0.5588295459747314,-0.16510872542858124,-0.7042571306228638
1451546777704,2,0.987288773059845,0.633037805557251,1.1894739866256714
1451546777723,2,0.2128988355398178,0.2193482667207718,0.42344343662261963
1451546777741,2,-0.08810337632894516,0.21488603949546814,-0.020357728004455566
1451546777761,2,-0.5713984966278076,0.2943488657474518,0.22690029442310333
1451546777781,2,-1.016202449798584,0.6665571928024292,-0.5274059176445007
1451546777868,1,-1.1080570220947266,0.180582195520401,0.35013270378112793
1451546777883,1,-0.4075724482536316,0.32037001848220825,-0.25044015049934387
1451546777903,1,-1.0363940000534058,0.3351198434829712,-0.16489362716674805
1451546777917,1,0.5644139647483826,-0.061613284051418304,0.7281652092933655
1451546777943,1,1.225738525390625,-0.8126970529556274,0.8891086578369141
1451546777964,1,-0.08700535446405411,-0.30052199959754944,1.9965964555740356
1451546777983,1,-0.1006961390376091,-0.2878694236278534,0.6130845546722412
1451546778004,1,-0.5374094247817993,0.27427637577056885,-0.10245382785797119
1451546778023,1,1.7650419473648071,-0.6562409996986389,0.30914896726608276
1451546778043,1,0.4161369502544403,-0.242094948887825,0.9537468552589417
1451546778063,1,0.08114241808652878,-0.018033085390925407,0.5218319296836853
1451546778085,1,-0.05368943139910698,0.1271650791168213,-0.31270578503608704
1451546778104,1,-0.15623894333839417,0.001069090561941266,-0.32161855697631836
1451546778123,1,0.28022849559783936,-0.6367670297622681,-0.07506722211837769
1451546778143,1,-0.9151239991188049,-0.24489890038967133,-0.316507488489151
1451546778164,1,-1.630182147026062,-0.356512188911438,-0.7706360220909119
1451546778179,1,-0.38573455810546875,0.55655837059021,0.235355406999588
1451546778198,1,-0.26885902881622314,-0.10061550885438919,0.8448603749275208
1451546778224,1,-0.5561586022377014,-0.06119827553629875,1.0279262065887451
1451546778245,1,-1.9987587928771973,-1.045344352722168,0.06623510271310806
1451546778265,1,-1.1010937690734863,-0.5990776419639587,-0.18867841362953186
1451546778285,1,-1.6003708839416504,-0.24530397355556488,-0.4549059271812439
1451546778299,1,0.2692396342754364,-0.08607085049152374,-0.4196212589740753
1451546778324,1,0.6387139558792114,0.24634557962417603,-0.18132804334163666
1451546778345,1,-0.45982682704925537,0.19129472970962524,-0.571532666683197
1451546778359,1,-0.13112415373325348,0.2866781949996948,-0.20272096991539001
1451546778385,1,-0.11745156347751617,0.5656225681304932,0.13617724180221558
1451546778405,1,-0.021465178579092026,0.7150029540061951,0.2755494713783264
1451546778419,1,0.4609675705432892,0.7223533391952515,0.2546592354774475
1451546778441,1,0.44209304451942444,0.6650941371917725,0.5797474980354309
1451546778461,1,0.3501434624195099,0.029793664813041687,0.5854284763336182
1451546778486,1,-0.5457395911216736,-0.2946101427078247,0.22213351726531982
1451546778505,1,-1.4905709028244019,-0.6088894605636597,0.36984512209892273
1451546778525,1,-1.2855404615402222,-0.47970661520957947,0.048391398042440414
1451546778549,1,-1.9003324508666992,-0.03464227542281151,0.9851444363594055
1451546778567,1,0.057340942323207855,0.10282500088214874,1.2236053943634033
1451546778586,1,25.32431983947754,-2.9965455532073975,-4.376527786254883
1451546778608,1,0.5945600271224976,-0.627814531326294,6.528469085693359
1451546778628,1,-1.584865927696228,1.627494215965271,-1.7499620914459229
1451546778649,1,-7.7975172996521,3.3650054931640625,-2.6073238849639893
1451546778669,1,0.001364712486974895,-1.2760586738586426,-1.5579233169555664
1451546778688,1,3.7127528190612793,-2.5866072177886963,-1.2776415348052979
1451546778707,1,4.321341037750244,-1.6866449117660522,-1.6085522174835205
1451546778727,1,1.0660184621810913,0.036180153489112854,-0.040499184280633926
1451546778747,1,-2.4066290855407715,1.3309108018875122,0.9403554797172546
1451546778771,1,-3.729914903640747,1.8275574445724487,0.6815952062606812
1451546778789,1,-0.7258238792419434,0.17957739531993866,-1.1189532279968262
1451546778808,1,0.6941500902175903,-0.7074988484382629,-1.0044032335281372
1451546778828,1,1.5203300714492798,-0.8180869221687317,-0.30100715160369873
1451546778848,1,1.1980682611465454,-0.4576093256473541,0.48842066526412964
1451546778872,1,0.5031988024711609,-0.11458441615104675,1.0762637853622437
1451546778891,1,-0.3734065890312195,0.0786135196685791,0.9863696098327637
1451546778907,1,0.022060075774788857,-0.15642273426055908,0.5357037782669067
1451546778929,1,0.54783695936203,-0.3346247673034668,0.08245499432086945
1451546778947,1,0.7253233790397644,-0.29402562975883484,-0.04574176296591759
1451546778970,1,0.6888099312782288,-0.17352351546287537,0.11993454396724701
1451546778989,1,-0.07869918644428253,0.019059505313634872,0.009502572938799858
1451546779004,1,-0.19975899159908295,0.1161690503358841,-0.24380818009376526
1451546779029,1,-0.25230130553245544,0.09638707339763641,-0.3006055951118469
1451546779051,1,-0.0011141718132421374,0.029899464920163155,-0.2501145899295807
1451546779070,1,0.2168942242860794,-0.03781330585479736,-0.16289222240447998
1451546779090,1,0.4011217951774597,-0.07514964044094086,-0.10706745833158493
1451546779110,1,-0.30822011828422546,0.055700261145830154,0.2055933028459549
1451546779131,1,-0.17877836525440216,0.18336686491966248,0.3045072555541992
1451546779151,1,0.07966426759958267,0.11548107117414474,0.45434069633483887
1451546779171,1,0.2582804560661316,0.029978374019265175,0.7017471790313721
1451546779193,1,0.41619113087654114,-0.07528174668550491,0.7122001647949219
1451546779212,1,0.20826305449008942,-0.026252632960677147,0.4787386357784271
1451546779230,1,-0.018381349742412567,0.04243044555187225,0.32978081703186035
1451546779251,1,-0.16140779852867126,-0.030955694615840912,0.24452655017375946
1451546779273,1,0.028172804042696953,-0.07230360805988312,0.16664543747901917
1451546779290,1,0.24718916416168213,-0.0983119085431099,0.1599988341331482
1451546779310,1,0.2784232199192047,0.024365795776247978,0.2328513115644455
1451546779332,1,0.1111687570810318,0.012134090065956116,0.07950842380523682
1451546779352,1,-0.06568481773138046,0.07960545271635056,-0.13963350653648376
1451546779367,1,-0.18260495364665985,-0.01005786843597889,-0.14936813712120056
1451546779391,1,-0.08694081753492355,-0.055664606392383575,-0.10046353191137314
1451546779411,1,0.05582468584179878,-0.03742050752043724,-0.06983166188001633
1451546779433,1,-0.16051702201366425,0.07116670906543732,0.1353156566619873
1451546779452,1,-0.16715337336063385,0.10249006748199463,0.165182963013649
1451546779468,1,-0.12931975722312927,0.04854980483651161,0.14473171532154083
1451546779491,1,-0.030290637165308,0.024447044357657433,0.16938567161560059
1451546779512,1,0.10484598577022552,-0.021509820595383644,0.21195349097251892
1451546779536,1,0.10919912159442902,-0.010737082920968533,0.22933658957481384
1451546779552,1,0.030327916145324707,-0.02283317968249321,0.2618611454963684
1451546779572,1,0.006830955855548382,-0.04468085244297981,0.24669747054576874
1451546779591,1,0.04745382443070412,-0.02171674184501171,0.24697336554527283
1451546779612,1,0.1493927389383316,-0.06473696976900101,0.2889806032180786
1451546779636,1,0.23043712973594666,-0.06971651315689087,0.3818938732147217
1451546779653,1,0.1437336951494217,-0.04929974675178528,0.2867874801158905
1451546779673,1,-0.10370985418558121,-0.03034370020031929,0.3486129641532898
1451546779693,1,-0.08309470117092133,-0.046330373734235764,0.38677871227264404
1451546779712,1,0.07782922685146332,-0.05399579554796219,0.20674480497837067
1451546779736,1,0.2737915813922882,-0.0020522563718259335,-0.058242347091436386
1451546779758,1,-0.039537202566862106,-0.03409340977668762,0.21315467357635498
1451546779774,1,0.02575397491455078,-0.04822831600904465,0.24858605861663818
1451546779792,1,-0.04111000522971153,-0.05392857640981674,0.3916016221046448
1451546779814,1,-0.08184564113616943,-0.007061024662107229,0.4194833040237427
1451546779836,1,0.2595112919807434,0.023429391905665398,0.13465747237205505
1451546779854,2,0.08112023025751114,0.06149112060666084,0.19164368510246277
1451546779869,2,-0.030110439285635948,0.03042670339345932,0.2817436456680298
1451546779897,2,-0.14930084347724915,-0.016612697392702103,0.20482641458511353
1451546779921,2,-0.2939990162849426,0.03182604908943176,0.10508944094181061
1451546779935,2,-0.018941573798656464,0.007239888422191143,-0.026536710560321808
1451546779952,2,0.24619744718074799,-0.08196049183607101,0.1745470017194748
1451546779974,2,0.06982187926769257,-0.06476911902427673,0.26640814542770386
1451546779994,2,-0.20757494866847992,-0.023346973583102226,0.29902446269989014
1451546780015,2,-0.2216700315475464,0.0021767595317214727,0.19895313680171967
1451546780036,2,0.10127543658018112,-0.019302666187286377,0.09629881381988525
1451546780056,2,0.20637983083724976,-0.014182254672050476,0.16637948155403137
1451546780069,2,0.10703404992818832,-0.019180500879883766,0.34985798597335815
1451546780095,2,0.1014217734336853,-0.05875614285469055,0.30711013078689575
1451546780116,2,0.047746606171131134,-0.1355447769165039,0.16916005313396454
1451546780136,2,-0.12596789002418518,-0.1743886023759842,0.014568624086678028
1451546780150,2,-0.09919926524162292,-0.055648237466812134,-0.07891396433115005
1451546780176,2,0.23770658671855927,0.04419219493865967,-0.007287234533578157
1451546780195,2,0.3792381286621094,-0.018218379467725754,0.3536170423030853
1451546780220,2,0.2251293808221817,-0.09812486171722412,0.5497860908508301
1451546780236,2,-0.04210739582777023,-0.029887190088629723,0.48972180485725403
1451546780255,2,-0.3700753152370453,0.03493570536375046,-0.06678922474384308
1451546780274,2,-0.05723029375076294,0.5211047530174255,-0.9565995931625366
1451546780295,2,0.21269585192203522,-0.0119458744302392,-0.37376725673675537
1451546780317,2,0.13410533964633942,-0.34213119745254517,0.4121960699558258
1451546780336,2,-0.02135791815817356,-0.49855276942253113,0.69594407081604
1451546780355,2,-0.0695016086101532,-0.5970055460929871,0.7961480617523193
1451546780375,2,-0.41966181993484497,-0.7402677536010742,0.4070470333099365
1451546780398,2,0.005237462464720011,0.29390519857406616,0.6731202006340027
1451546780417,2,0.26660263538360596,0.24342180788516998,1.1446669101715088
1451546780438,2,0.5269765257835388,-0.10600772500038147,1.0252344608306885
1451546780451,2,0.21892260015010834,-0.23445700109004974,0.9454600811004639
1451546780477,2,-0.4471140205860138,-0.02953004650771618,0.7043792605400085
1451546780497,2,0.1407361775636673,-2.174421533709392E-4,0.5784808397293091
1451546780519,2,0.6927165985107422,-0.0951654240489006,0.5278840661048889
1451546780537,2,0.7347355484962463,0.00318681332282722,0.20684534311294556
1451546780556,2,0.0802772119641304,-0.15903672575950623,-0.05970832705497742
1451546780576,2,-0.02855847030878067,-0.2615431547164917,-0.20601239800453186
1451546780597,2,-0.20119257271289825,0.051888007670640945,0.043532852083444595
1451546780618,2,-0.20782992243766785,0.19926001131534576,0.0618523545563221
1451546780638,2,-0.07001879811286926,0.17650282382965088,0.13247428834438324
1451546780657,2,0.10724814981222153,-0.07237725704908371,0.4344593584537506
1451546780677,2,0.2748209238052368,-0.2438981980085373,0.528847336769104
1451546780698,2,0.21040378510951996,-0.27375030517578125,0.6610410809516907
1451546780720,2,-0.06221068277955055,-0.16977380216121674,0.06128127500414848
1451546780735,2,4.671687602996826,-16.62567138671875,-0.16658055782318115
1451546780757,2,-0.717833399772644,0.880669355392456,-1.6516022682189941
1451546780778,2,0.06064458563923836,4.498396873474121,-1.3957768678665161
1451546780799,2,-1.3035237789154053,3.40256929397583,0.3393079340457916
1451546780820,2,0.6374984383583069,1.556142807006836,0.25141748785972595
1451546780840,2,0.550806999206543,0.20617899298667908,1.348833441734314
1451546780859,2,1.0508393049240112,-0.5744277834892273,1.5075392723083496
1451546780879,2,1.4136765003204346,-1.702297329902649,0.9667320251464844
1451546780902,2,1.242676854133606,-1.5798224210739136,0.23366671800613403
1451546780920,2,-1.0950230360031128,0.6506032943725586,-1.1984306573867798
1451546780940,2,-1.1499576568603516,1.3068909645080566,-1.3411083221435547
1451546780960,2,-0.9113646149635315,1.4070909023284912,-1.13118314743042
1451546780981,2,-0.3580551743507385,1.028922200202942,-0.9282962083816528
1451546781001,2,0.09600399434566498,0.7387398481369019,-0.5677695274353027
1451546781020,2,0.31315794587135315,0.08754676580429077,-0.0725824236869812
1451546781039,2,-0.056837521493434906,0.006137480027973652,-0.34326574206352234
1451546781060,2,-0.32995471358299255,0.2579302191734314,-0.3698410391807556
1451546781080,2,-0.25854599475860596,0.18538229167461395,0.05482172593474388
1451546781102,2,0.24463878571987152,0.07303425669670105,0.381917268037796
1451546781122,2,0.5481429100036621,-0.2324777990579605,0.8414642810821533
1451546781140,2,0.2757818400859833,-0.03334054350852966,0.31892743706703186
1451546781161,2,-0.07237619906663895,0.4448305070400238,-0.2857452929019928
1451546781220,2,0.3186039328575134,0.18316636979579926,-0.39993807673454285
1451546781235,2,0.128743976354599,-0.040062546730041504,-0.04992577061057091
1451546781259,2,-0.01679687574505806,0.03153787925839424,9.802432032302022E-4
1451546781280,2,-0.07824506610631943,0.14121639728546143,-0.1568623036146164
1451546781302,2,-0.1059412881731987,0.1992494910955429,-0.25334349274635315
1451546781322,2,-0.1428108662366867,0.2174532562494278,-0.22188685834407806
1451546781341,2,-0.06296473741531372,0.16256898641586304,-0.21762977540493011
1451546781361,2,0.06418906897306442,0.09728782624006271,-0.01248655654489994
1451546781380,2,0.16595768928527832,0.11469371616840363,0.19886136054992676
1451546781403,2,0.09557496011257172,0.24413199722766876,0.16679449379444122
1451546781424,2,-0.058337368071079254,0.3328513205051422,0.16662205755710602
1451546781437,2,-0.1659013032913208,0.23780572414398193,0.053223058581352234
1451546781461,2,0.09235607087612152,-0.060624271631240845,0.16711948812007904
1451546781483,2,0.21480323374271393,-0.09680851548910141,0.06947042793035507
1451546781503,2,0.39480677247047424,0.023250527679920197,-0.07423720508813858
1451546781522,2,0.08783763647079468,0.12803776562213898,0.07245441526174545
1451546781542,2,-0.14823280274868011,0.14393968880176544,-0.010008184239268303
1451546781563,2,0.12735861539840698,-0.14541034400463104,0.034297991544008255
1451546781584,2,0.18368002772331238,-0.10688275098800659,0.10819324851036072
1451546781603,2,0.12511739134788513,-0.0036895021330565214,0.20262335240840912
1451546781623,2,-0.15338541567325592,0.01683306135237217,0.18885083496570587
1451546781643,2,-0.18282964825630188,0.17364391684532166,0.04938391596078873
1451546781664,2,-0.1536930948495865,0.04469546675682068,0.18693946301937103
1451546781680,2,-0.01471798773854971,-0.043366264551877975,0.4889414608478546
1451546781704,2,0.1380677968263626,-0.1585591584444046,0.43981942534446716
1451546781724,2,0.004651058930903673,-0.08568155765533447,0.23858605325222015
1451546781744,2,-0.07368574291467667,0.021744798868894577,-0.19143442809581757
1451546781764,2,-0.15260563790798187,0.10146306455135345,-0.19943594932556152
1451546781783,2,0.13405071198940277,0.06915712356567383,0.1462806910276413
1451546781807,2,0.10576559603214264,-0.06359422951936722,0.38379591703414917
1451546781823,2,-0.08172763139009476,-0.016931261867284775,0.3512345254421234
1451546781844,2,-0.06311839073896408,0.022075053304433823,0.16033202409744263
1451546781865,2,-0.06767933070659637,0.023013796657323837,0.12515665590763092
1451546781888,1,-0.0821324810385704,0.10457798093557358,0.2629711329936981
1451546781910,1,-0.07774145901203156,0.04314999282360077,0.25996434688568115
1451546781927,1,-0.04721224308013916,-0.07104863971471786,0.3030675947666168
1451546781945,1,0.031156037002801895,-0.11972469836473465,0.3743833601474762
1451546781969,1,0.033734481781721115,-0.104130819439888,0.3937439024448395
1451546781985,1,-0.037093549966812134,0.0964636504650116,0.18840719759464264
1451546782006,1,0.04183906316757202,0.037650808691978455,0.3311386704444885
1451546782024,1,0.016290437430143356,0.020090602338314056,0.4165770709514618
1451546782045,1,-0.02778220735490322,0.0735907256603241,0.43482115864753723
1451546782069,1,0.05700774863362312,0.08361585438251495,0.34596213698387146
1451546782096,1,0.038554977625608444,0.17092180252075195,0.057200729846954346
1451546782108,1,-0.5619831085205078,-0.07215514034032822,0.8674860000610352
1451546782125,1,-1.2242522239685059,-0.20480185747146606,0.16740824282169342
1451546782146,1,-0.26970383524894714,0.02321487106382847,-0.8438310027122498
1451546782169,1,0.6088090538978577,0.32440730929374695,-0.8830389976501465
1451546782187,1,0.16014057397842407,0.19388824701309204,-0.21871113777160645
1451546782207,1,-0.3759724497795105,0.014803017489612103,0.1615145057439804
1451546782226,1,-0.36629438400268555,0.07457681000232697,0.16631050407886505
1451546782246,1,-0.34886160492897034,0.12093640863895416,0.1514858603477478
1451546782267,1,-0.21784529089927673,0.0786743089556694,0.15630759298801422
1451546782287,1,0.132926344871521,-0.11955402046442032,-0.0760059654712677
1451546782306,1,0.881650447845459,-0.4423603415489197,-0.2422013282775879
1451546782326,1,-0.24770160019397736,-0.26691314578056335,0.2613356411457062
1451546782346,1,-0.6407999396324158,0.11348550766706467,0.60866379737854
1451546782370,1,-1.0947529077529907,1.7827918054535985E-4,0.9638596773147583
1451546782387,1,-0.9628939032554626,-0.7996475696563721,1.7774627208709717
1451546782406,1,13.559584617614746,-3.519387722015381,-1.4228432178497314
1451546782427,1,1.8370413780212402,1.5965485572814941,-1.0248334407806396
1451546782447,1,-3.133495569229126,1.173103928565979,-2.7188539505004883
1451546782469,1,-2.7641079425811768,1.9028011560440063,-1.9237337112426758
1451546782490,1,-1.7146154642105103,0.15501871705055237,-1.3783090114593506
1451546782502,1,0.29697978496551514,-1.137242317199707,0.6670423746109009
1451546782529,1,0.536674976348877,-0.3707955479621887,-1.5568798780441284
1451546782550,1,-1.4216052293777466,0.6500076651573181,-0.7452893853187561
1451546782569,1,-2.6696701049804688,1.0804542303085327,-0.06898936629295349
1451546782589,1,-2.502016067504883,0.906332790851593,0.06262625753879547
1451546782608,1,-1.6802364587783813,0.3006541132926941,-0.11658640205860138
1451546782629,1,-0.4040665328502655,-0.29499125480651855,0.27447745203971863
1451546782650,1,-0.342745304107666,-0.2084936946630478,1.1767385005950928
1451546782670,1,-0.42705491185188293,-0.14028233289718628,1.8266490697860718
1451546782691,1,-0.4456599950790405,-0.14619594812393188,1.7357535362243652
1451546782709,1,-0.4096185564994812,-0.21481706202030182,1.2585499286651611
1451546782730,1,-0.3940938711166382,-0.23084582388401031,0.7943126559257507
1451546782752,1,0.017451412975788116,-0.23492929339408875,0.562193751335144
1451546782771,1,0.08916822820901871,-0.30165186524391174,0.43817222118377686
1451546782789,1,0.018485724925994873,-0.27662089467048645,0.3454851806163788
1451546782809,1,-0.1665267050266266,-0.2750310003757477,0.1979033350944519
1451546782830,1,-0.3731822073459625,-0.18128596246242523,0.12411855161190033
1451546782851,1,-0.5258017778396606,4.2027124436572194E-4,0.1220855787396431
1451546782871,1,-0.2807188332080841,-0.07406885921955109,0.07979834824800491
1451546782890,1,-0.14982077479362488,-0.2151835560798645,-0.001187748508527875
1451546782909,1,-0.15393713116645813,-0.26810792088508606,0.031978607177734375
1451546782930,1,-0.2157571166753769,-0.21336744725704193,0.03190554305911064
1451546782951,1,-0.4074473977088928,-0.08745090663433075,0.20876900851726532
1451546782970,1,-0.2413022220134735,-0.1220925971865654,0.33380118012428284
1451546782990,1,-0.10178404301404953,-0.09702187031507492,0.42492637038230896
1451546783011,1,-0.2542145550251007,-0.02594868093729019,0.5154740810394287
1451546783032,1,-0.3887912929058075,-0.007680617738515139,0.6659159660339355
1451546783052,1,-0.26260676980018616,-0.034696049988269806,0.5484025478363037
1451546783072,1,-0.256173700094223,-0.03601473197340965,0.17108488082885742
1451546783086,1,-0.3650810420513153,0.007467267103493214,0.08738718926906586
1451546783111,1,-0.3913361728191376,0.013013211078941822,0.022284312173724174
1451546783132,1,-0.4684096872806549,0.02655307576060295,-0.019000468775629997
1451546783155,1,-0.4203172028064728,0.04082008823752403,0.022704584524035454
1451546783173,1,-0.26182252168655396,-0.041260816156864166,0.22901859879493713
1451546783191,1,-0.26531338691711426,-0.06920330226421356,0.191838338971138
1451546783212,1,-0.3570978343486786,-0.02324819006025791,0.08444178849458694
1451546783235,1,-0.4093502163887024,0.042556118220090866,0.15278349816799164
1451546783253,1,-0.3507268726825714,0.06507307291030884,0.42207273840904236
1451546783272,1,-0.046064820140600204,-0.05541326105594635,0.44323593378067017
1451546783292,1,-0.051011811941862106,-0.0985211655497551,0.21279753744602203
1451546783313,1,-0.17237992584705353,-0.10084464401006699,0.10878536850214005
1451546783332,1,-0.26733094453811646,-0.10983926057815552,0.034210313111543655
1451546783353,1,-0.16656309366226196,-0.1465916633605957,0.14922668039798737
1451546783374,1,-0.08505915105342865,-0.18884441256523132,0.26748189330101013
1451546783394,1,-0.27139368653297424,-0.03539923205971718,0.03471709415316582
1451546783413,1,-0.0688481330871582,-0.0284790750592947,-0.08312077075242996
1451546783434,1,-0.06232241913676262,-0.031251464039087296,0.053459204733371735
1451546783454,1,-0.027277225628495216,-0.06587854027748108,0.24680794775485992
1451546783472,1,-0.1258206069469452,-0.10609306395053864,0.27797991037368774
1451546783493,1,-0.10346238315105438,-0.1253477931022644,0.3660375475883484
1451546783512,1,-0.3143611252307892,-0.15736323595046997,0.4175397753715515
1451546783535,1,-0.2520510256290436,-0.12583820521831512,0.3190653622150421
1451546783554,1,-0.26156502962112427,0.009788988158106804,0.07834405452013016
1451546783573,1,-0.10604746639728546,0.12534663081169128,-0.19916297495365143
1451546783594,1,-0.18378649652004242,0.16782033443450928,0.1776747852563858
1451546783614,1,-0.35942792892456055,0.1568921059370041,0.6675444841384888
1451546783636,1,-0.6825273633003235,0.004440028220415115,1.0076830387115479
1451546783657,1,-0.5252267122268677,-0.3834323287010193,0.6549562215805054
1451546783674,1,0.34277307987213135,-0.38700202107429504,-0.36907005310058594
1451546783693,1,-0.049567073583602905,-0.002747252816334367,-0.3213637173175812
1451546783714,1,0.5462441444396973,-0.19227613508701324,-0.1963409036397934
1451546783737,1,-0.5304498076438904,0.6639034748077393,-0.4283984303474426
1451546783755,1,-1.0849123001098633,0.2568739950656891,0.6985685229301453
1451546783775,1,-0.7585748434066772,0.05417875200510025,1.1404320001602173
1451546783795,1,-0.43005600571632385,-0.4493640661239624,1.3727450370788574
1451546783814,1,0.3028717339038849,-0.21677520871162415,0.545148491859436
1451546783836,1,0.3735061585903168,0.2350473552942276,0.13235680758953094
1451546783856,1,0.1927565634250641,0.12081307917833328,-0.2481219470500946
1451546783875,1,9.745075949467719E-4,0.19519348442554474,-0.1708803027868271
1451546783895,2,-0.3033941984176636,0.10281039029359818,-0.27161797881126404
1451546783919,2,-0.3539763391017914,0.11217617988586426,-0.0014957914827391505
1451546783940,2,-0.1825951635837555,-0.2299298793077469,0.4049631953239441
1451546783952,2,-0.0495748370885849,-0.46184009313583374,0.5793973803520203
1451546783977,2,-0.006035097409039736,-0.2754518389701843,0.47632864117622375
1451546783996,2,-0.5104921460151672,0.35037001967430115,0.09720365703105927
1451546784019,2,-0.5197907090187073,0.5745522975921631,0.14265607297420502
1451546784037,2,0.04652301222085953,-0.0034217911306768656,0.23989363014698029
1451546784057,2,-0.10696706920862198,-0.4214864671230316,0.10852175205945969
1451546784077,2,-0.08357802778482437,-0.3217167556285858,0.005924129392951727
1451546784097,2,-0.31378820538520813,-0.06392039358615875,0.33818331360816956
1451546784119,2,-0.5358572602272034,0.22804421186447144,0.24476444721221924
1451546784138,2,-1.5131243467330933,-0.060146719217300415,-0.07012099772691727
1451546784156,2,-0.697062075138092,0.03696107491850853,0.5946153998374939
1451546784175,2,0.4871496558189392,-0.47072717547416687,0.787006139755249
1451546784196,2,1.0889812707901,-0.9481465220451355,1.2670512199401855
1451546784219,2,0.7880944609642029,-1.0073182582855225,1.017203688621521
1451546784239,2,-0.18634696304798126,0.08014379441738129,-0.21946518123149872
1451546784257,2,-0.09547580778598785,0.46276599168777466,-0.2617863118648529
1451546784276,2,0.2269909679889679,0.46779054403305054,0.13306115567684174
1451546784297,2,0.5150107145309448,-0.0759650468826294,0.036114100366830826
1451546784319,2,0.10862638056278229,-0.4528004825115204,0.6089444160461426
1451546784340,2,-0.21789675951004028,-0.5091688632965088,0.07339373975992203
1451546784358,2,-0.19580146670341492,0.04354454204440117,0.06767477840185165
1451546784379,2,0.38305509090423584,-0.08509177714586258,0.13015958666801453
1451546784399,2,0.722194254398346,-0.13256080448627472,0.10288754105567932
1451546784420,2,-0.21199104189872742,-0.24057051539421082,0.06261106580495834
1451546784438,2,-1.3538899421691895,0.2771756052970886,0.07954758405685425
1451546784458,2,-0.24414193630218506,0.2867196798324585,-0.11449088901281357
1451546784479,2,0.4744716286659241,-0.3285118341445923,0.380746454000473
1451546784500,2,0.16913831233978271,-0.4237988293170929,0.46039751172065735
1451546784520,2,-0.3224557042121887,-0.3104068338871002,0.6966776251792908
1451546784540,2,-0.5938778519630432,0.0720294639468193,-0.12182196229696274
1451546784559,2,-0.2056863158941269,0.3577338457107544,-0.7775982618331909
1451546784580,2,0.19090543687343597,-0.06757190078496933,-0.3660217821598053
1451546784603,2,0.4391164481639862,-0.4378109872341156,0.35075172781944275
1451546784623,2,0.9224025011062622,-1.3748797178268433,1.0846645832061768
1451546784640,2,0.6708599925041199,-1.6763076782226563,1.2269132137298584
1451546784659,2,-4.026246070861816,-1.5394413471221924,0.8374877572059631
1451546784679,2,2.920586347579956,4.192020893096924,0.03819149360060692
1451546784703,2,1.237576961517334,2.499664068222046,-5.087020397186279
1451546784721,2,0.451687753200531,2.359208822250366,-3.6518030166625977
1451546784736,2,-1.71253502368927,1.3608324527740479,-2.1921803951263428
1451546784760,2,-1.9328356981277466,-0.3090875744819641,-1.2096219062805176
1451546784781,2,-0.4324631989002228,0.13914543390274048,-1.204229712486267
1451546784802,2,-0.33271104097366333,0.15451310575008392,-0.293709397315979
1451546784821,2,-0.8840662240982056,-0.207786425948143,0.4585714638233185
1451546784841,2,-1.087033748626709,-0.7625117301940918,0.8052321076393127
1451546784861,2,0.15488038957118988,-0.3059977889060974,0.30592530965805054
1451546784881,2,0.4680361747741699,-0.5191326141357422,0.9070376753807068
1451546784902,2,0.27780207991600037,-0.1755862832069397,1.0115431547164917
1451546784923,2,-0.22884409129619598,-0.48042264580726624,1.203904628753662
1451546784941,2,-0.12271551042795181,0.0047948332503438,1.359190583229065
1451546784962,2,0.08259111642837524,-1.2314082384109497,1.7761486768722534
1451546784981,2,0.074773870408535,-0.5948387384414673,0.4446428716182709
1451546785003,2,-0.12167038768529892,-0.092736154794693,-0.3917793035507202
1451546785024,2,-0.2523481547832489,0.18022914230823517,-0.6529752612113953
1451546785042,2,-0.47005096077919006,0.1634972095489502,-0.08291676640510559
1451546785062,2,-0.28848516941070557,-0.07078735530376434,0.4354553818702698
1451546785085,2,-0.049466244876384735,-0.3105897903442383,0.8082756996154785
1451546785103,2,-0.18875643610954285,-0.05390344187617302,0.42312195897102356
1451546785122,2,-0.31120267510414124,0.01572130061686039,-0.033400166779756546
1451546785142,2,-0.35999947786331177,-0.09648703038692474,-0.2083352953195572
1451546785162,2,-0.13746781647205353,-0.2944067418575287,0.13976678252220154
1451546785186,2,-0.04351458698511124,-0.32843875885009766,0.5193570852279663
1451546785205,2,0.020872052758932114,-0.1454506814479828,0.587398886680603
1451546785224,2,-0.4839313328266144,0.11168927699327469,0.2908709645271301
1451546785244,2,-0.6392945051193237,0.3094722032546997,-0.05445405840873718
1451546785266,2,-0.35350897908210754,0.1700403392314911,0.1517220139503479
1451546785285,2,0.04019477590918541,-0.12472119182348251,0.5737094283103943
1451546785304,2,0.07027710229158401,-0.27867141366004944,0.4519277811050415
1451546785323,2,-0.02719007059931755,0.0696270763874054,0.3933861553668976
1451546785343,2,-0.19838784635066986,-0.20226503908634186,0.12358546257019043
1451546785364,2,-0.2696044147014618,-0.023718729615211487,-0.2311217188835144
1451546785385,2,-0.6520936489105225,0.43500587344169617,0.09451952576637268
1451546785406,2,-0.5158761739730835,0.514255940914154,0.06591711938381195
1451546785424,2,-1.084152340888977,0.12180384248495102,0.6569821834564209
1451546785444,2,0.2805508077144623,-0.44384852051734924,0.5233277082443237
1451546785466,2,0.18883948028087616,-0.34282559156417847,0.14412438869476318
1451546785485,2,-0.1847732961177826,-0.22517302632331848,0.18012158572673798
1451546785507,2,0.03763212263584137,-0.0899701938033104,-0.05027180537581444
1451546785525,2,0.11342552304267883,0.4172574579715729,-0.16320493817329407
1451546785540,2,0.2326430082321167,0.110013447701931,0.05707564204931259
1451546785566,2,0.24342074990272522,-0.15241876244544983,0.13976678252220154
1451546785587,2,-0.5538957118988037,-0.5546925663948059,0.06433949619531631
1451546785607,2,0.29606977105140686,-0.4281821548938751,0.243005633354187
1451546785625,2,0.022631792351603508,-0.22985388338565826,0.052806876599788666
1451546785644,2,-0.04157094284892082,0.24863632023334503,0.21794424951076508
1451546785668,2,-0.2792583107948303,0.3409130573272705,0.07421265542507172
1451546785686,2,-0.309455543756485,0.19645839929580688,-0.11096388101577759
1451546785701,2,-0.1707289069890976,-0.04947919398546219,-0.007454992271959782
1451546785725,2,0.2967742383480072,-0.24841012060642242,0.7439005374908447
1451546785746,2,-0.2745586037635803,0.16550737619400024,0.012522797100245953
1451546785769,2,-0.2289803922176361,0.272806316614151,-0.07638414949178696
1451546785783,2,-0.19093625247478485,0.13126958906650543,-0.19130408763885498
1451546785806,2,-0.17883628606796265,0.035824764519929886,0.04442425072193146
1451546785826,2,-0.32519036531448364,0.022456161677837372,0.16064941883087158
1451546785847,2,-0.31008756160736084,0.08042144775390625,0.0972328782081604
1451546785868,2,-0.12264063209295273,0.04522387310862541,0.2391635626554489
1451546785888,2,-0.053836237639188766,0.033312488347291946,0.26157239079475403
