1451578414146,1,-0.5993620157241821,0.2680377662181854,-0.004907645750790834
1451578414161,1,-0.5993620157241821,0.2680377662181854,-0.004907645750790834
1451578414181,1,-0.5993620157241821,0.2680377662181854,-0.004907645750790834
1451578414204,1,-0.5993620157241821,0.2680377662181854,-0.004907645750790834
1451578414222,1,-0.5993620157241821,0.2680377662181854,-0.004907645750790834
1451578414241,1,-0.5993620157241821,0.2680377662181854,-0.004907645750790834
1451578414261,1,0.5090450048446655,-0.3868345618247986,0.030775077641010284
1451578414281,1,0.17147277295589447,-0.032332535833120346,-0.46800974011421204
1451578414302,1,0.2993447780609131,-0.21153555810451508,-0.18765491247177124
1451578414326,1,0.4833482503890991,-0.33105772733688354,0.1016886904835701
1451578414343,1,0.342487096786499,-0.5346721410751343,0.7908931970596313
1451578414370,1,0.10555210709571838,-0.2677437663078308,0.9771417379379272
1451578414388,1,-0.3306431770324707,0.32901304960250854,0.5151098966598511
1451578414408,1,-0.6384105682373047,0.7005559206008911,-0.30489596724510193
1451578414427,1,-0.09916844964027405,0.5227832198143005,-0.537888765335083
1451578414447,1,0.25145095586776733,0.4689505100250244,0.04469429701566696
1451578414469,1,-0.4853498339653015,0.2685439884662628,-0.03450608253479004
1451578414490,1,-0.2358144074678421,0.4806947410106659,-0.498325377702713
1451578414508,1,-0.17046011984348297,0.12171616405248642,-0.3842407166957855
1451578414529,1,-0.44434598088264465,0.09442805498838425,-0.5573819875717163
1451578414549,1,-0.2213008999824524,0.5095774531364441,-0.35110360383987427
1451578414571,1,-1.1076315641403198,0.2465650737285614,0.9631476998329163
1451578414591,1,-1.14795982837677,-0.5017141699790955,1.1252151727676392
1451578414608,1,-1.4651997089385986,-3.8439102172851563,4.973759174346924
1451578414629,1,-0.1115490272641182,-0.2301630973815918,3.1086931228637695
1451578414651,1,-0.8486260771751404,1.2687240839004517,-1.3853163719177246
1451578414670,1,-3.3809070587158203,2.12697172164917,-2.0774497985839844
1451578414689,1,-2.452106475830078,1.3887234926223755,-2.2011704444885254
1451578414709,1,-0.3932434916496277,0.071988545358181,-1.211350917816162
1451578414729,1,2.2697837352752686,-0.8528998494148254,-0.6022334694862366
1451578414749,1,1.4293901920318604,-0.667841374874115,0.17122867703437805
1451578414768,1,0.27227506041526794,0.026760581880807877,0.30410337448120117
1451578414790,1,-1.1048396825790405,0.3985176682472229,0.5190793871879578
1451578414806,1,-1.4224389791488647,0.5243664383888245,0.22113515436649323
1451578414831,1,-0.3475380837917328,0.17110943794250488,0.35518065094947815
1451578414853,1,0.44650331139564514,-0.07866962999105453,0.7161106467247009
1451578414872,1,0.8400834202766418,-0.18380407989025116,1.0848305225372314
1451578414886,1,0.7479696869850159,-0.2644108235836029,1.3286364078521729
1451578414911,1,0.6965845227241516,-0.31489917635917664,1.171549677848816
1451578414927,1,0.9873658418655396,-0.29044073820114136,0.33339259028434753
1451578414951,1,1.0339913368225098,-0.2851400077342987,1.2801030243281275E-4
1451578414973,1,0.9914982914924622,-0.30461451411247253,0.07568565011024475
1451578414992,1,0.5523953437805176,-0.2882832884788513,0.26711249351501465
1451578415011,1,0.2245020866394043,-0.21071021258831024,0.30503860116004944
1451578415032,1,0.2112012356519699,-0.21646249294281006,0.10801263153553009
1451578415052,1,0.5325515270233154,-0.3910825550556183,0.1055675745010376
1451578415068,1,0.48063454031944275,-0.33690935373306274,0.14997954666614532
1451578415093,1,0.25649574398994446,-0.18697044253349304,0.136219322681427
1451578415115,1,0.1483868956565857,-0.06478957831859589,-0.057512279599905014
1451578415132,1,0.18600623309612274,-0.12325520813465118,-0.36035364866256714
1451578415154,1,0.8162626028060913,-0.21480536460876465,-0.41906654834747314
1451578415169,1,0.859492301940918,-0.16505086421966553,-0.2974725365638733
1451578415192,1,0.6652846932411194,-0.06218728423118591,0.022777648642659187
1451578415214,1,0.3423301875591278,0.0743938535451889,0.2734855115413666
1451578415233,1,0.0638027936220169,0.0823000967502594,0.2852431833744049
1451578415254,1,0.2901082932949066,-0.10318682342767715,0.6700322031974792
1451578415276,1,0.6420078873634338,-0.10963643342256546,0.4869651794433594
1451578415292,1,0.6299033164978027,-0.12210077792406082,0.4149678647518158
1451578415313,1,0.3382589817047119,-0.07456745952367783,0.4154728949069977
1451578415329,1,0.06172392517328262,-0.0419277548789978,0.36404141783714294
1451578415355,1,-0.15925675630569458,-0.0017675942508503795,0.5408926010131836
1451578415370,1,0.04158398509025574,-0.08834288269281387,0.3758019804954529
1451578415393,1,0.1555103361606598,-0.12868133187294006,0.10338497161865234
1451578415414,1,0.21118056774139404,-0.1826367974281311,-0.04787818714976311
1451578415435,1,0.2231825590133667,-0.1215694472193718,-0.04523848742246628
1451578415455,1,0.1446695327758789,-0.15010172128677368,0.0038555064238607883
1451578415469,1,-0.06852580606937408,0.02387479692697525,-0.08060498535633087
1451578415494,1,-0.11351320147514343,0.05938859283924103,-0.042338673025369644
1451578415515,1,0.11934543401002884,-0.13258330523967743,0.20500703155994415
1451578415536,1,0.36461496353149414,-0.23381899297237396,0.3695949614048004
1451578415555,1,0.5653880834579468,-0.26269349455833435,0.477937251329422
1451578415571,1,0.7678511738777161,-0.21685002744197845,0.32790040969848633
1451578415595,1,0.6172904968261719,-0.09520868211984634,0.1798866093158722
1451578415614,1,0.2670138478279114,0.013503625057637691,0.2175438553094864
1451578415636,1,0.03803582489490509,0.1403907686471939,0.33654549717903137
1451578415659,1,0.016997823491692543,0.15770956873893738,0.39907121658325195
1451578415675,1,0.060686469078063965,0.04196516424417496,0.33931964635849
1451578415696,1,0.08142293244600296,0.04491758719086647,0.3659229874610901
1451578415716,1,0.09190439432859421,0.05174743011593819,0.44388827681541443
1451578415732,1,0.13060112297534943,0.07146306335926056,0.343771368265152
1451578415752,1,0.13996119797229767,0.07546557486057281,0.23417524993419647
1451578415776,1,-0.02457275241613388,0.07970774173736572,0.1873784363269806
1451578415796,1,-0.10181892663240433,-7.432195707224309E-4,0.029497312381863594
1451578415817,1,0.08721113950014114,-0.05785626918077469,-0.07674012333154678
1451578415839,1,0.21558508276939392,-0.07785072177648544,-0.1419903039932251
1451578415858,1,0.24358007311820984,-0.08615735918283463,-0.16078443825244904
1451578415877,1,0.15750473737716675,-0.09979864209890366,-0.06341478228569031
1451578415893,1,-0.03646324202418327,-0.08052490651607513,0.287436306476593
1451578415918,1,-0.17724648118019104,0.036841537803411484,0.25388768315315247
1451578415938,1,-0.09691237658262253,0.1113511323928833,0.08119652420282364
1451578415960,1,-0.0043670726008713245,0.06421907991170883,0.018527589738368988
1451578415980,1,-0.0070228297263383865,0.00331803853623569,0.17012977600097656
1451578415999,1,-0.03901844471693039,0.12328589707612991,0.18869535624980927
1451578416020,1,-0.10601446032524109,0.13048692047595978,0.1820399910211563
1451578416039,1,-0.07021638751029968,0.10907120257616043,0.1379430741071701
1451578416059,1,-0.047941647469997406,0.13188129663467407,0.30747780203819275
1451578416081,1,-0.192299485206604,0.06440729647874832,0.47846683859825134
1451578416100,1,-0.04513928294181824,0.0756383016705513,0.38753509521484375
1451578416121,1,0.11690361052751541,-0.048964813351631165,0.043073419481515884
1451578416138,1,0.17960025370121002,-0.05072510242462158,0.0060825347900390625
1451578416159,1,0.21398571133613586,-0.04374795779585838,-0.0041617960669100285
1451578416180,2,0.16408658027648926,0.011750644072890282,0.003247019136324525
1451578416202,2,0.0680585727095604,-0.0016217560041695833,0.003322422504425049
1451578416215,2,0.09980013966560364,7.785831694491208E-4,0.3511269688606262
1451578416245,2,0.12338943034410477,0.00635170703753829,0.48056408762931824
1451578416254,2,0.13135656714439392,-0.04609685763716698,0.3825953006744385
1451578416279,2,0.14191126823425293,-0.07088731229305267,0.1781102567911148
1451578416299,2,0.11002568900585175,0.017074469476938248,0.07046996057033539
1451578416321,2,-0.03703300654888153,-0.012660452164709568,0.31868600845336914
1451578416342,2,0.0403253436088562,-0.07403641939163208,0.2476157546043396
1451578416360,2,0.08549169450998306,-0.05387567728757858,0.06495031714439392
1451578416380,2,0.11684177815914154,-0.016973931342363358,-0.07843524217605591
1451578416401,2,0.15916335582733154,-0.03486877679824829,-0.16705694794654846
1451578416421,2,0.15590216219425201,-0.04498012736439705,-0.12224281579256058
1451578416435,2,0.13871292769908905,0.042683251202106476,0.13900983333587646
1451578416460,2,0.30666181445121765,-0.00750818382948637,0.23440146446228027
1451578416481,2,0.35982438921928406,-0.060020461678504944,0.3741928040981293
1451578416503,2,0.3420232832431793,-0.07543255388736725,0.3600386083126068
1451578416521,2,0.33334168791770935,-0.05339110642671585,0.2901321351528168
1451578416541,2,0.09830277413129807,-0.047445349395275116,0.11843524128198624
1451578416561,2,0.16253705322742462,-0.016869010403752327,0.0745282992720604
1451578416581,2,0.2817367911338806,-0.041891224682331085,0.15985973179340363
1451578416601,2,0.2387637197971344,-0.049694884568452835,0.4032786190509796
1451578416617,2,0.12824444472789764,-0.06880845874547958,0.5385650396347046
1451578416641,2,-10.324130058288574,1.3691004514694214,0.38757193088531494
1451578416661,2,-0.4492250978946686,7.1801958084106445,0.7859411239624023
1451578416682,2,-1.7386243343353271,3.317859172821045,-0.4728057384490967
1451578416704,2,-1.5197598934173584,1.7344658374786377,-1.402531623840332
1451578416723,2,1.1856824159622192,-1.799439549446106,-2.1403660774230957
1451578416743,2,2.4609053134918213,-1.5430974960327148,1.5488123893737793
1451578416762,2,1.8604899644851685,-0.004797755740582943,2.4962024688720703
1451578416782,2,1.0464260578155518,0.7262029647827148,1.793777346611023
1451578416804,2,0.44838398694992065,0.2808960974216461,0.40386372804641724
1451578416824,2,0.6137696504592896,-0.1732698231935501,-0.20713643729686737
1451578416842,2,0.7754179835319519,-0.45674893260002136,0.12437748908996582
1451578416862,2,1.0097472667694092,-0.2903282344341278,0.8299369215965271
1451578416885,2,0.6512469053268433,-0.24137860536575317,0.5387567281723022
1451578416905,2,0.25632205605506897,-0.20208412408828735,0.15821722149848938
1451578416923,2,-0.06244783475995064,-0.20117899775505066,-0.024407880380749702
1451578416942,2,0.09306399524211884,-0.1905474215745926,-0.0813087522983551
1451578416963,2,0.4915429651737213,-0.20203620195388794,0.16141396760940552
1451578416985,2,0.3511458933353424,-0.08887801319360733,0.1552899330854416
1451578417005,2,-0.17293095588684082,0.04561462625861168,-0.24164427816867828
1451578417024,2,-0.31080102920532227,0.2835997939109802,-0.24184009432792664
1451578417045,2,-0.2090272605419159,0.17545418441295624,-0.7672861218452454
1451578417064,2,0.16992497444152832,0.0039849779568612576,0.558744490146637
1451578417089,2,0.32645443081855774,-0.1997843235731125,1.0710322856903076
1451578417107,2,0.4436670243740082,-0.3479398787021637,0.9396008253097534
1451578417127,2,0.4673583507537842,-0.15962181985378265,0.53889000415802
1451578417144,2,0.17944908142089844,0.030432840809226036,0.2754863500595093
1451578417165,2,0.02218790352344513,0.1619502604007721,0.1422545164823532
1451578417186,2,-0.023437391966581345,0.17561843991279602,0.13945582509040833
1451578417205,2,0.08476579189300537,0.1237131804227829,0.1987392008304596
1451578417225,2,0.14774346351623535,0.07286006957292557,0.14737024903297424
1451578417245,2,-0.02420337125658989,-0.05598609149456024,-0.13747254014015198
1451578417265,2,-0.10501272231340408,-0.043291445821523666,-0.4442945122718811
1451578417280,2,0.2234349250793457,0.12641455233097076,-0.3565191924571991
1451578417303,2,0.33181169629096985,0.09345803409814835,-0.6748375296592712
1451578417326,2,0.32456037402153015,-0.14626696705818176,-0.5520592927932739
1451578417346,2,0.2018369883298874,-0.3021121919155121,0.20939035713672638
1451578417366,2,-0.1786511242389679,-0.2915966510772705,1.4399644136428833
1451578417388,2,0.6336946487426758,0.2450450211763382,-0.22212475538253784
1451578417408,2,1.0414366722106934,0.17305442690849304,-0.04128127545118332
1451578417426,2,0.7443071007728577,-0.21060381829738617,-0.13539455831050873
1451578417447,2,0.7580291628837585,-0.4014379382133484,0.4880255162715912
1451578417468,2,0.3612836003303528,0.05077741667628288,0.5485679507255554
1451578417489,2,-0.26319438219070435,0.2406330555677414,0.37519875168800354
1451578417508,2,-0.16522538661956787,0.4739043414592743,0.38717737793922424
1451578417526,2,-0.3454102873802185,0.06990092992782593,0.0667944848537445
1451578417549,2,-0.4091309607028961,0.21836072206497192,0.451137512922287
1451578417567,2,0.14348551630973816,-0.4757637083530426,0.44469258189201355
1451578417589,2,0.544110119342804,-0.6627858877182007,-0.6122136116027832
1451578417610,2,0.29049551486968994,-0.16236761212348938,-0.4037210941314697
1451578417628,2,-0.03343549370765686,-0.23867402970790863,-0.2970253825187683
1451578417648,2,-0.21109163761138916,-0.14971856772899628,0.19180384278297424
1451578417664,2,-0.2592782974243164,-0.1347784698009491,0.39405661821365356
1451578417690,2,0.21861612796783447,-0.41995617747306824,1.2110334634780884
1451578417704,2,0.19863347709178925,0.6086646914482117,0.06830079853534698
1451578417729,2,0.23222769796848297,0.27698183059692383,-0.2552700638771057
1451578417743,2,0.1825902909040451,0.23273791372776031,0.23557108640670776
1451578417769,2,0.2237054854631424,-0.20996756851673126,0.3763982057571411
1451578417789,2,0.0029073571786284447,-0.17206132411956787,0.44110536575317383
1451578417808,2,-0.3524473309516907,0.1727028340101242,0.42219841480255127
1451578417824,2,-0.1547454297542572,0.3351455628871918,0.3518523871898651
1451578417849,2,0.029515588656067848,0.3540118932723999,0.37281158566474915
1451578417872,2,0.031265292316675186,0.24777795374393463,0.2609861195087433
1451578417891,2,-0.12737704813480377,0.28359919786453247,0.26531681418418884
1451578417910,2,-0.24358466267585754,0.3170490562915802,-0.2232610583305359
1451578417935,2,-0.3311512768268585,0.23017185926437378,0.49121057987213135
1451578417950,2,-0.0969255343079567,0.24944910407066345,0.19158056378364563
1451578417965,2,0.03669595718383789,-0.04677256569266319,-0.6017220616340637
1451578417990,2,-0.023876111954450607,0.013041268102824688,-0.6074264049530029
1451578418010,2,0.12022829800844193,-0.4749915599822998,-0.31061726808547974
1451578418031,2,0.40978875756263733,0.28159984946250916,0.07970891147851944
1451578418053,2,-0.004992986097931862,0.16577917337417603,0.5242729187011719
1451578418071,2,-0.049952950328588486,-0.5822171568870544,0.42679333686828613
1451578418091,2,-0.05655461177229881,-1.015299677848816,0.7405986189842224
1451578418112,2,0.5576742887496948,-0.9036822319030762,0.751159131526947
1451578418132,2,0.6801402568817139,-0.031203825026750565,-0.6880360245704651
1451578418152,2,-0.11535312980413437,-0.45737436413764954,-0.5415682792663574
1451578418173,2,0.6953094005584717,0.020593583583831787,2.1573848724365234
1451578418193,1,-0.130130797624588,0.24999241530895233,0.6719149351119995
1451578418212,1,-0.887803852558136,0.07787497341632843,-0.33588850498199463
1451578418236,1,-0.7509812712669373,0.6385214924812317,-1.0053694248199463
1451578418256,1,0.14648544788360596,-0.1227685958147049,-0.19787469506263733
1451578418272,1,-0.4388691186904907,0.1472010314464569,1.0612497329711914
1451578418291,1,0.28174257278442383,-0.08551204949617386,1.4311363697052002
1451578418311,1,0.1678268313407898,-1.128509521484375,1.1092828512191772
1451578418332,1,1.0252214670181274,-0.9188315868377686,0.04403086379170418
1451578418348,1,-0.18308322131633759,0.4019257426261902,-1.0865683555603027
1451578418373,1,-0.5269991159439087,0.8770911693572998,-1.0145529508590698
1451578418392,1,-0.1466226726770401,0.6904837489128113,-0.8648866415023804
1451578418413,1,-0.1318698227405548,0.03173106536269188,-0.8089479207992554
1451578418434,1,-0.14210838079452515,-0.9149021506309509,0.48078036308288574
1451578418455,1,-0.29999545216560364,0.12503185868263245,0.20311960577964783
1451578418474,1,-0.5097981095314026,-0.05936462804675102,-0.6295844316482544
1451578418488,1,-0.18408508598804474,0.19496582448482513,-0.1581576019525528
1451578418508,1,-0.05785835161805153,0.08195961266756058,0.2863338887691498
1451578418534,1,-0.3310466408729553,0.04429302364587784,0.48630762100219727
1451578418555,1,-0.479581743478775,-0.3278188705444336,-0.19407705962657928
1451578418574,1,0.667547345161438,0.1251639723777771,0.33340486884117126
1451578418594,1,0.1348639577627182,-0.24747225642204285,-0.13580138981342316
1451578418614,1,-0.08388648927211761,-0.0363520011305809,0.5196201205253601
1451578418637,1,-0.8224560618400574,0.7288704514503479,1.9550861120224
1451578418655,1,-1.4779794216156006,0.8532824516296387,1.6874715089797974
1451578418675,1,0.2970256805419922,0.05465513467788696,-0.32794368267059326
1451578418694,1,0.3647540211677551,1.9289222109364346E-5,0.1533879041671753
1451578418715,1,0.3924551010131836,0.05614478886127472,0.5589292049407959
1451578418736,1,0.6586552858352661,-0.12756839394569397,0.40140461921691895
1451578418755,1,1.1029325723648071,-0.03407382592558861,-1.2717607021331787
1451578418774,1,-0.766769528388977,-0.40093058347702026,-0.7794014811515808
1451578418790,1,-1.0461530685424805,-0.12361031025648117,2.058563470840454
1451578418815,1,0.5517189502716064,-0.2727612853050232,1.7923048734664917
1451578418836,1,18.090316772460938,-3.2664127349853516,0.4572884440422058
1451578418856,1,2.807027816772461,-0.6911255717277527,4.6981730461120605
1451578418874,1,-1.2127156257629395,-1.3703335523605347,-1.5095674991607666
1451578418895,1,-6.7412238121032715,2.8614883422851563,-3.391800880432129
1451578418915,1,-3.57558012008667,1.6990292072296143,-2.0259060859680176
1451578418939,1,-1.0922741889953613,0.02710544876754284,-1.4635556936264038
1451578418957,1,1.396946668624878,-0.9009718298912048,-0.26621347665786743
1451578418976,1,0.5281408429145813,-0.5898159146308899,0.6054250001907349
1451578418996,1,-2.234957456588745,0.8019821643829346,0.6511024236679077
1451578419019,1,-2.10317325592041,0.6275017857551575,0.16962182521820068
1451578419038,1,-1.243672490119934,0.3886065185070038,-0.6544061899185181
1451578419058,1,-0.23854339122772217,0.09711539000272751,-0.6642395853996277
1451578419076,1,-0.35934075713157654,-0.23839901387691498,0.151186004281044
1451578419097,1,-0.4176710844039917,-0.14385317265987396,1.2466518878936768
1451578419120,1,-0.5425881743431091,-0.10994505882263184,0.84239661693573
1451578419139,1,-0.3892233371734619,-0.1611468493938446,0.1951940804719925
1451578419163,1,-0.2567511796951294,-0.13716448843479156,-0.3579980432987213
1451578419188,1,-0.28745970129966736,-0.0870499238371849,-0.7429314255714417
1451578419199,1,-0.4810050129890442,-0.18700988590717316,-0.3148603141307831
1451578419219,1,-0.8798136711120605,-0.3891592025756836,0.8897843956947327
1451578419237,1,-0.32547643780708313,-0.09850859642028809,0.7502245306968689
1451578419258,1,0.18068616092205048,-0.04410451650619507,0.4847942888736725
1451578419273,1,0.2751789689064026,-0.25853726267814636,0.3970224857330322
1451578419298,1,0.1484251618385315,-0.2806006073951721,0.44801732897758484
1451578419322,1,-0.5491649508476257,0.09806231409311295,0.5535276532173157
1451578419333,1,-0.21401779353618622,0.004380407277494669,-0.13161388039588928
1451578419357,1,-0.18996530771255493,0.2633060812950134,0.4464753568172455
1451578419378,1,-0.36344045400619507,0.16782793402671814,0.42916297912597656
1451578419398,1,-0.16150712966918945,-0.06831044703722,0.15273673832416534
1451578419419,1,-0.2679925262928009,0.0984405055642128,-0.03306932747364044
1451578419439,1,-0.4967992305755615,0.18990649282932281,-0.294162392616272
1451578419459,1,-0.5416895151138306,0.20822453498840332,-0.306885689496994
1451578419479,1,-0.46638578176498413,0.10288871079683304,-0.10652268677949905
1451578419502,1,-0.37569859623908997,0.11465601623058319,0.04221826419234276
1451578419521,1,-0.10750442743301392,-0.09695201367139816,0.11354513466358185
1451578419540,1,-0.18513768911361694,-0.16820815205574036,0.1966746747493744
1451578419559,1,-0.24252398312091827,-0.08750234544277191,0.12421850115060806
1451578419581,1,-0.2603275775909424,-0.003999590873718262,-0.02554243803024292
1451578419600,1,-0.31008321046829224,0.018678396940231323,-0.008134791627526283
1451578419621,1,-0.27765941619873047,0.009098667651414871,-0.012113047763705254
1451578419642,1,-0.2036847621202469,-0.013712883926928043,0.032862406224012375
1451578419656,1,-0.16222387552261353,-0.02491641417145729,-0.022297756746411324
1451578419681,1,-0.12382754683494568,-0.0464642308652401,0.08516893535852432
1451578419702,1,-0.08556458353996277,-0.04020838439464569,0.22366087138652802
1451578419716,1,-0.081523098051548,-0.01840045675635338,0.20967619121074677
1451578419741,1,-0.3223439157009125,0.1355731338262558,0.06561550498008728
1451578419761,1,-0.3529879152774811,0.11825871467590332,0.06279928237199783
1451578419781,1,-0.025422757491469383,0.03448036313056946,0.12858019769191742
1451578419805,1,0.1341969519853592,0.008453063666820526,0.1799035668373108
1451578419822,1,0.012481442652642727,0.03794511407613754,0.33476972579956055
1451578419842,1,-0.30890733003616333,0.11797405779361725,0.2674286961555481
1451578419862,1,-0.3309022784233093,0.14473901689052582,0.2552022635936737
1451578419883,1,-0.5351673364639282,0.12500907480716705,0.32463762164115906
1451578419903,1,-0.452448308467865,0.24218086898326874,0.0025315643288195133
1451578419922,1,-0.14788557589054108,0.0641913190484047,0.1947726309299469
1451578419937,1,0.0225641168653965,-0.0053404844366014,0.31312429904937744
1451578419958,1,-0.12309969216585159,0.05323942378163338,0.1953016221523285
1451578419982,1,-0.14692257344722748,0.037239596247673035,0.32068976759910583
1451578420004,1,-0.032416194677352905,-0.008560030721127987,0.17950375378131866
1451578420023,1,0.043892040848731995,-5.786766996607184E-4,-0.06586860120296478
1451578420042,1,0.018198102712631226,0.03555763512849808,0.16259996592998505
1451578420063,1,0.0010464403312653303,0.032159224152565,0.06472469121217728
1451578420088,1,-0.032859884202480316,0.027501171454787254,0.1476736068725586
1451578420107,1,-0.015034779906272888,0.034669745713472366,0.11486673355102539
1451578420124,1,-0.05494626238942146,0.03882569819688797,0.05905190855264664
1451578420144,1,-0.318541556596756,-0.010345744900405407,0.021014731377363205
1451578420163,1,-0.32298335433006287,0.024743104353547096,0.04306289553642273
1451578420179,1,-0.24887904524803162,0.07011047750711441,0.12552900612354279
1451578420204,1,-0.06246734410524368,0.05794190242886543,0.0476180762052536
1451578420226,2,-0.024997882544994354,0.06943564862012863,0.04780687764286995
1451578420243,2,-0.008797566406428814,0.0829448252916336,0.027738487347960472
1451578420265,2,-0.0870005339384079,0.024201544001698494,0.058532267808914185
1451578420288,2,0.3944758474826813,0.09093991667032242,0.35818448662757874
1451578420305,2,0.5706217885017395,0.008874796330928802,0.23451544344425201
1451578420324,2,-0.0029193945229053497,0.10087386518716812,-0.015562310814857483
1451578420344,2,-0.6343389749526978,-0.05765081197023392,0.8951964378356934
1451578420364,2,-0.38772106170654297,-0.011559505015611649,0.1849941611289978
1451578420386,2,0.28653594851493835,-7.88812292739749E-4,0.19137538969516754
1451578420407,2,0.3262050747871399,-0.12935177981853485,0.18716800212860107
1451578420420,2,0.0907011404633522,-0.17685353755950928,0.2837555706501007
1451578420445,2,-0.094319187104702,-0.14261165261268616,0.3532072901725769
1451578420465,2,0.07567264139652252,-0.14346563816070557,0.07669102400541306
1451578420487,2,-0.003575593465939164,-0.057052258402109146,-0.025679800659418106
1451578420508,2,0.06916406750679016,-0.06094079092144966,0.09043372422456741
1451578420525,2,0.2711920440196991,-0.10465162992477417,0.11276128888130188
1451578420546,2,0.4752848744392395,-0.1502244621515274,0.08434592187404633
1451578420566,2,0.6500995755195618,-0.15603841841220856,0.23143325746059418
1451578420588,2,0.7606228590011597,-0.23199498653411865,0.37897828221321106
1451578420602,2,1.2861074209213257,-0.4521726965904236,0.4496697783470154
1451578420626,2,1.3274407386779785,-0.5042456984519958,0.4947761595249176
1451578420645,2,1.3097597360610962,-0.5520376563072205,0.6303495764732361
1451578420667,2,18.3809757232666,3.0230534076690674,-9.460521697998047
1451578420689,2,1.5228322744369507,1.6135683059692383,6.172321319580078
1451578420707,2,3.687898635864258,1.0206626653671265,0.23488253355026245
1451578420726,2,0.6494717001914978,-0.4463324546813965,0.883476197719574
1451578420747,2,-0.9764810800552368,0.18205635249614716,0.7189443707466125
1451578420769,2,-1.0170701742172241,-0.6538634300231934,-0.34180501103401184
1451578420788,2,-1.1893647909164429,-1.0879168510437012,-0.08573007583618164
1451578420809,2,-2.295563220977783,0.9681661128997803,0.5208949446678162
1451578420823,2,-2.0353870391845703,0.420967698097229,0.08659867197275162
1451578420848,2,-1.409031629562378,-0.178323894739151,0.035019874572753906
1451578420870,2,-0.8503453731536865,-0.4686702489852905,-0.038315996527671814
1451578420883,2,-0.5481342673301697,-0.37299802899360657,-0.1679968535900116
1451578420909,2,-0.5145525932312012,-0.08707710355520248,-0.13221943378448486
1451578420929,2,-0.853442907333374,-0.014318740926682949,-0.012027706950902939
1451578420950,2,-1.0664242506027222,-0.05439268425107002,-0.05107201635837555
1451578420970,2,-1.2660497426986694,-0.007652853149920702,-0.0804378092288971
1451578420993,2,-1.282470703125,0.048737142235040665,-0.12096446752548218
1451578421004,2,-1.0409784317016602,0.08212298899888992,-0.12058336287736893
1451578421029,2,-0.5133807063102722,-0.005290507804602385,0.2977209687232971
1451578421044,2,-0.36941105127334595,0.010320611298084259,0.47658467292785645
1451578421074,2,-0.3063034117221832,-0.0044625322334468365,0.4262339472770691
1451578421095,2,-0.46691566705703735,-0.015276188030838966,0.26606911420822144
1451578421111,2,-0.7020293474197388,0.04591945558786392,0.006581716705113649
1451578421131,2,-0.6005797982215881,0.11473200470209122,0.49851417541503906
1451578421152,2,-0.534144937992096,0.03761456906795502,0.7837684750556946
1451578421170,2,-0.48333919048309326,-0.04559533670544624,0.5885059833526611
1451578421190,2,-0.4138506054878235,-0.06163724884390831,0.2496183216571808
1451578421209,2,-0.42809170484542847,0.006670563947409391,0.08248305320739746
1451578421230,2,-0.5026574730873108,0.059525955468416214,0.24847324192523956
1451578421253,2,-0.5067340731620789,-0.017641454935073853,0.24237024784088135
1451578421272,2,-0.38573652505874634,-0.061043959110975266,0.25191959738731384
1451578421290,2,-0.1652955263853073,-0.10009089857339859,0.295101135969162
1451578421310,2,-0.14375315606594086,-0.23195728659629822,0.2059808373451233
1451578421325,2,-0.2773488461971283,-0.20600421726703644,0.1644078940153122
1451578421353,2,-0.6379894614219666,0.022072715684771538,0.061669982969760895
1451578421371,2,-0.6076366901397705,-0.3029495179653168,0.05035071820020676
1451578421386,2,-0.17475034296512604,0.1907791793346405,-0.1135585755109787
1451578421412,2,-0.6057940125465393,0.05986906960606575,-0.194199800491333
1451578421431,2,-0.42692700028419495,-0.03984569013118744,-0.2719102203845978
1451578421453,2,-0.46893972158432007,0.07042203098535538,-0.08073592185974121
1451578421472,2,-0.4524012506008148,0.10930617898702621,0.13161154091358185
1451578421492,2,-0.3889562785625458,0.11353461444377899,0.2469453066587448
1451578421512,2,-0.158389613032341,-0.022844869643449783,0.010438976809382439
1451578421532,2,-0.11481935530900955,-0.07462649792432785,-0.09889993816614151
1451578421556,2,-0.20674210786819458,0.0036579379811882973,-0.07652092725038528
1451578421573,2,-0.1446465253829956,0.04239128157496452,-0.12389350682497025
1451578421599,2,-0.14446309208869934,0.13461363315582275,0.18512627482414246
1451578421614,2,-0.23705457150936127,0.0743231251835823,0.39517712593078613
1451578421634,2,-0.3784250319004059,0.05343465507030487,0.513537585735321
1451578421654,2,-0.3795231282711029,-0.11424188315868378,0.33648353815078735
1451578421675,2,-0.37388551235198975,-0.22581367194652557,0.5124778151512146
1451578421692,2,-0.44168922305107117,-0.10773323476314545,0.4302467107772827
1451578421713,2,-0.43174925446510315,-0.038604747503995895,0.17871640622615814
1451578421735,2,-0.35455986857414246,-0.03966565430164337,0.04799100011587143
1451578421754,2,-0.1944909244775772,-0.07289689779281616,0.003891746746376157
1451578421775,2,-0.19266192615032196,0.022402970120310783,-0.19293782114982605
1451578421793,2,-0.27567046880722046,0.024690790101885796,-0.11845102161169052
1451578421813,2,-0.30018919706344604,0.12861059606075287,0.06422024965286255
1451578421829,2,-0.2217581868171692,0.14570026099681854,0.05610474944114685
1451578421855,2,-0.17143136262893677,0.11310966312885284,0.10681553184986115
1451578421874,2,-0.2426033318042755,0.21652445197105408,0.18269582092761993
1451578421894,2,-0.020136194303631783,-0.15282617509365082,0.25924307107925415
1451578421914,2,0.21484419703483582,0.12106968462467194,0.2683236002922058
1451578421935,2,-0.18240509927272797,0.11304361373186111,0.17198446393013
1451578421950,2,-0.5202776193618774,0.14639408886432648,0.14673370122909546
1451578421974,2,-0.33501359820365906,0.19696341454982758,0.2884048521518707
1451578421995,2,-0.4530011713504791,-0.056138068437576294,0.1641308218240738
1451578422014,2,-0.2763688862323761,-0.07080839574337006,0.18348610401153564
1451578422031,2,-0.099124975502491,-0.17095482349395752,0.27349311113357544
1451578422057,2,-0.11572276800870895,-0.15529869496822357,0.44468146562576294
1451578422076,2,0.14058424532413483,-0.19234102964401245,0.4630185067653656
1451578422095,2,-0.044501516968011856,0.087795190513134,-0.6280874609947205
1451578422116,2,0.006792948115617037,0.08951719105243683,-0.8567980527877808
1451578422131,2,0.2593771517276764,-0.02415069192647934,-0.3311205506324768
1451578422158,2,0.29873108863830566,-0.1880003660917282,0.35502925515174866
1451578422171,2,0.3477915823459625,-0.19706366956233978,0.8120850324630737
1451578422196,2,-0.04380487650632858,-0.09084668755531311,0.6603373289108276
1451578422218,2,-0.079417385160923,0.029072074219584465,0.41880467534065247
1451578422241,1,-0.29904207587242126,0.17886516451835632,0.29074469208717346
1451578422262,1,-0.20246852934360504,0.08502513915300369,0.16450375318527222
1451578422277,1,-0.22822003066539764,0.06658054888248444,0.17326514422893524
1451578422299,1,-0.3946015536785126,0.027092881500720978,0.2367483228445053
1451578422317,1,-0.4315578043460846,0.030048809945583344,0.5490209460258484
1451578422338,1,-0.1931529939174652,0.1269812434911728,0.30524319410324097
1451578422358,1,-0.06403686106204987,0.12477993220090866,-0.17058686912059784
1451578422380,1,0.2721392810344696,0.07864069938659668,-0.5425766110420227
1451578422397,1,0.1310509890317917,-0.0638575553894043,-0.4359288215637207
1451578422418,1,-0.2570529580116272,-0.03575725108385086,0.2933633625507355
1451578422439,1,-0.37391868233680725,-0.01043839193880558,0.49122753739356995
1451578422459,1,-0.10226099193096161,0.041143033653497696,0.3189823627471924
1451578422480,1,-0.1396724432706833,0.07673077285289764,-0.1127764880657196
1451578422498,1,0.01619991473853588,0.047962360084056854,-0.5215811729431152
1451578422519,1,-0.5664108395576477,0.07485855370759964,0.4108101725578308
1451578422533,1,0.1917809098958969,-0.47920331358909607,0.4402449429035187
1451578422559,1,0.3530285656452179,-0.22216011583805084,0.09665887802839279
1451578422578,1,6.502357006072998,-4.146263599395752,-0.048338208347558975
1451578422598,1,-0.5988935232162476,0.22291560471057892,5.218265533447266
1451578422621,1,-5.173527240753174,1.7651152610778809,-2.9271810054779053
1451578422634,1,-3.9411919116973877,2.4038779735565186,-2.691896915435791
1451578422654,1,-1.5106724500656128,0.8031234741210938,-1.1751240491867065
1451578422678,1,1.2632741928100586,-0.7546066641807556,-0.2532370984554291
1451578422695,1,2.63063645362854,-1.1065926551818848,-0.3735661804676056
1451578422721,1,1.850693941116333,-0.7053139209747314,0.4484691619873047
1451578422741,1,-1.7410156726837158,0.9106436371803284,0.4950403571128845
1451578422760,1,-2.3009886741638184,0.9969339370727539,-0.2902297377586365
1451578422775,1,-1.819934368133545,0.843648374080658,-0.5296335220336914
1451578422800,1,-1.3518249988555908,0.5565159916877747,-0.2436392456293106
1451578422822,1,-0.7497532963752747,0.37741145491600037,0.1383855640888214
1451578422841,1,-0.025059020146727562,0.12470190227031708,0.5245961546897888
1451578422860,1,-0.03357583284378052,0.12414397299289703,0.6271668672561646
1451578422880,1,-0.12190845608711243,0.14697657525539398,0.38993221521377563
1451578422896,1,0.017229750752449036,0.0893210843205452,0.08117489516735077
1451578422922,1,0.13362717628479004,0.03580489009618759,-0.16894377768039703
1451578422941,1,0.30175572633743286,-0.1511649638414383,-0.17446108162403107
1451578422961,1,0.22798824310302734,-0.006200315896421671,0.030385786667466164
1451578422981,1,-0.035781361162662506,0.12288667261600494,0.2824041545391083
1451578423002,1,-0.2258576601743698,0.06515811383724213,0.27829262614250183
1451578423022,1,-0.10000460594892502,-0.012726503424346447,0.2989753484725952
1451578423042,1,-0.08207137137651443,-0.020542144775390625,0.44055765867233276
1451578423062,1,0.05599924549460411,-0.05982903018593788,0.15064825117588043
1451578423082,1,0.03625559061765671,-0.02387947402894497,0.06602700799703598
1451578423104,1,0.006461670622229576,0.05929010361433029,0.04588906094431877
1451578423125,1,-0.14702975749969482,0.051625557243824005,0.036302901804447174
1451578423143,1,0.024156244471669197,-0.03432575613260269,-0.09155541658401489
1451578423162,1,0.31665506958961487,0.0016933599254116416,-0.03280921280384064
1451578423182,1,0.37243086099624634,0.050115153193473816,0.13390694558620453
1451578423205,1,0.32175230979919434,0.13856150209903717,0.2174403965473175
1451578423223,1,0.18504010140895844,0.1114601418375969,0.10026421397924423
1451578423243,1,0.20799937844276428,0.05893266573548317,-0.029281623661518097
1451578423262,1,0.264268696308136,-0.1106102466583252,0.25076690316200256
1451578423283,1,0.2195284366607666,-0.18308131396770477,0.3866051137447357
1451578423304,1,0.014510171487927437,-0.05711071193218231,0.39247724413871765
1451578423323,1,-0.20494338870048523,0.10835691541433334,0.32977965474128723
1451578423343,1,-0.2702341079711914,0.13418401777744293,0.1667863130569458
1451578423363,1,-0.11749032884836197,0.027225861325860023,0.0451250895857811
1451578423384,1,-0.014378033578395844,0.0026093057822436094,0.36434417963027954
1451578423405,1,0.006735080387443304,0.049698974937200546,0.5714052319526672
1451578423419,1,0.017992278560996056,0.04476035013794899,0.34112465381622314
1451578423444,1,0.07523027062416077,-0.013131869025528431,0.01490706205368042
1451578423464,1,0.03704860433936119,0.0477495938539505,-0.07609715312719345
1451578423480,1,-0.17201390862464905,0.10748831927776337,0.19996494054794312
1451578423505,1,-0.20627310872077942,0.08416764438152313,0.17275545001029968
1451578423523,1,-0.20266123116016388,0.12499766796827316,0.10828326642513275
1451578423539,1,-0.30208078026771545,0.1804267168045044,0.15423603355884552
1451578423564,1,-0.28132137656211853,0.1712251752614975,0.07957330346107483
1451578423585,1,-0.1430405080318451,0.151590496301651,-0.06490414589643478
1451578423606,1,-0.2042636275291443,0.17558804154396057,-0.02621288411319256
1451578423624,1,-0.2883354425430298,0.15335224568843842,0.019767945632338524
1451578423645,1,-0.27571654319763184,0.13947218656539917,-0.0455097071826458
1451578423665,1,-0.15051953494548798,0.09326339513063431,-0.0879734680056572
1451578423686,1,-0.0399763286113739,0.04814063757658005,0.0383826307952404
1451578423705,1,0.15624244511127472,-0.017286065965890884,-0.007558452896773815
1451578423726,1,0.28029537200927734,-0.09030161798000336,0.06666179746389389
1451578423746,1,0.37274670600891113,-0.1327946037054062,0.1169113963842392
1451578423766,1,0.3377848267555237,-0.10185586661100388,0.1149386316537857
1451578423787,1,0.22144122421741486,-0.045738253742456436,0.09644611179828644
1451578423806,1,0.08372348546981812,-0.022923195734620094,0.11894728243350983
1451578423826,1,0.12096936255693436,-0.036853522062301636,0.36901453137397766
1451578423845,1,-0.025112193077802658,-0.0010492168366909027,0.5946317911148071
1451578423866,1,-0.06930109858512878,-0.05482640117406845,0.5074374675750732
1451578423886,1,0.048627544194459915,-0.0883113220334053,0.37909987568855286
1451578423906,1,-0.05541607365012169,-0.032753098756074905,0.25639528036117554
1451578423925,1,-0.10379476100206375,0.01838730461895466,0.16225217282772064
1451578423942,1,-0.11030377447605133,0.096797414124012,0.09097089618444443
1451578423967,1,-0.14739453792572021,0.10247428715229034,-0.08147066086530685
1451578423988,1,-0.08462781459093094,0.07854337990283966,-0.1481201946735382
1451578424007,1,-0.09090542793273926,0.11294833570718765,-0.06201835721731186
1451578424027,1,-0.073790043592453,0.06360065937042236,0.09476795047521591
1451578424048,1,-0.05928359925746918,0.06093757599592209,0.1775122880935669
1451578424067,1,-0.04185023531317711,0.03974924236536026,0.23355332016944885
1451578424088,1,0.08498648554086685,0.0229945071041584,0.20107612013816833
1451578424107,1,0.13974080979824066,0.0025923545472323895,0.1877063512802124
1451578424129,1,0.05751439929008484,-0.04534604027867317,0.16447335481643677
1451578424148,1,0.049910496920347214,-0.020021628588438034,0.12141980975866318
1451578424168,1,-0.021906858310103416,0.010074234567582607,0.1814420223236084
1451578424190,1,-0.08749580383300781,0.06971242278814316,0.32012102007865906
1451578424208,1,-0.09244601428508759,0.07672025263309479,0.36431965231895447
1451578424228,1,0.11034220457077026,-0.07637771964073181,0.21671266853809357
1451578424248,1,0.09724723547697067,-0.06776420772075653,0.16731998324394226
1451578424280,2,0.004825666546821594,-0.043060559779405594,-0.010071312077343464
1451578424290,2,-0.05431370064616203,-0.03362579271197319,-0.048407766968011856
1451578424314,2,-0.03827168047428131,-0.024534137919545174,-0.04070727527141571
1451578424324,2,-0.10103132575750351,0.05024433508515358,0.1393289715051651
1451578424351,2,-0.11387322843074799,0.06829085946083069,0.22989070415496826
1451578424374,2,0.05191252380609512,-0.005476385820657015,0.17678514122962952
1451578424390,2,0.17339268326759338,-0.03472527861595154,0.04473930597305298
1451578424405,2,0.204337939620018,0.031348492950201035,-0.0248462725430727
1451578424430,2,0.04991115629673004,0.11484452337026596,0.05280044674873352
1451578424452,2,-0.11082886159420013,0.12021920084953308,0.3782733380794525
1451578424471,2,-0.23815885186195374,0.19467969238758087,0.6150421500205994
1451578424487,2,-0.1740071326494217,0.2000356763601303,0.6784171462059021
1451578424511,2,0.01242737378925085,0.1374398022890091,0.4852794408798218
1451578424530,2,-0.030693061649799347,0.1148807629942894,0.2768716514110565
1451578424552,2,-0.09164368361234665,0.08022154122591019,0.23918460309505463
1451578424572,2,-0.07785481214523315,0.0583072267472744,0.2286147028207779
1451578424591,2,-0.030089762061834335,0.014011574909090996,0.07417875528335571
1451578424610,2,-0.08304766565561295,0.020368250086903572,-0.10032850503921509
1451578424632,2,-0.18381696939468384,0.006905541755259037,-0.2107914537191391
1451578424655,2,0.07747819274663925,-0.11956688016653061,-0.13270926475524902
1451578424671,2,0.2484947293996811,-0.19498656690120697,-0.05441431328654289
1451578424692,2,0.3430136740207672,-0.2340942919254303,-0.0645814836025238
1451578424711,2,0.4345788061618805,-0.24837446212768555,-0.12360241264104843
1451578424732,2,0.5384989976882935,-0.28630000352859497,-0.07558394223451614
1451578424753,2,0.7321048378944397,-0.3413204550743103,0.01965980976819992
1451578424768,2,-10.156153678894043,2.5185914039611816,3.1488077640533447
1451578424792,2,-7.224538326263428,-3.271562337875366,-3.6260430812835693
1451578424813,2,1.9897093772888184,3.1239094734191895,0.8864625096321106
1451578424834,2,3.9400405883789063,3.707385778427124,-0.046157356351614
1451578424854,2,1.803828239440918,0.8675175905227661,-0.8101829886436462
1451578424869,2,2.994034767150879,-1.2526766061782837,-0.44668638706207275
1451578424888,2,2.3506500720977783,-2.831698417663574,1.2081904411315918
1451578424912,2,1.3018919229507446,-1.6130430698394775,3.140125274658203
1451578424932,2,0.9575947523117065,0.21103987097740173,2.7805731296539307
1451578424954,2,0.6775801777839661,1.1867916584014893,0.9752958416938782
1451578424974,2,0.8478856682777405,0.1192927360534668,-0.9100877642631531
1451578424993,2,1.0509617328643799,-0.270043283700943,-0.34287703037261963
1451578425014,2,0.851524829864502,-0.32575786113739014,0.2494751214981079
1451578425036,2,0.5375630259513855,-0.2047220766544342,0.4490799903869629
1451578425055,2,0.2204187512397766,-0.042307693511247635,0.28417468070983887
1451578425075,2,0.056959833949804306,9.445874020457268E-4,0.04174363240599632
1451578425089,2,0.1449238806962967,-0.19527941942214966,-0.25736090540885925
1451578425110,2,0.3682785630226135,-0.2010568231344223,-0.18404899537563324
1451578425138,2,0.5293552279472351,-0.17510756850242615,0.012409400194883347
1451578425160,2,0.6098622679710388,-0.15490327775478363,0.1408335417509079
1451578425175,2,0.4757048189640045,-0.10636486858129501,0.13537701964378357
1451578425195,2,-0.0011832915479317307,0.10307225584983826,0.3622802495956421
1451578425215,2,0.059241440147161484,0.13143326342105865,0.4197486937046051
1451578425236,2,0.430936336517334,0.06771159917116165,0.3336983025074005
1451578425257,2,0.6209149360656738,0.06634382158517838,0.29259881377220154
1451578425275,2,0.6884719729423523,0.1064753383398056,0.29289281368255615
1451578425294,2,0.5531207323074341,0.07474982738494873,0.40811845660209656
1451578425311,2,0.40880194306373596,0.02092997543513775,0.3916857838630676
1451578425337,2,0.5136048197746277,-0.0365881472826004,0.22671383619308472
1451578425356,2,0.5881036520004272,-0.08714783191680908,0.2367909848690033
1451578425375,2,0.6279272437095642,-0.13852116465568542,0.3161117732524872
1451578425396,2,0.6158034205436707,-0.13537761569023132,0.3606242835521698
1451578425416,2,0.39609238505363464,-0.07637333869934082,0.2908470034599304
1451578425438,2,0.43822136521339417,-0.06671469658613205,0.11311843246221542
1451578425452,2,0.383544921875,-0.08903349936008453,0.030871523544192314
1451578425471,2,0.4343980848789215,-0.11553981155157089,-0.03744213655591011
1451578425496,2,0.3305748999118805,-0.09460048377513885,-0.047646719962358475
1451578425517,2,0.16487032175064087,0.029077041894197464,0.1303425431251526
1451578425532,2,0.27317190170288086,0.0640682727098465,0.2125590443611145
1451578425558,2,0.49131718277931213,0.0792412981390953,0.10256664454936981
1451578425576,2,0.4663296341896057,0.1154986023902893,0.007830839604139328
1451578425596,2,0.22136282920837402,0.13828852772712708,-0.0826478898525238
1451578425619,2,0.018888168036937714,0.026928339153528214,0.1438496708869934
1451578425638,2,0.011796090751886368,-0.09794248640537262,0.41817280650138855
1451578425658,2,0.06585358828306198,-0.12554624676704407,0.5246919989585876
1451578425677,2,0.15312980115413666,-0.003881225362420082,0.5252647995948792
1451578425693,2,0.14773815870285034,-5.740005290135741E-4,0.4014846980571747
1451578425721,2,0.3205811083316803,-0.011889760382473469,-0.2086135298013687
1451578425739,2,0.23668727278709412,0.01987023651599884,-0.33196285367012024
1451578425758,2,0.10486224293708801,0.07207272201776505,-0.2925117015838623
1451578425778,2,-0.011467150412499905,0.13179215788841248,-0.03029577061533928
1451578425798,2,0.025904184207320213,0.0798339992761612,0.2294049710035324
1451578425820,2,0.11429280787706375,-0.00514262355864048,0.3397890031337738
1451578425839,2,0.3366696238517761,0.011228665709495544,0.19178923964500427
1451578425859,2,0.3246525526046753,0.020649990066885948,0.17766660451889038
1451578425879,2,0.2452666014432907,-0.009344751946628094,0.3067746162414551
1451578425900,2,0.22009916603565216,-0.005166004411876202,0.4069581627845764
1451578425920,2,0.1804981380701065,-0.0393187440931797,0.32924365997314453
1451578425941,2,-0.14098303020000458,0.015306875109672546,0.556944727897644
1451578425955,2,0.03889591246843338,0.04004150256514549,0.34991058707237244
1451578425980,2,0.22996391355991364,0.03842296078801155,0.12294015288352966
1451578426000,2,0.21055378019809723,0.08174304664134979,-0.008710545487701893
1451578426021,2,0.15837924182415009,0.15366262197494507,-0.11822130531072617
1451578426041,2,-0.08621156960725784,0.13243570923805237,0.15703122317790985
1451578426060,2,-0.1918880194425583,0.18803952634334564,0.42499300837516785
1451578426080,2,-0.10840082913637161,0.10888532549142838,0.34042030572891235
1451578426101,2,0.09474537521600723,0.0693342313170433,0.1772661954164505
1451578426123,2,0.10496442764997482,0.14687691628932953,0.3728799521923065
1451578426140,2,-0.16009104251861572,0.12239888310432434,0.5240495800971985
1451578426161,2,0.07625080645084381,0.17755846679210663,-0.14121055603027344
1451578426181,2,-0.2573140561580658,0.23367489874362946,-0.11941197514533997
1451578426201,2,-0.3956487476825714,0.09407412260770798,-0.13481004536151886
1451578426216,2,0.36002016067504883,-0.18766631186008453,-0.366987407207489
1451578426242,2,0.8264492154121399,-0.31942835450172424,0.13006196916103363
1451578426261,2,-0.011934402398765087,-0.1399412602186203,0.5896323919296265
1451578426282,2,0.2067784070968628,-0.14174042642116547,0.0685240849852562
