1451578554074,0,0.7978168725967407,-0.386150062084198,0.22317221760749817
1451578554081,0,0.7978168725967407,-0.386150062084198,0.22317221760749817
1451578554095,1,0.7978168725967407,-0.386150062084198,0.22317221760749817
1451578554117,1,0.7978168725967407,-0.386150062084198,0.22317221760749817
1451578554136,1,0.7978168725967407,-0.386150062084198,0.22317221760749817
1451578554156,1,0.7978168725967407,-0.386150062084198,0.22317221760749817
1451578554175,1,0.7978168725967407,-0.386150062084198,0.22317221760749817
1451578554196,1,0.02686835266649723,-0.03016425296664238,-0.0017985738813877106
1451578554216,1,0.017216544598340988,-0.3860951364040375,-0.2683154344558716
1451578554237,1,0.033219583332538605,-0.3616439998149872,0.2581552565097809
1451578554261,1,-0.0025208238512277603,-0.556154191493988,1.0369441509246826
1451578554282,1,-0.046084072440862656,-0.66206955909729,1.3828765153884888
1451578554302,1,-0.5566031336784363,-0.2499503344297409,0.37162089347839355
1451578554322,1,-0.42633047699928284,0.03452683240175247,0.16383740305900574
1451578554341,1,0.0899411141872406,-0.1510883867740631,0.6260895729064941
1451578554361,1,-0.03584014251828194,0.1942410171031952,0.7868167161941528
1451578554386,1,-0.26691821217536926,0.5256485342979431,0.3502800166606903
1451578554402,1,-0.6265527606010437,0.6876596212387085,0.4566185772418976
1451578554422,1,-0.9534749984741211,0.539979875087738,1.0121335983276367
1451578554441,1,-0.5295040011405945,0.09779109805822372,1.1360697746276855
1451578554461,1,-0.1013852134346962,0.09940116107463837,0.2900286614894867
1451578554484,1,0.08710390329360962,0.43462738394737244,0.22823183238506317
1451578554502,1,-0.41489773988723755,0.6039303541183472,0.35972005128860474
1451578554526,1,-0.7055928111076355,0.5247980952262878,0.3351099193096161
1451578554543,1,-0.5049417018890381,0.21364626288414001,0.4242495000362396
1451578554557,1,-0.36604881286621094,0.23111090064048767,0.3789876401424408
1451578554584,1,-0.3674790561199188,0.2650093734264374,0.08545885235071182
1451578554603,1,-0.4754984676837921,0.3301490843296051,-0.35920390486717224
1451578554623,1,-0.7210717797279358,0.2657260000705719,-0.6176783442497253
1451578554642,1,-0.8246338367462158,0.3910162150859833,-0.8706400990486145
1451578554666,1,-0.6302693486213684,-0.03282353654503822,0.2075561285018921
1451578554682,1,-0.012303820811212063,-0.2077990025281906,-0.5341828465461731
1451578554704,1,12.75234603881836,-6.396921157836914,-1.8971412181854248
1451578554722,1,-1.0769885778427124,-1.22858464717865,6.9128804206848145
1451578554743,1,-0.08976038545370102,1.1070072650909424,0.2177034318447113
1451578554763,1,-5.8142991065979,1.8036361932754517,-3.320361375808716
1451578554780,1,-3.1036200523376465,0.7544605135917664,-1.676363229751587
1451578554805,1,-0.25852781534194946,0.02098112180829048,-1.2770482301712036
1451578554823,1,2.222743511199951,-1.330259084701538,-1.8890671730041504
1451578554843,1,2.920294761657715,-1.386800765991211,-1.4491782188415527
1451578554863,1,-2.2873146533966064,0.47025108337402344,2.8380863666534424
1451578554885,1,-4.077165126800537,1.2627041339874268,3.335347890853882
1451578554904,1,-2.7219395637512207,0.8017504215240479,1.74477219581604
1451578554924,1,-0.9086881279945374,0.10143880546092987,0.37415072321891785
1451578554948,1,-0.06425099074840546,-0.4772454798221588,-0.15287935733795166
1451578554965,1,0.295730322599411,-0.4148217439651489,0.08005845546722412
1451578554987,1,0.12591609358787537,-0.08482786267995834,0.6313011646270752
1451578555006,1,-0.08161964267492294,0.15429098904132843,0.8795996308326721
1451578555025,1,-0.5564034581184387,0.3204077184200287,0.7181611657142639
1451578555045,1,-0.49927210807800293,0.21006782352924347,0.2617173492908478
1451578555067,1,-0.14398646354675293,0.07480155676603317,-0.16007483005523682
1451578555087,1,-0.08975028991699219,0.11006985604763031,0.0385749377310276
1451578555105,1,-0.29031607508659363,0.1283656805753708,0.46082302927970886
1451578555125,1,-0.605186939239502,-0.042127955704927444,0.5865501761436462
1451578555145,1,-0.49098527431488037,-0.16832184791564941,0.2569160759449005
1451578555168,1,-0.41690197587013245,-0.15795066952705383,-0.09787935763597488
1451578555189,1,-0.5250792503356934,0.022621581330895424,0.2777233123779297
1451578555206,1,-0.5107475519180298,-0.07173427939414978,0.43977090716362
1451578555226,1,-0.42281439900398254,-0.0529068298637867,0.6207219362258911
1451578555246,1,-0.4595898389816284,-0.09815759211778641,0.8456634879112244
1451578555268,1,-0.55754154920578,-0.143473818898201,0.8016051650047302
1451578555288,1,-0.3216245472431183,0.07230681926012039,0.49137482047080994
1451578555306,1,0.14365027844905853,0.03255056217312813,0.10861001163721085
1451578555326,1,0.32698625326156616,0.024980420246720314,-0.07699614763259888
1451578555347,1,0.38740354776382446,-0.03381108492612839,0.14343583583831787
1451578555369,1,0.48867571353912354,-0.09794482588768005,0.36709320545196533
1451578555386,1,0.5690491199493408,-0.21791531145572662,0.3082149028778076
1451578555406,1,0.4981692135334015,-0.16196517646312714,0.08001403510570526
1451578555427,1,0.5990720391273499,-0.03257686644792557,0.13892799615859985
1451578555448,1,0.6939064264297485,-0.1286088526248932,0.13664309680461884
1451578555469,1,0.6641116142272949,-0.16027356684207916,0.15565642714500427
1451578555488,1,0.39902186393737793,-0.17951807379722595,0.23285073041915894
1451578555508,1,0.15515956282615662,-0.07688011974096298,0.6113719344139099
1451578555531,1,0.12883314490318298,-0.11788637936115265,0.5418716669082642
1451578555549,1,0.14059238135814667,0.0027703414671123028,0.3887842297554016
1451578555570,1,0.012118271552026272,0.0402308888733387,0.2812018096446991
1451578555588,1,-0.09118840843439102,-0.007416998501867056,0.235839381814003
1451578555608,1,-0.006201320793479681,-0.07168255001306534,0.06670914590358734
1451578555628,1,-0.06975430250167847,-0.09395751357078552,0.15216390788555145
1451578555650,1,0.05272281542420387,-0.10766250640153885,0.08003098517656326
1451578555669,1,0.15467523038387299,-0.10653700679540634,-0.10523790866136551
1451578555689,1,0.17109958827495575,-0.08728811889886856,-0.25215983390808105
1451578555710,1,-0.02617121860384941,-0.04737374559044838,-0.1520616114139557
1451578555730,1,-0.21000736951828003,0.024967268109321594,0.1483721137046814
1451578555750,1,-0.10575338453054428,0.004801847506314516,0.1948264092206955
1451578555771,1,-0.01069136243313551,-0.06304799020290375,0.27571195363998413
1451578555789,1,0.14219757914543152,-0.1259332001209259,0.36401334404945374
1451578555810,1,0.07334697991609573,-0.1259475201368332,0.4324930012226105
1451578555830,1,-0.25071316957473755,0.11780425161123276,0.33255788683891296
1451578555852,1,-0.08141845464706421,0.17174334824085236,0.2444511502981186
1451578555871,1,-0.1561906337738037,0.11158201843500137,0.20067746937274933
1451578555890,1,-0.14078344404697418,0.0729684978723526,0.15224690735340118
1451578555911,1,-0.07708422839641571,0.05985065922141075,0.22275136411190033
1451578555933,1,-0.0579298660159111,0.0025564064271748066,0.16783025860786438
1451578555947,1,-0.17140629887580872,-3.033668617717922E-4,0.20815525949001312
1451578555971,1,-0.2966231405735016,0.059287179261446,0.2953127324581146
1451578555991,1,-0.2644081115722656,0.02004588581621647,0.3614017069339752
1451578556011,1,-0.29541128873825073,-0.038718439638614655,0.4835568368434906
1451578556033,1,-0.20223726332187653,-0.031474459916353226,0.3050210773944855
1451578556055,1,-0.05845111235976219,0.15045447647571564,-0.0650058463215828
1451578556071,1,-0.0401603989303112,0.13021686673164368,0.012361468747258186
1451578556091,1,0.03386497125029564,0.0510769858956337,0.16353227198123932
1451578556112,2,0.10560698062181473,-0.044986557215452194,0.348864883184433
1451578556135,2,0.11923731863498688,-0.06469225138425827,0.4896107316017151
1451578556162,2,0.19948731362819672,0.07048486918210983,0.3441302478313446
1451578556173,2,0.11220292747020721,0.06173369660973549,0.2682441174983978
1451578556192,2,0.05525043606758118,0.01565086655318737,0.16482172906398773
1451578556213,2,0.0668257549405098,0.0015650574350729585,0.1749795526266098
1451578556233,2,-0.04467613995075226,-0.06823182851076126,0.2790577709674835
1451578556253,2,-0.16193887591362,-0.09446399658918381,0.2333165854215622
1451578556272,2,-0.10057064890861511,-0.04658902436494827,0.3295470178127289
1451578556293,2,-0.09957173466682434,-0.03668693080544472,0.3716185688972473
1451578556312,2,0.08097425848245621,0.02802461013197899,0.20104630291461945
1451578556334,2,0.1113654151558876,0.101786307990551,0.08406009525060654
1451578556354,2,-0.03716711699962616,0.16710633039474487,0.07884440571069717
1451578556372,2,0.0012518631992861629,0.23921354115009308,0.14451543986797333
1451578556392,2,0.0025752573274075985,0.17628566920757294,0.2638935148715973
1451578556413,2,0.16282357275485992,0.16324877738952637,0.22479893267154694
1451578556435,2,0.18322770297527313,0.14245031774044037,0.12205226719379425
1451578556453,2,0.20261716842651367,0.030611412599682808,0.036332711577415466
1451578556469,2,2.5134453773498535,-2.447988748550415,0.2502560317516327
1451578556493,2,-9.558114051818848,-1.4497184753417969,-0.06686930358409882
1451578556514,2,-7.2328033447265625,4.956864356994629,2.6956863403320313
1451578556536,2,0.054943233728408813,7.863285541534424,0.19155192375183105
1451578556556,2,-0.36597368121147156,3.0633881092071533,-0.3340092599391937
1451578556575,2,1.0343613624572754,-3.6385037899017334,-1.424422025680542
1451578556594,2,1.9031398296356201,-3.3276326656341553,0.8851414918899536
1451578556615,2,1.4630054235458374,-1.2660473585128784,2.533507823944092
1451578556637,2,0.7257322072982788,0.8428054451942444,2.362748622894287
1451578556655,2,-0.173739492893219,1.2668726444244385,0.6168997287750244
1451578556675,2,-0.28545910120010376,0.22688129544258118,-0.6839379668235779
1451578556694,2,0.23124413192272186,-0.5865031480789185,-0.19291560351848602
1451578556717,2,0.53485107421875,-0.2762187421321869,0.16013211011886597
1451578556740,2,0.3211173415184021,0.0016284780576825142,0.21289397776126862
1451578556756,2,-0.23590350151062012,0.027496786788105965,0.05403028056025505
1451578556776,2,-0.5402197241783142,0.01959814317524433,-0.09777472913265228
1451578556797,2,-0.54237961769104,-0.5058668851852417,-0.18202070891857147
1451578556818,2,-0.29184383153915405,-0.5686430931091309,-0.6149380803108215
1451578556839,2,-0.010821035131812096,-0.4324871599674225,-0.602422297000885
1451578556856,2,0.06854195147752762,-0.36723554134368896,0.16988719999790192
1451578556876,2,0.11634459346532822,-0.4114496409893036,0.8863427042961121
1451578556896,2,-0.042036477476358414,-0.36648061871528625,0.7875263690948486
1451578556917,2,-0.18927626311779022,-0.0548936203122139,0.3485989272594452
1451578556939,2,-0.45919835567474365,0.26736557483673096,0.13922668993473053
1451578556956,2,-0.5815182328224182,0.5820318460464478,0.18621815741062164
1451578556976,2,-0.6413854956626892,0.5911585688591003,0.4262392222881317
1451578556997,2,-0.4381302297115326,0.31271570920944214,0.8529863953590393
1451578557018,2,0.0036515083629637957,-0.11054214835166931,1.3191285133361816
1451578557037,2,0.014548019506037235,0.10582447797060013,0.817200779914856
1451578557056,2,-0.31456199288368225,0.4671180546283722,-0.12361820042133331
1451578557079,2,-0.47051236033439636,0.9326371550559998,-0.9980430603027344
1451578557098,2,-0.4776565432548523,1.1045944690704346,-1.1639958620071411
1451578557119,2,0.4361759126186371,0.7058026194572449,-0.36612290143966675
1451578557137,2,0.9129282832145691,0.3279150426387787,0.12569324672222137
1451578557157,2,1.0694116353988647,0.12220277637243271,0.42953768372535706
1451578557178,2,0.9622794985771179,0.11838497221469879,0.7084323763847351
1451578557199,2,0.7914910316467285,0.16272388398647308,0.8834142684936523
1451578557219,2,0.9514362812042236,-0.11536270380020142,0.5565542578697205
1451578557239,2,0.9604881405830383,-0.27378010749816895,0.4845639765262604
1451578557259,2,0.7854918241500854,-0.3552843928337097,0.5103262066841125
1451578557279,2,0.6089125871658325,-0.3902057707309723,0.42260172963142395
1451578557300,2,0.43183761835098267,-0.4158475697040558,0.24846389889717102
1451578557320,2,0.31874221563339233,-0.4897787868976593,-0.14072014391422272
1451578557340,2,0.3195372521877289,-0.43101242184638977,-0.15355682373046875
1451578557359,2,0.2060701847076416,-0.47836512327194214,-0.055717796087265015
1451578557379,2,0.16032032668590546,-0.5058630704879761,-0.012805705890059471
1451578557400,2,0.1615716814994812,-0.49409109354019165,-0.08679916709661484
1451578557423,2,0.09481440484523773,-0.47502633929252625,-0.17610475420951843
1451578557439,2,0.2241276502609253,-0.27678659558296204,-0.5043769478797913
1451578557459,2,0.20902328193187714,-0.1448807716369629,-0.38562604784965515
1451578557483,2,-0.011460172943770885,-0.14571283757686615,0.049182258546352386
1451578557502,2,-0.22871939837932587,-0.26972001791000366,0.24476328492164612
1451578557524,2,-0.16507555544376373,-0.1653311401605606,0.1873456984758377
1451578557541,2,-0.40614041686058044,0.36866995692253113,0.23140813410282135
1451578557566,2,-0.4438047409057617,0.45104748010635376,0.37966859340667725
1451578557580,2,-0.374146431684494,0.39692574739456177,0.4762117564678192
1451578557601,2,-0.1756419688463211,0.3113318681716919,0.4390437602996826
1451578557620,2,-0.05882018432021141,0.20877836644649506,0.3953022360801697
1451578557640,2,-0.11477828770875931,0.3830260932445526,-0.06243804469704628
1451578557661,2,-0.1767568588256836,0.5626128315925598,-0.5204793214797974
1451578557683,2,-0.12068170309066772,0.5511193871498108,-0.7627537250518799
1451578557702,2,0.18599660694599152,0.41781362891197205,-0.40248191356658936
1451578557721,2,0.37135571241378784,0.05505991727113724,0.33299511671066284
1451578557741,2,0.3689437210559845,-0.16422347724437714,0.6647533774375916
1451578557762,2,-0.3488106429576874,-0.08609277009963989,-0.2689291834831238
1451578557783,2,-0.16586758196353912,-0.19156652688980103,-0.3447013199329376
1451578557803,2,-0.09117299318313599,-0.3540457785129547,-0.08918868750333786
1451578557818,2,0.2748749554157257,-0.4345417618751526,0.2715665400028229
1451578557838,2,0.4407941401004791,-0.5382111072540283,0.6754928231239319
1451578557862,2,-0.0994466096162796,-0.7714105248451233,0.7767196893692017
1451578557884,2,-0.04140234366059303,-0.46997401118278503,0.2983195185661316
1451578557905,2,-0.10873465985059738,-0.2583998739719391,-0.050644148141145706
1451578557923,2,-0.06989197432994843,-0.19122955203056335,0.21377544105052948
1451578557943,2,0.03796656057238579,-0.4120055139064789,0.6017881035804749
1451578557963,2,0.011544161476194859,-0.6127474308013916,0.8603653907775879
1451578557985,2,-0.02042359672486782,-0.3478948771953583,0.9867630004882813
1451578558005,2,-0.3826226592063904,-0.10074760764837265,0.802471399307251
1451578558022,2,-0.6231786012649536,0.07247837632894516,0.32647183537483215
1451578558043,2,-0.409280002117157,0.2811921536922455,-0.23959319293498993
1451578558062,2,-0.2824051082134247,0.3523351848125458,-0.4844447374343872
1451578558079,2,-0.5426066517829895,0.33129093050956726,-0.03996726870536804
1451578558099,2,-0.5602626800537109,0.36423927545547485,0.16313597559928894
1451578558129,1,-0.45958438515663147,0.4885822832584381,0.2573264241218567
1451578558145,1,-0.37395113706588745,0.44850948452949524,0.38525545597076416
1451578558169,1,-0.30730846524238586,0.2852911055088043,0.39071956276893616
1451578558189,1,0.18746238946914673,0.3127490282058716,-0.2161579579114914
1451578558205,1,-0.16904307901859283,0.43368399143218994,-0.08220423758029938
1451578558224,1,-0.46687448024749756,0.43216919898986816,0.10119301825761795
1451578558245,1,-0.412916362285614,0.32621172070503235,0.1885252594947815
1451578558264,1,0.04193144664168358,0.28191491961479187,0.3323281705379486
1451578558286,1,-0.002574015175923705,0.13949410617351532,1.0369892120361328
1451578558305,1,-0.045251090079545975,0.07446517050266266,0.683726966381073
1451578558320,1,0.13879410922527313,0.2984282374382019,0.41515374183654785
1451578558341,1,-0.2926522493362427,0.15591450035572052,0.43593934178352356
1451578558367,1,-0.22213220596313477,0.15997779369354248,0.41263797879219055
1451578558388,1,-0.15993447601795197,0.04970043525099754,0.10695990920066833
1451578558405,1,-0.18697376549243927,0.6197142004966736,0.44980713725090027
1451578558425,1,-0.8101168274879456,-0.07687076926231384,0.6315718293190002
1451578558445,1,0.19364818930625916,-0.61464524269104,-0.7848948240280151
1451578558469,1,9.170029640197754,-5.999161243438721,-2.011178493499756
1451578558483,1,-0.9548038244247437,-1.761146068572998,6.511891841888428
1451578558505,1,-5.653658866882324,2.756643533706665,-2.6904678344726563
1451578558526,1,-6.288336277008057,2.450313091278076,-3.96120548248291
1451578558547,1,-1.131457805633545,0.7093544602394104,-1.8405653238296509
1451578558569,1,1.1721954345703125,-0.46050241589546204,-1.7761633396148682
1451578558590,1,2.150214672088623,-1.0605156421661377,-1.3945330381393433
1451578558606,1,2.2269225120544434,-0.6116712093353271,0.7738403677940369
1451578558626,1,-0.10658340156078339,-0.2796180248260498,1.493094563484192
1451578558647,1,-1.446561336517334,0.23943829536437988,1.3351216316223145
1451578558667,1,-1.044308066368103,0.37620383501052856,0.6786357760429382
1451578558682,1,-0.17795579135417938,-0.1731824427843094,0.24276071786880493
1451578558706,1,0.666471004486084,-0.4855819344520569,0.3060954213142395
1451578558726,1,0.5275228023529053,-0.23523148894309998,0.4930436313152313
1451578558747,1,0.4432295262813568,-0.07879150658845901,0.4220394194126129
1451578558770,1,0.36952677369117737,-0.055403321981430054,0.25553837418556213
1451578558788,1,0.3321244716644287,-0.06176029145717621,0.28222179412841797
1451578558807,1,0.3357391357421875,-0.15330956876277924,0.3450228273868561
1451578558828,1,0.5849632620811462,-0.27789369225502014,-0.06084756180644035
1451578558849,1,0.9629761576652527,-0.2600155174732208,-0.5212129354476929
1451578558870,1,0.8532264232635498,-0.0736444965004921,-0.35587212443351746
1451578558890,1,0.387480229139328,0.0956307053565979,0.11553250998258591
1451578558908,1,0.4008573591709137,0.1285930573940277,0.3985065817832947
1451578558928,1,0.7512577772140503,-0.2889551818370819,0.35822951793670654
1451578558950,1,0.7979454398155212,-0.0955260768532753,0.47778236865997314
1451578558972,1,0.6712592244148254,0.060777418315410614,0.5890034437179565
1451578558989,1,0.482688844203949,0.06922756135463715,0.511975109577179
1451578559008,1,0.3695172071456909,-0.06490472704172134,0.4907558262348175
1451578559029,1,0.18919235467910767,-0.009075579233467579,0.9397551417350769
1451578559051,1,0.013414192944765091,0.13533757627010345,0.9267705678939819
1451578559066,1,0.3143232762813568,0.017391864210367203,0.4721463918685913
1451578559089,1,0.537167489528656,-0.1928437054157257,0.07621464133262634
1451578559111,1,0.4184775650501251,-0.18400515615940094,0.08025836199522018
1451578559130,1,0.23980887234210968,-0.039390929043293,0.19934943318367004
1451578559152,1,0.11000432074069977,0.02426847256720066,-0.05667699873447418
1451578559172,1,0.2645643949508667,-0.034455813467502594,-0.30173662304878235
1451578559190,1,0.4109005630016327,-0.03114858828485012,-0.3094669282436371
1451578559210,1,0.4132400453090668,-0.07682546973228455,-0.16570553183555603
1451578559233,1,0.29255926609039307,-0.12753215432167053,0.09434358775615692
1451578559252,1,0.25657063722610474,-0.18708646297454834,0.38478198647499084
1451578559272,1,0.13906557857990265,-0.18194063007831573,0.4142068326473236
1451578559291,1,0.09880473464727402,-0.12172464281320572,0.3535439670085907
1451578559311,1,0.23967385292053223,-0.21698534488677979,0.06798165291547775
1451578559333,1,0.2656749188899994,-0.31140607595443726,-0.2036544382572174
1451578559352,1,0.20689839124679565,-0.14041677117347717,-0.29516837000846863
1451578559372,1,0.2104206532239914,-0.20250731706619263,0.11419044435024261
1451578559387,1,0.0941661149263382,-0.3464619219303131,0.6341255903244019
1451578559412,1,-0.13268530368804932,-0.35649290680885315,1.0111960172653198
1451578559434,1,-0.18082967400550842,-0.24770517647266388,0.935457170009613
1451578559452,1,-0.12248692661523819,-0.17102818191051483,0.48176878690719604
1451578559471,1,-0.09564144909381866,0.022909458726644516,0.250650018453598
1451578559487,1,-0.30369508266448975,0.09936171025037766,0.18329204618930817
1451578559511,1,-0.25187692046165466,0.25788697600364685,0.048072248697280884
1451578559535,1,-0.15007789433002472,0.29818859696388245,0.1627829223871231
1451578559553,1,0.020256459712982178,0.24089257419109344,0.6017769575119019
1451578559573,1,0.29794490337371826,0.23911096155643463,0.8095785975456238
1451578559592,1,-0.1901528686285019,0.3734574615955353,0.3442208468914032
1451578559612,1,-0.5425786375999451,0.6513505578041077,-0.29347148537635803
1451578559634,1,-0.4243699014186859,0.6752972602844238,-0.8393956422805786
1451578559653,1,-0.11974997818470001,0.5818070769309998,-0.9349357485771179
1451578559673,1,0.0295474361628294,0.33874592185020447,0.10682079195976257
1451578559693,1,0.2365625947713852,0.20663988590240479,0.47800740599632263
1451578559713,1,0.4150528609752655,0.07037527114152908,0.6693623065948486
1451578559735,1,0.4746835231781006,0.03573650121688843,0.8050134778022766
1451578559753,1,0.37897586822509766,0.027741702273488045,0.6725830435752869
1451578559773,1,0.2702549397945404,0.12654343247413635,0.453447550535202
1451578559794,1,0.18091939389705658,0.13881517946720123,0.15378829836845398
1451578559814,1,0.2550044059753418,0.08850479871034622,0.2118576169013977
1451578559834,1,0.3418016731739044,0.0014025602722540498,0.29619187116622925
1451578559855,1,0.3555309772491455,-0.0729006975889206,0.28892040252685547
1451578559875,1,0.325412392616272,-0.052032969892024994,0.25070786476135254
1451578559891,1,0.19472624361515045,-0.13184505701065063,0.2893657982349396
1451578559917,1,0.22967568039894104,-0.20277123153209686,0.24567338824272156
1451578559930,1,0.1900140345096588,-0.3337462246417999,0.3118874430656433
1451578559955,1,0.05517784506082535,-0.263047993183136,0.48769643902778625
1451578559976,1,-0.15647593140602112,-0.12058833241462708,0.5441980957984924
1451578559995,1,-0.10086188465356827,-0.0752352774143219,0.21581542491912842
1451578560020,1,0.031352877616882324,-0.08898381143808365,0.0557774193584919
1451578560036,1,0.09535627067089081,-0.10886486619710922,0.07965689152479172
1451578560054,1,0.13665874302387238,-0.1377577781677246,0.1429787278175354
1451578560074,1,0.17725874483585358,-0.186043381690979,0.13983634114265442
1451578560095,1,0.007170257158577442,-0.17995178699493408,0.12401625514030457
1451578560119,1,-0.038329292088747025,-0.0563005656003952,0.0797872394323349
1451578560142,2,0.0713646411895752,-0.02295505255460739,0.14868074655532837
1451578560157,2,0.008190320804715157,-0.04237374663352966,0.11207623034715652
1451578560182,2,-0.26263782382011414,-0.11055208742618561,-0.1950836032629013
1451578560200,2,-0.1891118288040161,0.1014186441898346,-0.9447142481803894
1451578560221,2,-0.11324498057365417,0.2368842214345932,-0.6950163841247559
1451578560238,2,-0.09466537088155746,0.12747253477573395,0.019977789372205734
1451578560261,2,-0.17117957770824432,-0.22862054407596588,0.8846634030342102
1451578560281,2,0.17475786805152893,-0.4842112064361572,1.311065673828125
1451578560301,2,0.0619024783372879,-0.29950669407844543,0.593795895576477
1451578560322,2,-0.16363288462162018,-0.15944266319274902,0.2741810977458954
1451578560341,2,-0.18004699051380157,-0.17087386548519135,0.11787234991788864
1451578560361,2,0.015448110178112984,-0.21734774112701416,0.10250117629766464
1451578560380,2,0.25959107279777527,-0.3104632496833801,0.30598610639572144
1451578560403,2,0.2981961965560913,-0.5150459408760071,0.7450637817382813
1451578560423,2,0.16747123003005981,-0.5724062323570251,0.37412381172180176
1451578560442,2,-0.1269623190164566,-0.2918710708618164,-0.4284241497516632
1451578560460,2,0.2940271496772766,0.3313187062740326,-0.9184972643852234
1451578560484,2,0.9862626194953918,0.34851914644241333,-0.26852118968963623
1451578560502,2,-0.42654651403427124,0.1383162885904312,0.5391384363174438
1451578560522,2,-0.5919764637947083,0.2706824541091919,0.16080723702907562
1451578560545,2,-0.09292276203632355,-0.08810878545045853,0.45470601320266724
1451578560570,2,0.3694820702075958,0.004697510041296482,0.5388426780700684
1451578560589,2,0.25522738695144653,0.18730682134628296,0.09579846262931824
1451578560608,2,0.06380436569452286,0.20118220150470734,-0.24670273065567017
1451578560628,2,-0.07845737785100937,0.09342355281114578,-0.10405892878770828
1451578560651,2,-0.06549254059791565,-0.06214446946978569,0.18477964401245117
1451578560670,2,0.13189977407455444,-0.20033596456050873,0.7097773551940918
1451578560691,2,-0.6604130268096924,0.17780454456806183,0.5039519667625427
1451578560705,2,-1.1156353950500488,0.5032090544700623,-0.40534430742263794
1451578560729,2,-0.8858301043510437,0.6098825335502625,-0.5998141765594482
1451578560752,2,-0.4068872928619385,0.4272184371948242,-0.18399405479431152
1451578560766,2,0.0889987200498581,0.016904519870877266,0.2649257779121399
1451578560790,2,0.34651780128479004,-0.17705987393856049,0.644121527671814
1451578560809,2,-0.22908392548561096,0.2727133631706238,0.4501461684703827
1451578560830,2,-0.4812959134578705,0.4213710129261017,0.016857026144862175
1451578560852,2,-0.48999592661857605,0.4273425042629242,-0.10697919875383377
1451578560871,2,-0.2561488151550293,0.20021569728851318,0.16098667681217194
1451578560890,2,-0.05003901943564415,0.008183598518371582,0.4371066391468048
1451578560911,2,0.1735057532787323,0.028507716953754425,0.395405113697052
1451578560931,2,0.013030965812504292,0.1363932192325592,0.3440057635307312
1451578560953,2,-0.11937471479177475,0.14559797942638397,0.5032348036766052
1451578560966,2,-0.10606296360492706,-0.03660305216908455,0.6342705488204956
1451578560992,2,0.1294916272163391,-0.1609630137681961,0.522602915763855
1451578561011,2,0.3395175635814667,-0.031361646950244904,0.3794499933719635
1451578561034,2,0.12601232528686523,0.1733829379081726,0.013802316039800644
1451578561052,2,0.024887189269065857,0.20990970730781555,-0.41955989599227905
1451578561073,2,0.2337198406457901,0.13272680342197418,-0.4471668601036072
1451578561091,2,0.3148808479309082,-0.12175474315881729,-0.1559744030237198
1451578561112,2,0.43133723735809326,-0.3384763300418854,0.24174129962921143
1451578561134,2,0.3823886811733246,-0.3251766860485077,0.3197557032108307
1451578561153,2,0.3610647916793823,-0.1665033996105194,0.09380056709051132
1451578561172,2,0.4564754068851471,-0.16212737560272217,0.20971769094467163
1451578561192,2,-27.667497634887695,-6.51297664642334,2.6455929279327393
1451578561208,2,-2.084408760070801,1.2724945545196533,-0.18180735409259796
1451578561234,2,5.516785621643066,0.9197545647621155,-0.5506587624549866
1451578561255,2,5.830996036529541,-0.3690739870071411,-1.9526252746582031
1451578561272,2,3.179691791534424,-0.1735471785068512,-0.6652262806892395
1451578561293,2,-0.5070782899856567,-0.30523791909217834,1.8485639095306396
1451578561308,2,-0.7934399843215942,-0.5396189093589783,1.494614839553833
1451578561335,2,2.646209478378296,0.8085425496101379,0.4031149446964264
1451578561355,2,2.7605645656585693,1.02428138256073,-0.10742928087711334
1451578561373,2,2.050152063369751,0.9124594330787659,-0.6154875159263611
1451578561393,2,1.4878358840942383,0.5887729525566101,-0.676718533039093
1451578561416,2,1.212791085243225,0.4024602770805359,-0.3289782702922821
1451578561435,2,1.2812755107879639,0.36728549003601074,-0.0055547114461660385
1451578561459,2,1.690216064453125,0.44533321261405945,-0.0297270305454731
1451578561477,2,1.5535078048706055,0.49400004744529724,0.010106383822858334
1451578561511,2,1.1331682205200195,0.5249965190887451,0.1350175440311432
1451578561522,2,0.717106819152832,0.38339799642562866,0.11926117539405823
1451578561535,2,0.47973713278770447,0.3997260332107544,0.025698505342006683
1451578561554,2,0.7254235148429871,0.30724018812179565,0.2304910123348236
1451578561570,2,1.0195997953414917,0.3846639394760132,0.36383742094039917
1451578561594,2,1.0237103700637817,0.4589221775531769,0.43947044014930725
1451578561611,2,0.8788918256759644,0.37278351187705994,0.38942426443099976
1451578561634,2,0.7744011282920837,0.2411053478717804,0.25004443526268005
1451578561656,2,0.44115403294563293,0.45280370116233826,0.19508008658885956
1451578561675,2,0.5322303771972656,0.5142515301704407,0.06321428716182709
1451578561695,2,0.762660801410675,0.3988794982433319,-0.07810790836811066
1451578561716,2,0.9327100515365601,0.21739917993545532,0.20478197932243347
1451578561737,2,1.188567876815796,0.16746610403060913,0.8193167448043823
1451578561755,2,1.0990662574768066,0.19388678669929504,0.4835767149925232
1451578561775,2,0.35667532682418823,0.19110973179340363,-0.10426000505685806
1451578561795,2,0.07488353550434113,-0.15217062830924988,-0.3290571868419647
1451578561817,2,0.3087320923805237,0.4822673797607422,0.13017770648002625
1451578561837,2,0.3416876792907715,0.3851093351840973,-0.12794014811515808
1451578561856,2,0.4985010325908661,0.4509475529193878,-0.20362405478954315
1451578561876,2,0.7453130483627319,-0.16038520634174347,0.25928279757499695
1451578561896,2,0.40993520617485046,-0.26846083998680115,0.35489773750305176
1451578561919,2,0.1646280288696289,-0.17171382904052734,0.35212066769599915
1451578561938,2,0.23861375451087952,0.06975538283586502,0.27264031767845154
1451578561956,2,0.35961008071899414,0.2129834145307541,0.17071254551410675
1451578561976,2,0.5611263513565063,0.2521574795246124,-0.15646657347679138
1451578561998,2,0.45436277985572815,0.23685850203037262,-0.33104923367500305
1451578562019,2,0.30204081535339355,0.17548692226409912,-0.2705775201320648
1451578562038,2,0.08960132300853729,0.16182459890842438,-0.23278293013572693
1451578562056,2,0.1027851402759552,0.05773819610476494,-0.24194297194480896
1451578562077,2,0.20248927175998688,0.2600596249103546,-0.10426292568445206
1451578562099,2,0.12584657967090607,0.09990327060222626,0.22239947319030762
1451578562119,2,0.254466712474823,-0.1458876132965088,0.446679949760437
1451578562137,2,0.33539631962776184,-0.14140959084033966,0.5112035870552063
1451578562160,1,0.39881327748298645,-0.07829437404870987,0.6459767818450928
1451578562179,1,0.21755601465702057,0.09853197634220123,0.4658791422843933
1451578562203,1,0.29317477345466614,0.2609758675098419,-0.24551089107990265
1451578562221,1,0.1984051764011383,0.2513149082660675,-0.4393342435359955
1451578562238,1,0.08159630000591278,0.4662582278251648,-0.5117343068122864
1451578562254,1,0.21637071669101715,0.4428226947784424,-0.13772797584533691
1451578562278,1,0.2801246643066406,-0.17368966341018677,0.6558674573898315
1451578562300,1,0.40594831109046936,-0.5892484784126282,0.7878075242042542
1451578562321,1,0.16495822370052338,0.1962900459766388,0.025305122137069702
1451578562339,1,0.2998054325580597,0.4117264151573181,0.25209668278694153
1451578562359,1,0.6912668347358704,0.2092795968055725,-0.1808510720729828
1451578562379,1,0.5854408144950867,0.06774593889713287,-0.11500468105077744
1451578562400,1,0.7870668768882751,-0.4003722071647644,0.7944190502166748
1451578562421,1,0.6025398373603821,-0.6647849678993225,1.5012983083724976
1451578562439,1,0.0416962131857872,-0.6610494256019592,1.6732559204101563
1451578562459,1,-0.029947834089398384,-0.8744041323661804,1.197988748550415
1451578562483,1,-0.9276618957519531,-0.6471814513206482,0.6561486124992371
1451578562501,1,-0.5721043348312378,0.9261752367019653,0.33389410376548767
1451578562521,1,0.22461655735969543,0.21729733049869537,-0.3326420485973358
1451578562541,1,0.010709427297115326,-0.2969132959842682,-0.26029229164123535
1451578562559,1,-0.5409517288208008,-0.08037585020065308,-0.20933131873607635
1451578562580,1,-0.5467039346694946,0.3397437036037445,-0.143507719039917
1451578562601,1,0.27487713098526,0.7259644865989685,-0.09261573851108551
1451578562620,1,-0.09016549587249756,0.4635717570781708,-0.5716501474380493
1451578562641,1,-0.41589638590812683,0.16394320130348206,0.0179313775151968
1451578562661,1,-0.240195170044899,0.08611702919006348,0.5705874562263489
1451578562681,1,-0.002502849791198969,-0.055476680397987366,0.5001806616783142
1451578562702,1,0.2286553829908371,-0.05427636578679085,0.5274801850318909
1451578562722,1,0.10199684649705887,0.27588146924972534,0.593227207660675
1451578562741,1,-0.09850088506937027,0.3129693865776062,0.2192179262638092
1451578562761,1,-0.12285006046295166,0.3860878348350525,-0.01142798736691475
1451578562784,1,-0.014946234412491322,0.2323448210954666,-0.29672670364379883
1451578562805,1,0.25863102078437805,0.19531360268592834,-0.6527636647224426
1451578562822,1,0.3971398174762726,0.16091303527355194,-0.5898837447166443
1451578562842,1,-0.7774044871330261,0.5427724123001099,0.3517453968524933
1451578562862,1,-1.6593769788742065,0.7175272107124329,1.3672504425048828
1451578562884,1,-1.1193499565124512,0.005620177835226059,0.8717132806777954
1451578562904,1,0.1428680419921875,-0.5850216746330261,0.0021118775475770235
1451578562922,1,-0.07300583273172379,-5.540658473968506,6.764438629150391
1451578562942,1,-7.059183120727539,3.121485471725464,-3.380221128463745
1451578562962,1,-9.177696228027344,5.045424461364746,-3.205538511276245
1451578562984,1,-2.9144394397735596,1.5879337787628174,-2.4795939922332764
1451578563003,1,0.8337799906730652,-0.744113028049469,-2.1529736518859863
1451578563022,1,3.589292049407959,-1.6894057989120483,-1.6556904315948486
1451578563042,1,1.6802936792373657,0.06075345352292061,-1.3787708282470703
1451578563062,1,-2.6775095462799072,1.5127441883087158,0.12269465625286102
1451578563084,1,-3.874253511428833,1.9757468700408936,0.7891244292259216
1451578563099,1,-1.8136221170425415,0.620719313621521,0.07286357879638672
1451578563119,1,5.825125845149159E-4,-0.6862871646881104,-0.08518529683351517
1451578563143,1,1.1973302364349365,-1.2005234956741333,0.3331400752067566
1451578563164,1,1.0543344020843506,-0.537917971611023,1.8614672422409058
1451578563185,1,0.8282502889633179,-0.36540889739990234,1.7169208526611328
1451578563205,1,0.8532653450965881,-0.14872340857982635,1.0420230627059937
1451578563224,1,0.9065040349960327,-0.1785515695810318,0.230366513133049
1451578563244,1,0.9006062150001526,-0.24000820517539978,-0.12129180133342743
1451578563270,1,0.5182807445526123,-0.27433425188064575,0.26388999819755554
1451578563285,1,0.3493689000606537,-0.3432917594909668,0.32330140471458435
1451578563304,1,0.21712300181388855,-0.3342556357383728,0.06835983693599701
1451578563325,1,0.2725917398929596,-0.12268997728824615,-0.015688568353652954
1451578563344,1,0.4152391254901886,-0.0554974302649498,-0.11709551513195038
1451578563367,1,0.4360831081867218,-0.42550477385520935,0.3303969204425812
1451578563386,1,0.4972198009490967,-0.6829372644424438,0.5699486136436462
1451578563404,1,0.7102401852607727,-0.6636094450950623,0.5437549948692322
1451578563424,1,0.7133191823959351,-0.5519362688064575,0.6914941072463989
1451578563444,1,0.6477034687995911,-0.3966951370239258,0.846887469291687
1451578563467,1,0.4109804928302765,-0.25522682070732117,0.6523287892341614
1451578563486,1,0.4547218084335327,-0.11730244010686874,0.1065361276268959
1451578563506,1,0.46781304478645325,-0.2847241163253784,0.2946358621120453
1451578563526,1,0.5277385711669922,-0.359279602766037,0.44576165080070496
1451578563546,1,0.47388648986816406,-0.20297260582447052,0.47856971621513367
1451578563566,1,0.3344106078147888,0.09409692138433456,0.42656654119491577
1451578563588,1,-0.004144022706896067,0.3625134825706482,0.009588497690856457
1451578563602,1,0.02694021165370941,0.31359219551086426,-0.40952247381210327
1451578563623,1,0.265494167804718,0.2512950301170349,-0.6435205936431885
1451578563647,1,0.03279430791735649,0.2991717457771301,-0.5710626840591431
1451578563669,1,-0.06292831152677536,0.39826926589012146,-0.3306470811367035
1451578563684,1,-0.46547558903694153,0.47571811079978943,0.3467366397380829
1451578563706,1,-0.3671439290046692,0.21274259686470032,0.25991058349609375
1451578563727,1,-0.08581902831792831,0.09604571759700775,0.13588906824588776
1451578563747,1,0.07377378642559052,0.07213965058326721,0.21323943138122559
1451578563764,1,-0.08595522493124008,-0.004909691866487265,0.33679741621017456
1451578563789,1,-0.28540483117103577,0.11548224091529846,0.7240577936172485
1451578563807,1,0.19270098209381104,-0.09288637340068817,0.864351212978363
1451578563828,1,0.34807515144348145,-0.1794935166835785,0.646878719329834
1451578563848,1,0.25107112526893616,0.018367724493145943,0.31472063064575195
1451578563869,1,0.16320618987083435,0.22564591467380524,0.13544775545597076
1451578563889,1,-0.12388350069522858,0.1758691966533661,0.4125397801399231
1451578563913,1,-0.054170604795217514,0.07232318818569183,0.6268097162246704
1451578563929,1,0.0868351086974144,-0.02414630725979805,0.4990834891796112
1451578563952,1,0.16450302302837372,0.14425532519817352,0.0526876337826252
1451578563970,1,0.17356331646442413,0.34866732358932495,-0.4384656548500061
1451578563988,1,0.1062190979719162,0.4374798536300659,-0.6783254146575928
1451578564008,1,0.3101732134819031,-0.06874825060367584,-0.2319534868001938
1451578564030,1,0.49947163462638855,-0.279722660779953,0.01244096364825964
1451578564050,1,0.48925870656967163,-0.3845166265964508,0.29880291223526
1451578564070,1,0.44146665930747986,-0.3859574794769287,0.4126455783843994
1451578564089,1,0.2890675663948059,-0.27870792150497437,0.18848317861557007
1451578564109,1,0.1671118289232254,-0.006164367776364088,-0.047177933156490326
1451578564129,1,0.07629282027482986,0.020581308752298355,0.031379472464323044
1451578564152,1,-0.06813523173332214,0.0993611216545105,0.2970423400402069
1451578564173,1,-0.11894534528255463,-0.06320230662822723,0.5006926655769348
1451578564185,2,0.07185479253530502,-0.2889753580093384,0.7330050468444824
1451578564210,2,0.07559414207935333,-0.3673258423805237,0.8078250288963318
1451578564234,2,0.2348356544971466,-0.07332389056682587,0.047542672604322433
1451578564256,2,0.05047100782394409,0.01337298471480608,-0.42547407746315
1451578564270,2,-0.18400312960147858,0.006652443669736385,-0.4814882278442383
1451578564290,2,-0.4993542730808258,0.17485709488391876,-0.44065234065055847
1451578564311,2,-0.5995322465896606,0.4186544716358185,-0.4830407202243805
1451578564332,2,0.08524060994386673,0.48890843987464905,0.2530559003353119
1451578564352,2,0.13249441981315613,0.02713584527373314,0.44617724418640137
1451578564370,2,0.06408124417066574,-0.22061054408550262,0.2700660824775696
1451578564390,2,0.008833659812808037,-0.030524609610438347,0.1599251925945282
1451578564419,2,-0.11587528884410858,0.2713783085346222,-0.046167876571416855
1451578564426,2,-0.36552855372428894,0.32958412170410156,0.23087914288043976
1451578564453,2,-0.075642429292202,0.17916326224803925,0.5214917063713074
1451578564472,2,0.029952656477689743,0.01754120923578739,0.5298106670379639
1451578564491,2,0.006149426102638245,0.1456356793642044,0.4059574604034424
1451578564512,2,0.2479507178068161,0.18612609803676605,0.1463344693183899
1451578564532,2,0.3950446546077728,0.07708411663770676,-0.028924481943249702
1451578564554,2,1.0270729064941406,0.2035018801689148,-0.48986324667930603
1451578564572,2,1.6650810241699219,0.6126017570495605,0.08570961654186249
1451578564592,2,0.3810986280441284,0.020939912647008896,1.1033955812454224
1451578564612,2,-0.7048829793930054,-0.5295800566673279,1.3291776180267334
1451578564633,2,-0.5834878087043762,-0.6572193503379822,0.47283846139907837
1451578564653,2,-0.12429525703191757,0.23761428892612457,-1.8011341094970703
1451578564672,2,-0.18457522988319397,0.9718915820121765,-1.0234686136245728
1451578564692,2,-0.40194714069366455,1.3721342086791992,0.9087486267089844
1451578564713,2,-0.6339036822319031,1.9844605922698975,3.857701301574707
1451578564734,2,-2.6366779804229736,-1.4297446012496948,5.5891337394714355
1451578564753,2,-0.22787761688232422,-2.486933469772339,-3.2378931045532227
1451578564772,2,2.434597969055176,-0.5417950749397278,-4.87296199798584
1451578564793,2,2.482473373413086,0.8155775666236877,-2.4694530963897705
1451578564813,2,1.532834768295288,1.5830249786376953,-0.33210721611976624
1451578564835,2,-1.5397629737854004,0.6409872770309448,1.9488492012023926
1451578564855,2,-2.8883132934570313,-0.5026648640632629,2.9193999767303467
1451578564870,2,1.470945119857788,-0.6281542778015137,0.2683960795402527
1451578564890,2,1.4750030040740967,-0.378408819437027,-2.5027291774749756
1451578564917,2,2.2125046253204346,-0.4566768705844879,-1.2044944763183594
1451578564931,2,0.3461414873600006,0.3183116316795349,0.06917699426412582
1451578564955,2,-0.19978180527687073,0.911345899105072,0.559575080871582
1451578564974,2,-0.46491336822509766,-0.26791781187057495,-0.6900678277015686
1451578564994,2,-1.9970152378082275,-1.2332137823104858,-1.243931531906128
1451578565017,2,-1.3801367282867432,-0.06945844739675522,0.01922609470784664
1451578565036,2,-0.6956209540367126,2.14239501953125,1.1881226301193237
1451578565053,2,-1.316144585609436,1.548791766166687,0.8512749075889587
1451578565075,2,0.07553824037313461,-1.1035274267196655,-0.030945759266614914
1451578565094,2,1.362478494644165,-1.0608482360839844,0.11045651882886887
1451578565117,2,1.3039257526397705,-0.7384633421897888,0.6649357676506042
1451578565136,2,0.9223314523696899,-0.967761218547821,1.033905267715454
1451578565156,2,0.4912579357624054,-0.44649845361709595,-0.9772124886512756
1451578565175,2,0.14845336973667145,0.4101651608943939,1.431612253189087
1451578565197,2,-0.27625295519828796,0.5595528483390808,-0.7939864993095398
1451578565217,2,0.4823077321052551,0.26616042852401733,-1.8518167734146118
1451578565236,2,0.37884560227394104,-0.04861088842153549,0.0658089816570282
1451578565256,2,0.2459527850151062,-0.2556900382041931,3.401390790939331
1451578565276,2,0.15075020492076874,-0.14753128588199615,0.9680670499801636
1451578565296,2,-0.16740553081035614,0.248040109872818,-1.1373049020767212
1451578565318,2,-0.33994731307029724,0.3919637203216553,-1.1840022802352905
1451578565338,2,-0.18708087503910065,0.2794058620929718,-0.9360638856887817
1451578565356,2,-0.3899599611759186,0.32946839928627014,-0.5286918878555298
1451578565377,2,-0.08225304633378983,0.09192746877670288,-1.0439350605010986
1451578565397,2,0.16824813187122345,-0.7715022563934326,-1.522646188735962
1451578565418,2,0.7803646326065063,-1.847273349761963,-0.47856971621513367
1451578565439,2,1.6545815467834473,-2.9752795696258545,-0.21742753684520721
1451578565456,2,-4.5807108879089355,-8.70883846282959,19.1469783782959
1451578565477,2,2.4158496856689453,-5.638930797576904,10.435057640075684
1451578565500,2,-13.047109603881836,10.385265350341797,5.675441741943359
1451578565519,2,-1.106142520904541,2.6174943447113037,-6.944206237792969
1451578565539,2,-3.1291069984436035,2.6472342014312744,-4.834704399108887
1451578565560,2,-3.307276725769043,2.4845104217529297,-0.729202151298523
1451578565578,2,-1.3602651357650757,1.6695393323898315,-1.1245914697647095
1451578565600,2,-1.144399881362915,1.488462209701538,0.3601034879684448
1451578565621,2,-0.12528443336486816,-0.5784890651702881,-0.35749417543411255
1451578565640,2,-0.03504643589258194,-3.482107162475586,1.0797457695007324
1451578565658,2,-0.5690128803253174,-0.5210495591163635,0.8307511806488037
1451578565679,2,-1.2551770210266113,1.80667245388031,2.358412027359009
1451578565701,2,-1.7707873582839966,1.5628437995910645,2.2981395721435547
1451578565721,2,0.2692236602306366,-0.219774529337883,-1.753217339515686
1451578565738,2,-0.051221124827861786,-0.07714125514030457,-0.915253758430481
1451578565759,2,-0.8626628518104553,0.7428100109100342,-0.3708072602748871
1451578565779,2,-1.0518615245819092,1.1138224601745605,-0.24445757269859314
1451578565801,2,-0.672275722026825,0.9780960083007813,0.0974889025092125
1451578565820,2,-1.2707912921905518,0.8055863380432129,-0.17100948095321655
1451578565839,2,-0.9658612012863159,0.5827314853668213,-0.2958388030529022
1451578565859,2,-0.5317986607551575,0.34841275215148926,-0.40745794773101807
1451578565880,2,-0.4310625493526459,0.2723994851112366,-0.25235679745674133
1451578565902,2,-0.7130478024482727,0.529069185256958,0.10298866778612137
1451578565917,2,-0.058479078114032745,0.3338496685028076,0.3828168213367462
1451578565941,2,-0.7915396094322205,-2.027550220489502,4.1845011711120605
1451578565961,2,0.3610514998435974,-0.547982394695282,-0.5086871981620789
1451578565981,2,-0.288679838180542,0.6355786919593811,0.8729209303855896
1451578566002,2,-1.4124150276184082,0.8441896438598633,-0.0064876084215939045
1451578566022,2,-0.6611014008522034,0.2271113097667694,0.24109424650669098
1451578566042,2,-0.04066456854343414,-0.4799933135509491,-0.582781195640564
1451578566061,2,0.14340977370738983,-0.27930620312690735,-0.39683133363723755
1451578566084,2,1.0659691095352173,1.689806580543518,-0.7603501677513123
1451578566097,2,0.046150561422109604,1.519490122795105,-0.4525397717952728
1451578566122,2,-1.1601817607879639,0.34951603412628174,-0.008939092978835106
1451578566138,2,-0.07903856039047241,-0.2758958041667938,-0.2534036934375763
1451578566162,2,0.6033780574798584,0.0860544815659523,-0.467141717672348
1451578566184,2,0.7764290571212769,0.21084260940551758,0.31073594093322754
1451578566202,2,-0.04161638766527176,-0.13740386068820953,0.4933394193649292
