1452768376621,1,0.003998787607997656,0.034163698554039,0.16449615359306335
1452768376633,1,0.003998787607997656,0.034163698554039,0.16449615359306335
1452768376650,1,0.003998787607997656,0.034163698554039,0.16449615359306335
1452768376672,1,0.003998787607997656,0.034163698554039,0.16449615359306335
1452768376691,1,0.003998787607997656,0.034163698554039,0.16449615359306335
1452768376711,1,0.003998787607997656,0.034163698554039,0.16449615359306335
1452768376731,1,0.416411817073822,-0.14668168127536774,0.4925093948841095
1452768376752,1,0.3502536714076996,0.12299217283725739,0.4786527156829834
1452768376771,1,0.2811849117279053,-0.2410302311182022,0.4423533082008362
1452768376794,1,0.1411701887845993,-0.6273956894874573,0.03609481081366539
1452768376815,1,-0.09454952925443649,-0.06777385622262955,0.38262978196144104
1452768376838,1,0.3455323874950409,-0.06712035834789276,0.7214964032173157
1452768376857,1,0.29048052430152893,0.05980769544839859,0.5063467621803284
1452768376875,1,0.19950079917907715,0.18028175830841064,0.46486443281173706
1452768376895,1,0.07893010973930359,0.06556932628154755,0.5224941968917847
1452768376918,1,0.1691523641347885,-0.3335609436035156,0.2836737334728241
1452768376940,1,0.39139965176582336,-0.410994291305542,0.3327385187149048
1452768376958,1,0.021629320457577705,0.36558425426483154,0.37169456481933594
1452768376977,1,-0.2238095998764038,0.3283715546131134,-0.07329495251178741
1452768376998,1,-0.3610602021217346,0.48906391859054565,0.1552472561597824
1452768377017,1,-0.16732510924339294,0.22697599232196808,0.37764090299606323
1452768377039,1,0.03520657494664192,-0.0804532989859581,0.1253606528043747
1452768377066,1,0.1212744265794754,0.13359569013118744,0.26898178458213806
1452768377077,1,0.06172974407672882,0.11632803827524185,0.16501754522323608
1452768377098,1,0.08228767663240433,0.08291121572256088,0.506391167640686
1452768377118,1,0.22814242541790009,-0.08783990889787674,0.4646995961666107
1452768377139,1,0.24305234849452972,0.0234328992664814,0.19192133843898773
1452768377159,1,0.09996692836284637,0.21149931848049164,0.3143675625324249
1452768377178,1,-0.010638847015798092,0.254167377948761,0.20702187716960907
1452768377194,1,-0.15629059076309204,0.06489771604537964,0.017424598336219788
1452768377218,1,-0.1463526040315628,0.0986921414732933,0.3517407178878784
1452768377242,1,-0.0894104614853859,0.1451239287853241,0.598667323589325
1452768377260,1,0.11339733004570007,0.06496522575616837,0.49341949820518494
1452768377278,1,-0.09617149829864502,0.24168168008327484,0.08440086990594864
1452768377298,1,-0.14638637006282806,0.2405778169631958,0.14504209160804749
1452768377321,1,-0.018006179481744766,0.1401037573814392,0.2571907937526703
1452768377339,1,0.09780379384756088,-0.08438596874475479,0.22421441972255707
1452768377358,1,0.03897494450211525,-0.1400602161884308,0.020366497337818146
1452768377373,1,0.10367508977651596,0.177782341837883,0.18152619898319244
1452768377398,1,-0.21783626079559326,0.3536059260368347,0.16898761689662933
1452768377420,1,-0.048000138252973557,-0.1544301062822342,0.09163783490657806
1452768377440,1,0.10834229737520218,0.028506549075245857,0.20204058289527893
1452768377459,1,0.4565318822860718,0.10937953740358353,0.4598392844200134
1452768377480,1,-0.4961610436439514,0.45606619119644165,0.02797521837055683
1452768377499,1,-0.6607323884963989,0.5158525705337524,0.14287526905536652
1452768377521,1,-0.6014769673347473,0.33508390188217163,-0.12234511226415634
1452768377543,1,-0.6957996487617493,0.14074820280075073,0.16071663796901703
1452768377559,1,-0.07571642100811005,0.32472383975982666,0.20122751593589783
1452768377580,1,0.10035939514636993,0.011539923958480358,0.47818392515182495
1452768377599,1,0.17984700202941895,0.22622692584991455,-0.330939918756485
1452768377622,1,0.6569286584854126,-0.25713175535202026,-0.05327390879392624
1452768377640,1,0.5169329047203064,-0.07171469926834106,0.32879531383514404
1452768377659,1,0.12602394819259644,0.289432168006897,0.3505880534648895
1452768377680,1,-0.03002351149916649,0.39625266194343567,0.25011634826660156
1452768377700,1,-0.058146484196186066,0.29771074652671814,0.8073346614837646
1452768377722,1,0.14101390540599823,0.039528585970401764,0.7025690078735352
1452768377744,1,0.37668800354003906,0.16581307351589203,0.4776391386985779
1452768377759,1,0.2215220332145691,0.09313976764678955,0.04118015244603157
1452768377782,1,-0.10815995186567307,0.2921738624572754,-0.16059856116771698
1452768377800,1,-0.1795467585325241,0.17357991635799408,0.1626812070608139
1452768377823,1,-0.1804145872592926,0.17698651552200317,0.18347382545471191
1452768377841,1,2.825067494995892E-4,0.027995968237519264,0.060742929577827454
1452768377860,1,0.25662434101104736,-0.19577917456626892,0.002291325945407152
1452768377882,1,0.18217921257019043,0.12055092304944992,0.004050736781209707
1452768377902,1,-0.02127780206501484,0.15283319354057312,-0.11081074178218842
1452768377925,1,-0.04139755666255951,0.050959788262844086,0.1863163560628891
1452768377943,1,0.0801895335316658,0.0908963680267334,0.42924073338508606
1452768377962,1,0.006854907609522343,0.07904373109340668,0.19863924384117126
1452768377980,1,0.08298647403717041,-0.023710839450359344,0.07675532251596451
1452768378004,1,0.11509891599416733,0.010116320103406906,0.213109090924263
1452768378023,1,-0.2402126044034958,0.22419337928295135,0.11959376186132431
1452768378037,1,-0.280640184879303,0.11400719732046127,0.10654022544622421
1452768378062,1,-0.11597265303134918,0.06441197544336319,0.22098317742347717
1452768378084,1,0.15138272941112518,-0.06598901748657227,0.31663376092910767
1452768378103,1,0.12313702702522278,0.02609364129602909,0.3185153305530548
1452768378122,1,-0.13350065052509308,0.15348318219184875,0.3158119320869446
1452768378144,1,-0.16199107468128204,0.2136974036693573,0.29374563694000244
1452768378164,1,-0.06451357156038284,0.19021862745285034,0.1625269055366516
1452768378186,1,0.21759164333343506,0.05436374992132187,0.24982991814613342
1452768378203,1,0.06133000925183296,0.09461977332830429,0.09179624170064926
1452768378217,1,-0.05089214816689491,0.016287118196487427,0.23780104517936707
1452768378241,1,-0.026724431663751602,0.034223172813653946,0.10419687628746033
1452768378261,1,0.020838040858507156,0.23184213042259216,0.19975626468658447
1452768378281,1,-0.026041965931653976,0.03789747878909111,0.0962713435292244
1452768378303,1,-0.084285207092762,0.018345512449741364,0.18691840767860413
1452768378322,1,-0.05759493261575699,-0.01458966638892889,0.3513537645339966
1452768378344,1,-0.10509095340967178,0.2338213324546814,0.13524550199508667
1452768378364,1,-0.07419174164533615,0.26406654715538025,0.1594119817018509
1452768378383,1,-0.13969077169895172,0.11297259479761124,0.18696516752243042
1452768378404,1,-0.05028970539569855,0.0020966799929738045,0.06267302483320236
1452768378418,1,0.14321251213550568,0.001956394873559475,0.23691082000732422
1452768378445,1,0.0915745422244072,0.13207009434700012,0.23327450454235077
1452768378471,1,-0.24766404926776886,0.15036621689796448,0.10732757300138474
1452768378490,1,-0.14576297998428345,0.1902545690536499,0.16130758821964264
1452768378505,1,-0.0059231980703771114,0.09608575701713562,0.25394320487976074
1452768378529,1,0.09236065298318863,0.07927870750427246,0.1605997234582901
1452768378561,1,0.030438503250479698,0.10391922295093536,0.11329378932714462
1452768378577,1,0.08791691809892654,0.06348492205142975,0.3207260072231293
1452768378590,1,-0.06264028698205948,0.07767623662948608,0.20590601861476898
1452768378607,1,-0.06877115368843079,0.09488426893949509,0.17757074534893036
1452768378625,1,-0.046063706278800964,0.1276101917028427,0.11609891057014465
1452768378643,1,-0.05358460173010826,0.0851636752486229,0.048245854675769806
1452768378661,2,-0.10567902028560638,0.10054127126932144,0.34866905212402344
1452768378686,2,-0.026497766375541687,0.13611936569213867,0.28879064321517944
1452768378707,2,5.847045686095953E-4,0.10175006836652756,0.19229893386363983
1452768378730,2,-0.011567031033337116,0.15293577313423157,0.1852981150150299
1452768378744,2,0.11946248263120651,-0.05204290896654129,0.110938161611557
1452768378766,2,0.02520695887506008,0.0753808245062828,0.2729150354862213
1452768378786,2,-0.0013664477737620473,0.10826514661312103,0.24478550255298615
1452768378811,2,-0.1010393500328064,0.14328940212726593,0.3078641891479492
1452768378827,2,-0.10477932542562485,0.1405789852142334,0.20994916558265686
1452768378845,2,-0.06251905858516693,0.22604689002037048,0.256208211183548
1452768378867,2,-0.03452122583985329,0.08228373527526855,0.13424187898635864
1452768378889,2,0.05061110109090805,0.02765636146068573,0.28628772497177124
1452768378911,2,0.024666020646691322,0.11252894252538681,0.30254504084587097
1452768378929,2,-0.19562779366970062,0.09296265244483948,0.09652268886566162
1452768378946,2,-0.034402184188365936,0.08726970106363297,-0.04346621781587601
1452768378979,2,-0.023524047806859016,0.09773819893598557,0.1462041288614273
1452768378999,2,-0.00896389875560999,0.1134340763092041,0.2543184757232666
1452768379010,2,-0.008112980984151363,0.10373451560735703,0.34601065516471863
1452768379026,2,-0.021883202716708183,0.10639350861310959,0.2582002878189087
1452768379050,2,-0.05310754105448723,0.1393827497959137,0.18092180788516998
1452768379065,2,-0.11508916318416595,0.25272271037101746,0.03095627948641777
1452768379085,2,-0.05426418036222458,0.23706687986850739,0.0980757623910904
1452768379123,2,-0.021763229742646217,-0.041041914373636246,-0.08074001222848892
1452768379138,2,0.05895962938666344,0.13657879829406738,0.15528877079486847
1452768379148,2,0.08442569524049759,0.08763006329536438,0.4266483783721924
1452768379171,2,0.16089357435703278,0.18990737199783325,0.7732967734336853
1452768379194,2,0.005514068994671106,0.3669266104698181,0.5998504161834717
1452768379208,2,-0.7063994407653809,0.7407073378562927,-0.2548690736293793
1452768379266,2,0.5969228744506836,-0.07054097950458527,6.710311281494796E-4
1452768379287,2,0.18560239672660828,0.05543927103281021,0.3133312165737152
1452768379309,2,-1.073564052581787,0.6768059134483337,-1.3379542827606201
1452768379331,2,-0.9316568970680237,0.537880539894104,0.01551554910838604
1452768379348,2,-0.5426068902015686,0.4184846580028534,0.6467366814613342
1452768379367,2,-0.10136374831199646,-0.3566197454929352,1.2125941514968872
1452768379388,2,0.6429354548454285,-1.264665126800537,1.24141526222229
1452768379403,2,0.3156978189945221,-0.11945085227489471,-0.002736731432378292
1452768379429,2,0.07928471267223358,0.5404822826385498,0.07875789701938629
1452768379448,2,-0.21201840043067932,0.5553446412086487,0.5500724911689758
1452768379469,2,-0.13279396295547485,0.37937283515930176,0.399930477142334
1452768379484,2,0.03437338396906853,0.18349194526672363,0.31751230359077454
1452768379509,2,0.17510434985160828,-0.2065165489912033,0.39088675379753113
1452768379528,2,0.26136016845703125,-0.1424994319677353,0.5774480104446411
1452768379547,2,0.4915243089199066,-0.01904226280748844,0.5949532985687256
1452768379566,2,0.28048110008239746,0.07827186584472656,0.4354974627494812
1452768379589,2,-0.008986467495560646,0.4251493811607361,0.5055208206176758
1452768379607,2,-0.13169792294502258,0.3900698721408844,0.25028350949287415
1452768379627,2,0.36554670333862305,-0.20795097947120667,-0.3051788806915283
1452768379647,2,0.15882721543312073,-0.17156009376049042,-0.03191547840833664
1452768379666,2,-0.15993981063365936,0.007372866850346327,0.05067044869065285
1452768379689,2,-0.49353089928627014,0.3911363482475281,0.1378653347492218
1452768379708,2,-0.20221348106861115,0.457983136177063,0.9065589904785156
1452768379724,2,0.3483578860759735,-0.4290913939476013,0.331231027841568
1452768379751,2,0.5545845031738281,-0.8578323721885681,0.14760930836200714
1452768379774,2,0.02157517895102501,-0.5971569418907166,0.24261808395385742
1452768379785,2,-0.4106001555919647,-0.2782166302204132,-0.05573241040110588
1452768379812,2,-0.5598286986351013,0.010816577821969986,0.14474515616893768
1452768379828,2,-0.3197013735771179,0.40945085883140564,0.21599546074867249
1452768379848,2,-0.033269379287958145,0.14545272290706635,0.49692368507385254
1452768379869,2,0.1033867597579956,0.11115911602973938,0.3758867383003235
1452768379890,2,0.11544884741306305,0.08516834676265717,0.13089899718761444
1452768379910,2,-0.08901428431272507,0.15037409961223602,-0.038958970457315445
1452768379930,2,-0.18327929079532623,0.25592413544654846,0.0038128362502902746
1452768379952,2,0.17914554476737976,-0.19941695034503937,0.3282207250595093
1452768379971,2,-0.015506342984735966,-0.1545107662677765,0.0746767669916153
1452768379991,2,-0.35531923174858093,0.2926543354988098,0.20849311351776123
1452768380013,2,-0.3254528343677521,0.3018132150173187,0.31556057929992676
1452768380030,2,-0.42918550968170166,0.3055988550186157,0.2960188388824463
1452768380049,2,-0.09997629374265671,0.15806320309638977,0.5112801194190979
1452768380066,2,-0.07310622930526733,0.18523849546909332,0.26500001549720764
1452768380091,2,-0.1509595364332199,0.2003553956747055,0.1840735375881195
1452768380112,2,-0.21457302570343018,0.19178543984889984,0.35031625628471375
1452768380130,2,-0.1860085278749466,0.162081778049469,0.30914193391799927
1452768380149,2,-0.07723697274923325,0.07785685360431671,0.29556992650032043
1452768380171,2,-0.007550123147666454,0.05806202068924904,0.28372225165367126
1452768380192,2,-0.07936163246631622,0.11694763600826263,0.2171674221754074
1452768380211,2,-0.1851782202720642,0.22243133187294006,0.32247722148895264
1452768380231,2,-0.22791257500648499,0.18114040791988373,0.6094120144844055
1452768380254,2,-0.12422818690538406,0.15234656631946564,0.565977931022644
1452768380267,2,0.008991664275527,0.12041589617729187,0.24456746876239777
1452768380287,2,-0.059540167450904846,0.11760755628347397,0.33443889021873474
1452768380315,2,-0.002356134820729494,0.09750643372535706,0.3412479758262634
1452768380333,2,0.02364877052605152,0.15534107387065887,0.22940438985824585
1452768380352,2,-0.054224271327257156,0.10817395895719528,0.44115036725997925
1452768380373,2,0.06053268536925316,0.12972061336040497,0.39085227251052856
1452768380396,2,0.05006353184580803,0.08990677446126938,0.24207215011119843
1452768380416,2,-0.06330576539039612,0.34163814783096313,0.16312895715236664
1452768380438,2,-0.11200448125600815,0.22666239738464355,0.04783318191766739
1452768380469,2,-0.39296647906303406,0.24807430803775787,-0.1438327133655548
1452768380478,2,-0.1914990246295929,0.13814298808574677,-0.14923195540905
1452768380495,2,-0.0240317415446043,0.18289953470230103,0.5985685586929321
1452768380513,2,-0.24644246697425842,0.23402035236358643,0.6022515892982483
1452768380540,2,-0.3618167042732239,0.3541983366012573,0.6249597072601318
1452768380558,2,-0.20183877646923065,0.44865885376930237,0.1593991219997406
1452768380593,2,-0.24673539400100708,0.11208236962556839,0.014020927250385284
1452768380608,2,0.09433010965585709,0.07331453263759613,0.4105208218097687
1452768380620,2,0.16136720776557922,-0.015555297024548054,0.5279968976974487
1452768380641,2,0.11649218201637268,-0.052941903471946716,0.712012529373169
1452768380693,2,-0.11213800311088562,0.005642389878630638,0.4775795340538025
1452768380701,2,-0.4652915894985199,0.29516923427581787,0.03342588618397713
1452768380715,2,0.1462194174528122,0.06967179477214813,0.5216302871704102
1452768380725,2,0.3749915361404419,-0.05584317818284035,0.66387540102005
1452768380734,2,0.31612837314605713,-0.022930793464183807,0.29476678371429443
1452768380761,2,0.22413069009780884,0.09303513914346695,0.09917466342449188
1452768380775,2,0.08725437521934509,0.07795622199773788,0.07355097681283951
1452768380824,2,0.12997359037399292,-0.105882927775383,0.27901217341423035
1452768380828,2,0.010343097150325775,0.10114946961402893,0.5152724385261536
1452768380833,2,-0.0016656864900141954,0.13238222897052765,0.5035626888275146
1452768380849,2,6.791962077841163E-4,0.10123685747385025,0.44716042280197144
1452768380874,2,-0.0135578578338027,0.0956421047449112,0.2083364576101303
1452768380893,2,-0.035818058997392654,0.28298428654670715,0.16896481812000275
1452768380912,2,-0.01831025816500187,0.24447131156921387,0.33010172843933105
1452768380938,2,0.11498378962278366,0.18438801169395447,0.07979542016983032
1452768380956,2,0.05267961695790291,0.22571049630641937,-0.059469256550073624
1452768380976,2,-0.173577681183815,0.33063918352127075,-0.2496124804019928
1452768380998,2,-0.38090530037879944,0.42445409297943115,-0.36225277185440063
1452768381017,2,-0.5591504573822021,0.4089519679546356,-0.07297229766845703
1452768381037,2,-0.38386228680610657,0.2617611885070801,0.40375733375549316
1452768381053,2,-0.14225754141807556,0.03942658752202988,0.5992079973220825
1452768381076,2,-0.09433089196681976,-0.05301438271999359,0.503630518913269
1452768381097,2,-0.23334364593029022,0.16013970971107483,0.06503098458051682
1452768381117,2,-0.08340498059988022,0.12540391087532043,0.04128945618867874
1452768381137,2,-0.34744793176651,-0.01319558173418045,0.011478841304779053
1452768381157,2,-0.32070451974868774,0.21104338765144348,-0.1518336534500122
