1451266030270,1,-0.1514039933681488,-0.24542099237442017,-0.045176997780799866
1451266030291,1,-0.013430999591946602,-0.15995100140571594,-0.013430999591946602
1451266030311,1,-0.02930399961769581,-0.003662999952211976,0.06959699839353561
1451266030330,1,-0.06959699839353561,0.017093999311327934,0.12820500135421753
1451266030351,1,-0.07692299783229828,-0.05738699808716774,0.12332099676132202
1451266030371,1,-0.05128199979662895,-0.11599499732255936,0.10012199729681015
1451266030390,1,-0.003662999952211976,-0.21855899691581726,0.13308899104595184
1451266030411,1,0.10378500074148178,-0.06349200010299683,0.15995100140571594
1451266030431,1,0.11233200132846832,0.06959699839353561,0.1245419979095459
1451266030451,1,0.05616600066423416,0.07203900068998337,0.09157499670982361
1451266030472,1,-0.04639799892902374,0.02808300033211708,0.05250300094485283
1451266030491,1,-0.0866909995675087,-0.006105000153183937,0.030524998903274536
1451266030514,1,0.059829000383615494,-0.20146499574184418,0.08791200071573257
1451266030531,1,0.13797299563884735,-0.21245399117469788,0.09645900130271912
1451266030557,1,0.15384599566459656,-0.19291800260543823,0.09645900130271912
1451266030572,1,0.11843699961900711,-0.18681299686431885,0.08424899727106094
1451266030591,1,0.04761900007724762,-0.15262499451637268,0.05250300094485283
1451266030613,1,-0.021978000178933144,-0.10622699558734894,0.007325999904423952
1451266030631,1,-0.0012209999840706587,-0.020756999030709267,0.03663000091910362
1451266030653,1,0.030524998903274536,-0.06837599724531174,0.03663000091910362
1451266030672,1,0.06104999780654907,-0.07814399898052216,0.05250300094485283
1451266030693,1,0.17948700487613678,-0.045176997780799866,0.035408999770879745
1451266030714,1,0.18070799112319946,-0.29426100850105286,-0.026861999183893204
1451266030732,1,0.782660961151123,1.46275794506073,-1.2417570352554321
1451266030752,1,1.1245410442352295,0.7484729886054993,-0.7484729886054993
1451266030773,1,0.35531100630760193,-0.6117209792137146,-0.18192899227142334
1451266030799,1,-0.7545779943466187,-1.235651969909668,0.4859579801559448
1451266030814,1,-1.2393150329589844,-1.2087899446487427,0.7765560150146484
1451266030837,1,-0.3040289878845215,0.2319899946451187,-0.12576299905776978
1451266030854,1,0.07326000183820724,0.8534789681434631,-0.6349200010299683
1451266030875,1,0.17460300028324127,1.039070963859558,-0.5189250111579895
1451266030895,1,0.11599499732255936,0.8180699944496155,-0.15873000025749207
1451266030919,1,-0.06104999780654907,0.422465980052948,0.07936500012874603
1451266030933,1,-0.19047600030899048,0.2002439945936203,0.17948700487613678
1451266030958,1,-0.10866899788379669,0.1135529950261116,0.1452990025281906
1451266030974,1,0.0,0.12576299905776978,0.05860799923539162
1451266030995,1,0.07936500012874603,0.16605599224567413,0.035408999770879745
1451266031014,1,0.08546999841928482,0.10134299844503403,0.06715499609708786
1451266031035,1,0.006105000153183937,-0.07326000183820724,0.05128199979662895
1451266031055,1,-0.015873000025749207,-0.2527469992637634,0.01831500045955181
1451266031075,1,0.08424899727106094,-0.07448099553585052,0.06104999780654907
1451266031097,1,0.12087900191545486,0.13308899104595184,0.08546999841928482
1451266031114,1,0.08913300186395645,0.22832699120044708,0.06959699839353561
1451266031135,1,0.025640999898314476,0.19291800260543823,0.0378509983420372
1451266031156,1,-0.012210000306367874,-0.11721599847078323,0.035408999770879745
1451266031176,1,-0.03296700119972229,-0.21245399117469788,0.015873000025749207
1451266031197,1,-0.02808300033211708,-0.1562879979610443,-0.017093999311327934
1451266031214,1,-0.004883999936282635,-0.0647130012512207,-0.02808300033211708
1451266031236,1,0.020756999030709267,0.059829000383615494,-0.03174600005149841
1451266031256,1,0.01831500045955181,0.18803399801254272,-0.054944999516010284
1451266031284,1,0.04639799892902374,0.10134299844503403,-0.06715499609708786
1451266031297,1,0.08424899727106094,0.02442000061273575,-0.05860799923539162
1451266031316,1,0.10012199729681015,-0.007325999904423952,-0.07203900068998337
1451266031337,1,0.08791200071573257,0.021978000178933144,-0.08546999841928482
1451266031357,1,0.08180700242519379,0.050060998648405075,-0.0757019966840744
1451266031377,1,0.020756999030709267,0.04273499920964241,-0.013430999591946602
1451266031397,1,0.008546999655663967,0.013430999591946602,-0.010989000089466572
1451266031416,1,0.013430999591946602,0.014651999808847904,-0.026861999183893204
1451266031441,1,0.03296700119972229,0.03907199949026108,-0.030524998903274536
1451266031457,1,0.030524998903274536,0.025640999898314476,-0.006105000153183937
1451266031477,1,-0.02319899946451187,-0.012210000306367874,0.0024419999681413174
1451266031497,1,-0.02319899946451187,0.045176997780799866,0.007325999904423952
1451266031517,1,-0.01953599974513054,0.09401699900627136,0.0
1451266031537,1,-0.02808300033211708,0.08791200071573257,-0.010989000089466572
1451266031558,1,-0.040293000638484955,0.03418799862265587,-0.007325999904423952
1451266031577,1,-0.03296700119972229,-0.015873000025749207,0.008546999655663967
1451266031597,1,-0.03296700119972229,0.01953599974513054,-0.004883999936282635
1451266031617,1,-0.01953599974513054,0.010989000089466572,-0.02442000061273575
1451266031637,1,0.007325999904423952,0.02808300033211708,-0.03174600005149841
1451266031659,1,0.03174600005149841,0.015873000025749207,-0.02442000061273575
1451266031678,1,0.05616600066423416,0.004883999936282635,-0.017093999311327934
1451266031702,1,0.050060998648405075,-0.006105000153183937,-0.03296700119972229
1451266031719,1,0.05250300094485283,-0.00976799987256527,-0.025640999898314476
1451266031740,1,0.05738699808716774,0.0,-0.010989000089466572
1451266031759,1,0.040293000638484955,0.003662999952211976,-0.015873000025749207
1451266031781,1,0.004883999936282635,0.004883999936282635,-0.01953599974513054
1451266031798,1,-0.02319899946451187,0.00976799987256527,-0.035408999770879745
1451266031819,1,0.003662999952211976,0.010989000089466572,-0.03907199949026108
1451266031840,1,0.013430999591946602,0.013430999591946602,-0.02319899946451187
1451266031861,1,0.02808300033211708,0.017093999311327934,-0.025640999898314476
1451266031880,1,0.03296700119972229,0.020756999030709267,-0.040293000638484955
1451266031900,1,0.030524998903274536,-0.0024419999681413174,-0.04151399806141853
1451266031921,1,0.035408999770879745,-0.00976799987256527,-0.02930399961769581
1451266031940,1,0.026861999183893204,0.0024419999681413174,-0.035408999770879745
1451266031960,1,0.030524998903274536,0.01953599974513054,-0.03907199949026108
1451266031980,1,0.030524998903274536,0.00976799987256527,-0.04273499920964241
1451266032000,1,0.007325999904423952,-0.01953599974513054,-0.04395600035786629
1451266032021,1,0.0012209999840706587,-0.02319899946451187,-0.05250300094485283
1451266032041,1,0.020756999030709267,0.007325999904423952,-0.05250300094485283
1451266032061,1,0.0378509983420372,0.03296700119972229,-0.030524998903274536
1451266032080,1,0.02930399961769581,0.03663000091910362,-0.0024419999681413174
1451266032101,1,-0.0024419999681413174,0.020756999030709267,0.0
1451266032122,2,-0.03296700119972229,0.040293000638484955,-0.014651999808847904
1451266032148,2,-0.03907199949026108,0.030524998903274536,-0.017093999311327934
1451266032162,2,-0.0378509983420372,0.025640999898314476,-0.003662999952211976
1451266032188,2,-0.04273499920964241,0.025640999898314476,0.004883999936282635
1451266032202,2,-0.04273499920964241,0.00976799987256527,0.004883999936282635
1451266032224,2,-0.03663000091910362,-0.02930399961769581,0.013430999591946602
1451266032242,2,-0.06104999780654907,-0.06104999780654907,0.0012209999840706587
1451266032263,2,-0.050060998648405075,-0.0757019966840744,-0.01953599974513054
1451266032281,2,-0.006105000153183937,-0.07936500012874603,-0.01953599974513054
1451266032300,2,0.02808300033211708,-0.0647130012512207,-0.003662999952211976
1451266032322,2,0.025640999898314476,-0.05128199979662895,0.010989000089466572
1451266032343,2,-0.035408999770879745,-0.04639799892902374,0.0012209999840706587
1451266032368,2,-0.05372399836778641,-0.014651999808847904,-0.004883999936282635
1451266032382,2,-0.0488400012254715,0.026861999183893204,-0.007325999904423952
1451266032404,2,-0.03418799862265587,0.02442000061273575,-0.00976799987256527
1451266032424,2,-0.02930399961769581,0.03663000091910362,0.003662999952211976
1451266032444,2,-0.08180700242519379,0.0,-0.03418799862265587
1451266032463,2,-0.03907199949026108,-0.05128199979662895,-0.11111100018024445
1451266032483,2,0.05250300094485283,-0.09157499670982361,-0.14285700023174286
1451266032504,2,0.10622699558734894,-0.07692299783229828,-0.1245419979095459
1451266032523,2,0.07326000183820724,-0.01831500045955181,-0.054944999516010284
1451266032544,2,0.01953599974513054,0.035408999770879745,-0.025640999898314476
1451266032568,2,0.035408999770879745,0.00976799987256527,-0.050060998648405075
1451266032584,2,0.06959699839353561,0.003662999952211976,-0.05128199979662895
1451266032604,2,0.06349200010299683,0.008546999655663967,-0.02930399961769581
1451266032624,2,0.02319899946451187,-0.010989000089466572,-0.008546999655663967
1451266032653,2,-0.02442000061273575,0.004883999936282635,0.050060998648405075
1451266032663,2,-0.06104999780654907,0.02319899946451187,0.0378509983420372
1451266032684,2,-0.04273499920964241,0.03418799862265587,0.013430999591946602
1451266032705,2,-0.015873000025749207,0.0488400012254715,-0.015873000025749207
1451266032731,2,0.013430999591946602,0.030524998903274536,-0.021978000178933144
1451266032745,2,0.017093999311327934,0.0012209999840706587,-0.013430999591946602
1451266032765,2,-0.0012209999840706587,0.007325999904423952,-0.02319899946451187
1451266032785,2,-0.025640999898314476,-0.01831500045955181,-0.06349200010299683
1451266032813,2,-0.015873000025749207,0.004883999936282635,-0.07814399898052216
1451266032833,2,-0.006105000153183937,-0.020756999030709267,-0.04761900007724762
1451266032848,2,-0.008546999655663967,-0.01953599974513054,-0.03174600005149841
1451266032870,2,-0.04639799892902374,0.03663000091910362,-0.035408999770879745
1451266032887,2,-0.05250300094485283,0.010989000089466572,-0.03418799862265587
1451266032906,2,-0.026861999183893204,-0.021978000178933144,-0.02442000061273575
1451266032931,2,0.00976799987256527,0.0024419999681413174,-0.021978000178933144
1451266032947,2,0.01953599974513054,0.0488400012254715,-0.015873000025749207
1451266032966,2,-0.03418799862265587,0.03418799862265587,0.0378509983420372
1451266032986,2,-0.05372399836778641,0.025640999898314476,0.040293000638484955
1451266033007,2,-0.04395600035786629,0.03663000091910362,0.01953599974513054
1451266033030,2,-0.013430999591946602,0.07081799954175949,0.0
1451266033048,2,0.0,0.06837599724531174,-0.00976799987256527
1451266033067,2,-0.013430999591946602,0.05738699808716774,-0.02442000061273575
1451266033086,2,0.0024419999681413174,0.13430999219417572,-0.07203900068998337
1451266033107,2,-0.11721599847078323,0.3956039845943451,1.0598280429840088
1451266033126,2,0.12576299905776978,-2.135529041290283,1.3028069734573364
1451266033147,2,0.2649570107460022,-1.3406579494476318,0.5335769653320313
1451266033167,2,0.15384599566459656,-0.760683000087738,0.3247860074043274
1451266033187,2,-0.013430999591946602,0.8241750001907349,-0.4395599961280823
1451266033207,2,-0.08058600127696991,1.130645990371704,-0.3369959890842438
1451266033228,2,-0.2600730061531067,1.09157395362854,-0.007325999904423952
1451266033247,2,-0.3882780075073242,0.44688600301742554,0.06837599724531174
1451266033268,2,-0.3418799936771393,-0.10378500074148178,-0.0488400012254715
1451266033287,2,0.09401699900627136,-0.2380950003862381,-0.1562879979610443
1451266033308,2,0.2429789900779724,-0.1025639995932579,-0.18803399801254272
1451266033327,2,0.24664199352264404,0.015873000025749207,-0.14285700023174286
1451266033347,2,0.11721599847078323,0.0866909995675087,-0.01953599974513054
1451266033367,2,-0.040293000638484955,0.07203900068998337,0.05860799923539162
1451266033387,2,-0.12332099676132202,0.007325999904423952,0.09157499670982361
1451266033407,2,-0.02808300033211708,-0.0024419999681413174,0.09157499670982361
1451266033429,2,0.0488400012254715,0.0378509983420372,0.054944999516010284
1451266033448,2,0.097680002450943,0.05128199979662895,0.05250300094485283
1451266033468,2,0.07814399898052216,0.015873000025749207,0.06349200010299683
1451266033489,2,0.021978000178933144,-0.020756999030709267,0.05616600066423416
1451266033508,2,0.00976799987256527,-0.01953599974513054,0.040293000638484955
1451266033530,2,0.06227099895477295,0.0012209999840706587,0.0378509983420372
1451266033548,2,0.10134299844503403,-0.006105000153183937,0.02930399961769581
1451266033570,2,0.08791200071573257,-0.04395600035786629,0.0012209999840706587
1451266033590,2,0.06104999780654907,-0.07936500012874603,-0.015873000025749207
1451266033615,2,0.03418799862265587,-0.0378509983420372,-0.008546999655663967
1451266033630,2,0.025640999898314476,0.0,-0.015873000025749207
1451266033650,2,0.030524998903274536,0.013430999591946602,-0.008546999655663967
1451266033671,2,0.02319899946451187,0.010989000089466572,0.012210000306367874
1451266033691,2,-0.0024419999681413174,-0.0024419999681413174,0.00976799987256527
1451266033710,2,-0.012210000306367874,-0.006105000153183937,0.00976799987256527
1451266033731,2,0.012210000306367874,-0.017093999311327934,-0.003662999952211976
1451266033750,2,0.026861999183893204,0.015873000025749207,0.006105000153183937
1451266033771,2,0.04151399806141853,0.03174600005149841,0.010989000089466572
1451266033791,2,0.0378509983420372,0.02930399961769581,0.0024419999681413174
1451266033812,2,0.017093999311327934,0.02442000061273575,0.006105000153183937
1451266033835,2,0.0024419999681413174,-0.00976799987256527,0.0024419999681413174
1451266033852,2,-0.0012209999840706587,0.012210000306367874,0.00976799987256527
1451266033873,2,-0.01831500045955181,0.008546999655663967,-0.006105000153183937
1451266033891,2,-0.02319899946451187,0.012210000306367874,-0.01831500045955181
1451266033913,2,0.0012209999840706587,-0.0024419999681413174,-0.00976799987256527
1451266033931,2,0.0,0.013430999591946602,-0.012210000306367874
1451266033952,2,-0.013430999591946602,0.013430999591946602,-0.006105000153183937
1451266033972,2,-0.02442000061273575,-0.006105000153183937,0.00976799987256527
1451266033993,2,-0.040293000638484955,-0.017093999311327934,0.015873000025749207
1451266034014,2,-0.026861999183893204,0.003662999952211976,0.0
1451266034033,2,-0.01831500045955181,0.02442000061273575,-0.007325999904423952
1451266034053,2,-0.0024419999681413174,0.006105000153183937,-0.01831500045955181
1451266034074,2,-0.0012209999840706587,-0.004883999936282635,-0.013430999591946602
1451266034094,2,-0.003662999952211976,-0.007325999904423952,-0.010989000089466572
1451266034114,2,0.0,-0.0012209999840706587,-0.012210000306367874
1451266034140,1,0.010989000089466572,-0.0024419999681413174,-0.007325999904423952
1451266034156,1,-0.00976799987256527,-0.025640999898314476,-0.0024419999681413174
1451266034175,1,-0.008546999655663967,-0.02808300033211708,-0.0012209999840706587
1451266034194,1,-0.006105000153183937,0.004883999936282635,0.0024419999681413174
1451266034213,1,-0.012210000306367874,0.02319899946451187,0.013430999591946602
1451266034240,1,-0.021978000178933144,0.008546999655663967,0.025640999898314476
1451266034254,1,-0.035408999770879745,-0.013430999591946602,-0.007325999904423952
1451266034275,1,-0.007325999904423952,0.003662999952211976,-0.012210000306367874
1451266034296,1,0.012210000306367874,0.030524998903274536,-0.013430999591946602
1451266034314,1,0.008546999655663967,0.04639799892902374,-0.013430999591946602
1451266034336,1,-0.014651999808847904,0.020756999030709267,-0.0012209999840706587
1451266034356,1,-0.02319899946451187,-0.021978000178933144,-0.003662999952211976
1451266034375,1,0.00976799987256527,-0.010989000089466572,-0.007325999904423952
1451266034397,1,0.013430999591946602,-0.004883999936282635,-0.00976799987256527
1451266034415,1,-0.0024419999681413174,0.006105000153183937,-0.004883999936282635
1451266034435,1,-0.02442000061273575,0.0024419999681413174,-0.006105000153183937
1451266034455,1,-0.025640999898314476,0.0,0.006105000153183937
1451266034476,1,-0.02319899946451187,-0.010989000089466572,0.02808300033211708
1451266034497,1,-0.015873000025749207,0.004883999936282635,0.015873000025749207
1451266034515,1,-0.015873000025749207,0.003662999952211976,0.0012209999840706587
1451266034536,1,-0.0012209999840706587,0.008546999655663967,-0.010989000089466572
1451266034556,1,0.021978000178933144,0.008546999655663967,0.010989000089466572
1451266034576,1,0.045176997780799866,-0.1843709945678711,0.0647130012512207
1451266034596,1,0.013430999591946602,-0.2051279991865158,0.04761900007724762
1451266034616,1,-0.007325999904423952,-0.07326000183820724,0.015873000025749207
1451266034637,1,-0.010989000089466572,0.030524998903274536,0.01831500045955181
1451266034657,1,0.008546999655663967,0.06349200010299683,0.03418799862265587
1451266034678,1,0.003662999952211976,-0.05738699808716774,0.04151399806141853
1451266034698,1,0.003662999952211976,-0.11965800076723099,0.04151399806141853
1451266034717,1,0.003662999952211976,-0.14407800137996674,0.05128199979662895
1451266034741,1,-0.003662999952211976,-0.08791200071573257,0.03907199949026108
1451266034758,1,-0.0024419999681413174,-0.012210000306367874,0.03174600005149841
1451266034781,1,0.015873000025749207,0.017093999311327934,0.020756999030709267
1451266034798,1,0.045176997780799866,-0.003662999952211976,0.05250300094485283
1451266034817,1,0.04395600035786629,-0.04273499920964241,0.054944999516010284
1451266034839,1,0.030524998903274536,-0.07203900068998337,0.040293000638484955
1451266034858,1,0.010989000089466572,-0.05372399836778641,0.02319899946451187
1451266034880,1,0.013430999591946602,-0.0012209999840706587,0.021978000178933144
1451266034897,1,-0.006105000153183937,-0.0012209999840706587,0.025640999898314476
1451266034924,1,-0.030524998903274536,-0.014651999808847904,0.0378509983420372
1451266034938,1,-0.04761900007724762,-0.05250300094485283,0.050060998648405075
1451266034959,1,-0.06959699839353561,-0.09279599785804749,0.06349200010299683
1451266034980,1,-0.07081799954175949,-0.09279599785804749,0.05738699808716774
1451266034999,1,-0.025640999898314476,-0.06349200010299683,0.0378509983420372
1451266035023,1,-0.008546999655663967,-0.030524998903274536,0.03296700119972229
1451266035039,1,0.008546999655663967,-0.008546999655663967,0.03296700119972229
1451266035060,1,0.02442000061273575,-0.0012209999840706587,0.02930399961769581
1451266035081,1,0.021978000178933144,-0.012210000306367874,0.02808300033211708
1451266035099,1,0.008546999655663967,-0.040293000638484955,0.03418799862265587
1451266035120,1,-0.017093999311327934,-0.3076919913291931,0.14407800137996674
1451266035139,1,-0.10500600188970566,-0.40415099263191223,0.012210000306367874
1451266035160,1,-0.18803399801254272,-0.22588500380516052,-0.1733819991350174
1451266035180,1,0.11843699961900711,1.294260025024414,-1.0683749914169312
1451266035200,1,1.0561649799346924,1.6251510381698608,-0.6862019896507263
1451266035220,1,0.6349200010299683,-0.721610963344574,-0.35531100630760193
1451266035240,1,-0.32112300395965576,-0.9767999649047852,-0.05616600066423416
1451266035259,1,-0.8253960013389587,-0.9096449613571167,0.2051279991865158
1451266035282,1,-0.9181919693946838,-0.7069590091705322,0.2905980050563812
1451266035300,1,-0.7777770161628723,-0.19291800260543823,0.3943829834461212
1451266035321,1,0.012210000306367874,0.26739898324012756,0.02930399961769581
1451266035341,1,0.10500600188970566,0.2869350016117096,-0.05616600066423416
1451266035367,1,0.04761900007724762,0.25152599811553955,0.10012199729681015
1451266035385,1,-0.07081799954175949,0.20146499574184418,0.20634900033473969
1451266035401,1,-0.1782660037279129,0.14896199107170105,0.2490839958190918
1451266035421,1,-0.19658099114894867,0.15506699681282043,0.23687399923801422
1451266035442,1,0.004883999936282635,0.08424899727106094,0.19047600030899048
1451266035461,1,0.09523800015449524,0.00976799987256527,0.13186800479888916
1451266035481,1,0.1452990025281906,-0.06593400239944458,0.05860799923539162
1451266035502,1,0.16483499109745026,-0.10012199729681015,0.006105000153183937
1451266035523,1,0.13919399678707123,-0.07081799954175949,-0.03663000091910362
1451266035543,1,0.10500600188970566,-0.05250300094485283,-0.020756999030709267
1451266035569,1,0.0757019966840744,-0.05738699808716774,-0.017093999311327934
1451266035582,1,0.05738699808716774,-0.03174600005149841,-0.02319899946451187
1451266035602,1,0.05250300094485283,0.02319899946451187,-0.026861999183893204
1451266035623,1,0.04395600035786629,0.04151399806141853,-0.026861999183893204
1451266035644,1,0.008546999655663967,0.02442000061273575,0.0
1451266035664,1,-0.02442000061273575,0.004883999936282635,-0.007325999904423952
1451266035682,1,-0.03418799862265587,0.01831500045955181,0.0024419999681413174
1451266035708,1,-0.0378509983420372,0.017093999311327934,0.014651999808847904
1451266035724,1,-0.017093999311327934,0.021978000178933144,-0.008546999655663967
1451266035744,1,0.014651999808847904,0.0488400012254715,-0.007325999904423952
1451266035765,1,0.021978000178933144,-0.010989000089466572,-0.0024419999681413174
1451266035783,1,0.015873000025749207,0.006105000153183937,-0.013430999591946602
1451266035803,1,0.02930399961769581,0.02808300033211708,-0.013430999591946602
1451266035824,1,0.020756999030709267,-0.00976799987256527,-0.006105000153183937
1451266035844,1,0.013430999591946602,0.0,-0.021978000178933144
1451266035864,1,0.04395600035786629,0.021978000178933144,-0.02808300033211708
1451266035888,1,0.02319899946451187,0.01953599974513054,-0.026861999183893204
1451266035904,1,-0.007325999904423952,0.01953599974513054,-0.017093999311327934
1451266035925,1,-0.03174600005149841,0.0024419999681413174,-0.006105000153183937
1451266035945,1,-0.03418799862265587,0.020756999030709267,-0.0024419999681413174
1451266035964,1,-0.0012209999840706587,0.02319899946451187,-0.008546999655663967
1451266035985,1,-0.014651999808847904,0.004883999936282635,-0.004883999936282635
1451266036006,1,-0.020756999030709267,0.0024419999681413174,-0.012210000306367874
1451266036026,1,-0.003662999952211976,0.003662999952211976,-0.012210000306367874
1451266036046,1,0.020756999030709267,0.0,-0.015873000025749207
1451266036065,1,0.006105000153183937,-0.02930399961769581,-0.015873000025749207
1451266036086,1,-0.0012209999840706587,0.0012209999840706587,-0.014651999808847904
1451266036107,1,-0.010989000089466572,0.02319899946451187,-0.007325999904423952
1451266036126,1,-0.015873000025749207,0.02319899946451187,-0.010989000089466572
1451266036148,2,-0.003662999952211976,0.003662999952211976,-0.004883999936282635
1451266036166,2,0.0024419999681413174,-0.021978000178933144,0.00976799987256527
1451266036187,2,0.00976799987256527,0.02808300033211708,-0.020756999030709267
1451266036207,2,0.013430999591946602,0.040293000638484955,-0.01953599974513054
1451266036227,2,0.0,0.020756999030709267,-0.01953599974513054
1451266036248,2,-0.007325999904423952,0.013430999591946602,-0.017093999311327934
1451266036266,2,-0.015873000025749207,0.007325999904423952,-0.017093999311327934
1451266036287,2,-0.00976799987256527,0.03663000091910362,-0.012210000306367874
1451266036306,2,-0.021978000178933144,0.026861999183893204,-0.02319899946451187
1451266036328,2,-0.035408999770879745,-0.006105000153183937,-0.02930399961769581
1451266036353,2,-0.026861999183893204,0.003662999952211976,-0.020756999030709267
1451266036367,2,-0.004883999936282635,0.01953599974513054,-0.003662999952211976
1451266036388,2,-0.010989000089466572,0.030524998903274536,-0.006105000153183937
1451266036408,2,-0.026861999183893204,0.006105000153183937,0.0
1451266036428,2,-0.03174600005149841,0.0,0.0012209999840706587
1451266036447,2,-0.021978000178933144,0.015873000025749207,-0.003662999952211976
1451266036468,2,-0.010989000089466572,0.02930399961769581,-0.0012209999840706587
1451266036489,2,-0.013430999591946602,0.020756999030709267,0.0024419999681413174
1451266036509,2,-0.010989000089466572,-0.00976799987256527,0.003662999952211976
1451266036528,2,0.008546999655663967,0.0024419999681413174,-0.0024419999681413174
1451266036548,2,0.025640999898314476,0.020756999030709267,-0.004883999936282635
1451266036569,2,0.02930399961769581,0.01831500045955181,-0.0012209999840706587
1451266036589,2,0.025640999898314476,0.00976799987256527,0.014651999808847904
1451266036610,2,-0.0012209999840706587,-0.050060998648405075,0.008546999655663967
1451266036632,2,0.015873000025749207,-0.04151399806141853,-0.004883999936282635
1451266036649,2,0.021978000178933144,-0.004883999936282635,-0.01831500045955181
1451266036669,2,0.013430999591946602,0.025640999898314476,-0.012210000306367874
1451266036690,2,-0.015873000025749207,0.01953599974513054,0.02319899946451187
1451266036710,2,-0.030524998903274536,-0.017093999311327934,0.020756999030709267
1451266036731,2,-0.008546999655663967,0.02930399961769581,0.01953599974513054
1451266036750,2,0.010989000089466572,0.04273499920964241,0.013430999591946602
1451266036770,2,0.007325999904423952,0.02442000061273575,0.02808300033211708
1451266036791,2,-0.02319899946451187,0.015873000025749207,0.02930399961769581
1451266036811,2,-0.05128199979662895,0.0024419999681413174,0.01831500045955181
1451266036831,2,-0.017093999311327934,0.03174600005149841,-0.014651999808847904
1451266036849,2,0.014651999808847904,0.012210000306367874,0.0024419999681413174
1451266036876,2,0.012210000306367874,-0.06104999780654907,0.020756999030709267
1451266036891,2,0.026861999183893204,-0.03296700119972229,-0.004883999936282635
1451266036911,2,0.021978000178933144,-0.021978000178933144,-0.012210000306367874
1451266036983,2,0.006105000153183937,-0.013430999591946602,0.03907199949026108
1451266037005,2,-0.03907199949026108,-0.008546999655663967,0.04273499920964241
1451266037024,2,-0.040293000638484955,0.02808300033211708,-0.00976799987256527
1451266037044,2,-0.0012209999840706587,0.03174600005149841,-0.05372399836778641
1451266037064,2,0.014651999808847904,-0.012210000306367874,0.0024419999681413174
1451266037084,2,-0.01953599974513054,-0.02319899946451187,0.04639799892902374
1451266037105,2,-0.015873000025749207,-0.0024419999681413174,-0.00976799987256527
1451266037125,2,0.03418799862265587,0.025640999898314476,-0.05372399836778641
1451266037145,2,0.0647130012512207,0.015873000025749207,-0.03174600005149841
1451266037164,2,-0.02319899946451187,-0.013430999591946602,0.025640999898314476
1451266037185,2,-0.025640999898314476,0.01831500045955181,-0.003662999952211976
1451266037205,2,0.010989000089466572,0.03663000091910362,-0.015873000025749207
1451266037225,2,0.03418799862265587,0.02442000061273575,-0.0012209999840706587
1451266037245,2,0.01831500045955181,0.017093999311327934,0.00976799987256527
1451266037265,2,-0.008546999655663967,0.013430999591946602,-0.00976799987256527
1451266037285,2,-0.00976799987256527,-0.017093999311327934,-0.026861999183893204
1451266037305,2,-0.003662999952211976,-0.045176997780799866,-0.025640999898314476
1451266037331,2,-0.013430999591946602,-0.04273499920964241,-0.026861999183893204
1451266037348,2,-0.030524998903274536,-0.003662999952211976,-0.050060998648405075
1451266037368,2,-0.026861999183893204,0.03418799862265587,-0.06227099895477295
1451266037389,2,-0.01953599974513054,-0.013430999591946602,-0.02442000061273575
1451266037409,2,-0.02930399961769581,-0.014651999808847904,-0.05128199979662895
1451266037431,2,-0.025640999898314476,0.003662999952211976,-0.07203900068998337
1451266037448,2,-0.010989000089466572,0.04151399806141853,-0.0757019966840744
1451266037469,2,-0.006105000153183937,0.0757019966840744,-0.07081799954175949
1451266037489,2,0.045176997780799866,0.18803399801254272,-0.16483499109745026
1451266037510,2,0.13919399678707123,0.29548200964927673,-0.2661779820919037
1451266037531,2,-0.015873000025749207,1.070816993713379,0.10378500074148178
1451266037549,2,-0.5396819710731506,-0.6288149952888489,1.1660549640655518
1451266037570,2,-0.3369959890842438,-0.8693519830703735,0.318681001663208
1451266037590,2,-0.07936500012874603,0.007325999904423952,-0.09157499670982361
1451266037610,2,0.1135529950261116,0.3724049925804138,-0.2698409855365753
1451266037632,2,0.20634900033473969,0.32722800970077515,-0.20390699803829193
1451266037649,2,0.05250300094485283,0.3724049925804138,-0.07936500012874603
1451266037669,2,-0.050060998648405075,0.059829000383615494,0.008546999655663967
1451266037691,2,-0.03296700119972229,-0.13308899104595184,0.015873000025749207
1451266037710,2,0.097680002450943,-0.22588500380516052,-0.1355309933423996
1451266037731,2,0.1245419979095459,-0.1514039933681488,-0.211232990026474
1451266037750,2,0.13430999219417572,-0.06104999780654907,-0.19902299344539642
1451266037771,2,0.10622699558734894,0.02930399961769581,-0.12698400020599365
1451266037792,2,0.04273499920964241,0.06959699839353561,-0.04273499920964241
1451266037811,2,-0.07448099553585052,0.017093999311327934,0.010989000089466572
1451266037831,2,-0.07448099553585052,0.02808300033211708,-0.0024419999681413174
1451266037851,2,-0.05860799923539162,0.04761900007724762,-0.008546999655663967
1451266037871,2,-0.03296700119972229,0.06349200010299683,-0.0012209999840706587
1451266037891,2,-0.03174600005149841,0.04395600035786629,0.02442000061273575
1451266037911,2,-0.026861999183893204,0.004883999936282635,0.02808300033211708
1451266037931,2,-0.006105000153183937,0.02319899946451187,0.00976799987256527
1451266037955,2,0.01831500045955181,0.012210000306367874,0.0024419999681413174
1451266037972,2,0.035408999770879745,-0.014651999808847904,-0.0024419999681413174
1451266037992,2,0.03907199949026108,-0.035408999770879745,0.0012209999840706587
1451266038014,2,0.0378509983420372,-0.03907199949026108,-0.00976799987256527
1451266038032,2,0.04273499920964241,-0.004883999936282635,-0.013430999591946602
1451266038054,2,0.03907199949026108,0.007325999904423952,0.003662999952211976
1451266038074,2,0.020756999030709267,0.003662999952211976,0.020756999030709267
1451266038094,2,-0.003662999952211976,-0.004883999936282635,0.02319899946451187
1451266038113,2,-0.014651999808847904,0.00976799987256527,0.014651999808847904
1451266038133,2,0.021978000178933144,0.006105000153183937,-0.004883999936282635
1451266038154,2,0.03296700119972229,-0.010989000089466572,0.007325999904423952
1451266038174,2,0.02808300033211708,-0.02319899946451187,0.026861999183893204
1451266038194,1,0.020756999030709267,-0.012210000306367874,0.02930399961769581
1451266038214,1,0.030524998903274536,-0.0012209999840706587,0.013430999591946602
1451266038234,1,0.02808300033211708,0.006105000153183937,0.020756999030709267
1451266038254,1,0.004883999936282635,-0.006105000153183937,0.03174600005149841
1451266038275,1,0.0012209999840706587,-0.017093999311327934,0.03174600005149841
1451266038295,1,0.003662999952211976,-0.008546999655663967,0.013430999591946602
1451266038316,1,0.014651999808847904,0.00976799987256527,0.01831500045955181
1451266038334,1,0.02319899946451187,0.02319899946451187,0.012210000306367874
1451266038355,1,0.03296700119972229,0.045176997780799866,0.006105000153183937
1451266038379,1,0.02319899946451187,0.013430999591946602,0.03296700119972229
1451266038395,1,0.015873000025749207,0.003662999952211976,0.05128199979662895
1451266038415,1,0.02442000061273575,0.017093999311327934,0.04273499920964241
1451266038435,1,0.0378509983420372,0.06959699839353561,0.015873000025749207
1451266038455,1,0.054944999516010284,0.05738699808716774,0.05372399836778641
1451266038476,1,0.03174600005149841,0.02442000061273575,0.06959699839353561
1451266038497,1,0.013430999591946602,0.03907199949026108,0.06837599724531174
1451266038515,1,0.02808300033211708,0.04761900007724762,0.059829000383615494
1451266038536,1,0.05128199979662895,0.03418799862265587,0.05250300094485283
1451266038557,1,0.07326000183820724,0.014651999808847904,0.03296700119972229
1451266038576,1,0.07814399898052216,0.02930399961769581,0.04395600035786629
1451266038603,1,0.05738699808716774,-0.0012209999840706587,0.0378509983420372
1451266038615,1,0.05372399836778641,-0.00976799987256527,0.04273499920964241
1451266038637,1,0.04639799892902374,-0.01953599974513054,0.050060998648405075
1451266038657,1,0.035408999770879745,-0.02808300033211708,0.04395600035786629
1451266038677,1,0.030524998903274536,-0.004883999936282635,0.02442000061273575
1451266038696,1,0.03907199949026108,0.006105000153183937,0.008546999655663967
1451266038717,1,0.02442000061273575,0.0,0.02319899946451187
1451266038738,1,0.026861999183893204,-0.015873000025749207,0.02930399961769581
1451266038757,1,0.021978000178933144,-0.05860799923539162,0.045176997780799866
1451266038780,1,0.0,-0.06959699839353561,0.02808300033211708
1451266038798,1,-0.0012209999840706587,-0.0378509983420372,0.02442000061273575
1451266038822,1,0.003662999952211976,-0.012210000306367874,0.03418799862265587
1451266038838,1,-0.010989000089466572,-0.021978000178933144,0.040293000638484955
1451266038858,1,-0.0378509983420372,-0.045176997780799866,0.02808300033211708
1451266038878,1,-0.015873000025749207,-0.03663000091910362,0.012210000306367874
1451266038901,1,0.010989000089466572,0.007325999904423952,0.0
1451266038917,1,0.014651999808847904,0.054944999516010284,-0.015873000025749207
1451266038938,1,0.010989000089466572,0.025640999898314476,0.003662999952211976
1451266038959,1,-0.006105000153183937,-0.01831500045955181,0.007325999904423952
1451266038981,1,-0.006105000153183937,0.020756999030709267,0.0
1451266038998,1,-0.003662999952211976,0.003662999952211976,0.006105000153183937
1451266039019,1,-0.006105000153183937,-0.003662999952211976,0.00976799987256527
1451266039040,1,0.0,-0.010989000089466572,0.01831500045955181
1451266039060,1,-0.0024419999681413174,-0.00976799987256527,0.01831500045955181
1451266039079,1,-0.0024419999681413174,-0.014651999808847904,0.014651999808847904
1451266039099,1,-0.010989000089466572,-0.021978000178933144,0.03174600005149841
1451266039120,1,-0.01831500045955181,-0.007325999904423952,0.03418799862265587
1451266039140,1,-0.01953599974513054,-0.012210000306367874,0.03663000091910362
1451266039160,1,-0.01953599974513054,-0.02930399961769581,0.03418799862265587
1451266039187,1,-0.026861999183893204,-0.050060998648405075,0.03907199949026108
1451266039199,1,-0.030524998903274536,-0.04761900007724762,0.040293000638484955
1451266039221,1,-0.013430999591946602,-0.02808300033211708,0.03174600005149841
1451266039241,1,0.013430999591946602,-0.025640999898314476,0.02319899946451187
1451266039266,1,0.02930399961769581,-0.017093999311327934,0.013430999591946602
1451266039281,1,0.030524998903274536,-0.04639799892902374,0.013430999591946602
1451266039301,1,-0.003662999952211976,-0.04151399806141853,0.00976799987256527
1451266039325,1,0.0024419999681413174,-0.014651999808847904,0.01831500045955181
1451266039341,1,0.013430999591946602,-0.04273499920964241,0.04151399806141853
1451266039362,1,0.00976799987256527,-0.11843699961900711,0.05616600066423416
1451266039381,1,0.05128199979662895,-0.1562879979610443,0.07692299783229828
1451266039405,1,0.17216099798679352,-0.2503049969673157,0.15262499451637268
1451266039422,1,0.06349200010299683,-0.1452990025281906,-0.31013399362564087
1451266039442,1,0.6434670090675354,1.7509139776229858,-1.2307679653167725
1451266039462,1,1.6581180095672607,1.8449310064315796,-0.9157499670982361
1451266039486,1,1.1941379308700562,0.7496939897537231,-0.8388270139694214
1451266039502,1,0.16361400485038757,0.0378509983420372,-0.2051279991865158
1451266039523,1,-0.6544560194015503,-0.5628809928894043,0.4554329812526703
1451266039543,1,-0.5714280009269714,-0.514041006565094,0.32600700855255127
1451266039564,1,-0.6483510136604309,-0.8608049750328064,0.34798499941825867
1451266039581,1,-0.844931960105896,-0.5494499802589417,0.21977999806404114
1451266039603,1,-0.6446880102157593,0.18070799112319946,-0.02319899946451187
1451266039623,1,-0.10378500074148178,0.10012199729681015,0.24664199352264404
1451266039643,1,-0.1684979945421219,-0.14407800137996674,0.21367499232292175
1451266039664,1,-0.19902299344539642,-0.2551890015602112,0.167276993393898
1451266039682,1,-0.12087900191545486,-0.17704500257968903,0.11965800076723099
1451266039704,1,-0.015873000025749207,-0.03174600005149841,0.05860799923539162
1451266039724,1,0.054944999516010284,0.050060998648405075,0.03907199949026108
1451266039743,1,0.0488400012254715,-0.10744799673557281,0.035408999770879745
1451266039764,1,0.02930399961769581,-0.14163599908351898,0.020756999030709267
1451266039783,1,0.020756999030709267,-0.10744799673557281,0.006105000153183937
1451266039803,1,0.013430999591946602,-0.030524998903274536,-0.010989000089466572
1451266039824,1,0.02930399961769581,0.04761900007724762,-0.021978000178933144
1451266039844,1,0.020756999030709267,0.06227099895477295,0.010989000089466572
1451266039863,1,-0.015873000025749207,-0.013430999591946602,0.030524998903274536
1451266039884,1,-0.04151399806141853,-0.0488400012254715,0.0378509983420372
1451266039904,1,-0.03296700119972229,-0.030524998903274536,0.01831500045955181
1451266039924,1,-0.00976799987256527,0.01831500045955181,0.0
1451266039945,1,0.01953599974513054,0.02319899946451187,0.004883999936282635
1451266039965,1,0.00976799987256527,0.0012209999840706587,0.008546999655663967
1451266039984,1,0.012210000306367874,-0.02808300033211708,0.01831500045955181
1451266040005,1,0.021978000178933144,-0.04395600035786629,0.008546999655663967
1451266040026,1,0.0378509983420372,-0.017093999311327934,-0.010989000089466572
1451266040048,1,0.05128199979662895,0.004883999936282635,-0.007325999904423952
1451266040069,1,0.02930399961769581,0.021978000178933144,-0.012210000306367874
1451266040089,1,0.025640999898314476,0.013430999591946602,0.010989000089466572
1451266040106,1,0.013430999591946602,-0.008546999655663967,0.008546999655663967
1451266040126,1,0.007325999904423952,0.006105000153183937,-0.0024419999681413174
1451266040147,1,0.012210000306367874,-0.00976799987256527,-0.006105000153183937
1451266040165,1,0.01831500045955181,0.020756999030709267,-0.00976799987256527
1451266040186,1,0.013430999591946602,0.025640999898314476,-0.008546999655663967
1451266040206,1,0.014651999808847904,0.017093999311327934,-0.017093999311327934
1451266040227,2,0.02319899946451187,0.015873000025749207,-0.004883999936282635
1451266040247,2,0.017093999311327934,0.007325999904423952,-0.008546999655663967
1451266040267,2,0.010989000089466572,0.008546999655663967,-0.00976799987256527
1451266040288,2,-0.008546999655663967,-0.014651999808847904,-0.004883999936282635
1451266040307,2,-0.010989000089466572,0.006105000153183937,-0.020756999030709267
1451266040327,2,0.007325999904423952,0.02930399961769581,-0.01831500045955181
1451266040348,2,0.015873000025749207,0.013430999591946602,-0.00976799987256527
1451266040366,2,0.0012209999840706587,0.013430999591946602,-0.04761900007724762
1451266040388,2,0.020756999030709267,0.017093999311327934,-0.06349200010299683
1451266040408,2,0.035408999770879745,0.00976799987256527,-0.06715499609708786
1451266040428,2,0.012210000306367874,0.02442000061273575,-0.05738699808716774
1451266040448,2,-0.045176997780799866,0.017093999311327934,-0.05860799923539162
1451266040467,2,-0.06837599724531174,0.007325999904423952,-0.06593400239944458
1451266040487,2,-0.054944999516010284,0.017093999311327934,-0.06593400239944458
1451266040508,2,-0.040293000638484955,0.006105000153183937,-0.06593400239944458
1451266040528,2,-0.0378509983420372,-0.007325999904423952,-0.05738699808716774
1451266040547,2,-0.02930399961769581,-0.012210000306367874,-0.03907199949026108
1451266040568,2,-0.035408999770879745,-0.003662999952211976,-0.03174600005149841
1451266040588,2,-0.030524998903274536,0.03663000091910362,-0.0378509983420372
1451266040609,2,-0.015873000025749207,0.03663000091910362,-0.03174600005149841
1451266040631,2,-0.0012209999840706587,-0.007325999904423952,-0.020756999030709267
1451266040648,2,0.0024419999681413174,-0.03907199949026108,-0.010989000089466572
1451266040668,2,0.013430999591946602,-0.045176997780799866,0.0012209999840706587
1451266040689,2,0.017093999311327934,0.013430999591946602,-0.010989000089466572
1451266040709,2,0.026861999183893204,0.03296700119972229,-0.013430999591946602
1451266040731,2,0.012210000306367874,0.013430999591946602,-0.008546999655663967
1451266040749,2,-0.012210000306367874,0.00976799987256527,-0.014651999808847904
1451266040770,2,-0.012210000306367874,0.014651999808847904,-0.012210000306367874
1451266040790,2,0.003662999952211976,0.02808300033211708,-0.012210000306367874
1451266040810,2,-0.013430999591946602,0.030524998903274536,-0.01953599974513054
1451266040831,2,-0.02808300033211708,0.026861999183893204,-0.020756999030709267
1451266040849,2,-0.03418799862265587,0.007325999904423952,-0.0012209999840706587
1451266040870,2,-0.02319899946451187,0.013430999591946602,0.004883999936282635
1451266040890,2,-0.02319899946451187,0.017093999311327934,-0.012210000306367874
1451266040910,2,-0.003662999952211976,-0.004883999936282635,-0.02930399961769581
1451266040931,2,-0.013430999591946602,-0.017093999311327934,-0.020756999030709267
1451266040951,2,-0.01953599974513054,-0.008546999655663967,-0.017093999311327934
1451266040971,2,-0.007325999904423952,0.00976799987256527,-0.012210000306367874
1451266040990,2,-0.0024419999681413174,0.026861999183893204,-0.008546999655663967
1451266041011,2,-0.00976799987256527,0.007325999904423952,-0.007325999904423952
1451266041031,2,-0.014651999808847904,-0.003662999952211976,-0.0024419999681413174
1451266041050,2,-0.015873000025749207,-0.0012209999840706587,0.0024419999681413174
1451266041071,2,-0.020756999030709267,0.013430999591946602,-0.0024419999681413174
1451266041092,2,-0.021978000178933144,0.02319899946451187,-0.007325999904423952
1451266041112,2,-0.021978000178933144,0.03296700119972229,-0.015873000025749207
1451266041132,2,-0.02442000061273575,0.0,-0.012210000306367874
1451266041152,2,-0.013430999591946602,0.012210000306367874,-0.006105000153183937
1451266041173,2,-0.012210000306367874,0.012210000306367874,-0.0012209999840706587
1451266041193,2,-0.010989000089466572,0.008546999655663967,-0.0012209999840706587
1451266041214,2,-0.006105000153183937,0.007325999904423952,-0.0024419999681413174
1451266041232,2,0.014651999808847904,-0.015873000025749207,0.00976799987256527
1451266041252,2,0.00976799987256527,-0.03663000091910362,0.010989000089466572
1451266041272,2,0.007325999904423952,-0.02319899946451187,0.003662999952211976
1451266041292,2,0.007325999904423952,0.008546999655663967,-0.0012209999840706587
1451266041314,2,0.013430999591946602,0.014651999808847904,-0.0012209999840706587
1451266041333,2,-0.007325999904423952,-0.012210000306367874,0.0
1451266041354,2,-0.00976799987256527,0.0024419999681413174,-0.006105000153183937
1451266041373,2,0.007325999904423952,0.02319899946451187,-0.00976799987256527
1451266041393,2,0.012210000306367874,0.00976799987256527,-0.007325999904423952
1451266041413,2,0.0012209999840706587,-0.020756999030709267,-0.010989000089466572
1451266041433,2,0.0012209999840706587,-0.03296700119972229,-0.003662999952211976
1451266041454,2,0.021978000178933144,0.006105000153183937,-0.0024419999681413174
1451266041474,2,0.02808300033211708,0.006105000153183937,-0.00976799987256527
1451266041494,2,0.008546999655663967,-0.026861999183893204,-0.006105000153183937
1451266041514,2,0.007325999904423952,-0.04151399806141853,0.0012209999840706587
1451266041533,2,0.007325999904423952,-0.008546999655663967,0.0024419999681413174
1451266041554,2,-0.003662999952211976,0.03296700119972229,-0.00976799987256527
1451266041579,2,-0.014651999808847904,0.0012209999840706587,-0.004883999936282635
1451266041595,2,-0.015873000025749207,-0.015873000025749207,0.0012209999840706587
1451266041614,2,-0.006105000153183937,0.008546999655663967,0.0024419999681413174
1451266041634,2,0.0024419999681413174,0.03418799862265587,0.0
1451266041655,2,0.006105000153183937,0.0024419999681413174,-0.017093999311327934
1451266041676,2,-0.014651999808847904,-0.035408999770879745,-0.02442000061273575
1451266041699,2,-0.01953599974513054,-0.02930399961769581,-0.030524998903274536
1451266041715,2,-0.021978000178933144,0.0,-0.020756999030709267
1451266041736,2,-0.03907199949026108,0.026861999183893204,-0.02808300033211708
1451266041757,2,-0.04639799892902374,0.0024419999681413174,-0.06593400239944458
1451266041776,2,-0.050060998648405075,-0.013430999591946602,-0.08913300186395645
1451266041798,2,-0.05128199979662895,-0.030524998903274536,-0.10988999903202057
1451266041815,2,-0.0378509983420372,-0.025640999898314476,-0.15384599566459656
1451266041837,2,-0.040293000638484955,-0.03418799862265587,-0.22588500380516052
1451266041857,2,-0.5946269631385803,0.9877889752388,1.3919399976730347
1451266041879,2,-0.17948700487613678,-0.3308909833431244,-0.13797299563884735
1451266041898,2,-0.08546999841928482,0.14285700023174286,-0.01831500045955181
1451266041916,2,-0.04639799892902374,0.5848590135574341,-0.25763100385665894
1451266041937,2,0.030524998903274536,0.4017089903354645,-0.334553986787796
1451266041957,2,0.015873000025749207,0.10622699558734894,-0.11599499732255936
1451266041976,2,-0.013430999591946602,-0.14163599908351898,0.03418799862265587
1451266041997,2,0.05616600066423416,-0.06227099895477295,-0.08058600127696991
1451266042017,2,0.14774100482463837,-0.02808300033211708,-0.12332099676132202
1451266042038,2,0.17582400143146515,-0.1025639995932579,-0.08424899727106094
1451266042058,2,0.12332099676132202,-0.10988999903202057,-0.03174600005149841
1451266042083,2,0.025640999898314476,0.02319899946451187,0.004883999936282635
1451266042098,2,0.012210000306367874,0.04151399806141853,0.020756999030709267
1451266042117,2,0.010989000089466572,0.02808300033211708,0.02319899946451187
1451266042139,2,0.007325999904423952,0.035408999770879745,0.021978000178933144
1451266042159,2,0.012210000306367874,0.03663000091910362,0.010989000089466572
1451266042181,2,0.0,0.035408999770879745,0.014651999808847904
1451266042198,2,-0.02808300033211708,0.017093999311327934,-0.006105000153183937
1451266042219,2,0.003662999952211976,0.03174600005149841,-0.012210000306367874
1451266042240,2,0.01953599974513054,0.04395600035786629,-0.003662999952211976
