1451266910328,1,-0.26129400730133057,-0.293040007352829,0.1514039933681488
1451266910350,1,-0.1941390037536621,-0.09401699900627136,0.20879100263118744
1451266910368,1,-0.1575089991092682,-0.07326000183820724,0.2490839958190918
1451266910390,1,-0.15506699681282043,-0.13064700365066528,0.22588500380516052
1451266910410,1,-0.12576299905776978,-0.1562879979610443,0.21489599347114563
1451266910429,1,-0.059829000383615494,-0.15262499451637268,0.21733799576759338
1451266910455,1,-0.03663000091910362,-0.11233200132846832,0.18192899227142334
1451266910469,1,-0.11111100018024445,0.07692299783229828,0.11599499732255936
1451266910490,1,-0.10378500074148178,0.09401699900627136,0.10988999903202057
1451266910510,1,-0.08424899727106094,0.03296700119972229,0.10012199729681015
1451266910530,1,-0.04639799892902374,-0.04639799892902374,0.10866899788379669
1451266910549,1,-0.0012209999840706587,-0.0866909995675087,0.10378500074148178
1451266910570,1,0.06227099895477295,0.03418799862265587,0.06593400239944458
1451266910591,1,0.07448099553585052,0.11721599847078323,0.054944999516010284
1451266910610,1,0.0378509983420372,0.1294260025024414,0.05738699808716774
1451266910636,1,-0.003662999952211976,0.06104999780654907,0.07081799954175949
1451266910656,1,-0.04273499920964241,-0.04395600035786629,0.08302799612283707
1451266910671,1,-0.11477399617433548,-0.21001200377941132,0.11477399617433548
1451266910690,1,-0.1514039933681488,-0.1355309933423996,0.12332099676132202
1451266910711,1,-0.0488400012254715,0.01831500045955181,0.09890099614858627
1451266910731,1,0.09890099614858627,0.08791200071573257,-0.05616600066423416
1451266910751,1,-0.0024419999681413174,0.11721599847078323,-0.36629998683929443
1451266910770,1,-0.38217300176620483,0.5970689654350281,-1.7985329627990723
1451266910791,1,1.3345530033111572,1.1062259674072266,-0.9865679740905762
1451266910812,1,0.17582400143146515,-0.38583600521087646,0.09279599785804749
1451266910831,1,-0.6056159734725952,-1.1782649755477905,1.120877981185913
1451266910850,1,-0.586080014705658,-1.492061972618103,1.1904749870300293
1451266910871,1,-0.6385830044746399,-0.9133079648017883,0.36507898569107056
1451266910892,1,-0.33943799138069153,0.7484729886054993,-0.6495720148086548
1451266910912,1,0.01953599974513054,0.9951149821281433,-0.4151400029659271
1451266910936,1,0.27838799357414246,0.8070809841156006,0.013430999591946602
1451266910951,1,0.2600730061531067,0.32600700855255127,0.33943799138069153
1451266910973,1,-0.0012209999840706587,-0.09890099614858627,0.39316198229789734
1451266910993,1,-0.2857140004634857,-0.22466400265693665,0.3076919913291931
1451266911014,1,-0.1684979945421219,-0.021978000178933144,0.2637360095977783
1451266911033,1,-0.012210000306367874,0.10012199729681015,0.24053700268268585
1451266911052,1,0.10134299844503403,0.13797299563884735,0.21977999806404114
1451266911072,1,0.17460300028324127,0.08424899727106094,0.19169700145721436
1451266911093,1,0.1892549991607666,0.007325999904423952,0.13919399678707123
1451266911113,1,0.1733819991350174,0.08180700242519379,0.02319899946451187
1451266911137,1,0.15262499451637268,0.15506699681282043,-0.040293000638484955
1451266911153,1,0.13430999219417572,0.2161169946193695,-0.0757019966840744
1451266911174,1,0.13919399678707123,0.2551890015602112,-0.05738699808716774
1451266911194,1,0.14407800137996674,0.22954799234867096,-0.003662999952211976
1451266911220,1,0.025640999898314476,-0.02442000061273575,0.02808300033211708
1451266911240,1,-0.021978000178933144,-0.06715499609708786,-0.021978000178933144
1451266911253,1,0.015873000025749207,-0.0012209999840706587,-0.0757019966840744
1451266911275,1,0.09523800015449524,0.13919399678707123,-0.12576299905776978
1451266911295,1,0.1843709945678711,0.28327199816703796,-0.1452990025281906
1451266911314,1,0.23931600153446198,0.23565299808979034,-0.08058600127696991
1451266911336,1,0.13919399678707123,0.11721599847078323,-0.054944999516010284
1451266911355,1,0.02442000061273575,0.025640999898314476,-0.06104999780654907
1451266911376,1,-0.03418799862265587,0.02442000061273575,-0.09279599785804749
1451266911394,1,-0.017093999311327934,0.0866909995675087,-0.12332099676132202
1451266911415,1,0.01831500045955181,0.1733819991350174,-0.1294260025024414
1451266911438,1,-0.017093999311327934,0.19658099114894867,-0.02442000061273575
1451266911455,1,-0.08913300186395645,0.08424899727106094,0.045176997780799866
1451266911476,1,-0.13675199449062347,0.035408999770879745,0.06715499609708786
1451266911494,1,-0.12209999561309814,0.06227099895477295,0.0378509983420372
1451266911515,1,-0.0757019966840744,0.15262499451637268,-0.02808300033211708
1451266911535,1,0.10134299844503403,0.25152599811553955,0.0378509983420372
1451266911555,1,-0.07203900068998337,-0.14285700023174286,0.0378509983420372
1451266911576,1,-0.06349200010299683,0.01953599974513054,0.025640999898314476
1451266911596,1,0.13064700365066528,0.04395600035786629,0.0012209999840706587
1451266911616,1,0.11233200132846832,0.14407800137996674,-0.09279599785804749
1451266911635,1,0.07448099553585052,0.09157499670982361,-0.07081799954175949
1451266911657,1,0.03174600005149841,-0.02442000061273575,-0.006105000153183937
1451266911678,1,-0.020756999030709267,-0.12087900191545486,0.06593400239944458
1451266911696,1,-0.05860799923539162,-0.1782660037279129,0.11721599847078323
1451266911721,1,-0.05738699808716774,-0.14896199107170105,0.1135529950261116
1451266911736,1,-0.003662999952211976,-0.08913300186395645,0.07203900068998337
1451266911757,1,0.1135529950261116,-0.012210000306367874,0.01953599974513054
1451266911776,1,0.12209999561309814,0.0024419999681413174,0.020756999030709267
1451266911797,1,0.08058600127696991,-0.02808300033211708,0.02442000061273575
1451266911818,1,0.03418799862265587,-0.04639799892902374,0.05738699808716774
1451266911836,1,-0.003662999952211976,-0.035408999770879745,0.10500600188970566
1451266911857,1,-0.04639799892902374,0.015873000025749207,0.1025639995932579
1451266911877,1,-0.017093999311327934,0.054944999516010284,0.0488400012254715
1451266911897,1,0.012210000306367874,0.050060998648405075,0.013430999591946602
1451266911917,1,0.021978000178933144,0.0012209999840706587,0.004883999936282635
1451266911938,1,-0.003662999952211976,-0.08546999841928482,0.025640999898314476
1451266911958,1,-0.07692299783229828,-0.19902299344539642,0.021978000178933144
1451266911978,1,-0.0647130012512207,-0.14896199107170105,0.007325999904423952
1451266912000,1,-0.03663000091910362,-0.07203900068998337,-0.02808300033211708
1451266912018,1,0.007325999904423952,-0.03418799862265587,-0.06959699839353561
1451266912038,1,0.021978000178933144,-0.035408999770879745,-0.08180700242519379
1451266912058,1,0.014651999808847904,-0.04761900007724762,-0.07448099553585052
1451266912078,1,-0.03174600005149841,-0.07203900068998337,-0.02930399961769581
1451266912100,1,-0.04761900007724762,-0.054944999516010284,-0.008546999655663967
1451266912118,1,-0.04761900007724762,-0.01831500045955181,-0.010989000089466572
1451266912139,1,-0.03907199949026108,0.014651999808847904,-0.02442000061273575
1451266912158,1,-0.02442000061273575,0.035408999770879745,-0.04151399806141853
1451266912180,1,0.013430999591946602,0.059829000383615494,-0.050060998648405075
1451266912202,2,0.006105000153183937,0.05372399836778641,-0.03296700119972229
1451266912220,2,-0.015873000025749207,0.03418799862265587,-0.01831500045955181
1451266912241,2,-0.04151399806141853,0.03174600005149841,-0.01831500045955181
1451266912259,2,-0.03418799862265587,0.045176997780799866,-0.0378509983420372
1451266912278,2,-0.02319899946451187,0.0488400012254715,-0.08913300186395645
1451266912299,2,-0.012210000306367874,0.05372399836778641,-0.097680002450943
1451266912320,2,0.0,0.05372399836778641,-0.09279599785804749
1451266912340,2,-0.01831500045955181,0.006105000153183937,-0.05738699808716774
1451266912360,2,-0.02930399961769581,-0.03174600005149841,-0.030524998903274536
1451266912380,2,-0.040293000638484955,-0.01953599974513054,-0.04639799892902374
1451266912400,2,0.01831500045955181,0.09157499670982361,-0.07081799954175949
1451266912420,2,0.040293000638484955,0.11599499732255936,-0.05860799923539162
1451266912441,2,0.0488400012254715,0.12209999561309814,-0.025640999898314476
1451266912461,2,0.020756999030709267,0.10866899788379669,0.030524998903274536
1451266912482,2,-0.015873000025749207,0.09035399556159973,0.07203900068998337
1451266912500,2,-0.03296700119972229,0.10134299844503403,0.11843699961900711
1451266912521,2,-0.012210000306367874,0.11111100018024445,0.10134299844503403
1451266912542,2,0.008546999655663967,0.10500600188970566,0.05738699808716774
1451266912562,2,0.00976799987256527,0.09157499670982361,0.03174600005149841
1451266912582,2,0.0012209999840706587,0.07448099553585052,0.06715499609708786
1451266912601,2,-0.09401699900627136,0.07814399898052216,0.13064700365066528
1451266912622,2,-0.13308899104595184,0.050060998648405075,0.10134299844503403
1451266912642,2,-0.15262499451637268,0.012210000306367874,0.013430999591946602
1451266912662,2,-0.1355309933423996,-0.010989000089466572,-0.02930399961769581
1451266912682,2,-0.06715499609708786,0.0024419999681413174,-0.05128199979662895
1451266912705,2,-0.03296700119972229,0.06104999780654907,-0.040293000638484955
1451266912721,2,-0.050060998648405075,0.04395600035786629,-0.05738699808716774
1451266912742,2,-0.07081799954175949,-0.017093999311327934,-0.10744799673557281
1451266912761,2,-0.0647130012512207,-0.035408999770879745,-0.1684979945421219
1451266912782,2,-0.01953599974513054,-0.026861999183893204,-0.17460300028324127
1451266912802,2,0.014651999808847904,0.026861999183893204,-0.16971899569034576
1451266912823,2,0.0024419999681413174,0.010989000089466572,-0.16483499109745026
1451266912844,2,-0.025640999898314476,-0.04639799892902374,-0.13308899104595184
1451266912872,2,-0.0488400012254715,-0.05860799923539162,-0.12087900191545486
1451266912884,2,-0.05372399836778641,-0.035408999770879745,-0.14163599908351898
1451266912903,2,-0.025640999898314476,-0.007325999904423952,-0.18314999341964722
1451266912928,2,0.0866909995675087,0.2051279991865158,-0.3040289878845215
1451266912944,2,0.14285700023174286,0.3125759959220886,-0.3956039845943451
1451266912967,2,0.1733819991350174,0.3736259937286377,-0.4798530042171478
1451266912983,2,0.14896199107170105,0.3577530086040497,-0.5433449745178223
1451266913003,2,0.09523800015449524,0.13430999219417572,0.0757019966840744
1451266913024,2,-0.6129419803619385,-1.6324769258499146,0.7765560150146484
1451266913043,2,-0.3614159822463989,-1.183148980140686,0.4004879891872406
1451266913071,2,-0.2649570107460022,-0.14407800137996674,-0.195360004901886
1451266913085,2,0.01831500045955181,0.699633002281189,-0.6288149952888489
1451266913104,2,0.2490839958190918,1.1330879926681519,-0.6813179850578308
1451266913125,2,0.28815600275993347,0.7619040012359619,-0.19902299344539642
1451266913145,2,-0.12820500135421753,-0.46764299273490906,0.39682498574256897
1451266913167,2,-0.1025639995932579,-0.5128200054168701,0.2649570107460022
1451266913184,2,0.03174600005149841,-0.2527469992637634,0.020756999030709267
1451266913204,2,0.19780199229717255,0.06837599724531174,-0.14407800137996674
1451266913225,2,0.293040007352829,0.26251500844955444,-0.18681299686431885
1451266913246,2,0.19658099114894867,0.17216099798679352,-0.06104999780654907
1451266913265,2,0.10012199729681015,0.025640999898314476,0.017093999311327934
1451266913286,2,-0.0024419999681413174,-0.09890099614858627,0.05372399836778641
1451266913306,2,-0.04639799892902374,-0.10500600188970566,0.040293000638484955
1451266913326,2,-0.007325999904423952,-0.02808300033211708,0.017093999311327934
1451266913346,2,0.06837599724531174,0.040293000638484955,0.02930399961769581
1451266913367,2,0.04761900007724762,0.010989000089466572,0.05738699808716774
1451266913385,2,0.035408999770879745,-0.0012209999840706587,0.04761900007724762
1451266913406,2,0.04395600035786629,0.008546999655663967,0.04395600035786629
1451266913425,2,0.0488400012254715,0.02808300033211708,0.03663000091910362
1451266913446,2,0.045176997780799866,0.0012209999840706587,0.04395600035786629
1451266913467,2,0.015873000025749207,-0.02808300033211708,0.03418799862265587
1451266913489,2,0.020756999030709267,-0.004883999936282635,0.014651999808847904
1451266913506,2,0.0378509983420372,0.007325999904423952,-0.0024419999681413174
1451266913527,2,0.040293000638484955,-0.003662999952211976,-0.00976799987256527
1451266913547,2,0.045176997780799866,-0.00976799987256527,-0.007325999904423952
1451266913573,2,-0.03174600005149841,0.0024419999681413174,0.020756999030709267
1451266913587,2,-0.07081799954175949,0.006105000153183937,0.03663000091910362
1451266913608,2,-0.06593400239944458,0.0012209999840706587,0.03418799862265587
1451266913628,2,-0.03663000091910362,0.0,0.007325999904423952
1451266913647,2,0.003662999952211976,0.0024419999681413174,-0.05250300094485283
1451266913667,2,0.021978000178933144,0.017093999311327934,-0.07692299783229828
1451266913688,2,-0.00976799987256527,0.0024419999681413174,-0.045176997780799866
1451266913708,2,-0.02442000061273575,0.01831500045955181,-0.02319899946451187
1451266913728,2,-0.017093999311327934,0.04639799892902374,-0.02319899946451187
1451266913753,2,0.004883999936282635,0.03418799862265587,-0.05250300094485283
1451266913767,2,0.013430999591946602,-0.008546999655663967,-0.07326000183820724
1451266913787,2,0.02319899946451187,0.015873000025749207,-0.03174600005149841
1451266913809,2,0.017093999311327934,0.013430999591946602,0.003662999952211976
1451266913829,2,0.0012209999840706587,-0.017093999311327934,0.007325999904423952
1451266913850,2,0.013430999591946602,-0.013430999591946602,-0.01953599974513054
1451266913868,2,0.03907199949026108,0.02319899946451187,-0.05860799923539162
1451266913890,2,0.020756999030709267,0.06837599724531174,-0.0647130012512207
1451266913910,2,-0.003662999952211976,-0.006105000153183937,-0.02442000061273575
1451266913929,2,-0.02319899946451187,-0.08913300186395645,0.03296700119972229
1451266913950,2,-0.054944999516010284,-0.13430999219417572,0.04151399806141853
1451266913968,2,-0.03907199949026108,-0.14163599908351898,0.00976799987256527
1451266913989,2,0.01953599974513054,-0.017093999311327934,-0.03418799862265587
1451266914010,2,0.025640999898314476,0.003662999952211976,-0.03174600005149841
1451266914030,2,0.0012209999840706587,-0.01831500045955181,-0.007325999904423952
1451266914050,2,-0.04151399806141853,-0.04639799892902374,0.01831500045955181
1451266914074,2,-0.05860799923539162,-0.06837599724531174,0.0378509983420372
1451266914090,2,-0.06715499609708786,-0.0866909995675087,0.03174600005149841
1451266914110,2,-0.04639799892902374,-0.045176997780799866,0.008546999655663967
1451266914131,2,-0.026861999183893204,0.0,0.02319899946451187
1451266914150,2,-0.006105000153183937,0.020756999030709267,0.0378509983420372
1451266914170,2,0.0,0.017093999311327934,0.040293000638484955
1451266914191,2,-0.013430999591946602,0.0012209999840706587,0.0488400012254715
1451266914210,2,-0.013430999591946602,-0.02319899946451187,0.03174600005149841
1451266914232,1,0.010989000089466572,-0.008546999655663967,0.02930399961769581
1451266914252,1,0.02808300033211708,0.02930399961769581,0.0378509983420372
1451266914275,1,0.03418799862265587,0.07448099553585052,0.03907199949026108
1451266914298,1,0.025640999898314476,0.08791200071573257,0.040293000638484955
1451266914312,1,-0.05860799923539162,-0.02808300033211708,0.08424899727106094
1451266914331,1,-0.08058600127696991,-0.05860799923539162,0.10622699558734894
1451266914424,1,-0.03296700119972229,-0.015873000025749207,0.02442000061273575
1451266914445,1,-0.006105000153183937,-0.04639799892902374,0.07448099553585052
1451266914466,1,-0.03907199949026108,-0.05860799923539162,0.06959699839353561
1451266914484,1,-0.06227099895477295,-0.07936500012874603,0.09157499670982361
1451266914505,1,-0.07081799954175949,-0.10134299844503403,0.11965800076723099
1451266914525,1,-0.07203900068998337,-0.11111100018024445,0.12820500135421753
1451266914546,1,-0.05128199979662895,-0.15018299221992493,0.16117200255393982
1451266914564,1,-0.050060998648405075,-0.14896199107170105,0.1452990025281906
1451266914586,1,-0.026861999183893204,-0.09035399556159973,0.11233200132846832
1451266914605,1,0.0,-0.025640999898314476,0.0488400012254715
1451266914625,1,0.02808300033211708,0.045176997780799866,0.015873000025749207
1451266914645,1,0.07081799954175949,0.06715499609708786,0.01831500045955181
1451266914666,1,0.12576299905776978,-0.012210000306367874,0.05616600066423416
1451266914685,1,0.10622699558734894,-0.07692299783229828,0.06837599724531174
1451266914706,1,0.06715499609708786,-0.1355309933423996,0.07326000183820724
1451266914726,1,0.012210000306367874,-0.13064700365066528,0.06837599724531174
1451266914746,1,-0.02442000061273575,-0.08180700242519379,0.05616600066423416
1451266914768,1,-0.05860799923539162,-0.0024419999681413174,0.07814399898052216
1451266914790,1,-0.11843699961900711,-0.015873000025749207,0.09401699900627136
1451266914810,1,-0.17460300028324127,-0.02442000061273575,0.10622699558734894
1451266914829,1,-0.19780199229717255,-0.030524998903274536,0.12698400020599365
1451266914850,1,-0.21367499232292175,-0.059829000383615494,0.14774100482463837
1451266914868,1,-0.22100099921226501,-0.07936500012874603,0.1294260025024414
1451266914890,1,-0.1355309933423996,-0.021978000178933144,0.12698400020599365
1451266914910,1,-0.08913300186395645,-0.03296700119972229,0.12698400020599365
1451266914929,1,-0.07936500012874603,-0.054944999516010284,0.10866899788379669
1451266914949,1,-0.10378500074148178,-0.09157499670982361,0.11721599847078323
1451266914969,1,-0.12576299905776978,-0.13308899104595184,0.1294260025024414
1451266914990,1,-0.12209999561309814,-0.08180700242519379,0.035408999770879745
1451266915009,1,-0.007325999904423952,0.0024419999681413174,0.004883999936282635
1451266915030,1,0.26129400730133057,-0.0866909995675087,0.050060998648405075
1451266915055,1,0.38583600521087646,-0.3137969970703125,-0.10744799673557281
1451266915070,1,0.21977999806404114,-0.3748469948768616,-1.1575080156326294
1451266915091,1,1.717947006225586,1.0879110097885132,-1.4957250356674194
1451266915111,1,1.0170929431915283,0.2600730061531067,-0.8278380036354065
1451266915132,1,0.012210000306367874,-0.6214889883995056,0.6056159734725952
1451266915151,1,-0.4590959846973419,-0.7643460035324097,1.5604380369186401
1451266915171,1,-0.40659299492836,-1.0463969707489014,1.3968240022659302
1451266915192,1,-0.6190469861030579,-0.09523800015449524,-0.523809015750885
1451266915212,1,-0.4334549903869629,0.6129419803619385,-0.8095229864120483
1451266915231,1,-0.013430999591946602,0.9865679740905762,-0.504272997379303
1451266915252,1,0.2490839958190918,0.7924289703369141,0.07692299783229828
1451266915271,1,0.14285700023174286,0.2820509970188141,0.4822950065135956
1451266915291,1,-0.14285700023174286,-0.23443199694156647,0.523809015750885
1451266915319,1,-0.19047600030899048,-0.2967030107975006,0.2649570107460022
1451266915332,1,0.008546999655663967,-0.08302799612283707,0.18192899227142334
1451266915351,1,0.1892549991607666,0.09523800015449524,0.1575089991092682
1451266915373,1,0.26739898324012756,0.09890099614858627,0.1843709945678711
1451266915393,1,0.27350398898124695,0.013430999591946602,0.2271059900522232
1451266915413,1,0.15506699681282043,-0.08913300186395645,0.1575089991092682
1451266915434,1,0.06959699839353561,-0.010989000089466572,0.06959699839353561
1451266915452,1,-0.004883999936282635,0.1025639995932579,0.04273499920964241
1451266915473,1,-0.07326000183820724,0.1452990025281906,0.06959699839353561
1451266915492,1,-0.15506699681282043,0.10012199729681015,0.11965800076723099
1451266915513,1,-0.33943799138069153,-0.08424899727106094,0.1294260025024414
1451266915532,1,-0.3772889971733093,-0.12698400020599365,0.09157499670982361
1451266915553,1,-0.3199020028114319,-0.04273499920964241,0.05128199979662895
1451266915578,1,-0.16605599224567413,0.09890099614858627,0.09035399556159973
1451266915594,1,-0.045176997780799866,0.1135529950261116,0.13430999219417572
1451266915614,1,-0.045176997780799866,0.04395600035786629,0.09035399556159973
1451266915639,1,-0.06349200010299683,0.008546999655663967,0.00976799987256527
1451266915654,1,-0.021978000178933144,0.05616600066423416,-0.02930399961769581
1451266915673,1,0.01831500045955181,0.11477399617433548,-0.021978000178933144
1451266915694,1,0.06227099895477295,0.10012199729681015,0.03296700119972229
1451266915713,1,0.06959699839353561,-0.013430999591946602,0.04395600035786629
1451266915734,1,0.13797299563884735,-0.06349200010299683,0.014651999808847904
1451266915754,1,0.17582400143146515,0.02808300033211708,0.00976799987256527
1451266915775,1,0.1294260025024414,0.11111100018024445,0.012210000306367874
1451266915796,1,0.02442000061273575,0.12209999561309814,0.02808300033211708
1451266915816,1,-0.08058600127696991,0.06593400239944458,0.05860799923539162
1451266915841,1,-0.10500600188970566,-0.025640999898314476,0.07448099553585052
1451266915856,1,-0.04395600035786629,-0.02319899946451187,0.03663000091910362
1451266915876,1,0.02319899946451187,-0.017093999311327934,-0.03418799862265587
1451266915896,1,0.0647130012512207,0.030524998903274536,-0.08058600127696991
1451266915915,1,0.07448099553585052,0.05860799923539162,-0.0866909995675087
1451266915934,1,0.054944999516010284,0.021978000178933144,-0.02808300033211708
1451266915956,1,-0.006105000153183937,-0.050060998648405075,0.025640999898314476
1451266915975,1,0.020756999030709267,-0.02930399961769581,-0.021978000178933144
1451266915996,1,0.0647130012512207,0.012210000306367874,-0.08180700242519379
1451266916016,1,0.08791200071573257,0.07692299783229828,-0.1294260025024414
1451266916035,1,0.09890099614858627,0.1135529950261116,-0.11965800076723099
1451266916056,1,0.026861999183893204,0.07814399898052216,-0.013430999591946602
1451266916077,1,-0.020756999030709267,0.04761900007724762,-0.014651999808847904
1451266916096,1,-0.003662999952211976,0.06104999780654907,-0.0378509983420372
1451266916118,1,0.01831500045955181,0.11965800076723099,-0.03174600005149841
1451266916136,1,-0.02442000061273575,0.18559199571609497,-0.0012209999840706587
1451266916157,1,0.04639799892902374,0.24053700268268585,-0.013430999591946602
1451266916176,1,0.06715499609708786,0.167276993393898,-0.04395600035786629
1451266916197,1,0.035408999770879745,0.03418799862265587,-0.06715499609708786
1451266916217,1,0.00976799987256527,-0.08913300186395645,-0.045176997780799866
1451266916243,2,0.02930399961769581,-0.1245419979095459,0.006105000153183937
1451266916257,2,0.0866909995675087,-0.06715499609708786,0.008546999655663967
1451266916278,2,0.15018299221992493,0.30524998903274536,-0.007325999904423952
1451266916298,2,0.15506699681282043,0.44688600301742554,0.05250300094485283
1451266916317,2,0.10744799673557281,0.4236869812011719,0.09279599785804749
1451266916341,2,0.02930399961769581,0.2222220003604889,0.07692299783229828
1451266916358,2,-0.0488400012254715,-0.05250300094485283,0.006105000153183937
1451266916377,2,-0.09890099614858627,-0.4102559983730316,-0.11111100018024445
1451266916398,2,-0.097680002450943,-0.3736259937286377,-0.04151399806141853
1451266916418,2,-0.07814399898052216,-0.3040289878845215,0.00976799987256527
1451266916437,2,-0.05372399836778641,-0.23687399923801422,0.014651999808847904
1451266916458,2,-0.026861999183893204,-0.3040289878845215,-0.0024419999681413174
1451266916478,2,-0.07326000183820724,-0.7496939897537231,-0.09279599785804749
1451266916500,2,-0.07081799954175949,-0.8241750001907349,-0.09645900130271912
1451266916518,2,-0.035408999770879745,-0.7533569931983948,-0.09401699900627136
1451266916538,2,-0.02319899946451187,-0.5775330066680908,-0.08424899727106094
1451266916559,2,-0.02930399961769581,-0.3467639982700348,-0.08424899727106094
1451266916578,2,-0.025640999898314476,-0.1782660037279129,-0.059829000383615494
1451266916600,2,0.030524998903274536,-0.04273499920964241,-0.021978000178933144
1451266916619,2,0.04151399806141853,0.01953599974513054,-0.0024419999681413174
1451266916639,2,0.014651999808847904,0.12209999561309814,0.006105000153183937
1451266916659,2,0.013430999591946602,0.26251500844955444,0.013430999591946602
1451266916679,2,0.02442000061273575,0.4236869812011719,0.03663000091910362
1451266916700,2,0.021978000178933144,0.6764339804649353,0.10134299844503403
1451266916724,2,-0.0024419999681413174,0.5726490020751953,0.08180700242519379
1451266916739,2,-0.05250300094485283,0.27960899472236633,0.0647130012512207
1451266916761,2,-0.097680002450943,-0.014651999808847904,0.05860799923539162
1451266916784,2,-0.10622699558734894,-0.10012199729681015,0.0647130012512207
1451266916802,2,0.012210000306367874,0.20634900033473969,0.04639799892902374
1451266916821,2,0.050060998648405075,0.2820509970188141,0.02808300033211708
1451266916842,2,0.04273499920964241,0.20390699803829193,0.0378509983420372
1451266916860,2,-0.0012209999840706587,0.035408999770879745,0.04639799892902374
1451266916881,2,-0.045176997780799866,-0.10988999903202057,0.04151399806141853
1451266916901,2,-0.05372399836778641,-0.15018299221992493,0.02808300033211708
1451266916920,2,-0.00976799987256527,0.025640999898314476,0.0024419999681413174
1451266916942,2,0.015873000025749207,0.07692299783229828,-0.00976799987256527
1451266916962,2,0.030524998903274536,0.06715499609708786,-0.00976799987256527
1451266916981,2,0.01831500045955181,-0.008546999655663967,0.0024419999681413174
1451266917001,2,-0.014651999808847904,-0.054944999516010284,0.014651999808847904
1451266917022,2,-0.007325999904423952,0.035408999770879745,0.03174600005149841
1451266917042,2,0.02319899946451187,0.10622699558734894,0.015873000025749207
1451266917062,2,0.04395600035786629,0.1245419979095459,-0.01953599974513054
1451266917084,2,0.05372399836778641,0.12087900191545486,-0.045176997780799866
1451266917102,2,0.05250300094485283,0.10988999903202057,-0.04639799892902374
1451266917127,2,0.015873000025749207,0.08424899727106094,-0.020756999030709267
1451266917142,2,0.020756999030709267,0.13797299563884735,-0.045176997780799866
1451266917163,2,0.07326000183820724,0.21245399117469788,-0.1025639995932579
1451266917183,2,0.1465200036764145,0.2905980050563812,-0.16605599224567413
1451266917202,2,0.195360004901886,1.119657039642334,-0.2979239821434021
1451266917223,2,0.040293000638484955,-0.5579969882965088,0.5628809928894043
1451266917243,2,-0.13675199449062347,-0.7081800103187561,0.167276993393898
1451266917263,2,0.010989000089466572,-0.10378500074148178,0.07326000183820724
1451266917288,2,0.05860799923539162,0.6202679872512817,0.00976799987256527
1451266917303,2,0.167276993393898,0.9377279877662659,0.13186800479888916
1451266917323,2,0.19169700145721436,0.7619040012359619,0.23687399923801422
1451266917343,2,0.06715499609708786,-0.14163599908351898,0.06959699839353561
1451266917363,2,0.04151399806141853,-0.3504270017147064,-0.02442000061273575
1451266917383,2,0.0488400012254715,-0.3247860074043274,-0.08180700242519379
1451266917403,2,0.05250300094485283,-0.2002439945936203,-0.11721599847078323
1451266917424,2,0.04273499920964241,-0.07936500012874603,-0.1465200036764145
1451266917445,2,-0.02930399961769581,0.04151399806141853,-0.09035399556159973
1451266917464,2,-0.06227099895477295,0.03663000091910362,-0.03174600005149841
1451266917483,2,-0.08546999841928482,0.02442000061273575,-0.007325999904423952
1451266917504,2,-0.08791200071573257,0.015873000025749207,-0.008546999655663967
1451266917525,2,-0.06959699839353561,-0.003662999952211976,-0.02319899946451187
1451266917545,2,-0.03296700119972229,-0.015873000025749207,-0.03907199949026108
1451266917565,2,0.03174600005149841,-0.020756999030709267,-0.04761900007724762
1451266917585,2,0.02319899946451187,-0.01831500045955181,-0.0024419999681413174
1451266917606,2,0.0024419999681413174,-0.02808300033211708,0.04273499920964241
1451266917626,2,-0.00976799987256527,-0.04273499920964241,0.059829000383615494
1451266917645,2,-0.003662999952211976,-0.0488400012254715,0.035408999770879745
1451266917668,2,0.0,-0.01831500045955181,-0.04761900007724762
1451266917685,2,0.007325999904423952,-0.00976799987256527,-0.04639799892902374
1451266917705,2,0.004883999936282635,-0.006105000153183937,-0.021978000178933144
1451266917725,2,-0.017093999311327934,-0.013430999591946602,-0.0024419999681413174
1451266917746,2,-0.04639799892902374,-0.026861999183893204,0.013430999591946602
1451266917767,2,-0.0647130012512207,0.013430999591946602,0.0024419999681413174
1451266917785,2,-0.04273499920964241,0.04151399806141853,-0.013430999591946602
1451266917806,2,-0.017093999311327934,0.04639799892902374,-0.035408999770879745
1451266917826,2,-0.0024419999681413174,0.00976799987256527,-0.025640999898314476
1451266917846,2,-0.00976799987256527,-0.03907199949026108,-0.004883999936282635
1451266917866,2,-0.01953599974513054,-0.05128199979662895,0.02319899946451187
1451266917886,2,-0.01831500045955181,0.008546999655663967,0.021978000178933144
1451266917906,2,-0.007325999904423952,0.02442000061273575,0.00976799987256527
1451266917927,2,0.020756999030709267,0.012210000306367874,0.0
1451266917947,2,0.04273499920964241,-0.02319899946451187,-0.004883999936282635
1451266917966,2,0.0488400012254715,-0.05616600066423416,0.020756999030709267
1451266917987,2,-0.02808300033211708,-0.040293000638484955,0.07936500012874603
1451266918008,2,-0.045176997780799866,-0.00976799987256527,0.04761900007724762
1451266918028,2,-0.035408999770879745,0.010989000089466572,0.0012209999840706587
1451266918048,2,-0.00976799987256527,0.021978000178933144,-0.04273499920964241
1451266918067,2,-0.012210000306367874,0.030524998903274536,-0.06104999780654907
1451266918088,2,-0.08302799612283707,-0.017093999311327934,0.03296700119972229
1451266918113,2,-0.10012199729681015,-0.04639799892902374,0.050060998648405075
1451266918128,2,-0.09890099614858627,-0.06715499609708786,0.0378509983420372
1451266918150,2,-0.08546999841928482,-0.06837599724531174,0.02319899946451187
1451266918168,2,-0.04273499920964241,-0.05738699808716774,0.00976799987256527
1451266918189,2,0.02930399961769581,-0.02442000061273575,-0.003662999952211976
1451266918209,2,0.06959699839353561,-0.008546999655663967,0.017093999311327934
1451266918229,2,0.0378509983420372,-0.008546999655663967,0.04273499920964241
1451266918252,1,0.012210000306367874,0.0012209999840706587,0.05616600066423416
1451266918270,1,-0.0024419999681413174,0.025640999898314476,0.04639799892902374
1451266918288,1,0.025640999898314476,0.07203900068998337,0.020756999030709267
1451266918309,1,0.04639799892902374,0.07936500012874603,-0.03296700119972229
1451266918328,1,0.054944999516010284,0.05860799923539162,-0.040293000638484955
1451266918348,1,0.06715499609708786,0.04395600035786629,-0.013430999591946602
1451266918368,1,0.04761900007724762,0.0488400012254715,0.040293000638484955
1451266918388,1,0.015873000025749207,0.07326000183820724,0.08302799612283707
1451266918414,1,-0.06715499609708786,0.05738699808716774,0.14285700023174286
1451266918430,1,-0.20390699803829193,-0.07692299783229828,0.167276993393898
1451266918450,1,-0.26251500844955444,-0.059829000383615494,0.035408999770879745
1451266918469,1,-0.0866909995675087,-0.0024419999681413174,-0.01953599974513054
1451266918494,1,0.07448099553585052,-0.035408999770879745,0.03907199949026108
1451266918511,1,0.06593400239944458,-0.12820500135421753,0.04151399806141853
1451266918531,1,-0.20879100263118744,-0.08791200071573257,0.007325999904423952
1451266918556,1,-0.26129400730133057,0.04639799892902374,-0.00976799987256527
1451266918570,1,-0.1892549991607666,0.17582400143146515,0.013430999591946602
1451266918591,1,-0.06715499609708786,0.14407800137996674,0.05372399836778641
1451266918611,1,-0.014651999808847904,0.05128199979662895,0.06349200010299683
1451266918635,1,0.015873000025749207,0.004883999936282635,-0.013430999591946602
1451266918651,1,0.06227099895477295,0.010989000089466572,-0.03174600005149841
1451266918672,1,0.06104999780654907,0.003662999952211976,-0.04395600035786629
1451266918691,1,0.017093999311327934,-0.013430999591946602,-0.020756999030709267
1451266918712,1,-0.021978000178933144,-0.008546999655663967,0.015873000025749207
1451266918734,1,0.008546999655663967,0.03418799862265587,0.03663000091910362
1451266918752,1,0.040293000638484955,0.015873000025749207,0.03296700119972229
1451266918772,1,0.04151399806141853,0.012210000306367874,0.0378509983420372
1451266918792,1,0.030524998903274536,-0.00976799987256527,0.05250300094485283
1451266918812,1,-0.020756999030709267,-0.04151399806141853,0.06593400239944458
1451266918831,1,-0.07081799954175949,0.0024419999681413174,0.05616600066423416
1451266918852,1,-0.00976799987256527,0.017093999311327934,0.0647130012512207
1451266918871,1,0.008546999655663967,-0.017093999311327934,0.07326000183820724
1451266918892,1,0.0012209999840706587,-0.054944999516010284,0.06715499609708786
1451266918912,1,-0.007325999904423952,-0.05738699808716774,0.05738699808716774
1451266918934,1,0.008546999655663967,-0.03663000091910362,0.054944999516010284
1451266918952,1,0.04395600035786629,0.003662999952211976,0.04395600035786629
1451266918977,1,0.040293000638484955,0.0012209999840706587,0.050060998648405075
1451266918993,1,0.020756999030709267,-0.01831500045955181,0.05372399836778641
1451266919014,1,0.0012209999840706587,-0.0378509983420372,0.05616600066423416
1451266919036,1,-0.007325999904423952,-0.0488400012254715,0.06227099895477295
1451266919053,1,-0.030524998903274536,-0.05860799923539162,0.08180700242519379
1451266919074,1,-0.04761900007724762,-0.04761900007724762,0.07203900068998337
1451266919093,1,-0.003662999952211976,-0.05372399836778641,0.09401699900627136
1451266919114,1,0.08302799612283707,-0.15995100140571594,0.14774100482463837
1451266919133,1,0.19658099114894867,-0.3724049925804138,0.15995100140571594
1451266919153,1,-0.21733799576759338,0.30524998903274536,-1.5714269876480103
1451266919174,1,0.7423679828643799,1.3125749826431274,-1.6495709419250488
1451266919195,1,1.1147730350494385,0.8021969795227051,-1.3748459815979004
1451266919215,1,0.416361004114151,-0.06593400239944458,-0.12576299905776978
1451266919235,1,-0.2490839958190918,-0.9499379992485046,0.9682530164718628
1451266919255,1,-0.48962098360061646,-1.2380939722061157,1.1489609479904175
1451266919275,1,-0.5384609699249268,-0.4822950065135956,-0.16605599224567413
1451266919295,1,-0.24542099237442017,0.20146499574184418,-0.40781399607658386
1451266919315,1,0.1025639995932579,0.6153839826583862,-0.28815600275993347
1451266919337,1,0.2905980050563812,0.6776549816131592,-0.008546999655663967
1451266919355,1,0.21977999806404114,0.4590959846973419,0.22466400265693665
1451266919375,1,-0.15018299221992493,-0.07326000183820724,0.24175800383090973
1451266919396,1,-0.18681299686431885,-0.1355309933423996,0.19291800260543823
1451266919420,1,-0.13430999219417572,-0.06104999780654907,0.1514039933681488
1451266919435,1,-0.02930399961769581,0.05616600066423416,0.14163599908351898
1451266919455,1,0.06593400239944458,0.13919399678707123,0.13308899104595184
1451266919475,1,0.12576299905776978,0.06593400239944458,0.0866909995675087
1451266919496,1,0.04761900007724762,-0.054944999516010284,0.04151399806141853
1451266919518,1,-0.03418799862265587,-0.1404149979352951,-0.008546999655663967
1451266919536,1,-0.10012199729681015,-0.1452990025281906,-0.04395600035786629
1451266919556,1,-0.13186800479888916,-0.07936500012874603,0.014651999808847904
1451266919577,1,-0.1135529950261116,-0.008546999655663967,0.11721599847078323
1451266919597,1,0.013430999591946602,-0.05860799923539162,0.15018299221992493
1451266919618,1,0.12087900191545486,-0.07692299783229828,0.045176997780799866
1451266919636,1,0.20390699803829193,-0.025640999898314476,-0.059829000383615494
1451266919657,1,0.21855899691581726,0.06593400239944458,-0.09645900130271912
1451266919677,1,0.17460300028324127,0.1294260025024414,-0.06715499609708786
1451266919698,1,0.06227099895477295,0.12820500135421753,0.08546999841928482
1451266919720,1,-0.00976799987256527,-0.020756999030709267,0.08058600127696991
1451266919737,1,-0.07448099553585052,-0.11111100018024445,0.03296700119972229
1451266919758,1,-0.0757019966840744,-0.12087900191545486,0.004883999936282635
1451266919778,1,-0.03296700119972229,-0.04273499920964241,-0.02442000061273575
1451266919798,1,0.03663000091910362,0.07814399898052216,-0.059829000383615494
1451266919818,1,0.02442000061273575,0.0378509983420372,-0.05128199979662895
1451266919837,1,0.014651999808847904,0.010989000089466572,-0.05250300094485283
1451266919858,1,0.026861999183893204,0.014651999808847904,-0.06837599724531174
1451266919878,1,0.03907199949026108,0.059829000383615494,-0.07692299783229828
1451266919898,1,0.02930399961769581,0.11477399617433548,-0.07692299783229828
1451266919918,1,-0.06227099895477295,0.1025639995932579,-0.04273499920964241
1451266919937,1,-0.10500600188970566,0.045176997780799866,-0.040293000638484955
1451266919958,1,-0.07936500012874603,0.013430999591946602,-0.017093999311327934
1451266919978,1,-0.15995100140571594,0.045176997780799866,0.020756999030709267
1451266920009,1,-0.19047600030899048,-0.09401699900627136,0.03418799862265587
1451266920017,1,-0.1245419979095459,-0.06959699839353561,-0.04273499920964241
1451266920038,1,0.013430999591946602,0.025640999898314476,-0.04761900007724762
1451266920059,1,0.097680002450943,0.03663000091910362,-0.008546999655663967
1451266920080,1,0.1245419979095459,-0.050060998648405075,0.035408999770879745
1451266920100,1,0.07081799954175949,-0.14163599908351898,0.04151399806141853
1451266920118,1,-0.04639799892902374,-0.11233200132846832,-0.03296700119972229
1451266920140,1,-0.040293000638484955,-0.008546999655663967,-0.03663000091910362
1451266920160,1,0.040293000638484955,0.11721599847078323,-0.00976799987256527
1451266920180,1,0.13064700365066528,0.195360004901886,-0.097680002450943
1451266920200,1,0.167276993393898,0.25641000270843506,-0.13797299563884735
1451266920219,1,0.1294260025024414,0.13186800479888916,-0.07081799954175949
1451266920240,1,-0.07936500012874603,-0.0757019966840744,0.03418799862265587
1451266920261,1,-0.10378500074148178,0.05250300094485283,0.03174600005149841
1451266920281,1,-0.07692299783229828,0.3882780075073242,0.0
1451266920307,2,-0.007325999904423952,0.40415099263191223,-0.05372399836778641
1451266920325,2,-0.03174600005149841,0.18070799112319946,-0.02319899946451187
1451266920342,2,-0.14896199107170105,-0.017093999311327934,0.14407800137996674
1451266920361,2,-0.1465200036764145,-0.07448099553585052,0.10744799673557281
1451266920386,2,-0.11477399617433548,-0.008546999655663967,0.06593400239944458
1451266920400,2,-0.06227099895477295,0.14163599908351898,0.05616600066423416
1451266920421,2,0.003662999952211976,0.334553986787796,0.0378509983420372
1451266920441,2,0.13919399678707123,0.3675209879875183,0.015873000025749207
1451266920461,2,0.05616600066423416,0.10988999903202057,0.03663000091910362
1451266920481,2,-0.06349200010299683,-0.09645900130271912,0.04273499920964241
1451266920501,2,-0.07936500012874603,-0.19169700145721436,0.014651999808847904
1451266920521,2,-0.015873000025749207,-0.14285700023174286,-0.021978000178933144
1451266920542,2,0.02930399961769581,-0.04761900007724762,-0.040293000638484955
1451266920561,2,0.04273499920964241,-0.014651999808847904,-0.03418799862265587
1451266920585,2,0.00976799987256527,-0.0378509983420372,-0.007325999904423952
1451266920601,2,-0.021978000178933144,-0.08058600127696991,0.01831500045955181
1451266920622,2,-0.03418799862265587,-0.10622699558734894,0.017093999311327934
1451266920643,2,-0.014651999808847904,-0.10500600188970566,-0.007325999904423952
1451266920663,2,0.007325999904423952,-0.0488400012254715,-0.020756999030709267
1451266920685,2,0.010989000089466572,-0.014651999808847904,-0.003662999952211976
1451266920702,2,0.014651999808847904,0.008546999655663967,0.03663000091910362
1451266920728,2,-0.008546999655663967,-0.003662999952211976,0.04761900007724762
1451266920743,2,-0.02442000061273575,-0.02319899946451187,0.04639799892902374
1451266920763,2,-0.02808300033211708,-0.014651999808847904,0.0024419999681413174
1451266920783,2,-0.015873000025749207,0.006105000153183937,-0.006105000153183937
1451266920802,2,0.010989000089466572,-0.013430999591946602,-0.003662999952211976
1451266920823,2,0.0012209999840706587,-0.050060998648405075,0.0
1451266920844,2,-0.012210000306367874,-0.05616600066423416,-0.0012209999840706587
1451266920863,2,-0.02442000061273575,-0.02930399961769581,-0.0024419999681413174
1451266920883,2,-0.026861999183893204,0.0378509983420372,-0.02808300033211708
1451266920903,2,-0.006105000153183937,0.05372399836778641,-0.03174600005149841
1451266920923,2,0.003662999952211976,0.050060998648405075,-0.01953599974513054
1451266920944,2,0.010989000089466572,0.0024419999681413174,-0.007325999904423952
1451266920965,2,-0.013430999591946602,-0.012210000306367874,-0.008546999655663967
1451266920985,2,0.003662999952211976,0.015873000025749207,-0.020756999030709267
1451266921008,2,0.0024419999681413174,0.040293000638484955,-0.006105000153183937
1451266921025,2,0.008546999655663967,0.045176997780799866,0.007325999904423952
1451266921045,2,0.010989000089466572,0.04151399806141853,0.00976799987256527
1451266921064,2,0.013430999591946602,0.02808300033211708,0.00976799987256527
1451266921084,2,0.015873000025749207,0.04639799892902374,-0.0024419999681413174
1451266921105,2,0.02442000061273575,0.07936500012874603,-0.012210000306367874
1451266921125,2,0.025640999898314476,0.13064700365066528,-0.020756999030709267
1451266921146,2,0.04639799892902374,0.1733819991350174,-0.050060998648405075
1451266921167,2,0.1294260025024414,0.22954799234867096,-0.13675199449062347
1451266921185,2,0.2588520050048828,0.4102559983730316,0.23687399923801422
1451266921206,2,-0.1465200036764145,-0.7423679828643799,0.5250300168991089
1451266921226,2,-0.09890099614858627,-0.38583600521087646,0.1135529950261116
1451266921245,2,-0.0024419999681413174,0.10988999903202057,-0.04273499920964241
1451266921265,2,0.06837599724531174,0.6605609655380249,0.03174600005149841
1451266921285,2,0.11477399617433548,0.7130640149116516,0.1514039933681488
1451266921306,2,0.1294260025024414,-0.08302799612283707,-0.0647130012512207
1451266921327,2,0.11233200132846832,-0.34798499941825867,-0.16605599224567413
1451266921346,2,0.11721599847078323,-0.3797309994697571,-0.18559199571609497
1451266921373,2,0.10744799673557281,-0.27960899472236633,-0.17216099798679352
1451266921386,2,0.06593400239944458,-0.15506699681282043,-0.167276993393898
1451266921407,2,-0.040293000638484955,0.03296700119972229,-0.14896199107170105
1451266921426,2,-0.07203900068998337,0.10012199729681015,-0.08180700242519379
1451266921447,2,-0.10134299844503403,0.11477399617433548,-0.010989000089466572
1451266921468,2,-0.12087900191545486,0.09645900130271912,0.03174600005149841
1451266921486,2,-0.11477399617433548,0.05128199979662895,0.05128199979662895
1451266921506,2,-0.08058600127696991,0.054944999516010284,0.04639799892902374
1451266921527,2,-0.007325999904423952,0.06349200010299683,0.050060998648405075
1451266921547,2,0.012210000306367874,0.08302799612283707,0.054944999516010284
1451266921567,2,0.00976799987256527,0.05738699808716774,0.07081799954175949
1451266921586,2,-0.0024419999681413174,0.02930399961769581,0.07448099553585052
1451266921609,2,0.0012209999840706587,-0.0024419999681413174,0.06837599724531174
1451266921629,2,0.01953599974513054,-0.02930399961769581,0.0378509983420372
1451266921648,2,0.01831500045955181,-0.00976799987256527,0.035408999770879745
1451266921668,2,0.014651999808847904,0.010989000089466572,0.04639799892902374
1451266921688,2,-0.00976799987256527,0.008546999655663967,0.05616600066423416
1451266921709,2,-0.02808300033211708,-0.00976799987256527,0.04151399806141853
1451266921729,2,0.0012209999840706587,-0.017093999311327934,-0.015873000025749207
1451266921749,2,0.00976799987256527,0.012210000306367874,-0.01831500045955181
1451266921768,2,-0.004883999936282635,0.01953599974513054,0.007325999904423952
1451266921788,2,-0.03418799862265587,0.008546999655663967,0.025640999898314476
1451266921809,2,-0.03907199949026108,0.015873000025749207,0.020756999030709267
1451266921829,2,-0.007325999904423952,0.013430999591946602,-0.020756999030709267
1451266921848,2,0.01831500045955181,-0.007325999904423952,-0.01953599974513054
1451266921868,2,0.010989000089466572,-0.025640999898314476,-0.0012209999840706587
1451266921889,2,0.007325999904423952,-0.030524998903274536,0.015873000025749207
1451266921911,2,0.006105000153183937,-0.017093999311327934,0.012210000306367874
1451266921930,2,-0.0012209999840706587,0.0012209999840706587,0.008546999655663967
1451266921950,2,-0.006105000153183937,0.014651999808847904,0.02930399961769581
1451266921970,2,0.008546999655663967,0.02442000061273575,0.03174600005149841
1451266921991,2,0.02442000061273575,0.01831500045955181,0.02808300033211708
1451266922014,2,0.035408999770879745,-0.021978000178933144,0.035408999770879745
1451266922031,2,0.013430999591946602,-0.04639799892902374,0.050060998648405075
1451266922050,2,-0.026861999183893204,-0.0024419999681413174,0.05372399836778641
1451266922069,2,-0.004883999936282635,0.015873000025749207,0.03663000091910362
1451266922090,2,0.021978000178933144,0.004883999936282635,0.004883999936282635
1451266922111,2,0.025640999898314476,-0.004883999936282635,-0.015873000025749207
1451266922131,2,0.015873000025749207,-0.02442000061273575,-0.014651999808847904
1451266922151,2,-0.021978000178933144,-0.05860799923539162,0.015873000025749207
1451266922170,2,-0.03296700119972229,-0.05128199979662895,0.00976799987256527
1451266922191,2,-0.014651999808847904,-0.025640999898314476,-0.006105000153183937
1451266922211,2,0.0012209999840706587,-0.0012209999840706587,-0.026861999183893204
1451266922234,2,0.008546999655663967,0.007325999904423952,-0.030524998903274536
1451266922257,2,0.0,-0.013430999591946602,-0.017093999311327934
1451266922272,2,-0.010989000089466572,-0.03907199949026108,-0.0024419999681413174
1451266922292,2,-0.02442000061273575,-0.021978000178933144,0.003662999952211976
1451266922312,2,-0.026861999183893204,0.004883999936282635,0.0024419999681413174
