1451267688555,1,0.30524998903274536,-0.097680002450943,-0.21245399117469788
1451267688571,1,0.11843699961900711,0.10622699558734894,0.26251500844955444
1451267688591,1,0.15873000025749207,0.14407800137996674,0.29548200964927673
1451267688612,1,0.21855899691581726,0.14163599908351898,0.2441999912261963
1451267688632,1,0.18681299686431885,0.08302799612283707,0.2490839958190918
1451267688652,1,0.10012199729681015,0.06349200010299683,0.3125759959220886
1451267688672,1,0.06227099895477295,0.1892549991607666,0.3638579845428467
1451267688693,1,0.29548200964927673,0.32844898104667664,0.2710619866847992
1451267688713,1,0.28327199816703796,0.13308899104595184,0.2820509970188141
1451267688734,1,0.1575089991092682,-0.004883999936282635,0.293040007352829
1451267688752,1,0.04395600035786629,-0.08546999841928482,0.3516480028629303
1451267688774,1,0.026861999183893204,-0.08058600127696991,0.4017089903354645
1451267688794,1,0.23076899349689484,0.040293000638484955,0.3040289878845215
1451267688814,1,0.29426100850105286,0.08058600127696991,0.2380950003862381
1451267688834,1,0.28327199816703796,-0.0024419999681413174,0.2222220003604889
1451267688854,1,0.2503049969673157,-0.1025639995932579,0.22344300150871277
1451267688874,1,0.1941390037536621,-0.17093999683856964,0.23931600153446198
1451267688894,1,0.03296700119972229,-0.2429789900779724,0.35409000515937805
1451267688914,1,-0.09157499670982361,-0.21977999806404114,0.3956039845943451
1451267688933,1,-0.17093999683856964,-0.195360004901886,0.41269800066947937
1451267688954,1,-0.19169700145721436,-0.17582400143146515,0.40781399607658386
1451267688974,1,-0.13308899104595184,-0.14285700023174286,0.41391900181770325
1451267688994,1,0.054944999516010284,-0.025640999898314476,0.4481070041656494
1451267689015,1,0.006105000153183937,-0.2967030107975006,0.30647099018096924
1451267689034,1,-0.13186800479888916,0.17460300028324127,-1.1758229732513428
1451267689053,1,0.5689859986305237,1.4688630104064941,-1.1562869548797607
1451267689075,1,1.317458987236023,0.9194129705429077,-0.8461529612541199
1451267689095,1,0.70940101146698,0.13430999219417572,-0.1294260025024414
1451267689115,1,-0.3736259937286377,-0.6715499758720398,1.0451760292053223
1451267689134,1,-0.6141629815101624,-0.7399259805679321,0.42490798234939575
1451267689154,1,-0.6886439919471741,-0.2503049969673157,-0.37606799602508545
1451267689176,1,-0.4529910087585449,0.4151400029659271,-0.6776549816131592
1451267689196,1,-0.0866909995675087,0.8095229864120483,-0.49572598934173584
1451267689217,1,0.06959699839353561,0.5409029722213745,0.23076899349689484
1451267689235,1,-0.19047600030899048,0.2002439945936203,0.334553986787796
1451267689255,1,-0.3748469948768616,-0.07326000183820724,0.24786299467086792
1451267689280,1,-0.30158698558807373,-0.03296700119972229,0.11111100018024445
1451267689296,1,0.004883999936282635,0.19047600030899048,-0.006105000153183937
1451267689316,1,0.39682498574256897,0.4175820052623749,-0.12087900191545486
1451267689336,1,0.7020750045776367,0.49450498819351196,-0.14774100482463837
1451267689355,1,0.5335769653320313,0.33333298563957214,-0.1404149979352951
1451267689376,1,0.2808299958705902,0.13064700365066528,-0.09157499670982361
1451267689396,1,0.11477399617433548,-0.02442000061273575,-0.0866909995675087
1451267689417,1,0.08913300186395645,-0.06349200010299683,-0.09035399556159973
1451267689436,1,0.167276993393898,-0.03174600005149841,-0.12820500135421753
1451267689456,1,0.211232990026474,0.017093999311327934,-0.14285700023174286
1451267689477,1,0.2441999912261963,0.1514039933681488,-0.1294260025024414
1451267689497,1,0.2051279991865158,0.19047600030899048,-0.13430999219417572
1451267689523,1,0.1575089991092682,0.1782660037279129,-0.1465200036764145
1451267689536,1,0.05250300094485283,0.1025639995932579,-0.09645900130271912
1451267689558,1,0.035408999770879745,0.045176997780799866,-0.06715499609708786
1451267689577,1,0.035408999770879745,0.02319899946451187,-0.010989000089466572
1451267689598,1,0.05372399836778641,0.0378509983420372,0.03296700119972229
1451267689619,1,0.07326000183820724,0.08546999841928482,0.05860799923539162
1451267689637,1,0.05616600066423416,0.11599499732255936,0.05738699808716774
1451267689658,1,-0.025640999898314476,0.1294260025024414,0.0
1451267689678,1,-0.03174600005149841,0.12332099676132202,0.026861999183893204
1451267689699,1,-0.01831500045955181,0.08424899727106094,0.05860799923539162
1451267689719,1,0.006105000153183937,0.0378509983420372,0.06959699839353561
1451267689742,1,0.007325999904423952,-0.012210000306367874,0.05860799923539162
1451267689759,1,-0.02319899946451187,-0.03418799862265587,0.010989000089466572
1451267689778,1,-0.015873000025749207,0.00976799987256527,0.0012209999840706587
1451267689799,1,0.008546999655663967,0.05250300094485283,-0.0024419999681413174
1451267689819,1,0.03296700119972229,0.06837599724531174,0.003662999952211976
1451267689839,1,0.02808300033211708,0.050060998648405075,0.0024419999681413174
1451267689861,1,-0.059829000383615494,0.03418799862265587,-0.01831500045955181
1451267689878,1,-0.0488400012254715,-0.0012209999840706587,-0.030524998903274536
1451267689899,1,-0.025640999898314476,-0.04761900007724762,-0.01953599974513054
1451267689923,1,-0.03663000091910362,-0.050060998648405075,0.007325999904423952
1451267689939,1,-0.06227099895477295,-0.0012209999840706587,0.02319899946451187
1451267689960,1,-0.06104999780654907,0.04151399806141853,0.007325999904423952
1451267689980,1,-0.025640999898314476,0.007325999904423952,-0.12209999561309814
1451267690000,1,-0.05372399836778641,-0.007325999904423952,-0.1025639995932579
1451267690019,1,-0.11599499732255936,-0.03663000091910362,-0.014651999808847904
1451267690041,1,-0.17216099798679352,-0.11843699961900711,0.013430999591946602
1451267690061,1,-0.1782660037279129,-0.15018299221992493,-0.01953599974513054
1451267690081,1,-0.10134299844503403,-0.1562879979610443,-0.040293000638484955
1451267690102,1,-0.11965800076723099,-0.2222220003604889,-0.0378509983420372
1451267690120,1,-0.1294260025024414,-0.2857140004634857,-0.03907199949026108
1451267690140,1,-0.12332099676132202,-0.2869350016117096,-0.02442000061273575
1451267690160,1,-0.10866899788379669,-0.24786299467086792,0.014651999808847904
1451267690181,1,-0.13308899104595184,-0.13186800479888916,0.17948700487613678
1451267690209,1,-0.1294260025024414,-0.0757019966840744,0.1733819991350174
1451267690221,1,-0.11599499732255936,-0.059829000383615494,0.18803399801254272
1451267690242,1,-0.0866909995675087,-0.08424899727106094,0.15995100140571594
1451267690262,1,-0.09523800015449524,-0.1135529950261116,0.097680002450943
1451267690282,1,-0.11599499732255936,-0.1355309933423996,0.05616600066423416
1451267690302,1,-0.06104999780654907,-0.020756999030709267,0.04639799892902374
1451267690321,1,-0.030524998903274536,0.03907199949026108,0.03174600005149841
1451267690342,1,-0.0012209999840706587,0.0488400012254715,0.010989000089466572
1451267690362,1,0.013430999591946602,0.02319899946451187,-0.003662999952211976
1451267690383,1,0.006105000153183937,0.00976799987256527,-0.015873000025749207
1451267690404,2,-0.03174600005149841,-0.04639799892902374,-0.00976799987256527
1451267690422,2,-0.05372399836778641,-0.08180700242519379,-0.003662999952211976
1451267690450,2,-0.06715499609708786,-0.08546999841928482,0.010989000089466572
1451267690464,2,-0.08180700242519379,-0.0757019966840744,0.014651999808847904
1451267690489,2,-0.08180700242519379,-0.0488400012254715,0.00976799987256527
1451267690501,2,-0.03907199949026108,-0.08424899727106094,-0.012210000306367874
1451267690523,2,-0.035408999770879745,-0.0647130012512207,-0.015873000025749207
1451267690544,2,-0.050060998648405075,0.0,0.0024419999681413174
1451267690563,2,-0.05860799923539162,0.06715499609708786,0.015873000025749207
1451267690584,2,-0.026861999183893204,0.15262499451637268,0.030524998903274536
1451267690603,2,0.030524998903274536,0.33943799138069153,0.07692299783229828
1451267690624,2,0.21977999806404114,0.24175800383090973,0.07081799954175949
1451267690644,2,0.27350398898124695,0.16971899569034576,0.026861999183893204
1451267690664,2,0.3247860074043274,0.16605599224567413,-0.02808300033211708
1451267690684,2,0.3528690040111542,0.318681001663208,-0.03418799862265587
1451267690704,2,0.30036598443984985,0.45177000761032104,0.017093999311327934
1451267690724,2,0.05372399836778641,0.48473697900772095,0.08424899727106094
1451267690744,2,-0.030524998903274536,0.3418799936771393,0.06959699839353561
1451267690767,2,-0.09401699900627136,0.13797299563884735,-0.004883999936282635
1451267690784,2,-0.17582400143146515,-0.004883999936282635,-0.05616600066423416
1451267690803,2,-0.24786299467086792,0.026861999183893204,-0.003662999952211976
1451267690825,2,-0.10378500074148178,0.2527469992637634,0.05860799923539162
1451267690845,2,-0.0012209999840706587,0.21977999806404114,-0.04395600035786629
1451267690864,2,0.1135529950261116,0.09890099614858627,-0.1941390037536621
1451267690885,2,0.17093999683856964,-0.04639799892902374,-0.27350398898124695
1451267690905,2,0.11111100018024445,-0.19169700145721436,-0.2551890015602112
1451267690929,2,-0.1562879979610443,-0.21855899691581726,0.013430999591946602
1451267690945,2,-0.15384599566459656,-0.2429789900779724,0.06837599724531174
1451267690966,2,-0.07814399898052216,-0.2161169946193695,0.04761900007724762
1451267690991,2,0.026861999183893204,-0.11965800076723099,0.0024419999681413174
1451267691009,2,0.13797299563884735,0.0,-0.02442000061273575
1451267691026,2,0.21367499232292175,0.09035399556159973,-0.03296700119972229
1451267691046,2,0.12820500135421753,0.025640999898314476,0.02808300033211708
1451267691067,2,0.026861999183893204,-0.03418799862265587,0.1025639995932579
1451267691086,2,-0.020756999030709267,-0.06349200010299683,0.15506699681282043
1451267691106,2,0.00976799987256527,-0.045176997780799866,0.16483499109745026
1451267691126,2,0.0757019966840744,0.030524998903274536,0.12698400020599365
1451267691147,2,0.13797299563884735,0.10622699558734894,0.07692299783229828
1451267691168,2,0.11233200132846832,0.10012199729681015,0.09401699900627136
1451267691186,2,0.06837599724531174,0.09157499670982361,0.1294260025024414
1451267691206,2,0.03663000091910362,0.08302799612283707,0.1452990025281906
1451267691226,2,0.03907199949026108,0.07081799954175949,0.11599499732255936
1451267691247,2,0.09157499670982361,0.08180700242519379,-0.07203900068998337
1451267691266,2,0.17704500257968903,0.9181919693946838,-0.7228319644927979
1451267691287,2,0.3308909833431244,-0.28815600275993347,-0.22466400265693665
1451267691307,2,-0.12332099676132202,-0.7924289703369141,0.25152599811553955
1451267691330,2,-0.3516480028629303,-1.1257619857788086,0.3455429971218109
1451267691352,2,-0.3992669880390167,-0.3528690040111542,0.2918190062046051
1451267691369,2,-0.33943799138069153,0.08424899727106094,0.19902299344539642
1451267691390,2,-0.12087900191545486,0.18314999341964722,-0.02319899946451187
1451267691410,2,0.2490839958190918,0.09523800015449524,-0.22588500380516052
1451267691430,2,0.5299140214920044,0.007325999904423952,-0.2918190062046051
1451267691451,2,0.33821699023246765,0.012210000306367874,-0.24786299467086792
1451267691470,2,0.06837599724531174,-0.05738699808716774,-0.15018299221992493
1451267691496,2,-0.1562879979610443,-0.1782660037279129,-0.04761900007724762
1451267691510,2,-0.24175800383090973,-0.20879100263118744,0.008546999655663967
1451267691531,2,-0.18559199571609497,-0.11477399617433548,0.030524998903274536
1451267691552,2,0.035408999770879745,0.06959699839353561,-0.003662999952211976
1451267691570,2,0.06593400239944458,0.059829000383615494,-0.03418799862265587
1451267691592,2,0.035408999770879745,-0.003662999952211976,-0.03418799862265587
1451267691611,2,-0.04395600035786629,-0.059829000383615494,-0.00976799987256527
1451267691632,2,-0.10866899788379669,-0.07814399898052216,0.007325999904423952
1451267691651,2,-0.11721599847078323,-0.026861999183893204,0.04639799892902374
1451267691671,2,-0.0866909995675087,-0.021978000178933144,0.0488400012254715
1451267691692,2,-0.06715499609708786,-0.05616600066423416,0.0378509983420372
1451267691713,2,-0.06104999780654907,-0.08180700242519379,0.003662999952211976
1451267691745,2,-0.1404149979352951,-0.17216099798679352,-0.0012209999840706587
1451267691765,2,-0.19902299344539642,-0.2002439945936203,0.03663000091910362
1451267691785,2,-0.20879100263118744,-0.18681299686431885,0.07936500012874603
1451267691804,2,-0.13675199449062347,-0.1025639995932579,0.0866909995675087
1451267691826,2,0.025640999898314476,0.12698400020599365,0.04395600035786629
1451267691845,2,0.0012209999840706587,0.15384599566459656,0.02442000061273575
1451267691864,2,-0.0647130012512207,0.10744799673557281,0.025640999898314476
1451267691886,2,-0.11599499732255936,0.021978000178933144,0.030524998903274536
1451267691904,2,-0.11843699961900711,-0.04395600035786629,0.021978000178933144
1451267691925,2,-0.004883999936282635,-0.02442000061273575,-0.012210000306367874
1451267691946,2,0.014651999808847904,0.0,-0.013430999591946602
1451267691965,2,-0.0024419999681413174,0.012210000306367874,-0.026861999183893204
1451267691985,2,-0.00976799987256527,0.007325999904423952,-0.04273499920964241
1451267692006,2,0.0024419999681413174,-0.008546999655663967,-0.04761900007724762
1451267692026,2,-0.021978000178933144,-0.017093999311327934,-0.02930399961769581
1451267692046,2,-0.025640999898314476,0.004883999936282635,-0.0024419999681413174
1451267692066,2,-0.006105000153183937,0.02930399961769581,0.0024419999681413174
1451267692087,2,-0.004883999936282635,0.04639799892902374,0.003662999952211976
1451267692107,2,-0.02442000061273575,0.05616600066423416,0.008546999655663967
1451267692132,2,-0.040293000638484955,0.05250300094485283,0.03174600005149841
1451267692152,2,-0.017093999311327934,0.020756999030709267,0.03418799862265587
1451267692168,2,0.025640999898314476,0.01831500045955181,0.02442000061273575
1451267692187,2,0.03296700119972229,0.01831500045955181,0.030524998903274536
1451267692208,2,0.00976799987256527,0.020756999030709267,0.05860799923539162
1451267692228,2,-0.020756999030709267,0.017093999311327934,0.07936500012874603
1451267692248,2,0.007325999904423952,0.0024419999681413174,0.04639799892902374
1451267692268,2,0.02442000061273575,-0.0012209999840706587,0.02930399961769581
1451267692288,2,0.014651999808847904,0.012210000306367874,0.04395600035786629
1451267692308,2,-0.004883999936282635,0.02808300033211708,0.07448099553585052
1451267692328,2,0.0,0.030524998903274536,0.06959699839353561
1451267692347,2,0.035408999770879745,0.007325999904423952,0.006105000153183937
1451267692369,2,0.025640999898314476,-0.004883999936282635,0.013430999591946602
1451267692388,2,-0.004883999936282635,-0.010989000089466572,0.040293000638484955
1451267692409,2,-0.014651999808847904,0.0,0.04639799892902374
1451267692429,1,0.0,0.0024419999681413174,0.020756999030709267
1451267692449,1,0.008546999655663967,0.013430999591946602,0.021978000178933144
1451267692477,1,-0.04151399806141853,0.02442000061273575,0.045176997780799866
1451267692489,1,-0.05860799923539162,0.007325999904423952,0.045176997780799866
1451267692509,1,-0.05738699808716774,0.007325999904423952,0.03418799862265587
1451267692528,1,-0.04151399806141853,0.015873000025749207,0.015873000025749207
1451267692549,1,-0.01953599974513054,0.02319899946451187,0.006105000153183937
1451267692569,1,-0.017093999311327934,-0.020756999030709267,0.021978000178933144
1451267692589,1,-0.02319899946451187,-0.03296700119972229,0.02319899946451187
1451267692610,1,-0.02442000061273575,-0.02319899946451187,0.013430999591946602
1451267692630,1,-0.006105000153183937,0.0012209999840706587,0.004883999936282635
1451267692650,1,0.02319899946451187,0.02442000061273575,0.014651999808847904
1451267692670,1,0.02319899946451187,0.014651999808847904,0.0012209999840706587
1451267692690,1,0.014651999808847904,0.04639799892902374,-0.014651999808847904
1451267692710,1,0.04395600035786629,0.06227099895477295,0.030524998903274536
1451267692731,1,0.026861999183893204,-0.02442000061273575,0.10134299844503403
1451267692750,1,-0.10012199729681015,-0.18070799112319946,0.1294260025024414
1451267692770,1,-0.24053700268268585,-0.23931600153446198,0.21489599347114563
1451267692795,1,-0.24542099237442017,-0.19780199229717255,0.2539680004119873
1451267692811,1,-0.2051279991865158,-0.18559199571609497,0.2441999912261963
1451267692831,1,-0.18314999341964722,-0.19291800260543823,0.25152599811553955
1451267692852,1,-0.17093999683856964,-0.20879100263118744,0.2759459912776947
1451267692871,1,-0.11965800076723099,-0.25763100385665894,0.29548200964927673
1451267692890,1,0.04761900007724762,-0.6752129793167114,0.3076919913291931
1451267692912,1,-0.15506699681282043,-0.7289369702339172,0.008546999655663967
1451267692932,1,-0.1355309933423996,0.627593994140625,-1.0512809753417969
1451267692951,1,0.627593994140625,0.8498159646987915,-1.3760669231414795
1451267692971,1,0.8840039968490601,0.5030519962310791,-1.3113540410995483
1451267692992,1,0.17216099798679352,-0.54578697681427,0.4273499846458435
1451267693012,1,-0.12209999561309814,-0.659339964389801,0.7973129749298096
1451267693032,1,-0.1892549991607666,-0.598289966583252,0.7325999736785889
1451267693051,1,-0.3028079867362976,-0.42612898349761963,0.07326000183820724
1451267693073,1,-0.334553986787796,0.11477399617433548,-0.6043949723243713
1451267693093,1,0.09157499670982361,0.8913300037384033,-0.38705700635910034
1451267693113,1,0.13308899104595184,0.7667880058288574,-0.021978000178933144
1451267693134,1,-0.008546999655663967,0.44200199842453003,0.15873000025749207
1451267693227,1,-0.1465200036764145,0.17460300028324127,0.18803399801254272
1451267693240,1,-0.18559199571609497,-0.007325999904423952,0.1575089991092682
1451267693243,1,-0.12332099676132202,-0.08546999841928482,0.09890099614858627
1451267693253,1,0.010989000089466572,-0.10378500074148178,0.05616600066423416
1451267693265,1,0.020756999030709267,-0.0757019966840744,0.06349200010299683
1451267693274,1,0.020756999030709267,-0.03907199949026108,0.050060998648405075
1451267693277,1,0.03418799862265587,0.014651999808847904,0.030524998903274536
1451267693296,1,0.07448099553585052,0.0378509983420372,0.003662999952211976
1451267693313,1,0.020756999030709267,-0.0488400012254715,0.004883999936282635
1451267693334,1,0.008546999655663967,-0.021978000178933144,0.02442000061273575
1451267693358,1,0.03296700119972229,-0.05616600066423416,0.03907199949026108
1451267693375,1,-0.004883999936282635,-0.09279599785804749,0.02319899946451187
1451267693394,1,-0.059829000383615494,-0.050060998648405075,0.008546999655663967
1451267693415,1,-0.0024419999681413174,0.04639799892902374,0.01953599974513054
1451267693439,1,0.0,0.04151399806141853,-0.010989000089466572
1451267693454,1,-0.0024419999681413174,0.025640999898314476,-0.015873000025749207
1451267693474,1,0.0024419999681413174,0.020756999030709267,0.0024419999681413174
1451267693495,1,0.0024419999681413174,0.030524998903274536,0.026861999183893204
1451267693514,1,0.006105000153183937,0.03663000091910362,0.050060998648405075
1451267693535,1,0.02808300033211708,0.0012209999840706587,0.003662999952211976
1451267693555,1,0.03907199949026108,0.014651999808847904,-0.0024419999681413174
1451267693576,1,0.054944999516010284,0.04761900007724762,0.02442000061273575
1451267693596,1,0.04639799892902374,0.04761900007724762,0.05860799923539162
1451267693616,1,0.020756999030709267,0.008546999655663967,0.06959699839353561
1451267693636,1,-0.040293000638484955,-0.01953599974513054,0.003662999952211976
1451267693659,1,-0.02930399961769581,0.008546999655663967,-0.015873000025749207
1451267693676,1,-0.008546999655663967,0.04761900007724762,-0.010989000089466572
1451267693697,1,0.02319899946451187,0.02930399961769581,0.01953599974513054
1451267693717,1,0.0024419999681413174,-0.020756999030709267,0.015873000025749207
1451267693736,1,0.0012209999840706587,0.01953599974513054,0.006105000153183937
1451267693757,1,0.013430999591946602,0.015873000025749207,0.017093999311327934
1451267693777,1,0.0024419999681413174,0.013430999591946602,0.012210000306367874
1451267693797,1,0.01831500045955181,0.02930399961769581,0.00976799987256527
1451267693816,1,0.01831500045955181,0.021978000178933144,0.02319899946451187
1451267693836,1,-0.008546999655663967,0.006105000153183937,0.021978000178933144
1451267693856,1,0.015873000025749207,0.0488400012254715,0.035408999770879745
1451267693877,1,0.025640999898314476,0.02930399961769581,0.03296700119972229
1451267693897,1,0.00976799987256527,0.017093999311327934,0.01831500045955181
1451267693917,1,-0.013430999591946602,0.0024419999681413174,0.03174600005149841
1451267693937,1,-0.03418799862265587,-0.02319899946451187,0.045176997780799866
1451267693957,1,-0.017093999311327934,-0.00976799987256527,0.003662999952211976
1451267693977,1,0.021978000178933144,0.012210000306367874,-0.014651999808847904
1451267693997,1,0.03174600005149841,0.02319899946451187,-0.017093999311327934
1451267694018,1,0.012210000306367874,0.01831500045955181,-0.00976799987256527
1451267694037,1,-0.010989000089466572,0.006105000153183937,0.00976799987256527
1451267694058,1,-0.02808300033211708,-0.026861999183893204,0.008546999655663967
1451267694077,1,-0.007325999904423952,-0.0024419999681413174,0.004883999936282635
1451267694099,1,0.014651999808847904,0.010989000089466572,0.012210000306367874
1451267694118,1,0.007325999904423952,0.01953599974513054,0.01831500045955181
1451267694138,1,0.003662999952211976,0.01831500045955181,0.026861999183893204
1451267694159,1,-0.006105000153183937,-0.013430999591946602,0.02808300033211708
1451267694179,1,0.01831500045955181,-0.004883999936282635,0.006105000153183937
1451267694201,1,0.01831500045955181,-0.004883999936282635,0.020756999030709267
1451267694218,1,-0.006105000153183937,-0.013430999591946602,0.02442000061273575
1451267694238,1,-0.01831500045955181,-0.02442000061273575,0.026861999183893204
1451267694260,1,-0.014651999808847904,-0.014651999808847904,0.008546999655663967
1451267694280,1,0.0,0.010989000089466572,0.0
1451267694300,1,-0.01831500045955181,0.004883999936282635,0.01831500045955181
1451267694318,1,-0.020756999030709267,0.0,0.050060998648405075
1451267694340,1,-0.021978000178933144,-0.040293000638484955,0.05616600066423416
1451267694360,1,-0.014651999808847904,-0.04761900007724762,0.017093999311327934
1451267694380,1,0.021978000178933144,0.02808300033211708,-0.008546999655663967
1451267694402,1,0.02808300033211708,0.04151399806141853,0.003662999952211976
1451267694420,1,0.008546999655663967,0.007325999904423952,0.004883999936282635
1451267694441,1,-0.021978000178933144,-0.030524998903274536,0.007325999904423952
1451267694461,2,-0.02808300033211708,-0.05372399836778641,0.004883999936282635
1451267694481,2,-0.01953599974513054,-0.03418799862265587,-0.003662999952211976
1451267694510,2,0.013430999591946602,0.05250300094485283,0.004883999936282635
1451267694521,2,0.021978000178933144,0.06227099895477295,0.012210000306367874
1451267694541,2,0.0024419999681413174,0.015873000025749207,0.0024419999681413174
1451267694562,2,-0.01953599974513054,-0.014651999808847904,-0.0012209999840706587
1451267694580,2,-0.02319899946451187,-0.01831500045955181,-0.012210000306367874
1451267694601,2,0.03296700119972229,0.06349200010299683,-0.035408999770879745
1451267694621,2,0.03907199949026108,0.07326000183820724,-0.01831500045955181
1451267694642,2,0.030524998903274536,0.035408999770879745,-0.020756999030709267
1451267694662,2,0.04395600035786629,0.01831500045955181,-0.03907199949026108
1451267694682,2,0.09279599785804749,0.035408999770879745,-0.06715499609708786
1451267694702,2,0.1294260025024414,0.16483499109745026,-0.06959699839353561
1451267694721,2,0.13919399678707123,0.21001200377941132,-0.05738699808716774
1451267694742,2,0.16361400485038757,0.22100099921226501,-0.07936500012874603
1451267694762,2,0.1514039933681488,0.21001200377941132,-0.09157499670982361
1451267694782,2,0.09890099614858627,0.15506699681282043,-0.05860799923539162
1451267694802,2,0.03907199949026108,0.08913300186395645,-0.010989000089466572
1451267694822,2,-0.05128199979662895,0.03907199949026108,0.054944999516010284
1451267694843,2,-0.02442000061273575,0.05250300094485283,0.059829000383615494
1451267694863,2,0.025640999898314476,0.04151399806141853,0.0378509983420372
1451267694885,2,0.06959699839353561,0.01953599974513054,0.007325999904423952
1451267694908,2,0.09645900130271912,-0.00976799987256527,0.010989000089466572
1451267694923,2,0.15995100140571594,0.0378509983420372,0.0024419999681413174
1451267694942,2,0.21367499232292175,0.12087900191545486,-0.04273499920964241
1451267694963,2,0.21001200377941132,0.13675199449062347,-0.040293000638484955
1451267694983,2,0.1294260025024414,0.10012199729681015,-0.0012209999840706587
1451267695003,2,0.06227099895477295,0.0757019966840744,0.04273499920964241
1451267695024,2,0.05616600066423416,-0.0012209999840706587,0.026861999183893204
1451267695043,2,0.02808300033211708,-0.008546999655663967,0.040293000638484955
1451267695064,2,0.010989000089466572,0.012210000306367874,0.07203900068998337
1451267695083,2,0.03174600005149841,0.02442000061273575,0.09645900130271912
1451267695103,2,0.06227099895477295,0.01831500045955181,0.06837599724531174
1451267695124,2,0.06593400239944458,0.004883999936282635,0.021978000178933144
1451267695144,2,0.035408999770879745,0.01831500045955181,0.025640999898314476
1451267695165,2,0.04151399806141853,0.020756999030709267,0.015873000025749207
1451267695184,2,0.05616600066423416,0.012210000306367874,-0.040293000638484955
1451267695204,2,0.06104999780654907,0.003662999952211976,-0.10012199729681015
1451267695225,2,0.2698409855365753,-0.1575089991092682,0.0024419999681413174
1451267695245,2,-0.36996299028396606,-1.5811949968338013,0.33333298563957214
1451267695265,2,-0.22954799234867096,-1.206347942352295,0.059829000383615494
1451267695285,2,-0.35531100630760193,-0.19047600030899048,-0.003662999952211976
1451267695305,2,-0.4603169858455658,1.0244189500808716,0.24053700268268585
1451267695326,2,-0.16361400485038757,1.4481059312820435,0.308912992477417
1451267695346,2,0.37118399143218994,0.4554329812526703,-0.1733819991350174
1451267695366,2,0.4444440007209778,-0.09523800015449524,-0.4822950065135956
1451267695386,2,0.38095200061798096,-0.26129400730133057,-0.5201460123062134
1451267695405,2,0.20757000148296356,-0.17948700487613678,-0.3199020028114319
1451267695427,2,-0.06227099895477295,-0.04395600035786629,-0.08424899727106094
1451267695447,2,-0.33333298563957214,0.040293000638484955,0.08180700242519379
1451267695468,2,-0.1843709945678711,0.08058600127696991,0.03174600005149841
1451267695485,2,-0.0012209999840706587,0.10988999903202057,-0.025640999898314476
1451267695511,2,0.07081799954175949,0.10134299844503403,-0.035408999770879745
1451267695526,2,0.040293000638484955,0.05738699808716774,0.006105000153183937
1451267695547,2,-0.05250300094485283,-0.020756999030709267,0.05128199979662895
1451267695568,2,-0.09890099614858627,-0.08058600127696991,0.06349200010299683
1451267695586,2,-0.00976799987256527,-0.02442000061273575,0.05860799923539162
1451267695608,2,0.0647130012512207,0.04761900007724762,0.054944999516010284
1451267695628,2,0.1025639995932579,0.07936500012874603,0.04761900007724762
1451267695647,2,0.09157499670982361,0.06227099895477295,0.03907199949026108
1451267695669,2,-0.004883999936282635,0.02442000061273575,0.01831500045955181
1451267695687,2,-0.0378509983420372,0.02930399961769581,0.02808300033211708
1451267695707,2,-0.06349200010299683,0.05372399836778641,0.04761900007724762
1451267695727,2,-0.045176997780799866,0.050060998648405075,0.06227099895477295
1451267695748,2,-0.02319899946451187,0.02442000061273575,0.05250300094485283
1451267695772,2,-0.006105000153183937,0.02442000061273575,0.010989000089466572
1451267695787,2,-0.02808300033211708,0.04273499920964241,0.003662999952211976
1451267695809,2,-0.04761900007724762,0.06715499609708786,0.006105000153183937
1451267695828,2,-0.05372399836778641,0.0647130012512207,0.015873000025749207
1451267695849,2,-0.06837599724531174,0.02930399961769581,0.03907199949026108
1451267695868,2,-0.08058600127696991,-0.01831500045955181,0.04639799892902374
1451267695888,2,-0.05616600066423416,-0.04273499920964241,0.021978000178933144
1451267695909,2,-0.035408999770879745,-0.00976799987256527,0.0012209999840706587
1451267695929,2,-0.014651999808847904,0.021978000178933144,0.0
1451267695948,2,-0.013430999591946602,0.015873000025749207,0.0012209999840706587
1451267695968,2,-0.040293000638484955,-0.02808300033211708,0.014651999808847904
1451267695988,2,-0.07936500012874603,-0.08058600127696991,-0.003662999952211976
1451267696009,2,-0.07203900068998337,-0.06837599724531174,-0.003662999952211976
1451267696029,2,-0.059829000383615494,-0.06104999780654907,-0.0024419999681413174
1451267696049,2,-0.03174600005149841,-0.04761900007724762,-0.013430999591946602
1451267696069,2,0.0012209999840706587,-0.03296700119972229,-0.026861999183893204
1451267696089,2,0.0024419999681413174,0.0024419999681413174,-0.045176997780799866
1451267696113,2,-0.0024419999681413174,-0.006105000153183937,-0.020756999030709267
1451267696130,2,0.0,-0.008546999655663967,-0.004883999936282635
1451267696152,2,0.0012209999840706587,0.004883999936282635,0.003662999952211976
1451267696169,2,0.004883999936282635,0.026861999183893204,0.014651999808847904
1451267696191,2,-0.004883999936282635,0.01831500045955181,0.03296700119972229
1451267696211,2,0.0024419999681413174,0.0024419999681413174,0.03174600005149841
1451267696231,2,0.00976799987256527,0.012210000306367874,0.015873000025749207
1451267696251,2,0.017093999311327934,0.008546999655663967,0.014651999808847904
1451267696270,2,0.003662999952211976,-0.00976799987256527,0.01953599974513054
1451267696291,2,0.0,-0.03418799862265587,0.01953599974513054
1451267696312,2,0.010989000089466572,-0.006105000153183937,0.025640999898314476
1451267696332,2,0.013430999591946602,0.013430999591946602,-0.003662999952211976
1451267696352,2,0.013430999591946602,0.02442000061273575,0.0
1451267696372,2,0.0,0.014651999808847904,0.013430999591946602
1451267696392,2,-0.012210000306367874,-0.006105000153183937,0.01831500045955181
1451267696412,2,-0.013430999591946602,-0.0012209999840706587,-0.007325999904423952
1451267696432,2,-0.015873000025749207,0.00976799987256527,0.003662999952211976
1451267696452,2,-0.03296700119972229,0.004883999936282635,0.02442000061273575
1451267696472,1,-0.035408999770879745,0.006105000153183937,0.025640999898314476
1451267696492,1,-0.0024419999681413174,0.007325999904423952,0.0024419999681413174
1451267696513,1,0.02442000061273575,-0.003662999952211976,-0.017093999311327934
1451267696536,1,-0.01953599974513054,-0.00976799987256527,0.010989000089466572
1451267696557,1,-0.03907199949026108,-0.00976799987256527,0.010989000089466572
1451267696577,1,-0.02930399961769581,0.0012209999840706587,0.014651999808847904
1451267696593,1,-0.014651999808847904,0.004883999936282635,0.020756999030709267
1451267696613,1,-0.004883999936282635,0.006105000153183937,0.02442000061273575
1451267696634,1,0.021978000178933144,0.015873000025749207,0.012210000306367874
1451267696653,1,0.004883999936282635,-0.006105000153183937,0.015873000025749207
1451267696672,1,-0.017093999311327934,-0.00976799987256527,0.030524998903274536
1451267696693,1,-0.021978000178933144,0.0,0.03907199949026108
1451267696713,1,0.006105000153183937,0.003662999952211976,0.02319899946451187
1451267696733,1,0.01831500045955181,0.006105000153183937,0.006105000153183937
1451267696753,1,-0.006105000153183937,0.012210000306367874,0.030524998903274536
1451267696774,1,-0.02808300033211708,-0.003662999952211976,0.05250300094485283
1451267696794,1,-0.026861999183893204,-0.012210000306367874,0.03174600005149841
1451267696815,1,-0.012210000306367874,-0.004883999936282635,0.007325999904423952
1451267696835,1,0.014651999808847904,0.012210000306367874,0.0024419999681413174
1451267696853,1,-0.003662999952211976,0.007325999904423952,0.015873000025749207
1451267696875,1,-0.008546999655663967,0.0,0.025640999898314476
1451267696895,1,-0.00976799987256527,-0.01831500045955181,0.017093999311327934
1451267696915,1,-0.0024419999681413174,-0.012210000306367874,-0.003662999952211976
1451267696934,1,0.003662999952211976,0.014651999808847904,0.008546999655663967
1451267696954,1,-0.025640999898314476,0.01953599974513054,0.04395600035786629
1451267696975,1,-0.017093999311327934,0.020756999030709267,0.0378509983420372
1451267696994,1,0.026861999183893204,0.05250300094485283,0.04395600035786629
1451267697016,1,0.06349200010299683,0.04273499920964241,0.05738699808716774
1451267697035,1,0.08791200071573257,0.010989000089466572,0.06837599724531174
1451267697054,1,0.05738699808716774,-0.03907199949026108,0.13430999219417572
1451267697075,1,0.015873000025749207,-0.045176997780799866,0.12209999561309814
1451267697096,1,-0.02930399961769581,-0.054944999516010284,0.11233200132846832
1451267697115,1,-0.05616600066423416,-0.07326000183820724,0.13430999219417572
1451267697135,1,-0.08424899727106094,-0.07448099553585052,0.15384599566459656
1451267697156,1,-0.10012199729681015,-0.06959699839353561,0.14896199107170105
1451267697175,1,-0.08791200071573257,-0.05616600066423416,0.15262499451637268
1451267697196,1,-0.0647130012512207,-0.014651999808847904,0.1135529950261116
1451267697217,1,-0.026861999183893204,0.03418799862265587,0.08546999841928482
1451267697236,1,-0.01831500045955181,0.0378509983420372,0.07081799954175949
1451267697256,1,-0.06349200010299683,0.008546999655663967,0.050060998648405075
1451267697277,1,-0.004883999936282635,-0.05372399836778641,0.08058600127696991
1451267697297,1,0.20146499574184418,-0.2661779820919037,0.1452990025281906
1451267697318,1,0.14407800137996674,-0.5763120055198669,0.050060998648405075
1451267697336,1,-0.1941390037536621,-0.5848590135574341,-0.21001200377941132
1451267697360,1,-0.20757000148296356,0.7741140127182007,-1.2185579538345337
1451267697378,1,0.6349200010299683,-0.013430999591946602,-0.4212450087070465
1451267697398,1,0.004883999936282635,-0.42490798234939575,0.31135499477386475
1451267697418,1,-0.34798499941825867,-0.8070809841156006,0.7521359920501709
1451267697437,1,-0.44688600301742554,-0.8400480151176453,0.6214889883995056
1451267697457,1,-0.4859579801559448,-0.5189250111579895,0.014651999808847904
1451267697478,1,-0.3833940029144287,0.05738699808716774,-0.4664219915866852
1451267697498,1,0.1135529950261116,0.8058599829673767,-0.19780199229717255
1451267697518,1,0.1514039933681488,0.6800969839096069,0.10378500074148178
1451267697538,1,0.012210000306367874,0.3577530086040497,0.2527469992637634
1451267697558,1,-0.13308899104595184,0.035408999770879745,0.2332109957933426
1451267697578,1,-0.15995100140571594,-0.13919399678707123,0.14774100482463837
1451267697599,1,0.03663000091910362,-0.06837599724531174,0.09157499670982361
1451267697618,1,0.1025639995932579,0.012210000306367874,0.0866909995675087
1451267697638,1,0.11233200132846832,0.0378509983420372,0.08058600127696991
1451267697658,1,0.11111100018024445,0.05250300094485283,0.05738699808716774
1451267697679,1,0.12087900191545486,0.04395600035786629,0.03418799862265587
1451267697699,1,0.0647130012512207,-0.025640999898314476,0.012210000306367874
1451267697718,1,-0.003662999952211976,-0.04273499920964241,0.003662999952211976
1451267697738,1,-0.06104999780654907,-0.0378509983420372,0.00976799987256527
1451267697759,1,-0.07448099553585052,0.021978000178933144,0.02319899946451187
1451267697779,1,-0.010989000089466572,0.06715499609708786,0.05372399836778641
1451267697799,1,0.010989000089466572,0.00976799987256527,-0.02808300033211708
1451267697819,1,-0.014651999808847904,0.04761900007724762,-0.01953599974513054
1451267697839,1,0.01831500045955181,0.03174600005149841,0.040293000638484955
1451267697859,1,0.006105000153183937,-0.01953599974513054,0.03296700119972229
1451267697880,1,-0.006105000153183937,-0.01831500045955181,-0.007325999904423952
1451267697900,1,0.030524998903274536,0.013430999591946602,-0.0012209999840706587
1451267697920,1,0.03296700119972229,0.007325999904423952,0.00976799987256527
1451267697945,1,0.02442000061273575,0.004883999936282635,0.03663000091910362
1451267697961,1,0.01831500045955181,-0.030524998903274536,0.05128199979662895
1451267697981,1,0.007325999904423952,-0.02808300033211708,0.01831500045955181
1451267698002,1,0.015873000025749207,0.010989000089466572,0.00976799987256527
1451267698020,1,-0.0024419999681413174,0.0012209999840706587,0.025640999898314476
1451267698042,1,-0.008546999655663967,-0.010989000089466572,0.02808300033211708
1451267698062,1,-0.006105000153183937,-0.03418799862265587,0.020756999030709267
1451267698082,1,-0.0012209999840706587,-0.03907199949026108,-0.0024419999681413174
1451267698107,1,0.0012209999840706587,-0.021978000178933144,-0.01953599974513054
1451267698121,1,0.004883999936282635,0.008546999655663967,0.007325999904423952
1451267698142,1,-0.020756999030709267,0.012210000306367874,0.01831500045955181
1451267698161,1,-0.0024419999681413174,0.003662999952211976,0.012210000306367874
1451267698182,1,0.012210000306367874,-0.012210000306367874,0.0012209999840706587
1451267698201,1,0.01831500045955181,-0.01831500045955181,-0.007325999904423952
1451267698221,1,0.01953599974513054,-0.010989000089466572,0.013430999591946602
1451267698242,1,0.010989000089466572,0.0024419999681413174,0.03296700119972229
1451267698262,1,0.006105000153183937,-0.0012209999840706587,0.014651999808847904
1451267698283,1,-0.006105000153183937,0.0,0.00976799987256527
1451267698301,1,-0.010989000089466572,0.015873000025749207,0.02319899946451187
1451267698327,1,0.0012209999840706587,0.010989000089466572,0.02930399961769581
1451267698343,1,-0.004883999936282635,-0.020756999030709267,0.004883999936282635
1451267698362,1,0.0024419999681413174,-0.00976799987256527,-0.004883999936282635
1451267698388,1,0.00976799987256527,-0.008546999655663967,0.015873000025749207
1451267698402,1,0.007325999904423952,-0.007325999904423952,0.020756999030709267
1451267698424,1,0.006105000153183937,0.003662999952211976,0.004883999936282635
1451267698444,1,0.007325999904423952,0.00976799987256527,-0.025640999898314476
1451267698464,1,-0.015873000025749207,0.013430999591946602,0.0
1451267698490,2,-0.02930399961769581,-0.0024419999681413174,0.013430999591946602
1451267698503,2,-0.02319899946451187,-0.008546999655663967,0.006105000153183937
1451267698524,2,0.003662999952211976,-0.0024419999681413174,0.003662999952211976
1451267698544,2,0.02319899946451187,0.004883999936282635,0.006105000153183937
1451267698563,2,0.02319899946451187,0.010989000089466572,0.030524998903274536
1451267698584,2,0.01831500045955181,-0.007325999904423952,0.04151399806141853
1451267698608,2,0.00976799987256527,-0.00976799987256527,0.006105000153183937
1451267698628,2,0.02808300033211708,0.021978000178933144,-0.01831500045955181
1451267698644,2,0.02930399961769581,0.03418799862265587,-0.007325999904423952
1451267698665,2,-0.00976799987256527,0.03296700119972229,0.03174600005149841
1451267698684,2,0.0,0.015873000025749207,0.035408999770879745
1451267698704,2,0.004883999936282635,0.004883999936282635,0.004883999936282635
1451267698725,2,0.0012209999840706587,0.02319899946451187,-0.013430999591946602
1451267698746,2,-0.0024419999681413174,0.013430999591946602,-0.003662999952211976
1451267698765,2,-0.00976799987256527,-0.01953599974513054,-0.003662999952211976
1451267698785,2,-0.004883999936282635,-0.02319899946451187,0.0012209999840706587
1451267698804,2,0.0024419999681413174,-0.0012209999840706587,-0.00976799987256527
1451267698825,2,-0.006105000153183937,0.003662999952211976,0.003662999952211976
1451267698846,2,-0.021978000178933144,0.003662999952211976,-0.0012209999840706587
1451267698868,2,-0.03296700119972229,0.004883999936282635,0.004883999936282635
1451267698885,2,-0.013430999591946602,0.013430999591946602,0.00976799987256527
1451267698910,2,-0.004883999936282635,0.003662999952211976,0.006105000153183937
1451267698925,2,-0.00976799987256527,-0.010989000089466572,-0.0012209999840706587
1451267698946,2,0.003662999952211976,-0.014651999808847904,-0.007325999904423952
1451267698966,2,0.014651999808847904,-0.015873000025749207,-0.003662999952211976
1451267698989,2,0.00976799987256527,-0.020756999030709267,-0.03663000091910362
1451267699006,2,-0.013430999591946602,-0.012210000306367874,-0.026861999183893204
1451267699026,2,-0.01953599974513054,0.008546999655663967,-0.014651999808847904
1451267699047,2,-0.012210000306367874,-0.021978000178933144,0.006105000153183937
1451267699067,2,-0.010989000089466572,-0.02808300033211708,-0.00976799987256527
1451267699086,2,0.02442000061273575,0.02319899946451187,-0.03174600005149841
1451267699107,2,0.015873000025749207,0.03418799862265587,-0.04395600035786629
1451267699127,2,-0.0012209999840706587,0.0488400012254715,-0.04639799892902374
1451267699147,2,0.014651999808847904,0.0647130012512207,-0.04151399806141853
1451267699168,2,0.05616600066423416,0.10134299844503403,-0.07448099553585052
1451267699187,2,0.11111100018024445,0.14407800137996674,-0.13919399678707123
1451267699208,2,0.11843699961900711,0.18681299686431885,-0.13064700365066528
1451267699228,2,0.06593400239944458,0.13430999219417572,-0.09157499670982361
1451267699248,2,0.025640999898314476,0.06104999780654907,-0.05738699808716774
1451267699269,2,-0.007325999904423952,-0.026861999183893204,-0.020756999030709267
1451267699287,2,-0.025640999898314476,-0.09401699900627136,-0.003662999952211976
1451267699309,2,0.08791200071573257,-0.04273499920964241,-0.0024419999681413174
1451267699328,2,0.1294260025024414,0.026861999183893204,0.017093999311327934
1451267699348,2,0.13797299563884735,0.07081799954175949,0.02442000061273575
1451267699369,2,0.1575089991092682,0.11843699961900711,0.015873000025749207
1451267699389,2,0.14896199107170105,0.14285700023174286,0.02930399961769581
1451267699409,2,-0.014651999808847904,0.059829000383615494,0.11721599847078323
1451267699429,2,-0.05738699808716774,-0.01831500045955181,0.11843699961900711
1451267699452,2,-0.013430999591946602,-0.05616600066423416,0.09890099614858627
1451267699471,2,0.0488400012254715,-0.03296700119972229,0.08546999841928482
1451267699490,2,0.06227099895477295,0.02930399961769581,0.09157499670982361
1451267699509,2,0.05128199979662895,0.04761900007724762,0.09157499670982361
1451267699530,2,0.035408999770879745,-0.02930399961769581,-0.017093999311327934
1451267699550,2,0.012210000306367874,-0.07448099553585052,-0.07081799954175949
1451267699569,2,-0.00976799987256527,-0.07936500012874603,-0.10744799673557281
1451267699602,2,0.050060998648405075,-0.308912992477417,0.07203900068998337
1451267699622,2,-0.36019498109817505,-0.5347979664802551,0.2332109957933426
1451267699643,2,-0.3748469948768616,-0.514041006565094,0.16605599224567413
1451267699663,2,-0.08913300186395645,0.3687419891357422,0.27228298783302307
1451267699682,2,-0.08546999841928482,0.3125759959220886,0.21733799576759338
1451267699709,2,0.013430999591946602,0.12332099676132202,-0.0012209999840706587
1451267699723,2,0.22954799234867096,-0.13430999219417572,-0.23076899349689484
1451267699744,2,0.3626369833946228,-0.18559199571609497,-0.28327199816703796
1451267699763,2,0.17948700487613678,0.025640999898314476,-0.16117200255393982
1451267699783,2,-0.02442000061273575,0.015873000025749207,-0.06227099895477295
1451267699803,2,-0.14407800137996674,-0.04761900007724762,0.02808300033211708
1451267699824,2,-0.14774100482463837,-0.06959699839353561,0.054944999516010284
1451267699844,2,-0.07936500012874603,-0.02319899946451187,0.03418799862265587
1451267699864,2,0.040293000638484955,0.0866909995675087,-0.014651999808847904
1451267699885,2,0.02930399961769581,0.045176997780799866,-0.0024419999681413174
1451267699904,2,-0.03174600005149841,-0.008546999655663967,0.017093999311327934
1451267699924,2,-0.0647130012512207,-0.01953599974513054,0.030524998903274536
1451267699945,2,-0.045176997780799866,0.003662999952211976,0.03907199949026108
1451267699964,2,0.003662999952211976,0.06349200010299683,0.01831500045955181
1451267699997,2,0.04639799892902374,0.050060998648405075,0.035408999770879745
1451267700019,2,0.013430999591946602,0.02930399961769581,0.050060998648405075
1451267700036,2,-0.04273499920964241,0.03296700119972229,0.030524998903274536
1451267700057,2,-0.040293000638484955,0.045176997780799866,0.03418799862265587
1451267700078,2,-0.017093999311327934,0.059829000383615494,0.05616600066423416
1451267700098,2,0.00976799987256527,0.06349200010299683,0.06959699839353561
1451267700118,2,0.010989000089466572,0.05372399836778641,0.04151399806141853
1451267700137,2,-0.03174600005149841,0.025640999898314476,0.00976799987256527
1451267700158,2,-0.05860799923539162,0.025640999898314476,0.02930399961769581
1451267700179,2,-0.054944999516010284,0.04761900007724762,0.04151399806141853
1451267700198,2,-0.021978000178933144,0.04761900007724762,0.05250300094485283
1451267700222,2,-0.015873000025749207,0.014651999808847904,0.040293000638484955
1451267700241,2,-0.01831500045955181,0.006105000153183937,0.0012209999840706587
1451267700259,2,0.015873000025749207,0.012210000306367874,-0.006105000153183937
1451267700279,2,0.02930399961769581,0.010989000089466572,-0.026861999183893204
1451267700299,2,-0.006105000153183937,0.00976799987256527,-0.015873000025749207
1451267700318,2,-0.03296700119972229,0.013430999591946602,0.025640999898314476
1451267700339,2,-0.025640999898314476,0.010989000089466572,0.06104999780654907
1451267700359,2,-0.008546999655663967,0.015873000025749207,-0.04151399806141853
1451267700380,2,0.003662999952211976,0.025640999898314476,-0.05372399836778641
1451267700400,2,-0.014651999808847904,0.025640999898314476,0.003662999952211976
1451267700420,2,-0.050060998648405075,0.004883999936282635,0.059829000383615494
1451267700440,2,-0.07448099553585052,-0.007325999904423952,0.05372399836778641
1451267700460,2,0.004883999936282635,0.04761900007724762,-0.03296700119972229
1451267700481,2,-0.004883999936282635,0.0378509983420372,-0.03174600005149841
