1451504318317,1,-0.1733819991350174,0.0378509983420372,0.08302799612283707
1451504318337,1,0.025640999898314476,0.416361004114151,-0.0647130012512207
1451504318357,1,0.11599499732255936,0.6141629815101624,-0.0012209999840706587
1451504318377,1,0.1404149979352951,0.5433449745178223,0.12209999561309814
1451504318397,1,0.08180700242519379,0.20146499574184418,0.2271059900522232
1451504318417,1,0.0,-0.2600730061531067,0.22954799234867096
1451504318438,1,-0.02808300033211708,-0.6202679872512817,0.14163599908351898
1451504318458,1,0.14774100482463837,-0.4761900007724762,-0.1025639995932579
1451504318477,1,0.27838799357414246,-0.2161169946193695,-0.1404149979352951
1451504318498,1,0.28327199816703796,-0.10622699558734894,-0.10012199729681015
1451504318518,1,0.2429789900779724,-0.1465200036764145,-0.003662999952211976
1451504318538,1,0.14774100482463837,-0.3247860074043274,0.07692299783229828
1451504318558,1,0.02442000061273575,-0.5152620077133179,0.09890099614858627
1451504318578,1,0.07814399898052216,-0.3308909833431244,0.050060998648405075
1451504318598,1,0.16971899569034576,-0.08546999841928482,-0.03418799862265587
1451504318619,1,0.2539680004119873,0.09035399556159973,-0.0647130012512207
1451504318639,1,0.2857140004634857,0.08913300186395645,0.013430999591946602
1451504318659,1,0.12087900191545486,-0.3504270017147064,0.19047600030899048
1451504318678,1,0.04639799892902374,-0.3675209879875183,0.19169700145721436
1451504318699,1,0.045176997780799866,-0.2161169946193695,0.1892549991607666
1451504318719,1,0.03418799862265587,-0.05372399836778641,0.18559199571609497
1451504318739,1,0.06593400239944458,0.054944999516010284,0.24542099237442017
1451504318761,1,0.18070799112319946,-0.02930399961769581,0.3675209879875183
1451504318779,1,0.4700849950313568,-0.8180699944496155,0.03907199949026108
1451504318799,1,0.2661779820919037,-1.0061039924621582,-1.0244189500808716
1451504318819,1,0.9157499670982361,0.7948709726333618,-1.3553099632263184
1451504318840,1,1.3931609392166138,0.9084239602088928,-1.78998601436615
1451504318859,1,0.7032960057258606,0.6239309906959534,-1.5482280254364014
1451504318880,1,-0.2649570107460022,-0.5225880146026611,1.0695959329605103
1451504318900,1,-0.45665398240089417,-0.5873010158538818,1.4859570264816284
1451504318921,1,-0.6862019896507263,-0.8766779899597168,1.338215947151184
1451504318941,1,-1.029302954673767,-0.5897430181503296,0.33943799138069153
1451504318960,1,-0.7985339760780334,0.7582409977912903,-0.6153839826583862
1451504318980,1,1.0268609523773193,0.9755789637565613,-0.39804598689079285
1451504319001,1,1.0402920246124268,0.6104999780654907,0.004883999936282635
1451504319020,1,0.6251519918441772,0.11111100018024445,0.27838799357414246
1451504319041,1,0.13186800479888916,-0.25763100385665894,0.39316198229789734
1451504319062,1,-0.2637360095977783,-0.2588520050048828,0.3504270017147064
1451504319081,1,-0.432233989238739,-0.07081799954175949,0.29426100850105286
1451504319102,1,-0.1025639995932579,0.36507898569107056,0.195360004901886
1451504319122,1,0.1025639995932579,0.38583600521087646,0.27350398898124695
1451504319142,1,0.13186800479888916,0.18803399801254272,0.4371179938316345
1451504319167,1,0.007325999904423952,-0.20146499574184418,0.6300359964370728
1451504319181,1,-0.24664199352264404,-0.5506709814071655,0.7557989954948425
1451504319202,1,-0.6068369746208191,-1.090353012084961,0.7887659668922424
1451504319222,1,-0.4395599961280823,-1.1037839651107788,0.721610963344574
1451504319242,1,-0.21733799576759338,-1.1037839651107788,0.6434670090675354
1451504319267,1,-0.12698400020599365,-0.9792419672012329,0.504272997379303
1451504319283,1,-0.2002439945936203,-0.5567759871482849,0.3565320074558258
1451504319302,1,0.14285700023174286,0.9609270095825195,0.11233200132846832
1451504319323,1,0.26251500844955444,1.2893760204315186,0.19291800260543823
1451504319343,1,0.2002439945936203,0.9938939809799194,0.3406589925289154
1451504319364,1,0.020756999030709267,0.40781399607658386,0.44688600301742554
1451504319383,1,-0.1294260025024414,-0.10744799673557281,0.4004879891872406
1451504319403,1,-0.1025639995932579,-0.14285700023174286,0.24175800383090973
1451504319424,1,0.07936500012874603,0.3137969970703125,-0.06959699839353561
1451504319443,1,0.23565299808979034,-0.05250300094485283,-0.0866909995675087
1451504319464,1,0.23687399923801422,-0.3736259937286377,0.03663000091910362
1451504319484,1,0.02930399961769581,-0.31013399362564087,0.19658099114894867
1451504319504,1,-0.16361400485038757,-0.10378500074148178,0.13675199449062347
1451504319524,1,-0.20390699803829193,0.936506986618042,-0.8510369658470154
1451504319544,1,0.28937700390815735,0.7557989954948425,-0.9242969751358032
1451504319564,1,0.6483510136604309,0.8717939853668213,-0.6507930159568787
1451504319584,1,0.731378972530365,1.612941026687622,-0.40781399607658386
1451504319604,1,0.48962098360061646,2.2918169498443604,-0.2380950003862381
1451504319625,1,0.2161169946193695,1.9474949836730957,-0.49450498819351196
1451504319644,1,0.3943829834461212,1.3724039793014526,-0.5616599917411804
1451504319665,1,0.5384609699249268,0.8766779899597168,-0.4615379869937897
1451504319685,1,0.43589699268341064,0.5970689654350281,-0.21489599347114563
1451504319705,1,0.2747249901294708,0.6984120011329651,-0.003662999952211976
1451504319725,1,0.04639799892902374,0.7985339760780334,-0.4151400029659271
1451504319747,1,0.48351600766181946,0.6874229907989502,-0.44566500186920166
1451504319765,1,0.5604389905929565,0.4810740053653717,-0.3296699821949005
1451504319785,1,0.4102559983730316,0.36019498109817505,0.035408999770879745
1451504319805,1,0.0757019966840744,0.22100099921226501,0.3455429971218109
1451504319825,1,-0.3785099983215332,0.025640999898314476,0.5323559641838074
1451504319846,1,-0.3577530086040497,-0.6483510136604309,-0.026861999183893204
1451504319865,1,-0.04761900007724762,-0.760683000087738,0.09890099614858627
1451504319886,1,0.2918190062046051,-0.6617819666862488,0.308912992477417
1451504319906,1,0.49084198474884033,-0.2747249901294708,0.3992669880390167
1451504319927,1,0.43101298809051514,0.1025639995932579,0.19902299344539642
1451504319946,1,0.040293000638484955,0.28937700390815735,-0.07081799954175949
1451504319966,1,0.03663000091910362,0.16971899569034576,0.021978000178933144
1451504319986,1,0.1514039933681488,0.16117200255393982,0.05738699808716774
1451504320007,1,0.3076919913291931,0.2759459912776947,0.017093999311327934
1451504320027,1,0.35409000515937805,0.36996299028396606,-0.11477399617433548
1451504320048,1,0.23443199694156647,-0.09401699900627136,-0.12332099676132202
1451504320067,1,0.1355309933423996,-0.37118399143218994,-0.05738699808716774
1451504320088,1,0.13430999219417572,-0.5189250111579895,0.05128199979662895
1451504320108,1,0.1452990025281906,-0.5543339848518372,0.15384599566459656
1451504320128,1,0.19291800260543823,-0.49450498819351196,0.2161169946193695
1451504320147,1,0.318681001663208,-0.4285709857940674,0.22344300150871277
1451504320167,2,0.3846150040626526,-0.2332109957933426,0.06104999780654907
1451504320188,2,0.11965800076723099,-0.5323559641838074,0.14774100482463837
1451504320209,2,0.050060998648405075,-0.731378972530365,0.20634900033473969
1451504320228,2,0.0647130012512207,-0.5311350226402283,0.17216099798679352
1451504320248,2,0.13675199449062347,-0.42612898349761963,0.1245419979095459
1451504320268,2,0.299144983291626,-0.34432199597358704,-0.08913300186395645
1451504320288,2,0.31135499477386475,-0.167276993393898,-0.0866909995675087
1451504320308,2,0.29426100850105286,0.0378509983420372,-0.03174600005149841
1451504320328,2,0.20146499574184418,0.27960899472236633,0.030524998903274536
1451504320349,2,0.12087900191545486,0.47374799847602844,0.07814399898052216
1451504320369,2,0.10134299844503403,0.38217300176620483,0.16971899569034576
1451504320389,2,0.10866899788379669,0.22588500380516052,0.15995100140571594
1451504320409,2,0.09157499670982361,0.04761900007724762,0.12698400020599365
1451504320429,2,0.10866899788379669,0.01953599974513054,0.09279599785804749
1451504320449,2,0.1843709945678711,0.1684979945421219,0.06349200010299683
1451504320469,2,0.19169700145721436,0.3369959890842438,0.04273499920964241
1451504320490,2,-0.012210000306367874,0.09401699900627136,0.13675199449062347
1451504320510,2,-0.02808300033211708,0.07814399898052216,0.1684979945421219
1451504320532,2,0.0488400012254715,0.21245399117469788,0.20146499574184418
1451504320549,2,0.10744799673557281,0.37606799602508545,0.2441999912261963
1451504320570,2,0.0866909995675087,0.598289966583252,0.29426100850105286
1451504320591,2,0.12698400020599365,0.760683000087738,0.02319899946451187
1451504320610,2,0.3247860074043274,0.3516480028629303,-0.7643460035324097
1451504320631,2,-1.1648340225219727,-6.3101277351379395,-2.7753329277038574
1451504320651,2,-1.9597049951553345,-8.631248474121094,-2.721608877182007
1451504320671,2,-1.4041500091552734,-6.72404670715332,-2.015871047973633
1451504320691,2,0.854699969291687,0.5885220170021057,-0.6764339804649353
1451504320711,2,1.3308899402618408,3.02319598197937,-0.09401699900627136
1451504320731,2,1.490841031074524,3.783879041671753,0.416361004114151
1451504320751,2,1.3919399976730347,3.551888942718506,0.864467978477478
1451504320772,2,1.0537229776382446,2.952378034591675,1.0866899490356445
1451504320792,2,0.7399259805679321,2.2551870346069336,1.162392020225525
1451504320812,2,0.01831500045955181,1.1562869548797607,1.0158720016479492
1451504320833,2,-0.34432199597358704,0.18803399801254272,0.7203899621963501
1451504320856,2,-0.6752129793167114,-0.7924289703369141,0.4212450087070465
1451504320872,2,-0.6764339804649353,-1.1953589916229248,0.22954799234867096
1451504320892,2,-0.34310099482536316,-0.9975569844245911,0.12576299905776978
1451504320912,2,0.1135529950261116,-0.06715499609708786,0.1135529950261116
1451504320932,2,0.11843699961900711,0.19902299344539642,0.17093999683856964
1451504320952,2,0.0488400012254715,0.25641000270843506,0.24786299467086792
1451504320972,2,-0.0488400012254715,0.15995100140571594,0.2771669924259186
1451504320992,2,-0.04151399806141853,0.09645900130271912,0.21489599347114563
1451504321016,2,0.25763100385665894,0.1843709945678711,0.007325999904423952
1451504321035,2,0.19291800260543823,0.16971899569034576,0.012210000306367874
1451504321053,2,0.06715499609708786,0.097680002450943,0.07448099553585052
1451504321074,2,-0.04639799892902374,0.0647130012512207,0.097680002450943
1451504321093,2,-0.050060998648405075,0.13308899104595184,0.06837599724531174
1451504321114,2,0.0012209999840706587,0.30158698558807373,0.014651999808847904
1451504321133,2,-0.013430999591946602,0.4542119801044464,0.07692299783229828
1451504321153,2,-0.04639799892902374,0.4273499846458435,0.12332099676132202
1451504321174,2,-0.08913300186395645,0.20268599689006805,0.05738699808716774
1451504321194,2,-0.030524998903274536,0.02808300033211708,-0.030524998903274536
1451504321218,2,-0.2271059900522232,-0.42979198694229126,-0.13308899104595184
1451504321238,2,-0.14407800137996674,-0.3467639982700348,-0.14285700023174286
1451504321254,2,-0.0378509983420372,-0.13064700365066528,0.012210000306367874
1451504321274,2,0.12087900191545486,0.1514039933681488,0.1245419979095459
1451504321294,2,0.28327199816703796,0.33943799138069153,0.16971899569034576
1451504321315,2,0.38095200061798096,0.3504270017147064,0.1355309933423996
1451504321334,2,0.2503049969673157,0.15384599566459656,-0.035408999770879745
1451504321354,2,0.08913300186395645,0.054944999516010284,-0.0647130012512207
1451504321375,2,0.0,-0.003662999952211976,-0.05128199979662895
1451504321395,2,0.0378509983420372,-0.0378509983420372,-0.04761900007724762
1451504321423,2,0.12209999561309814,-0.02442000061273575,-0.030524998903274536
1451504321437,2,0.1892549991607666,-0.09401699900627136,-0.017093999311327934
1451504321455,2,0.16117200255393982,-0.27228298783302307,0.097680002450943
1451504321475,2,0.11965800076723099,-0.30524998903274536,0.10012199729681015
1451504321495,2,0.10988999903202057,-0.27350398898124695,0.05738699808716774
1451504321521,2,0.14407800137996674,-0.2002439945936203,0.0
1451504321535,2,0.20390699803829193,-0.10134299844503403,-0.030524998903274536
1451504321561,2,0.16117200255393982,0.021978000178933144,-0.09523800015449524
1451504321581,2,0.05250300094485283,0.021978000178933144,-0.02442000061273575
1451504321597,2,0.04273499920964241,0.09279599785804749,0.03418799862265587
1451504321617,2,0.11721599847078323,0.23076899349689484,0.04761900007724762
1451504321636,2,0.13919399678707123,0.32600700855255127,0.01831500045955181
1451504321662,2,0.3638579845428467,0.2649570107460022,-0.11721599847078323
1451504321676,2,0.4542119801044464,0.13797299563884735,-0.1404149979352951
1451504321696,2,0.3956039845943451,-0.02930399961769581,-0.097680002450943
1451504321716,2,0.25641000270843506,-0.2051279991865158,-0.007325999904423952
1451504321737,2,0.09279599785804749,-0.42490798234939575,0.05860799923539162
1451504321757,2,-0.012210000306367874,-0.49938899278640747,0.01953599974513054
1451504321778,2,0.21733799576759338,-0.28449299931526184,-0.05128199979662895
1451504321798,2,0.3247860074043274,-0.16971899569034576,-0.10744799673557281
1451504321819,2,0.334553986787796,-0.11599499732255936,-0.12209999561309814
1451504321837,2,0.27228298783302307,-0.07203900068998337,-0.10134299844503403
1451504321858,2,0.19658099114894867,-0.04273499920964241,-0.06715499609708786
1451504321878,2,0.06959699839353561,-0.0757019966840744,0.050060998648405075
1451504321898,2,0.030524998903274536,-0.09279599785804749,0.04761900007724762
1451504321918,2,0.026861999183893204,-0.05738699808716774,0.021978000178933144
1451504321938,2,-0.08058600127696991,-0.1025639995932579,0.054944999516010284
1451504321958,2,-0.2905980050563812,-0.16117200255393982,0.05128199979662895
1451504321979,2,-0.4151400029659271,-0.13797299563884735,-0.13675199449062347
1451504321999,2,-0.36629998683929443,-0.15262499451637268,-0.13919399678707123
1451504322026,2,-0.2319899946451187,-0.2002439945936203,-0.05616600066423416
1451504322039,2,-0.02808300033211708,-0.17093999683856964,0.08424899727106094
1451504322059,2,0.13919399678707123,-0.03663000091910362,0.11233200132846832
1451504322080,2,0.13797299563884735,0.06593400239944458,-0.01831500045955181
1451504322099,2,-0.01831500045955181,-0.10134299844503403,-0.0757019966840744
1451504322119,2,-0.1355309933423996,-0.25152599811553955,-0.12332099676132202
1451504322144,2,-0.2002439945936203,-0.318681001663208,-0.1733819991350174
1451504322160,2,-0.22832699120044708,-0.3833940029144287,-0.28815600275993347
1451504322180,2,-0.36629998683929443,-0.22344300150871277,-0.13430999219417572
1451504322202,1,-0.09279599785804749,-0.2222220003604889,0.3528690040111542
1451504322221,1,0.26251500844955444,-0.8876670002937317,0.1562879979610443
1451504322241,1,0.31623899936676025,-0.9706949591636658,0.1562879979610443
1451504322266,1,0.28815600275993347,-0.6019529700279236,0.23443199694156647
1451504322280,1,0.30158698558807373,-0.0488400012254715,0.195360004901886
1451504322300,1,0.4444440007209778,0.7020750045776367,-0.04151399806141853
1451504322320,1,0.514041006565094,0.7777770161628723,-0.10500600188970566
1451504322341,1,0.5665439963340759,0.4798530042171478,-0.15506699681282043
1451504322362,1,0.4639799892902374,0.1294260025024414,-0.19658099114894867
1451504322381,1,0.2979239821434021,0.010989000089466572,-0.15018299221992493
1451504322402,1,0.07936500012874603,-0.04151399806141853,0.0012209999840706587
1451504322493,1,0.04273499920964241,-0.03907199949026108,0.012210000306367874
1451504322507,1,0.06349200010299683,-0.020756999030709267,-0.020756999030709267
1451504322512,1,0.097680002450943,-0.010989000089466572,-0.0647130012512207
1451504322522,1,0.08058600127696991,-0.026861999183893204,-0.05616600066423416
1451504322530,1,-0.013430999591946602,-0.04273499920964241,-0.015873000025749207
1451504322541,1,-0.03296700119972229,-0.045176997780799866,0.13919399678707123
1451504322550,1,0.006105000153183937,-0.07081799954175949,0.20268599689006805
1451504322561,1,0.004883999936282635,-0.10866899788379669,0.2002439945936203
1451504322581,1,-0.045176997780799866,-0.1355309933423996,0.17948700487613678
1451504322602,1,-0.0866909995675087,-0.16605599224567413,0.13797299563884735
1451504322622,1,-0.07081799954175949,-0.4004879891872406,0.2637360095977783
1451504322642,1,0.19902299344539642,-0.45665398240089417,0.4053719937801361
1451504322662,1,0.842490017414093,-0.5677649974822998,0.5506709814071655
1451504322682,1,1.3589730262756348,-0.8278380036354065,0.4871789813041687
1451504322702,1,0.9719159603118896,-0.9084239602088928,-0.03418799862265587
1451504322722,1,2.520143985748291,1.5470069646835327,-1.0463969707489014
1451504322743,1,1.737483024597168,0.7020750045776367,-0.5018309950828552
1451504322763,1,-0.2869350016117096,-1.0866899490356445,0.4151400029659271
1451504322783,1,-1.665444016456604,-2.0024399757385254,0.7570199966430664
1451504322803,1,-2.085468053817749,-1.93162202835083,0.3772889971733093
1451504322823,1,-1.5238080024719238,-0.8778989911079407,-0.2051279991865158
1451504322843,1,0.27350398898124695,1.072037935256958,-0.6483510136604309
1451504322864,1,0.6398040056228638,1.2637349367141724,-0.38095200061798096
1451504322885,1,0.5518919825553894,0.9194129705429077,-0.14774100482463837
1451504322904,1,0.15873000025749207,0.28815600275993347,0.050060998648405075
1451504322924,1,-0.2161169946193695,-0.21001200377941132,0.13797299563884735
1451504322945,1,-0.09157499670982361,-0.20879100263118744,0.22466400265693665
1451504322965,1,0.17582400143146515,0.0866909995675087,0.16971899569034576
1451504322985,1,0.31013399362564087,0.28815600275993347,0.10866899788379669
1451504323005,1,0.2747249901294708,0.2869350016117096,0.05372399836778641
1451504323024,1,0.1684979945421219,0.15873000025749207,0.006105000153183937
1451504323050,1,0.09035399556159973,-0.04273499920964241,0.0012209999840706587
1451504323065,1,0.12332099676132202,-0.01953599974513054,-0.013430999591946602
1451504323088,1,0.15384599566459656,0.08180700242519379,-0.05250300094485283
1451504323105,1,0.21855899691581726,0.19047600030899048,-0.08791200071573257
1451504323125,1,0.24664199352264404,0.17948700487613678,-0.0488400012254715
1451504323145,1,0.19169700145721436,0.09890099614858627,0.006105000153183937
1451504323166,1,0.08058600127696991,0.0,0.10622699558734894
1451504323187,1,0.05616600066423416,0.04639799892902374,0.07448099553585052
1451504323210,1,0.06104999780654907,0.08791200071573257,0.01831500045955181
1451504323225,1,0.06227099895477295,0.06837599724531174,-0.00976799987256527
1451504323246,1,0.0647130012512207,0.07448099553585052,-0.03296700119972229
1451504323266,1,0.14896199107170105,0.05738699808716774,0.01831500045955181
1451504323286,1,0.22954799234867096,0.040293000638484955,0.08302799612283707
1451504323306,1,0.23443199694156647,-0.008546999655663967,0.13308899104595184
1451504323348,1,0.17582400143146515,-0.054944999516010284,0.11721599847078323
1451504323365,1,0.14407800137996674,-0.05738699808716774,0.08424899727106094
1451504323372,1,0.14407800137996674,-0.04151399806141853,0.0024419999681413174
1451504323389,1,0.1514039933681488,-0.08424899727106094,0.04639799892902374
1451504323408,1,0.12820500135421753,-0.16605599224567413,0.11477399617433548
1451504323427,1,0.06715499609708786,-0.15995100140571594,0.11233200132846832
1451504323447,1,0.05250300094485283,-0.10134299844503403,0.097680002450943
1451504323468,1,0.09157499670982361,-0.08546999841928482,0.13919399678707123
1451504323488,1,0.13797299563884735,-0.006105000153183937,0.004883999936282635
1451504323512,1,0.08913300186395645,-0.01953599974513054,-0.08302799612283707
1451504323528,1,0.10988999903202057,0.0647130012512207,-0.09401699900627136
1451504323548,1,0.2503049969673157,0.2380950003862381,-0.07448099553585052
1451504323568,1,0.33821699023246765,0.40781399607658386,-0.05250300094485283
1451504323589,1,0.13797299563884735,0.6117209792137146,0.11843699961900711
1451504323608,1,0.0378509983420372,0.5970689654350281,0.1782660037279129
1451504323628,1,0.06715499609708786,0.5164830088615417,0.15995100140571594
1451504323649,1,0.1733819991350174,0.3614159822463989,0.11233200132846832
1451504323671,1,0.2441999912261963,0.21733799576759338,0.04639799892902374
1451504323689,1,0.1782660037279129,0.10988999903202057,0.07692299783229828
1451504323709,1,0.08913300186395645,0.04151399806141853,0.09890099614858627
1451504323729,1,0.017093999311327934,-0.05372399836778641,0.10500600188970566
1451504323748,1,0.0024419999681413174,-0.16117200255393982,0.097680002450943
1451504323769,1,0.02319899946451187,-0.19780199229717255,0.06104999780654907
1451504323790,1,0.0757019966840744,-0.0757019966840744,-0.07814399898052216
1451504323809,1,0.1245419979095459,-0.010989000089466572,-0.10866899788379669
1451504323830,1,0.06959699839353561,-0.04761900007724762,-0.06837599724531174
1451504323849,1,-0.01831500045955181,-0.07692299783229828,0.008546999655663967
1451504323870,1,-0.08302799612283707,-0.09279599785804749,0.06349200010299683
1451504323890,1,-0.09279599785804749,-0.10378500074148178,0.07203900068998337
1451504323910,1,0.08424899727106094,0.003662999952211976,-0.03296700119972229
1451504323930,1,0.1452990025281906,0.097680002450943,-0.059829000383615494
1451504323949,1,0.1733819991350174,0.10622699558734894,-0.025640999898314476
1451504323969,1,0.13919399678707123,0.0488400012254715,0.04761900007724762
1451504323990,1,0.06837599724531174,-0.030524998903274536,0.10134299844503403
1451504324010,1,0.0488400012254715,-0.03663000091910362,0.054944999516010284
1451504324030,1,0.11843699961900711,0.08180700242519379,0.012210000306367874
1451504324051,1,0.1514039933681488,0.17704500257968903,-0.0012209999840706587
1451504324077,1,0.13186800479888916,0.2380950003862381,0.021978000178933144
1451504324091,1,0.07081799954175949,0.22344300150871277,0.08424899727106094
1451504324112,1,-0.040293000638484955,-0.07692299783229828,0.1843709945678711
1451504324131,1,-0.03174600005149841,-0.07936500012874603,0.1782660037279129
1451504324151,1,0.05738699808716774,0.13308899104595184,0.14896199107170105
1451504324172,1,0.195360004901886,0.42612898349761963,0.12087900191545486
1451504324196,1,0.18070799112319946,0.3785099983215332,0.06104999780654907
1451504324212,2,0.08546999841928482,-0.040293000638484955,0.003662999952211976
1451504324232,2,0.11111100018024445,-0.4395599961280823,0.05616600066423416
1451504324254,2,0.040293000638484955,-0.4761900007724762,0.10134299844503403
1451504324275,2,0.017093999311327934,-0.3626369833946228,0.12332099676132202
1451504324292,2,0.10500600188970566,-0.1245419979095459,0.08302799612283707
1451504324312,2,0.23076899349689484,0.1452990025281906,-0.013430999591946602
1451504324332,2,0.24786299467086792,0.3614159822463989,-0.08058600127696991
1451504324352,2,0.1684979945421219,0.26251500844955444,-0.02808300033211708
1451504324372,2,0.030524998903274536,0.13919399678707123,0.05250300094485283
1451504324392,2,-0.08180700242519379,0.054944999516010284,0.13675199449062347
1451504324417,2,-0.09523800015449524,0.06593400239944458,0.18314999341964722
1451504324433,2,0.15873000025749207,0.20634900033473969,0.04761900007724762
1451504324452,2,0.19169700145721436,0.12209999561309814,-0.05372399836778641
1451504324473,2,0.12332099676132202,0.013430999591946602,-0.0647130012512207
1451504324492,2,0.025640999898314476,-0.008546999655663967,0.0012209999840706587
1451504324513,2,-0.03663000091910362,0.05128199979662895,0.10012199729681015
1451504324534,2,-0.040293000638484955,0.1562879979610443,0.17460300028324127
1451504324554,2,0.1294260025024414,0.32112300395965576,0.1452990025281906
1451504324574,2,0.19780199229717255,0.3028079867362976,0.08791200071573257
1451504324594,2,0.1514039933681488,0.26861998438835144,0.05616600066423416
1451504324614,2,0.01831500045955181,0.46764299273490906,0.09401699900627136
1451504324634,2,-0.007325999904423952,0.9291809797286987,0.11721599847078323
1451504324654,2,0.47863200306892395,1.336995005607605,-0.6764339804649353
1451504324674,2,-2.4871768951416016,-3.7594590187072754,-1.6544549465179443
1451504324695,2,-0.3296699821949005,-6.427343845367432,-0.49450498819351196
1451504324715,2,0.2319899946451187,-4.934061050415039,-1.2466410398483276
1451504324734,2,0.6874229907989502,-2.0427329540252686,-1.410254955291748
1451504324755,2,0.9511590003967285,2.490839958190918,-0.167276993393898
1451504324775,2,0.6166049838066101,2.788763999938965,0.2222220003604889
1451504324795,2,0.2600730061531067,1.984125018119812,0.3577530086040497
1451504324815,2,-0.06593400239944458,0.8608049750328064,0.35531100630760193
1451504324835,2,-0.26739898324012756,0.37606799602508545,0.3797309994697571
1451504324856,2,-0.2747249901294708,0.46275898814201355,0.40781399607658386
1451504324876,2,-0.03296700119972229,1.1184359788894653,0.3516480028629303
1451504324896,2,-0.004883999936282635,1.294260025024414,0.2747249901294708
1451504324916,2,-0.10744799673557281,0.9877889752388,0.2161169946193695
1451504324936,2,-0.2808299958705902,0.27960899472236633,0.21855899691581726
1451504324956,2,-0.31013399362564087,-0.3150179982185364,0.2759459912776947
1451504324976,2,-0.04761900007724762,-0.3772889971733093,0.2600730061531067
1451504324996,2,0.15384599566459656,0.15262499451637268,0.22832699120044708
1451504325016,2,0.30036598443984985,0.7851029634475708,0.19780199229717255
1451504325036,2,0.3125759959220886,1.3846139907836914,0.16971899569034576
1451504325058,2,0.20146499574184418,1.5714269876480103,0.11477399617433548
1451504325080,2,0.18803399801254272,0.4774110019207001,0.01953599974513054
1451504325097,2,0.045176997780799866,-0.24175800383090973,0.08302799612283707
1451504325117,2,0.0757019966840744,-0.6459090113639832,0.07081799954175949
1451504325138,2,0.21001200377941132,-0.7875449657440186,0.054944999516010284
1451504325164,2,0.308912992477417,-0.6568979620933533,0.0378509983420372
1451504325177,2,0.2771669924259186,-0.26739898324012756,0.04639799892902374
1451504325198,2,0.09523800015449524,0.3943829834461212,-0.045176997780799866
1451504325218,2,0.13308899104595184,0.30158698558807373,-0.12698400020599365
1451504325238,2,0.195360004901886,-0.03907199949026108,-0.09523800015449524
1451504325259,2,0.0866909995675087,-0.608057975769043,0.0024419999681413174
1451504325278,2,0.10378500074148178,-0.7851029634475708,0.015873000025749207
1451504325298,2,0.08180700242519379,-0.4444440007209778,-0.08058600127696991
1451504325318,2,0.05128199979662895,-0.2869350016117096,-0.0488400012254715
1451504325338,2,0.06349200010299683,-0.211232990026474,-0.012210000306367874
1451504325358,2,0.05860799923539162,-0.17093999683856964,-0.015873000025749207
1451504325379,2,0.05616600066423416,-0.0866909995675087,-0.07203900068998337
1451504325399,2,0.20390699803829193,0.12087900191545486,-0.13430999219417572
1451504325419,2,0.22100099921226501,0.21245399117469788,-0.07692299783229828
1451504325439,2,0.17460300028324127,0.24175800383090973,-0.03296700119972229
1451504325459,2,0.11843699961900711,0.1575089991092682,0.006105000153183937
1451504325478,2,0.0647130012512207,0.014651999808847904,0.04273499920964241
1451504325499,2,0.045176997780799866,-0.10012199729681015,0.0757019966840744
1451504325519,2,0.08791200071573257,-0.020756999030709267,0.054944999516010284
1451504325539,2,0.1562879979610443,0.0866909995675087,0.03907199949026108
1451504325559,2,0.19780199229717255,0.1562879979610443,0.02442000061273575
1451504325580,2,0.15873000025749207,0.11721599847078323,0.003662999952211976
1451504325600,2,0.07814399898052216,0.014651999808847904,0.0012209999840706587
1451504325620,2,0.10500600188970566,-0.09890099614858627,0.04151399806141853
1451504325640,2,0.1684979945421219,-0.04395600035786629,0.059829000383615494
1451504325660,2,0.18803399801254272,0.04639799892902374,0.0488400012254715
1451504325680,2,0.16361400485038757,0.06349200010299683,0.030524998903274536
1451504325701,2,0.097680002450943,0.02930399961769581,0.007325999904423952
1451504325726,2,0.03174600005149841,-0.020756999030709267,0.03174600005149841
1451504325740,2,0.04639799892902374,-0.045176997780799866,0.0488400012254715
1451504325761,2,0.06715499609708786,-0.02930399961769581,0.05128199979662895
1451504325781,2,0.06593400239944458,-0.008546999655663967,0.03907199949026108
1451504325802,2,0.08546999841928482,0.02808300033211708,0.025640999898314476
1451504325822,2,0.12576299905776978,0.026861999183893204,-0.008546999655663967
1451504325844,2,0.07448099553585052,0.00976799987256527,-0.003662999952211976
1451504325862,2,0.05860799923539162,-0.004883999936282635,0.017093999311327934
1451504325882,2,0.07936500012874603,-0.0488400012254715,0.030524998903274536
1451504325902,2,0.097680002450943,-0.08302799612283707,0.021978000178933144
1451504325922,2,0.10500600188970566,-0.06837599724531174,0.013430999591946602
1451504325955,2,0.16971899569034576,-0.003662999952211976,-0.11599499732255936
1451504325962,2,0.19902299344539642,0.02319899946451187,-0.13797299563884735
1451504325982,2,0.19169700145721436,0.006105000153183937,-0.14407800137996674
1451504326007,2,0.167276993393898,-0.04273499920964241,-0.16483499109745026
1451504326023,2,0.11599499732255936,-0.07081799954175949,-0.1294260025024414
1451504326048,2,-0.026861999183893204,0.25152599811553955,-0.021978000178933144
1451504326063,2,-0.006105000153183937,0.6092789769172668,0.0012209999840706587
1451504326083,2,0.09279599785804749,0.8778989911079407,0.03174600005149841
1451504326103,2,0.13064700365066528,1.0073249340057373,0.05738699808716774
1451504326123,2,0.1514039933681488,0.9523800015449524,0.08180700242519379
1451504326143,2,0.3150179982185364,0.17704500257968903,-0.07448099553585052
1451504326163,2,0.17093999683856964,-0.2051279991865158,0.0024419999681413174
1451504326184,2,0.00976799987256527,-0.4444440007209778,0.12332099676132202
1451504326204,2,-0.03663000091910362,-0.4871789813041687,0.19902299344539642
1451504326234,2,-0.010989000089466572,-0.4236869812011719,0.24053700268268585
1451504326247,1,-0.003662999952211976,-0.4151400029659271,0.2649570107460022
1451504326268,1,0.054944999516010284,-0.3675209879875183,0.1404149979352951
1451504326285,1,0.10500600188970566,-0.3516480028629303,0.10622699558734894
1451504326305,1,0.14163599908351898,-0.3076919913291931,0.05738699808716774
1451504326324,1,0.1404149979352951,-0.30524998903274536,-0.03296700119972229
1451504326344,1,-0.06593400239944458,-0.7374839782714844,-0.15873000025749207
1451504326365,1,-0.5738700032234192,-1.1807069778442383,-0.44200199842453003
1451504326385,1,-0.8534789681434631,-1.0988999605178833,-0.3040289878845215
1451504326405,1,-0.7997549772262573,-0.16117200255393982,0.0757019966840744
1451504326427,1,-0.22954799234867096,0.3455429971218109,0.35409000515937805
1451504326444,1,0.3455429971218109,-0.3247860074043274,0.17948700487613678
1451504326465,1,0.06227099895477295,-0.07081799954175949,-0.09279599785804749
1451504326486,1,-0.11233200132846832,-0.01831500045955181,-0.12209999561309814
1451504326506,1,-0.16483499109745026,0.1135529950261116,-0.16117200255393982
1451504326525,1,-0.04151399806141853,0.2869350016117096,-0.0378509983420372
1451504326545,1,0.22588500380516052,0.39804598689079285,0.11477399617433548
1451504326565,1,0.432233989238739,0.4639799892902374,0.19047600030899048
1451504326590,1,0.4383389949798584,0.19047600030899048,0.08302799612283707
1451504326606,1,0.3296699821949005,0.021978000178933144,-0.05250300094485283
1451504326629,1,0.22832699120044708,-0.11965800076723099,-0.12087900191545486
1451504326650,1,0.15262499451637268,-0.25152599811553955,-0.097680002450943
1451504326666,1,0.10012199729681015,-0.32722800970077515,-0.03418799862265587
1451504326687,1,0.07081799954175949,-0.2710619866847992,0.12820500135421753
1451504326707,1,0.10134299844503403,-0.10012199729681015,0.13308899104595184
1451504326729,1,0.23443199694156647,0.17704500257968903,0.1514039933681488
1451504326752,1,0.5421239733695984,0.3785099983215332,0.20390699803829193
1451504326767,1,1.109889030456543,0.22954799234867096,0.2857140004634857
1451504326787,1,1.5421229600906372,0.7228319644927979,-1.2698400020599365
1451504326807,1,2.617824077606201,1.2905969619750977,-1.028082013130188
1451504326828,1,1.2417570352554321,0.6910859942436218,-1.0488389730453491
1451504326848,1,-0.11721599847078323,-0.45665398240089417,-0.2002439945936203
1451504326868,1,-1.0146509408950806,-1.3430999517440796,0.4774110019207001
1451504326888,1,-1.1257619857788086,-1.5360180139541626,0.6703289747238159
1451504326908,1,-0.31013399362564087,-0.5018309950828552,0.4395599961280823
1451504326929,1,-0.1404149979352951,0.04639799892902374,0.2503049969673157
1451504326948,1,0.014651999808847904,0.7741140127182007,0.20390699803829193
1451504326968,1,0.32722800970077515,1.1465189456939697,0.14163599908351898
1451504326988,1,0.4981679916381836,1.1489609479904175,0.1562879979610443
1451504327009,1,0.26129400730133057,0.38095200061798096,0.2161169946193695
1451504327030,1,0.12820500135421753,0.07326000183820724,0.19047600030899048
1451504327049,1,0.021978000178933144,-0.0488400012254715,0.19291800260543823
1451504327069,1,-0.030524998903274536,-0.05250300094485283,0.16483499109745026
1451504327089,1,-0.00976799987256527,0.004883999936282635,0.09035399556159973
1451504327114,1,0.09890099614858627,0.025640999898314476,-0.01831500045955181
1451504327128,1,0.18803399801254272,-0.11111100018024445,0.04151399806141853
1451504327150,1,0.2527469992637634,-0.26739898324012756,0.09890099614858627
1451504327170,1,0.38583600521087646,-0.23565299808979034,0.15873000025749207
1451504327190,1,0.6019529700279236,-0.09523800015449524,0.27350398898124695
1451504327211,1,0.7118430137634277,-0.0024419999681413174,0.3247860074043274
1451504327230,1,0.390720009803772,0.08913300186395645,0.12820500135421753
1451504327250,1,0.1892549991607666,0.03663000091910362,0.05860799923539162
1451504327270,1,0.050060998648405075,-0.06349200010299683,0.045176997780799866
1451504327290,1,-0.006105000153183937,-0.0866909995675087,0.0488400012254715
1451504327312,1,0.18681299686431885,0.28327199816703796,-0.07326000183820724
1451504327330,1,0.15873000025749207,0.6788759827613831,-0.1514039933681488
1451504327350,1,0.04273499920964241,0.8522579669952393,0.19658099114894867
1451504327370,1,0.01953599974513054,0.7362629771232605,0.34798499941825867
1451504327390,1,-0.03418799862265587,0.48962098360061646,0.23076899349689484
1451504327413,1,-0.21489599347114563,-0.08424899727106094,0.1562879979610443
1451504327434,1,-0.4529910087585449,-0.6312569975852966,0.1355309933423996
1451504327451,1,-0.40415099263191223,-0.422465980052948,0.17582400143146515
1451504327472,1,-0.31623899936676025,-0.1355309933423996,0.17582400143146515
1451504327491,1,0.050060998648405075,0.1245419979095459,0.02808300033211708
1451504327513,1,0.27228298783302307,0.08424899727106094,-0.02808300033211708
1451504327531,1,0.2857140004634857,-0.0378509983420372,0.03418799862265587
1451504327552,1,0.11599499732255936,-0.31746000051498413,0.07814399898052216
1451504327572,1,0.0757019966840744,-0.24664199352264404,0.07203900068998337
1451504327592,1,0.02930399961769581,-0.17460300028324127,0.026861999183893204
1451504327619,1,0.004883999936282635,-0.10134299844503403,-0.017093999311327934
1451504327632,1,0.02442000061273575,-0.35531100630760193,-0.014651999808847904
1451504327652,1,0.04761900007724762,-0.5079360008239746,-0.008546999655663967
1451504327673,1,-0.05616600066423416,-0.32112300395965576,0.08546999841928482
1451504327692,1,-0.09645900130271912,0.13186800479888916,0.1355309933423996
1451504327714,1,-0.01953599974513054,0.7118430137634277,0.10378500074148178
1451504327732,1,0.10622699558734894,0.8730149865150452,0.02319899946451187
1451504327753,1,0.07936500012874603,0.1733819991350174,-0.09645900130271912
1451504327773,1,-0.0012209999840706587,-0.10378500074148178,-0.025640999898314476
1451504327793,1,-0.07203900068998337,-0.11233200132846832,0.09523800015449524
1451504327814,1,-0.08058600127696991,0.08180700242519379,0.17460300028324127
1451504327833,1,-0.006105000153183937,0.2979239821434021,0.1514039933681488
1451504327854,1,0.15873000025749207,0.18803399801254272,-0.0488400012254715
1451504327874,1,0.15262499451637268,0.15384599566459656,-0.08424899727106094
1451504327894,1,0.1404149979352951,0.15995100140571594,-0.03907199949026108
1451504327915,1,0.11111100018024445,0.09523800015449524,0.01831500045955181
1451504327933,1,0.06104999780654907,-0.003662999952211976,0.03663000091910362
1451504327959,1,0.05250300094485283,-0.15506699681282043,-0.007325999904423952
1451504327974,1,0.13919399678707123,-0.1575089991092682,-0.1514039933681488
1451504327994,1,0.211232990026474,0.13675199449062347,-0.19047600030899048
1451504328014,1,0.26739898324012756,0.41391900181770325,-0.18681299686431885
1451504328034,1,0.24664199352264404,0.555554986000061,-0.1575089991092682
1451504328055,1,0.05738699808716774,0.5946269631385803,0.06715499609708786
1451504328076,1,-0.21245399117469788,0.2490839958190918,0.03907199949026108
1451504328102,1,-0.14774100482463837,0.11965800076723099,0.10988999903202057
1451504328114,1,-0.097680002450943,0.020756999030709267,0.05616600066423416
1451504328135,1,-0.09523800015449524,0.0757019966840744,0.08424899727106094
1451504328155,1,-0.0012209999840706587,0.14407800137996674,0.06837599724531174
1451504328176,1,0.02808300033211708,0.1404149979352951,-0.025640999898314476
1451504328199,1,-0.07448099553585052,-0.02808300033211708,-0.025640999898314476
1451504328215,1,-0.05372399836778641,-0.13675199449062347,0.017093999311327934
1451504328236,1,0.1355309933423996,-0.17216099798679352,-0.017093999311327934
1451504328256,1,0.22832699120044708,-0.17460300028324127,-0.04151399806141853
1451504328276,2,0.2857140004634857,-0.14285700023174286,-0.0024419999681413174
1451504328299,2,0.3125759959220886,-0.059829000383615494,0.12576299905776978
1451504328317,2,0.26129400730133057,0.007325999904423952,0.1623930037021637
1451504328337,2,0.18803399801254272,0.054944999516010284,0.17948700487613678
1451504328356,2,0.1575089991092682,0.09523800015449524,0.18070799112319946
1451504328376,2,0.18192899227142334,0.15873000025749207,0.18681299686431885
1451504328396,2,0.040293000638484955,-0.025640999898314476,0.211232990026474
1451504328417,2,-0.0757019966840744,-0.18681299686431885,0.25763100385665894
1451504328436,2,-0.04395600035786629,-0.1892549991607666,0.24175800383090973
1451504328457,2,0.0866909995675087,-0.06959699839353561,0.18192899227142334
1451504328477,2,0.13064700365066528,0.021978000178933144,0.12209999561309814
1451504328497,2,0.1245419979095459,-0.02808300033211708,0.06837599724531174
1451504328518,2,0.09523800015449524,-0.012210000306367874,0.10134299844503403
1451504328538,2,0.0757019966840744,0.10744799673557281,0.1623930037021637
1451504328558,2,0.06837599724531174,0.32722800970077515,0.20268599689006805
1451504328577,2,0.06959699839353561,0.5848590135574341,0.23076899349689484
1451504328598,2,0.0647130012512207,0.8315010070800781,0.24786299467086792
1451504328622,2,0.10866899788379669,0.8766779899597168,0.06715499609708786
1451504328638,2,0.2759459912776947,0.5824170112609863,-0.5396819710731506
1451504328658,2,0.03907199949026108,0.2869350016117096,-1.4114760160446167
1451504328678,2,-2.741144895553589,-5.050055980682373,-2.7350399494171143
1451504328698,2,-0.7655670046806335,-6.583631992340088,-1.7032949924468994
1451504328718,2,0.9377279877662659,-0.8351640105247498,-1.0256400108337402
1451504328739,2,1.04761803150177,1.5811949968338013,-0.30036598443984985
1451504328759,2,0.770451009273529,2.752133846282959,0.31135499477386475
1451504328779,2,0.5518919825553894,2.9474940299987793,0.5811960101127625
1451504328800,2,0.3833940029144287,2.17215895652771,0.6019529700279236
1451504328819,2,0.31746000051498413,1.6153830289840698,0.5958479642868042
1451504328839,2,0.21489599347114563,1.4969459772109985,0.6544560194015503
1451504328859,2,0.12209999561309814,1.3211219310760498,0.6825389862060547
1451504328885,2,0.09279599785804749,1.25518798828125,0.5152620077133179
1451504328899,2,0.06715499609708786,0.9010980129241943,0.3125759959220886
1451504328920,2,-0.1404149979352951,0.035408999770879745,0.19047600030899048
1451504328940,2,-0.2161169946193695,-0.7777770161628723,0.3357749879360199
1451504328961,2,-0.004883999936282635,-0.42002400755882263,0.34920600056648254
1451504328982,2,0.13430999219417572,0.012210000306367874,0.31746000051498413
1451504329000,2,0.21001200377941132,0.2319899946451187,0.2808299958705902
1451504329021,2,0.28937700390815735,0.27960899472236633,0.22100099921226501
1451504329040,2,0.31013399362564087,0.13064700365066528,0.059829000383615494
1451504329061,2,0.2051279991865158,0.00976799987256527,0.03296700119972229
1451504329083,2,0.1404149979352951,-0.10012199729681015,0.03174600005149841
1451504329100,2,0.12820500135421753,-0.11721599847078323,0.020756999030709267
1451504329121,2,0.1941390037536621,-0.03296700119972229,0.007325999904423952
1451504329141,2,0.27960899472236633,0.08180700242519379,-0.013430999591946602
1451504329161,2,0.19780199229717255,0.012210000306367874,0.021978000178933144
1451504329181,2,0.07448099553585052,-0.08791200071573257,0.05250300094485283
1451504329206,2,0.03663000091910362,-0.09401699900627136,0.06227099895477295
1451504329222,2,0.09401699900627136,-0.08058600127696991,0.05860799923539162
1451504329241,2,0.14896199107170105,-0.06837599724531174,0.035408999770879745
1451504329269,2,0.2002439945936203,-0.08058600127696991,-0.054944999516010284
1451504329285,2,0.1562879979610443,-0.04395600035786629,-0.0647130012512207
1451504329302,2,0.08058600127696991,-0.03296700119972229,-0.021978000178933144
1451504329323,2,0.03418799862265587,0.006105000153183937,0.059829000383615494
1451504329342,2,0.06104999780654907,0.03174600005149841,0.09645900130271912
1451504329363,2,0.1892549991607666,0.006105000153183937,0.0012209999840706587
1451504329383,2,0.19169700145721436,-0.10988999903202057,-0.040293000638484955
1451504329402,2,0.15873000025749207,-0.20268599689006805,-0.06593400239944458
1451504329423,2,0.12332099676132202,-0.23931600153446198,-0.04639799892902374
1451504329443,2,0.09401699900627136,-0.2441999912261963,0.017093999311327934
1451504329463,2,0.09157499670982361,-0.059829000383615494,0.05738699808716774
1451504329484,2,0.14285700023174286,0.10134299844503403,0.015873000025749207
1451504329503,2,0.167276993393898,0.17216099798679352,-0.02808300033211708
1451504329524,2,0.13308899104595184,0.12209999561309814,-0.040293000638484955
1451504329544,2,0.08424899727106094,0.03418799862265587,-0.006105000153183937
1451504329564,2,0.05372399836778641,-0.054944999516010284,0.06959699839353561
1451504329583,2,0.06349200010299683,-0.10378500074148178,0.059829000383615494
1451504329603,2,0.10500600188970566,-0.01831500045955181,0.012210000306367874
1451504329624,2,0.1294260025024414,0.09035399556159973,-0.00976799987256527
1451504329644,2,0.1355309933423996,0.11721599847078323,0.0
1451504329665,2,0.07692299783229828,0.05860799923539162,0.03663000091910362
1451504329684,2,0.097680002450943,-0.05860799923539162,0.03174600005149841
1451504329704,2,0.12332099676132202,-0.03907199949026108,-0.02442000061273575
1451504329724,2,0.14285700023174286,-0.007325999904423952,-0.03174600005149841
1451504329744,2,0.14896199107170105,-0.08302799612283707,0.021978000178933144
1451504329765,2,0.09035399556159973,-0.16483499109745026,0.06959699839353561
1451504329784,2,0.09157499670982361,-0.09035399556159973,0.04395600035786629
1451504329805,2,0.11721599847078323,-0.0647130012512207,0.05128199979662895
1451504329825,2,0.09401699900627136,-0.06104999780654907,0.06104999780654907
1451504329845,2,0.07326000183820724,0.017093999311327934,0.03174600005149841
1451504329865,2,0.1025639995932579,0.1245419979095459,-0.008546999655663967
1451504329887,2,0.13308899104595184,0.07081799954175949,0.008546999655663967
1451504329905,2,0.10378500074148178,0.00976799987256527,0.006105000153183937
1451504329925,2,0.11111100018024445,-0.03296700119972229,0.0012209999840706587
1451504329946,2,0.13797299563884735,-0.035408999770879745,0.0
1451504329966,2,0.14163599908351898,-0.030524998903274536,0.00976799987256527
1451504329992,2,0.1245419979095459,-0.021978000178933144,0.02442000061273575
1451504330006,2,0.10378500074148178,0.017093999311327934,0.015873000025749207
1451504330027,2,0.11111100018024445,0.02930399961769581,0.014651999808847904
1451504330046,2,0.11965800076723099,0.06715499609708786,0.0
1451504330068,2,0.12332099676132202,0.09035399556159973,-0.006105000153183937
1451504330086,2,0.10866899788379669,0.04761900007724762,0.026861999183893204
1451504330106,2,0.07081799954175949,-0.0488400012254715,0.05250300094485283
1451504330127,2,0.09401699900627136,-0.0378509983420372,0.04151399806141853
1451504330147,2,0.12332099676132202,-0.0866909995675087,0.05616600066423416
1451504330167,2,0.09401699900627136,-0.11233200132846832,0.06715499609708786
1451504330187,2,0.09157499670982361,-0.04151399806141853,0.0378509983420372
1451504330207,2,0.12820500135421753,0.010989000089466572,0.006105000153183937
1451504330228,2,0.10988999903202057,-0.010989000089466572,0.03418799862265587
1451504330247,2,0.09523800015449524,-0.02442000061273575,0.05128199979662895
1451504330268,2,0.11843699961900711,-0.02442000061273575,0.045176997780799866
