1451546791514,1,0.17460300028324127,-0.2588520050048828,0.3247860074043274
1451546791534,1,0.18559199571609497,-0.13675199449062347,0.31746000051498413
1451546791553,1,0.1684979945421219,-0.04639799892902374,0.25763100385665894
1451546791573,1,0.22100099921226501,0.09035399556159973,0.14896199107170105
1451546791599,1,0.4529910087585449,0.11111100018024445,0.16117200255393982
1451546791614,1,0.39804598689079285,0.05738699808716774,0.2271059900522232
1451546791634,1,0.30524998903274536,0.02930399961769581,0.31746000051498413
1451546791656,1,0.22588500380516052,0.010989000089466572,0.40781399607658386
1451546791673,1,0.25152599811553955,-0.045176997780799866,0.39804598689079285
1451546791695,1,0.2051279991865158,-0.22588500380516052,0.4444440007209778
1451546791715,1,0.22466400265693665,-0.20879100263118744,0.432233989238739
1451546791734,1,0.3357749879360199,-0.11111100018024445,0.43101298809051514
1451546791754,1,0.4236869812011719,-0.040293000638484955,0.40415099263191223
1451546791774,1,0.42612898349761963,0.006105000153183937,0.35897400975227356
1451546791794,1,0.26739898324012756,0.1025639995932579,0.33821699023246765
1451546791816,1,0.16361400485038757,0.05372399836778641,0.3724049925804138
1451546791834,1,0.035408999770879745,-0.03174600005149841,0.422465980052948
1451546791857,1,-0.16971899569034576,-0.11477399617433548,0.45665398240089417
1451546791875,1,-0.3308909833431244,-0.054944999516010284,0.3406589925289154
1451546791895,1,-0.2661779820919037,0.05738699808716774,0.32112300395965576
1451546791915,1,-0.14774100482463837,0.07448099553585052,0.1941390037536621
1451546791935,1,-0.1245419979095459,0.5531129837036133,-0.8339430093765259
1451546791956,1,0.7057380080223083,1.1074470281600952,-0.7619040012359619
1451546791975,1,1.0854690074920654,0.9792419672012329,-0.7057380080223083
1451546791996,1,0.7777770161628723,0.5347979664802551,-0.5811960101127625
1451546792016,1,-0.07326000183820724,-0.3626369833946228,-0.02319899946451187
1451546792036,1,-0.5677649974822998,-0.7057380080223083,0.22954799234867096
1451546792062,1,-0.7423679828643799,-0.608057975769043,0.3528690040111542
1451546792075,1,-0.390720009803772,-0.4395599961280823,0.2503049969673157
1451546792097,1,-0.13675199449062347,-0.08058600127696991,-0.1623930037021637
1451546792117,1,0.19658099114894867,0.5384609699249268,-0.308912992477417
1451546792142,1,0.22100099921226501,0.5787540078163147,-0.14407800137996674
1451546792157,1,0.17460300028324127,0.42612898349761963,0.05738699808716774
1451546792177,1,0.06837599724531174,0.16605599224567413,0.1733819991350174
1451546792197,1,-0.03174600005149841,-0.06959699839353561,0.13797299563884735
1451546792216,1,-0.01953599974513054,-0.13308899104595184,0.05738699808716774
1451546792236,1,0.31013399362564087,0.14407800137996674,-0.06349200010299683
1451546792257,1,0.504272997379303,0.3150179982185364,-0.059829000383615494
1451546792277,1,0.598289966583252,0.34798499941825867,-0.03907199949026108
1451546792298,1,0.5750910043716431,0.2380950003862381,-0.035408999770879745
1451546792318,1,0.48473697900772095,0.08424899727106094,-0.05372399836778641
1451546792343,1,0.31013399362564087,-0.0866909995675087,-0.11599499732255936
1451546792357,1,0.3150179982185364,-0.014651999808847904,-0.1404149979352951
1451546792378,1,0.3772889971733093,0.11477399617433548,-0.13308899104595184
1451546792399,1,0.43589699268341064,0.20268599689006805,-0.13186800479888916
1451546792419,1,0.4444440007209778,0.21855899691581726,-0.11233200132846832
1451546792441,1,0.3199020028114319,0.06593400239944458,-0.08791200071573257
1451546792457,1,0.2527469992637634,0.04273499920964241,-0.10378500074148178
1451546792484,1,0.2808299958705902,0.10622699558734894,-0.11599499732255936
1451546792499,1,0.34432199597358704,0.2051279991865158,-0.09279599785804749
1451546792519,1,0.36996299028396606,0.23931600153446198,-0.09157499670982361
1451546792539,1,0.39804598689079285,0.2551890015602112,-0.10744799673557281
1451546792558,1,0.4493280053138733,0.12820500135421753,-0.1135529950261116
1451546792580,1,0.37118399143218994,0.021978000178933144,-0.0757019966840744
1451546792600,1,0.25152599811553955,-0.09279599785804749,-0.04151399806141853
1451546792620,1,0.1782660037279129,-0.1294260025024414,-0.021978000178933144
1451546792641,1,0.19047600030899048,-0.08058600127696991,-0.006105000153183937
1451546792659,1,0.2759459912776947,0.14774100482463837,-0.04395600035786629
1451546792681,1,0.24664199352264404,0.13797299563884735,-0.04273499920964241
1451546792701,1,0.16605599224567413,0.05372399836778641,-0.03174600005149841
1451546792720,1,0.09279599785804749,-0.0378509983420372,-0.007325999904423952
1451546792740,1,0.021978000178933144,-0.09890099614858627,0.0378509983420372
1451546792760,1,0.020756999030709267,-0.02442000061273575,0.04761900007724762
1451546792781,1,0.07326000183820724,0.0647130012512207,0.03296700119972229
1451546792801,1,0.10012199729681015,0.097680002450943,0.025640999898314476
1451546792821,1,0.10744799673557281,0.09035399556159973,0.014651999808847904
1451546792841,1,0.12087900191545486,0.06959699839353561,0.003662999952211976
1451546792860,1,0.13675199449062347,0.059829000383615494,0.00976799987256527
1451546792880,1,0.09523800015449524,-0.021978000178933144,0.035408999770879745
1451546792901,1,0.06593400239944458,-0.02442000061273575,0.04761900007724762
1451546792921,1,0.05250300094485283,-0.0024419999681413174,0.05860799923539162
1451546792940,1,0.05860799923539162,0.05128199979662895,0.04273499920964241
1451546792961,1,0.10134299844503403,0.13308899104595184,0.03296700119972229
1451546792982,1,0.17704500257968903,0.2271059900522232,0.021978000178933144
1451546793002,1,0.19780199229717255,0.22588500380516052,0.04395600035786629
1451546793022,1,0.1684979945421219,0.17460300028324127,0.06715499609708786
1451546793042,1,0.09523800015449524,0.097680002450943,0.059829000383615494
1451546793061,1,0.05128199979662895,0.04639799892902374,0.05250300094485283
1451546793084,1,0.08058600127696991,0.04395600035786629,0.006105000153183937
1451546793102,1,0.12087900191545486,0.06227099895477295,-0.00976799987256527
1451546793123,1,0.1355309933423996,0.07203900068998337,-0.01953599974513054
1451546793146,1,0.12576299905776978,0.06593400239944458,-0.025640999898314476
1451546793162,1,0.1135529950261116,0.04151399806141853,-0.02930399961769581
1451546793183,1,0.10988999903202057,0.008546999655663967,-0.01831500045955181
1451546793202,1,0.07936500012874603,-0.026861999183893204,-0.01953599974513054
1451546793224,1,0.06837599724531174,-0.01953599974513054,-0.020756999030709267
1451546793242,1,0.07936500012874603,-0.01953599974513054,0.0012209999840706587
1451546793263,1,0.11233200132846832,-0.05372399836778641,-0.014651999808847904
1451546793282,1,0.13064700365066528,-0.07692299783229828,-0.04639799892902374
1451546793303,1,0.1294260025024414,-0.015873000025749207,-0.059829000383615494
1451546793323,1,0.10744799673557281,-0.003662999952211976,-0.045176997780799866
1451546793343,1,0.10744799673557281,0.004883999936282635,-0.04151399806141853
1451546793364,1,0.12820500135421753,0.03663000091910362,-0.05738699808716774
1451546793383,2,0.15262499451637268,0.06959699839353561,-0.06593400239944458
1451546793404,2,0.08791200071573257,0.014651999808847904,-0.025640999898314476
1451546793426,2,0.045176997780799866,-0.059829000383615494,-0.0024419999681413174
1451546793445,2,0.02930399961769581,-0.10378500074148178,0.00976799987256527
1451546793465,2,0.04761900007724762,-0.08791200071573257,0.00976799987256527
1451546793485,2,0.07448099553585052,-0.07814399898052216,0.01953599974513054
1451546793505,2,0.10622699558734894,-0.10744799673557281,-0.026861999183893204
1451546793524,2,0.14163599908351898,-0.09523800015449524,-0.0378509983420372
1451546793545,2,0.1623930037021637,-0.07936500012874603,-0.014651999808847904
1451546793565,2,0.12209999561309814,-0.10500600188970566,0.02319899946451187
1451546793585,2,0.10378500074148178,-0.15018299221992493,0.014651999808847904
1451546793605,2,0.13308899104595184,-0.16483499109745026,0.006105000153183937
1451546793624,2,0.29426100850105286,-0.05250300094485283,-0.030524998903274536
1451546793645,2,0.31013399362564087,-0.017093999311327934,-0.045176997780799866
1451546793666,2,0.28449299931526184,-0.015873000025749207,-0.05616600066423416
1451546793692,2,0.2918190062046051,-0.013430999591946602,-0.06227099895477295
1451546793706,2,0.32844898104667664,0.0,-0.05860799923539162
1451546793725,2,0.3626369833946228,0.04151399806141853,0.008546999655663967
1451546793755,2,0.31623899936676025,0.0024419999681413174,0.03174600005149841
1451546793765,2,0.28937700390815735,-0.02442000061273575,0.0378509983420372
1451546793785,2,0.3040289878845215,0.004883999936282635,0.02442000061273575
1451546793806,2,0.34310099482536316,0.017093999311327934,0.012210000306367874
1451546793826,2,0.34920600056648254,-0.03418799862265587,0.013430999591946602
1451546793846,2,0.28937700390815735,-0.08913300186395645,0.0024419999681413174
1451546793866,2,0.24786299467086792,-0.10378500074148178,-0.03174600005149841
1451546793888,2,0.2503049969673157,-0.05128199979662895,-0.07814399898052216
1451546793905,2,0.2710619866847992,0.04761900007724762,-0.1294260025024414
1451546793926,2,0.25763100385665894,0.10988999903202057,-0.1245419979095459
1451546793947,2,0.20634900033473969,0.02808300033211708,-0.05616600066423416
1451546793967,2,0.2002439945936203,-0.03663000091910362,-0.04273499920964241
1451546793988,2,0.2271059900522232,-0.04395600035786629,-0.06104999780654907
1451546794007,2,0.24664199352264404,0.010989000089466572,-0.08913300186395645
1451546794026,2,0.23443199694156647,0.07448099553585052,-0.0866909995675087
1451546794047,2,0.15262499451637268,0.08180700242519379,-0.08180700242519379
1451546794067,2,0.09401699900627136,0.014651999808847904,-0.10500600188970566
1451546794088,2,0.04395600035786629,-0.09035399556159973,-0.1355309933423996
1451546794107,2,-0.4236869812011719,-1.2246630191802979,-3.0097649097442627
1451546794127,2,0.8571419715881348,-0.9487169981002808,-1.7606819868087769
1451546794149,2,0.2979239821434021,-0.2808299958705902,-0.6092789769172668
1451546794169,2,-0.0378509983420372,0.03418799862265587,0.14896199107170105
1451546794189,2,-0.23565299808979034,0.23443199694156647,0.7264949679374695
1451546794209,2,-0.3785099983215332,0.19780199229717255,0.9242969751358032
1451546794228,2,-0.37118399143218994,0.14407800137996674,0.7985339760780334
1451546794248,2,-0.42490798234939575,-0.390720009803772,0.41880300641059875
1451546794270,2,-0.09645900130271912,-0.7851029634475708,-0.16361400485038757
1451546794288,2,0.13797299563884735,-0.5848590135574341,-0.07326000183820724
1451546794308,2,0.1733819991350174,-0.39682498574256897,0.04151399806141853
1451546794330,2,0.08302799612283707,-0.26251500844955444,0.1025639995932579
1451546794349,2,0.0024419999681413174,-0.1135529950261116,0.08302799612283707
1451546794370,2,0.020756999030709267,0.09645900130271912,0.0012209999840706587
1451546794395,2,-0.0012209999840706587,0.09279599785804749,0.05250300094485283
1451546794409,2,-0.07081799954175949,0.04639799892902374,0.15384599566459656
1451546794430,2,-0.1452990025281906,0.008546999655663967,0.2271059900522232
1451546794450,2,-0.13064700365066528,0.040293000638484955,0.23443199694156647
1451546794469,2,0.06837599724531174,0.1843709945678711,0.17948700487613678
1451546794489,2,0.07203900068998337,0.15873000025749207,0.16117200255393982
1451546794510,2,0.03418799862265587,0.08058600127696991,0.15506699681282043
1451546794530,2,0.008546999655663967,0.025640999898314476,0.167276993393898
1451546794550,2,0.03296700119972229,0.01831500045955181,0.17582400143146515
1451546794570,2,0.059829000383615494,0.008546999655663967,0.17582400143146515
1451546794590,2,0.05616600066423416,-0.035408999770879745,0.12332099676132202
1451546794614,2,0.05860799923539162,0.007325999904423952,0.097680002450943
1451546794631,2,0.08058600127696991,0.050060998648405075,0.08424899727106094
1451546794650,2,0.09157499670982361,0.05250300094485283,0.10744799673557281
1451546794673,2,0.0488400012254715,-0.006105000153183937,0.1452990025281906
1451546794691,2,-0.050060998648405075,-0.05372399836778641,0.15873000025749207
1451546794711,2,-0.013430999591946602,0.015873000025749207,0.10622699558734894
1451546794732,2,0.06349200010299683,0.09890099614858627,0.050060998648405075
1451546794752,2,0.12820500135421753,0.1623930037021637,0.008546999655663967
1451546794774,2,0.1245419979095459,0.14285700023174286,0.0012209999840706587
1451546794797,2,-0.020756999030709267,0.008546999655663967,0.02930399961769581
1451546794812,2,-0.03907199949026108,-0.014651999808847904,0.03296700119972229
1451546794833,2,-0.014651999808847904,0.008546999655663967,0.02808300033211708
1451546794853,2,0.017093999311327934,0.020756999030709267,-0.00976799987256527
1451546794874,2,0.015873000025749207,0.03174600005149841,-0.0488400012254715
1451546794892,2,0.007325999904423952,0.03907199949026108,-0.059829000383615494
1451546794917,2,-0.0378509983420372,-0.014651999808847904,-0.040293000638484955
1451546794932,2,-0.03907199949026108,-0.03663000091910362,-0.03174600005149841
1451546794993,2,0.007325999904423952,-0.02442000061273575,-0.05128199979662895
1451546795013,2,0.0647130012512207,-0.0012209999840706587,-0.045176997780799866
1451546795033,2,0.04761900007724762,-0.03663000091910362,-0.01831500045955181
1451546795053,2,0.010989000089466572,-0.09279599785804749,0.01831500045955181
1451546795072,2,-0.03418799862265587,-0.13430999219417572,0.040293000638484955
1451546795093,2,-0.04761900007724762,-0.1562879979610443,0.015873000025749207
1451546795113,2,0.012210000306367874,-0.008546999655663967,-0.08058600127696991
1451546795134,2,0.04273499920964241,0.026861999183893204,-0.10988999903202057
1451546795154,2,0.030524998903274536,0.007325999904423952,-0.0866909995675087
1451546795174,2,-0.015873000025749207,-0.0488400012254715,-0.04761900007724762
1451546795194,2,-0.06715499609708786,-0.13064700365066528,-0.02442000061273575
1451546795215,2,-0.05616600066423416,-0.1843709945678711,-0.03174600005149841
1451546795236,2,0.1294260025024414,-0.06349200010299683,-0.05860799923539162
1451546795254,2,0.17460300028324127,-0.097680002450943,0.04395600035786629
1451546795274,2,0.09645900130271912,-0.23076899349689484,0.20268599689006805
1451546795295,2,-0.04273499920964241,-0.43467599153518677,0.36019498109817505
1451546795316,2,-0.17948700487613678,-0.5177040100097656,0.32234400510787964
1451546795335,2,-0.05860799923539162,-0.04395600035786629,0.008546999655663967
1451546795355,2,0.0866909995675087,0.1843709945678711,-0.1404149979352951
1451546795374,2,0.167276993393898,0.3406589925289154,-0.19902299344539642
1451546795395,1,0.17948700487613678,0.3565320074558258,-0.09523800015449524
1451546795415,1,0.05372399836778641,0.1562879979610443,0.020756999030709267
1451546795436,1,-0.10866899788379669,-0.11721599847078323,0.02808300033211708
1451546795454,1,-0.02319899946451187,-0.04395600035786629,-0.050060998648405075
1451546795482,1,0.07814399898052216,0.09645900130271912,-0.14163599908351898
1451546795497,1,0.15262499451637268,0.23076899349689484,-0.15262499451637268
1451546795517,1,0.13186800479888916,0.1892549991607666,-0.09401699900627136
1451546795536,1,0.04761900007724762,0.021978000178933144,-0.014651999808847904
1451546795556,1,0.01831500045955181,-0.09035399556159973,0.010989000089466572
1451546795575,1,0.07326000183820724,-0.021978000178933144,-0.045176997780799866
1451546795596,1,0.1465200036764145,0.08180700242519379,-0.05128199979662895
1451546795616,1,0.15873000025749207,0.10500600188970566,-0.0378509983420372
1451546795636,1,0.10988999903202057,0.04151399806141853,-0.014651999808847904
1451546795662,1,0.026861999183893204,-0.02930399961769581,0.06593400239944458
1451546795680,1,0.01953599974513054,-0.07692299783229828,0.1135529950261116
1451546795697,1,0.0024419999681413174,-0.11233200132846832,0.10866899788379669
1451546795716,1,0.03907199949026108,0.003662999952211976,0.10866899788379669
1451546795738,1,0.07326000183820724,0.0647130012512207,0.18192899227142334
1451546795757,1,-0.02808300033211708,-0.07203900068998337,0.27960899472236633
1451546795781,1,-0.054944999516010284,-0.07936500012874603,0.32722800970077515
1451546795798,1,-0.10378500074148178,-0.1294260025024414,0.3565320074558258
1451546795818,1,-0.16605599224567413,-0.1623930037021637,0.3247860074043274
1451546795838,1,-0.21977999806404114,-0.16605599224567413,0.2503049969673157
1451546795858,1,-0.2429789900779724,-0.10134299844503403,0.08791200071573257
1451546795879,1,-0.1782660037279129,0.06349200010299683,-0.01953599974513054
1451546795899,1,-0.22466400265693665,-0.03907199949026108,-0.07326000183820724
1451546795926,1,-0.3028079867362976,-0.20390699803829193,-0.08180700242519379
1451546795940,1,-0.08546999841928482,0.27838799357414246,-0.8754569888114929
1451546795958,1,0.9450539946556091,0.6043949723243713,-0.7985339760780334
1451546795980,1,0.6886439919471741,0.025640999898314476,-0.7387049794197083
1451546795999,1,0.3076919913291931,-0.3076919913291931,-0.432233989238739
1451546796019,1,-0.19902299344539642,-0.7240529656410217,-0.03418799862265587
1451546796039,1,-0.6764339804649353,-1.037850022315979,0.293040007352829
1451546796059,1,-0.7399259805679321,-0.9316229820251465,0.40903499722480774
1451546796079,1,-0.334553986787796,-0.24786299467086792,-0.07081799954175949
1451546796098,1,-0.050060998648405075,0.19780199229717255,-0.2002439945936203
1451546796119,1,0.2002439945936203,0.5567759871482849,-0.11477399617433548
1451546796140,1,0.26251500844955444,0.6495720148086548,0.054944999516010284
1451546796159,1,0.1452990025281906,0.5103780031204224,0.19658099114894867
1451546796179,1,-0.0012209999840706587,0.26739898324012756,0.2551890015602112
1451546796200,1,-0.050060998648405075,-0.04273499920964241,0.21245399117469788
1451546796219,1,0.06104999780654907,-0.007325999904423952,0.16971899569034576
1451546796240,1,0.22588500380516052,0.09890099614858627,0.1575089991092682
1451546796259,1,0.3235650062561035,0.16483499109745026,0.1623930037021637
1451546796280,1,0.28937700390815735,0.12332099676132202,0.1404149979352951
1451546796300,1,0.1025639995932579,0.014651999808847904,0.08180700242519379
1451546796321,1,0.020756999030709267,-0.04273499920964241,0.04761900007724762
1451546796340,1,-0.017093999311327934,-0.059829000383615494,0.010989000089466572
1451546796361,1,0.013430999591946602,0.007325999904423952,-0.00976799987256527
1451546796381,1,0.05738699808716774,0.0757019966840744,-0.00976799987256527
1451546796400,1,0.01953599974513054,-0.0012209999840706587,-0.007325999904423952
1451546796422,1,0.007325999904423952,-0.04639799892902374,-0.025640999898314476
1451546796442,1,0.03418799862265587,-0.010989000089466572,-0.03663000091910362
1451546796462,1,0.06837599724531174,0.05128199979662895,-0.05616600066423416
1451546796482,1,0.09523800015449524,0.09645900130271912,-0.07326000183820724
1451546796502,1,0.10744799673557281,0.013430999591946602,-0.045176997780799866
1451546796522,1,0.06959699839353561,-0.02930399961769581,-0.03296700119972229
1451546796541,1,0.054944999516010284,-0.03174600005149841,-0.025640999898314476
1451546796562,1,0.05616600066423416,-0.02319899946451187,-0.03663000091910362
1451546796582,1,0.059829000383615494,0.006105000153183937,-0.059829000383615494
1451546796601,1,0.08424899727106094,0.059829000383615494,-0.08180700242519379
1451546796623,1,0.054944999516010284,0.0488400012254715,-0.06959699839353561
1451546796642,1,-0.003662999952211976,-0.050060998648405075,-0.08180700242519379
1451546796662,1,-0.035408999770879745,-0.10744799673557281,-0.08424899727106094
1451546796682,1,-0.004883999936282635,-0.09279599785804749,-0.09401699900627136
1451546796703,1,0.03907199949026108,-0.0378509983420372,-0.12087900191545486
1451546796724,1,0.07936500012874603,-0.040293000638484955,-0.1782660037279129
1451546796742,1,0.02808300033211708,-0.09890099614858627,-0.1733819991350174
1451546796763,1,-0.03907199949026108,-0.15018299221992493,-0.1733819991350174
1451546796783,1,-0.050060998648405075,-0.14774100482463837,-0.16605599224567413
1451546796805,1,-0.00976799987256527,-0.09157499670982361,-0.16117200255393982
1451546796822,1,0.010989000089466572,-0.05860799923539162,-0.19902299344539642
1451546796843,1,-0.03663000091910362,-0.10866899788379669,-0.20757000148296356
1451546796864,1,-0.04761900007724762,-0.11599499732255936,-0.19780199229717255
1451546796884,1,-0.02319899946451187,-0.09157499670982361,-0.1892549991607666
1451546796903,1,-0.020756999030709267,-0.08180700242519379,-0.2002439945936203
1451546796924,1,-0.04639799892902374,-0.09035399556159973,-0.20757000148296356
1451546796944,1,-0.014651999808847904,-0.14163599908351898,-0.1941390037536621
1451546796963,1,0.02930399961769581,-0.1355309933423996,-0.21001200377941132
1451546796984,1,0.0488400012254715,-0.11843699961900711,-0.20879100263118744
1451546797004,1,0.05250300094485283,-0.12820500135421753,-0.19780199229717255
1451546797028,1,0.04639799892902374,-0.1355309933423996,-0.18314999341964722
1451546797045,1,0.05128199979662895,-0.12576299905776978,-0.19780199229717255
1451546797065,1,0.0647130012512207,-0.09401699900627136,-0.18070799112319946
1451546797086,1,0.0647130012512207,-0.07326000183820724,-0.15018299221992493
1451546797106,1,0.0488400012254715,-0.08180700242519379,-0.13919399678707123
1451546797124,1,0.0488400012254715,-0.09035399556159973,-0.1514039933681488
1451546797146,1,0.10622699558734894,-0.004883999936282635,-0.16117200255393982
1451546797166,1,0.11477399617433548,0.0378509983420372,-0.15018299221992493
1451546797185,1,0.10378500074148178,0.08180700242519379,-0.13064700365066528
1451546797206,1,0.0757019966840744,0.07936500012874603,-0.0647130012512207
1451546797224,1,0.012210000306367874,0.003662999952211976,-0.025640999898314476
1451546797245,1,-0.03418799862265587,-0.05616600066423416,-0.03296700119972229
1451546797265,1,0.08424899727106094,-0.007325999904423952,-0.1025639995932579
1451546797285,1,0.1575089991092682,0.0488400012254715,-0.11233200132846832
1451546797312,1,0.19047600030899048,0.10500600188970566,-0.11599499732255936
1451546797326,1,0.1733819991350174,0.13430999219417572,-0.09645900130271912
1451546797345,1,0.09523800015449524,0.0757019966840744,-0.04639799892902374
1451546797366,1,-0.03907199949026108,-0.09401699900627136,-0.006105000153183937
1451546797386,1,-0.0024419999681413174,-0.040293000638484955,-0.04395600035786629
1451546797409,2,0.08180700242519379,0.05128199979662895,-0.07081799954175949
1451546797427,2,0.13675199449062347,0.09523800015449524,-0.05738699808716774
1451546797446,2,0.11233200132846832,0.059829000383615494,-0.0024419999681413174
1451546797468,2,0.04151399806141853,-0.06715499609708786,0.050060998648405075
1451546797490,2,0.05860799923539162,-0.05860799923539162,0.02442000061273575
1451546797512,2,0.08913300186395645,0.0012209999840706587,-0.007325999904423952
1451546797526,2,0.10866899788379669,0.04273499920964241,-0.03174600005149841
1451546797548,2,0.1135529950261116,0.059829000383615494,-0.008546999655663967
1451546797567,2,0.08546999841928482,0.04395600035786629,0.02442000061273575
1451546797587,2,0.014651999808847904,-0.004883999936282635,0.01953599974513054
1451546797608,2,0.02319899946451187,0.010989000089466572,0.017093999311327934
1451546797627,2,0.0378509983420372,0.03663000091910362,0.007325999904423952
1451546797648,2,0.06227099895477295,0.06104999780654907,-0.00976799987256527
1451546797668,2,0.0757019966840744,0.0647130012512207,-0.00976799987256527
1451546797687,2,0.03418799862265587,0.014651999808847904,0.003662999952211976
1451546797708,2,0.03418799862265587,-0.017093999311327934,-0.013430999591946602
1451546797728,2,0.050060998648405075,-0.008546999655663967,-0.03296700119972229
1451546797749,2,0.06349200010299683,0.02442000061273575,-0.04639799892902374
1451546797775,2,0.06104999780654907,0.054944999516010284,-0.05616600066423416
1451546797791,2,0.09401699900627136,0.0866909995675087,-0.07326000183820724
1451546797808,2,0.1135529950261116,0.06837599724531174,-0.09890099614858627
1451546797829,2,0.1245419979095459,0.04639799892902374,-0.13675199449062347
1451546797849,2,0.1465200036764145,0.06104999780654907,-0.17093999683856964
1451546797869,2,0.17216099798679352,0.1025639995932579,-0.21367499232292175
1451546797890,2,0.19902299344539642,0.1733819991350174,-0.2698409855365753
1451546797908,2,0.3199020028114319,0.3833940029144287,-0.4603169858455658
1451546797930,2,0.4615379869937897,0.08546999841928482,2.3308889865875244
1451546797950,2,0.2771669924259186,-1.1953589916229248,1.63736093044281
1451546797970,2,0.2808299958705902,-1.090353012084961,1.0683749914169312
1451546797989,2,0.2967030107975006,-0.6727709770202637,0.5189250111579895
1451546798009,2,-0.020756999030709267,0.3516480028629303,-0.4883999824523926
1451546798031,2,-0.04639799892902374,0.844931960105896,-0.6007319688796997
1451546798050,2,-0.01831500045955181,0.9706949591636658,-0.4432229995727539
1451546798072,2,0.026861999183893204,0.6886439919471741,-0.21367499232292175
1451546798090,2,0.050060998648405075,0.2600730061531067,-0.0012209999840706587
1451546798110,2,0.017093999311327934,-0.432233989238739,0.07326000183820724
1451546798131,2,0.04761900007724762,-0.390720009803772,0.05860799923539162
1451546798150,2,0.10500600188970566,-0.16361400485038757,0.014651999808847904
1451546798173,2,0.14285700023174286,0.06349200010299683,-0.02808300033211708
1451546798191,2,0.11477399617433548,0.167276993393898,-0.01953599974513054
1451546798211,2,0.030524998903274536,0.15506699681282043,0.03907199949026108
1451546798230,2,-0.08302799612283707,0.035408999770879745,0.10866899788379669
1451546798259,2,-0.02808300033211708,0.04395600035786629,0.11599499732255936
1451546798278,2,0.04639799892902374,0.0757019966840744,0.09890099614858627
1451546798291,2,0.08546999841928482,0.0866909995675087,0.09035399556159973
1451546798352,2,0.02930399961769581,0.03907199949026108,0.16483499109745026
1451546798371,2,0.020756999030709267,0.0488400012254715,0.15262499451637268
1451546798391,2,0.01831500045955181,0.045176997780799866,0.1355309933423996
1451546798412,2,0.006105000153183937,0.04639799892902374,0.12576299905776978
1451546798475,2,0.02930399961769581,0.035408999770879745,0.1941390037536621
1451546798495,2,0.003662999952211976,0.03418799862265587,0.20634900033473969
1451546798515,2,-0.03296700119972229,0.03174600005149841,0.21367499232292175
1451546798535,2,-0.04395600035786629,0.0488400012254715,0.22466400265693665
1451546798556,2,0.00976799987256527,0.08424899727106094,0.2161169946193695
1451546798575,2,0.05250300094485283,0.1294260025024414,0.18070799112319946
1451546798595,2,0.08791200071573257,0.17216099798679352,0.1465200036764145
1451546798615,2,0.09401699900627136,0.16971899569034576,0.14896199107170105
1451546798635,2,0.05250300094485283,0.11721599847078323,0.16361400485038757
1451546798657,2,0.0012209999840706587,0.06715499609708786,0.1684979945421219
1451546798676,2,0.0378509983420372,0.09279599785804749,0.13919399678707123
1451546798695,2,0.05738699808716774,0.097680002450943,0.11843699961900711
1451546798716,2,0.054944999516010284,0.04761900007724762,0.12698400020599365
1451546798737,2,0.03174600005149841,-0.01831500045955181,0.14285700023174286
1451546798757,2,0.040293000638484955,0.0,0.09035399556159973
1451546798777,2,0.054944999516010284,0.0488400012254715,0.059829000383615494
1451546798797,2,0.054944999516010284,0.07692299783229828,0.03663000091910362
1451546798818,2,0.0378509983420372,0.0488400012254715,0.035408999770879745
1451546798837,2,0.00976799987256527,-0.008546999655663967,0.04273499920964241
1451546798857,2,0.0012209999840706587,-0.0378509983420372,0.020756999030709267
1451546798880,2,0.040293000638484955,-0.007325999904423952,-0.020756999030709267
1451546798900,2,0.0488400012254715,0.007325999904423952,-0.030524998903274536
1451546798921,2,0.0488400012254715,0.006105000153183937,-0.01953599974513054
1451546798940,2,0.04639799892902374,0.01953599974513054,-0.00976799987256527
1451546798959,2,0.05128199979662895,0.04151399806141853,-0.0012209999840706587
1451546798980,2,0.03296700119972229,0.013430999591946602,0.003662999952211976
1451546799001,2,0.026861999183893204,-0.006105000153183937,0.0012209999840706587
1451546799019,2,0.02808300033211708,-0.006105000153183937,-0.0024419999681413174
1451546799041,2,0.04273499920964241,0.017093999311327934,-0.01831500045955181
1451546799060,2,0.050060998648405075,0.04151399806141853,-0.0378509983420372
1451546799081,2,0.05738699808716774,0.0488400012254715,-0.04151399806141853
1451546799101,2,0.05738699808716774,0.0378509983420372,-0.026861999183893204
1451546799122,2,0.040293000638484955,0.00976799987256527,-0.008546999655663967
1451546799140,2,0.03174600005149841,0.015873000025749207,0.004883999936282635
1451546799161,2,0.04151399806141853,0.03907199949026108,0.017093999311327934
1451546799181,2,0.0488400012254715,0.050060998648405075,0.004883999936282635
1451546799201,2,0.04151399806141853,0.014651999808847904,0.0012209999840706587
1451546799226,2,0.03296700119972229,-0.004883999936282635,0.0024419999681413174
1451546799241,2,0.02442000061273575,-0.020756999030709267,-0.004883999936282635
1451546799267,2,0.030524998903274536,-0.017093999311327934,-0.012210000306367874
1451546799281,2,0.03907199949026108,0.003662999952211976,-0.02930399961769581
1451546799302,2,0.025640999898314476,0.0,-0.0757019966840744
1451546799322,2,-0.00976799987256527,-0.030524998903274536,-0.10744799673557281
1451546799341,2,-0.0378509983420372,-0.04273499920964241,-0.13064700365066528
1451546799363,2,-0.04761900007724762,-0.04151399806141853,-0.1562879979610443
1451546799384,2,-0.03174600005149841,0.008546999655663967,-0.19047600030899048
1451546799403,2,0.06593400239944458,0.12698400020599365,-0.12332099676132202
1451546799427,1,0.054944999516010284,0.03907199949026108,-0.06715499609708786
1451546799442,1,0.0024419999681413174,-0.06593400239944458,-0.05250300094485283
1451546799463,1,-0.00976799987256527,-0.06837599724531174,-0.06349200010299683
1451546799483,1,0.026861999183893204,-0.010989000089466572,-0.06104999780654907
1451546799503,1,0.045176997780799866,0.030524998903274536,-0.017093999311327934
1451546799522,1,0.059829000383615494,0.015873000025749207,0.03296700119972229
1451546799543,1,0.04639799892902374,-0.026861999183893204,0.0647130012512207
1451546799563,1,0.025640999898314476,-0.054944999516010284,0.08058600127696991
1451546799584,1,0.02930399961769581,-0.03174600005149841,0.06349200010299683
1451546799604,1,0.05250300094485283,0.030524998903274536,0.050060998648405075
1451546799624,1,0.040293000638484955,0.07081799954175949,0.0488400012254715
1451546799643,1,0.026861999183893204,0.035408999770879745,0.06227099895477295
1451546799664,1,0.021978000178933144,-0.025640999898314476,0.07326000183820724
1451546799683,1,0.03296700119972229,-0.06715499609708786,0.0488400012254715
1451546799705,1,0.06104999780654907,-0.0488400012254715,0.040293000638484955
1451546799724,1,0.13430999219417572,0.004883999936282635,0.16605599224567413
1451546799744,1,0.05250300094485283,-0.10622699558734894,0.28327199816703796
1451546799765,1,-0.08302799612283707,-0.2661779820919037,0.3247860074043274
1451546799784,1,-0.1294260025024414,-0.2503049969673157,0.2967030107975006
1451546799805,1,-0.10012199729681015,-0.11965800076723099,0.26861998438835144
1451546799824,1,-0.12332099676132202,-0.00976799987256527,0.2820509970188141
1451546799845,1,-0.3199020028114319,0.012210000306367874,0.3626369833946228
1451546799866,1,-0.39804598689079285,0.003662999952211976,0.3956039845943451
1451546799886,1,-0.4652009904384613,-0.06227099895477295,0.3369959890842438
1451546799905,1,-0.38217300176620483,-0.059829000383615494,0.24664199352264404
1451546799925,1,-0.167276993393898,-0.4615379869937897,0.09523800015449524
1451546799950,1,0.4810740053653717,-0.781440019607544,-2.105004072189331
1451546799966,1,1.1379719972610474,-0.44200199842453003,-2.721608877182007
1451546799986,1,0.978020966053009,-0.6605609655380249,-2.4749670028686523
1451546800007,1,0.5750910043716431,-0.8485949635505676,-1.3772879838943481
1451546800025,1,-0.12209999561309814,-1.2405359745025635,0.09157499670982361
1451546800051,1,-0.5641019940376282,-0.7325999736785889,1.0671539306640625
1451546800067,1,-0.4542119801044464,-0.3748469948768616,0.5335769653320313
1451546800086,1,-0.32234400510787964,0.021978000178933144,-0.19291800260543823
1451546800108,1,-0.07081799954175949,0.504272997379303,-0.6434670090675354
1451546800126,1,0.2747249901294708,0.9401699900627136,-0.5567759871482849
1451546800147,1,0.33943799138069153,1.0512809753417969,0.20757000148296356
1451546800167,1,0.030524998903274536,0.6703289747238159,0.47252699732780457
1451546800187,1,-0.25763100385665894,0.22954799234867096,0.5811960101127625
1451546800207,1,-0.34432199597358704,-0.05616600066423416,0.536018967628479
1451546800227,1,-0.16361400485038757,-0.014651999808847904,0.4212450087070465
1451546800253,1,0.13308899104595184,0.2698409855365753,0.35531100630760193
1451546800267,1,0.36019498109817505,0.689864993095398,0.31013399362564087
1451546800286,1,0.19780199229717255,0.6056159734725952,0.2637360095977783
1451546800313,1,-0.02319899946451187,0.4017089903354645,0.18192899227142334
1451546800327,1,-0.19169700145721436,0.1562879979610443,0.1245419979095459
1451546800348,1,-0.17460300028324127,-0.04761900007724762,0.11111100018024445
1451546800369,1,0.2271059900522232,0.2747249901294708,-0.0012209999840706587
1451546800390,1,0.27350398898124695,0.42612898349761963,0.02808300033211708
1451546800407,1,0.16117200255393982,0.3369959890842438,-0.008546999655663967
1451546800433,1,0.05860799923539162,0.195360004901886,0.00976799987256527
1451546800449,1,-0.006105000153183937,0.021978000178933144,0.01953599974513054
1451546800469,1,-0.035408999770879745,-0.0488400012254715,0.1404149979352951
1451546800489,1,-0.05372399836778641,0.12087900191545486,0.18192899227142334
1451546800508,1,-0.097680002450943,0.39682498574256897,0.06715499609708786
1451546800529,1,0.0378509983420372,0.3785099983215332,0.06104999780654907
1451546800549,1,0.1452990025281906,0.40659299492836,0.05250300094485283
1451546800569,1,0.0488400012254715,0.19902299344539642,0.04151399806141853
1451546800590,1,-0.13308899104595184,-0.34432199597358704,0.1575089991092682
1451546800608,1,-0.1294260025024414,-0.3614159822463989,0.2380950003862381
1451546800629,1,-0.03296700119972229,-0.17582400143146515,0.23565299808979034
1451546800650,1,0.08913300186395645,0.0757019966840744,0.13186800479888916
1451546800676,1,0.19047600030899048,0.29548200964927673,-0.014651999808847904
1451546800692,1,0.12576299905776978,0.20390699803829193,-0.03418799862265587
1451546800709,1,0.030524998903274536,-0.10378500074148178,0.0647130012512207
1451546800730,1,-0.01953599974513054,-0.39194098114967346,0.14163599908351898
1451546800750,1,-0.0024419999681413174,-0.4236869812011719,0.16483499109745026
1451546800770,1,0.12698400020599365,-0.3296699821949005,0.12209999561309814
1451546800791,1,0.1684979945421219,0.11599499732255936,-0.026861999183893204
1451546800815,1,0.15018299221992493,0.3125759959220886,0.035408999770879745
1451546800830,1,0.08058600127696991,0.334553986787796,0.1575089991092682
1451546800850,1,0.015873000025749207,0.3736259937286377,0.22588500380516052
1451546800870,1,0.017093999311327934,0.49450498819351196,0.22466400265693665
1451546800890,1,0.09035399556159973,0.7020750045776367,0.18192899227142334
1451546800914,1,0.16483499109745026,0.8778989911079407,0.06959699839353561
1451546800930,1,0.12576299905776978,0.8583629727363586,-0.02808300033211708
1451546800959,1,0.050060998648405075,0.7350419759750366,-0.26861998438835144
1451546800971,1,0.05738699808716774,0.3882780075073242,-0.1941390037536621
1451546800990,1,0.021978000178933144,0.16361400485038757,-0.05860799923539162
1451546801011,1,-0.1245419979095459,-0.10988999903202057,0.08791200071573257
1451546801032,1,-0.09523800015449524,-0.14896199107170105,0.03418799862265587
1451546801053,1,0.0012209999840706587,-0.09279599785804749,-0.05128199979662895
1451546801074,1,0.10012199729681015,-0.05616600066423416,-0.14896199107170105
1451546801092,1,0.1465200036764145,-0.06837599724531174,-0.1733819991350174
1451546801112,1,-0.026861999183893204,-0.23565299808979034,-0.0866909995675087
1451546801132,1,-0.07448099553585052,-0.24542099237442017,-0.10012199729681015
1451546801153,1,0.00976799987256527,-0.24542099237442017,-0.07814399898052216
1451546801174,1,0.06593400239944458,-0.17948700487613678,-0.05128199979662895
1451546801196,1,0.07081799954175949,-0.10622699558734894,-0.0647130012512207
1451546801217,1,0.05616600066423416,-0.04395600035786629,-0.04639799892902374
1451546801232,1,0.07936500012874603,0.0378509983420372,0.015873000025749207
1451546801253,1,0.08913300186395645,-0.030524998903274536,-0.0024419999681413174
1451546801274,1,0.0757019966840744,-0.14163599908351898,-0.04639799892902374
1451546801293,1,0.035408999770879745,-0.22588500380516052,-0.02442000061273575
1451546801313,1,0.01831500045955181,-0.24664199352264404,0.0378509983420372
1451546801333,1,0.05128199979662895,-0.13186800479888916,0.04639799892902374
1451546801353,1,0.07692299783229828,-0.0757019966840744,0.0024419999681413174
1451546801377,1,0.09645900130271912,-0.04761900007724762,-0.04761900007724762
1451546801393,1,0.08913300186395645,-0.0378509983420372,-0.06715499609708786
1451546801413,1,0.06227099895477295,-0.014651999808847904,-0.0378509983420372
1451546801434,1,0.05372399836778641,0.07692299783229828,0.010989000089466572
1451546801453,2,0.059829000383615494,0.07448099553585052,-0.01831500045955181
1451546801475,2,0.06104999780654907,0.03418799862265587,-0.03663000091910362
1451546801497,2,0.05128199979662895,-0.013430999591946602,-0.020756999030709267
1451546801515,2,0.04151399806141853,-0.025640999898314476,0.0012209999840706587
1451546801536,2,0.03296700119972229,-0.0012209999840706587,-0.003662999952211976
1451546801555,2,0.097680002450943,0.07448099553585052,-0.06227099895477295
1451546801578,2,0.09523800015449524,0.06959699839353561,-0.06349200010299683
1451546801595,2,0.059829000383615494,0.035408999770879745,-0.03296700119972229
1451546801615,2,0.015873000025749207,0.025640999898314476,-0.006105000153183937
1451546801634,2,0.004883999936282635,0.059829000383615494,-0.008546999655663967
1451546801657,2,0.06837599724531174,0.1623930037021637,-0.021978000178933144
1451546801674,2,0.09401699900627136,0.15873000025749207,-0.020756999030709267
1451546801694,2,0.07081799954175949,0.07936500012874603,-0.00976799987256527
1451546801715,2,0.035408999770879745,-0.03296700119972229,0.004883999936282635
1451546801735,2,0.025640999898314476,-0.10622699558734894,0.007325999904423952
1451546801756,2,0.07814399898052216,-0.030524998903274536,-0.006105000153183937
1451546801775,2,0.09890099614858627,0.03663000091910362,-0.0024419999681413174
1451546801796,2,0.08913300186395645,0.05738699808716774,-0.010989000089466572
1451546801816,2,0.07081799954175949,0.0757019966840744,-0.015873000025749207
1451546801836,2,0.05372399836778641,0.08913300186395645,-0.015873000025749207
1451546801863,2,0.06227099895477295,0.1355309933423996,-0.040293000638484955
1451546801876,2,0.10866899788379669,0.17948700487613678,-0.10134299844503403
1451546801895,2,0.13797299563884735,0.1355309933423996,-0.15018299221992493
1451546801917,2,0.17948700487613678,0.08058600127696991,-0.20390699803829193
1451546801936,2,0.08546999841928482,-0.5885220170021057,-0.5531129837036133
1451546801958,2,-0.02808300033211708,-0.9633690118789673,-0.4273499846458435
1451546801978,2,-0.22100099921226501,-1.3113540410995483,-0.2429789900779724
1451546801997,2,-0.26861998438835144,-1.3492050170898438,0.10012199729681015
1451546802017,2,-0.3565320074558258,-0.8632469773292542,0.5799750089645386
1451546802039,2,-0.28937700390815735,-0.17216099798679352,0.8864459991455078
1451546802058,2,-0.015873000025749207,1.0537229776382446,0.8498159646987915
1451546802081,2,0.5494499802589417,1.4151389598846436,-0.0378509983420372
1451546802097,2,0.47252699732780457,0.6434670090675354,-0.3772889971733093
1451546802118,2,0.2857140004634857,-0.24664199352264404,-0.3846150040626526
1451546802138,2,0.012210000306367874,-0.7240529656410217,-0.19291800260543823
1451546802159,2,-0.18070799112319946,-0.70940101146698,0.012210000306367874
1451546802177,2,-0.17460300028324127,-0.3418799936771393,0.09645900130271912
1451546802197,2,0.06104999780654907,0.5433449745178223,0.017093999311327934
1451546802219,2,0.1245419979095459,0.6800969839096069,-0.00976799987256527
1451546802238,2,0.059829000383615494,0.5262510180473328,0.04395600035786629
1451546802261,2,-0.08180700242519379,0.24664199352264404,0.14163599908351898
1451546802279,2,-0.15506699681282043,0.054944999516010284,0.211232990026474
1451546802303,2,-0.12820500135421753,0.3736259937286377,0.23687399923801422
1451546802319,2,0.02319899946451187,0.4615379869937897,0.13308899104595184
1451546802340,2,0.06227099895477295,0.48473697900772095,0.13064700365066528
1451546802358,2,0.03418799862265587,0.3467639982700348,0.18559199571609497
1451546802380,2,-0.03174600005149841,0.13064700365066528,0.3076919913291931
1451546802400,2,-0.0647130012512207,-0.2503049969673157,0.38217300176620483
1451546802420,2,-0.050060998648405075,-0.2747249901294708,0.2967030107975006
1451546802439,2,-0.04761900007724762,-0.19169700145721436,0.15995100140571594
1451546802469,2,-0.04395600035786629,-0.097680002450943,0.07203900068998337
1451546802480,2,-0.02808300033211708,0.0012209999840706587,0.030524998903274536
1451546802501,2,-0.020756999030709267,0.06227099895477295,0.0647130012512207
1451546802521,2,-0.10866899788379669,0.18192899227142334,0.1623930037021637
1451546802542,2,-0.06593400239944458,0.014651999808847904,0.12209999561309814
1451546802564,2,0.01831500045955181,-0.040293000638484955,0.04273499920964241
1451546802580,2,0.09523800015449524,-0.02442000061273575,-0.04639799892902374
1451546802599,2,0.1514039933681488,-0.07081799954175949,-0.09035399556159973
1451546802621,2,-0.0012209999840706587,-0.097680002450943,-0.020756999030709267
1451546802641,2,-0.08058600127696991,-0.15506699681282043,0.04639799892902374
1451546802660,2,-0.1135529950261116,-0.2429789900779724,0.097680002450943
1451546802680,2,-0.12576299905776978,-0.2905980050563812,0.09523800015449524
1451546802701,2,-0.1135529950261116,-0.3137969970703125,0.07081799954175949
1451546802720,2,-0.10378500074148178,-0.17093999683856964,0.06593400239944458
1451546802742,2,0.12332099676132202,0.12209999561309814,0.0488400012254715
1451546802761,2,0.2637360095977783,0.2649570107460022,0.08058600127696991
1451546802782,2,0.21001200377941132,0.24175800383090973,0.02442000061273575
1451546802802,2,0.09035399556159973,0.13308899104595184,0.026861999183893204
1451546802821,2,0.006105000153183937,0.026861999183893204,0.05372399836778641
1451546802842,2,0.0,0.06227099895477295,0.06104999780654907
1451546802861,2,0.008546999655663967,0.07814399898052216,0.05616600066423416
1451546802883,2,-0.003662999952211976,-0.014651999808847904,0.11477399617433548
1451546802901,2,-0.07203900068998337,-0.1514039933681488,0.08302799612283707
1451546802929,2,-0.1404149979352951,-0.23687399923801422,0.03418799862265587
1451546802942,2,-0.12332099676132202,-0.08913300186395645,0.014651999808847904
1451546802962,2,-0.06349200010299683,0.00976799987256527,0.02442000061273575
1451546802982,2,0.0012209999840706587,0.10012199729681015,-0.045176997780799866
1451546803003,2,0.05860799923539162,0.1782660037279129,-0.1245419979095459
1451546803024,2,0.07326000183820724,0.20634900033473969,-0.1465200036764145
1451546803043,2,0.02930399961769581,0.026861999183893204,-0.1245419979095459
1451546803062,2,0.06104999780654907,-0.0488400012254715,-0.1404149979352951
1451546803083,2,0.07692299783229828,-0.06959699839353561,-0.11233200132846832
1451546803103,2,0.09279599785804749,-0.0378509983420372,-0.07814399898052216
1451546803124,2,0.10622699558734894,0.020756999030709267,-0.0378509983420372
1451546803143,2,0.07448099553585052,0.1025639995932579,0.0
1451546803164,2,0.03907199949026108,0.08180700242519379,-0.003662999952211976
1451546803183,2,0.04639799892902374,0.06104999780654907,-0.003662999952211976
1451546803206,2,0.07203900068998337,0.05250300094485283,0.00976799987256527
1451546803230,2,0.10012199729681015,0.026861999183893204,0.0024419999681413174
1451546803247,2,0.11965800076723099,-0.006105000153183937,-0.014651999808847904
1451546803264,2,0.10134299844503403,0.007325999904423952,0.015873000025749207
1451546803285,2,0.06959699839353561,0.013430999591946602,0.006105000153183937
1451546803307,2,0.05860799923539162,0.015873000025749207,-0.00976799987256527
1451546803324,2,0.07692299783229828,0.013430999591946602,-0.025640999898314476
1451546803344,2,0.10134299844503403,-0.012210000306367874,-0.03418799862265587
1451546803365,2,0.0378509983420372,-0.026861999183893204,0.006105000153183937
1451546803386,2,-0.013430999591946602,-0.014651999808847904,0.02442000061273575
1451546803405,2,-0.02808300033211708,-0.021978000178933144,0.012210000306367874
1451546803424,2,-0.014651999808847904,-0.03663000091910362,-0.012210000306367874
1451546803449,2,0.030524998903274536,-0.03663000091910362,-0.02319899946451187
