1451578429899,1,0.308912992477417,-0.637362003326416,-0.0866909995675087
1451578429918,1,-0.006105000153183937,-0.5128200054168701,0.16971899569034576
1451578429947,1,-0.1404149979352951,-0.34310099482536316,0.2649570107460022
1451578429959,1,-0.30647099018096924,-0.2380950003862381,0.27350398898124695
1451578429980,1,-0.3528690040111542,-0.1355309933423996,0.24786299467086792
1451578430000,1,-0.22344300150871277,-0.17216099798679352,0.2661779820919037
1451578430020,1,-0.08791200071573257,-0.23931600153446198,0.2527469992637634
1451578430046,1,0.05128199979662895,0.11477399617433548,0.1843709945678711
1451578430059,1,0.1135529950261116,0.3833940029144287,0.10500600188970566
1451578430079,1,0.16361400485038757,0.5567759871482849,0.045176997780799866
1451578430100,1,0.15262499451637268,0.5738700032234192,0.03663000091910362
1451578430120,1,0.11599499732255936,0.41269800066947937,0.04395600035786629
1451578430140,1,-0.012210000306367874,-0.15262499451637268,0.25641000270843506
1451578430160,1,-0.16117200255393982,-0.4615379869937897,0.3565320074558258
1451578430185,1,-0.27838799357414246,-0.586080014705658,0.3528690040111542
1451578430201,1,-0.30036598443984985,-0.5177040100097656,0.30036598443984985
1451578430220,1,-0.2600730061531067,-0.33211198449134827,0.2490839958190918
1451578430241,1,0.14774100482463837,0.20268599689006805,0.026861999183893204
1451578430261,1,0.5274720191955566,0.040293000638484955,-0.14285700023174286
1451578430281,1,0.6092789769172668,-0.432233989238739,-0.44566500186920166
1451578430300,1,1.2002429962158203,0.5494499802589417,-1.7557979822158813
1451578430322,1,2.094014883041382,1.04761803150177,-1.7692289352416992
1451578430341,1,1.4322329759597778,0.04639799892902374,-1.4041500091552734
1451578430362,1,-0.8791199922561646,-1.612941026687622,0.7118430137634277
1451578430386,1,-1.216115951538086,-1.5164819955825806,1.09157395362854
1451578430401,1,-1.1599500179290771,-1.2075690031051636,0.689864993095398
1451578430422,1,-0.8693519830703735,-0.4639799892902374,-0.015873000025749207
1451578430448,1,-0.34798499941825867,0.35409000515937805,-0.4859579801559448
1451578430467,1,0.31013399362564087,1.100121021270752,-0.35409000515937805
1451578430482,1,0.18314999341964722,0.9328439831733704,-0.07448099553585052
1451578430510,1,-0.08302799612283707,0.5030519962310791,0.11599499732255936
1451578430523,1,-0.32112300395965576,0.02808300033211708,0.24542099237442017
1451578430543,1,-0.43589699268341064,-0.2979239821434021,0.308912992477417
1451578430562,1,-0.25641000270843506,-0.17704500257968903,0.24175800383090973
1451578430582,1,-0.06837599724531174,0.04151399806141853,0.211232990026474
1451578430603,1,0.050060998648405075,0.20146499574184418,0.1245419979095459
1451578430623,1,0.0866909995675087,0.3076919913291931,0.03296700119972229
1451578430644,1,0.06959699839353561,0.3406589925289154,0.0
1451578430663,1,0.025640999898314476,0.29548200964927673,0.010989000089466572
1451578430683,1,-0.04273499920964241,0.211232990026474,0.06837599724531174
1451578430703,1,-0.02930399961769581,0.22344300150871277,0.05738699808716774
1451578430724,1,0.02808300033211708,0.25152599811553955,0.021978000178933144
1451578430744,1,0.07936500012874603,0.2808299958705902,-0.006105000153183937
1451578430764,1,0.10378500074148178,0.28327199816703796,-0.013430999591946602
1451578430785,1,0.030524998903274536,0.23687399923801422,0.03663000091910362
1451578430804,1,-0.014651999808847904,0.22832699120044708,0.07203900068998337
1451578430824,1,-0.03174600005149841,0.25152599811553955,0.07936500012874603
1451578430850,1,-0.010989000089466572,0.3247860074043274,0.06227099895477295
1451578430865,1,0.007325999904423952,0.4334549903869629,0.03907199949026108
1451578430885,1,-0.08058600127696991,0.689864993095398,0.04151399806141853
1451578430905,1,-0.14774100482463837,0.7631250023841858,0.054944999516010284
1451578430925,1,-0.18681299686431885,0.7264949679374695,0.09401699900627136
1451578430950,1,-0.21001200377941132,0.5873010158538818,0.1135529950261116
1451578430970,1,-0.21855899691581726,0.3724049925804138,0.12087900191545486
1451578430985,1,-0.20757000148296356,0.17216099798679352,0.10866899788379669
1451578431013,1,-0.15262499451637268,-0.008546999655663967,0.05372399836778641
1451578431025,1,-0.0866909995675087,-0.03907199949026108,-0.01953599974513054
1451578431051,1,-0.02930399961769581,-0.06959699839353561,-0.0866909995675087
1451578431066,1,-0.02930399961769581,-0.13430999219417572,-0.1025639995932579
1451578431086,1,-0.040293000638484955,-0.19291800260543823,-0.08791200071573257
1451578431106,1,-0.007325999904423952,-0.22466400265693665,-0.06959699839353561
1451578431126,1,0.007325999904423952,-0.19047600030899048,-0.07448099553585052
1451578431152,1,0.012210000306367874,-0.12698400020599365,-0.06349200010299683
1451578431166,1,0.006105000153183937,-0.07326000183820724,-0.06104999780654907
1451578431187,1,0.013430999591946602,-0.030524998903274536,-0.0488400012254715
1451578431208,1,-0.004883999936282635,-0.0024419999681413174,0.020756999030709267
1451578431227,1,-0.026861999183893204,0.0024419999681413174,0.04395600035786629
1451578431252,1,-0.025640999898314476,0.02930399961769581,0.04151399806141853
1451578431267,1,-0.013430999591946602,0.050060998648405075,0.01953599974513054
1451578431287,1,0.0,0.07448099553585052,-0.0012209999840706587
1451578431313,1,-0.013430999591946602,0.06227099895477295,0.035408999770879745
1451578431327,1,-0.06227099895477295,0.054944999516010284,0.04761900007724762
1451578431347,1,-0.050060998648405075,0.04151399806141853,0.04395600035786629
1451578431368,1,-0.013430999591946602,0.03663000091910362,0.030524998903274536
1451578431388,1,0.020756999030709267,0.05250300094485283,0.020756999030709267
1451578431408,1,0.030524998903274536,0.06349200010299683,0.01831500045955181
1451578431433,1,0.0012209999840706587,0.06593400239944458,0.05372399836778641
1451578431448,1,-0.00976799987256527,0.07203900068998337,0.06593400239944458
1451578431468,1,0.0012209999840706587,0.06959699839353561,0.06837599724531174
1451578431489,1,0.02442000061273575,0.07814399898052216,0.0647130012512207
1451578431508,1,0.0488400012254715,0.08424899727106094,0.04273499920964241
1451578431529,1,0.05616600066423416,0.097680002450943,0.03174600005149841
1451578431549,1,0.030524998903274536,0.0647130012512207,0.04761900007724762
1451578431569,1,0.02442000061273575,0.04761900007724762,0.050060998648405075
1451578431588,1,0.04273499920964241,0.03907199949026108,0.04151399806141853
1451578431609,1,0.05372399836778641,0.04639799892902374,0.021978000178933144
1451578431630,1,0.04151399806141853,0.05860799923539162,-0.02319899946451187
1451578431649,1,0.03907199949026108,0.07326000183820724,-0.03418799862265587
1451578431670,1,0.050060998648405075,0.0757019966840744,-0.02808300033211708
1451578431690,1,0.0488400012254715,0.05738699808716774,-0.015873000025749207
1451578431709,1,0.035408999770879745,0.021978000178933144,-0.012210000306367874
1451578431730,1,0.008546999655663967,-0.014651999808847904,-0.003662999952211976
1451578431751,1,0.0012209999840706587,-0.02319899946451187,-0.025640999898314476
1451578431770,2,0.026861999183893204,0.0012209999840706587,-0.03418799862265587
1451578431793,2,0.045176997780799866,0.021978000178933144,-0.03296700119972229
1451578431812,2,0.03907199949026108,0.020756999030709267,-0.01953599974513054
1451578431831,2,0.02442000061273575,0.014651999808847904,-0.014651999808847904
1451578431851,2,0.01831500045955181,-0.003662999952211976,-0.007325999904423952
1451578431877,2,0.02442000061273575,0.01831500045955181,-0.014651999808847904
1451578431892,2,0.03296700119972229,0.03174600005149841,-0.026861999183893204
1451578431911,2,0.03907199949026108,0.04639799892902374,-0.026861999183893204
1451578431936,2,0.03174600005149841,0.0488400012254715,-0.01953599974513054
1451578431951,2,0.02808300033211708,0.01831500045955181,0.013430999591946602
1451578431971,2,0.026861999183893204,0.01953599974513054,0.012210000306367874
1451578431991,2,0.03174600005149841,0.045176997780799866,0.0024419999681413174
1451578432011,2,0.03296700119972229,0.06349200010299683,-0.013430999591946602
1451578432032,2,0.035408999770879745,0.0757019966840744,-0.0012209999840706587
1451578432052,2,0.050060998648405075,0.07936500012874603,0.012210000306367874
1451578432072,2,0.06349200010299683,0.04395600035786629,0.017093999311327934
1451578432093,2,0.02930399961769581,-0.0012209999840706587,0.02808300033211708
1451578432113,2,-0.003662999952211976,-0.030524998903274536,0.026861999183893204
1451578432133,2,0.01831500045955181,-0.030524998903274536,0.007325999904423952
1451578432153,2,0.05250300094485283,-0.007325999904423952,-0.015873000025749207
1451578432172,2,0.05128199979662895,0.00976799987256527,-0.02319899946451187
1451578432192,2,0.02442000061273575,-0.008546999655663967,-0.03296700119972229
1451578432213,2,0.006105000153183937,-0.035408999770879745,-0.040293000638484955
1451578432232,2,-0.004883999936282635,-0.07203900068998337,-0.059829000383615494
1451578432253,2,-0.3150179982185364,-0.7203899621963501,-4.233206748962402
1451578432281,2,0.2820509970188141,-0.8717939853668213,-0.26251500844955444
1451578432293,2,0.14285700023174286,-0.15384599566459656,0.4481070041656494
1451578432314,2,0.05738699808716774,-0.16483499109745026,1.1611709594726563
1451578432334,2,-0.390720009803772,-0.10134299844503403,1.5140399932861328
1451578432360,2,-0.7631250023841858,-0.34798499941825867,0.9511590003967285
1451578432375,2,-0.5311350226402283,-0.3626369833946228,0.08791200071573257
1451578432399,2,0.6141629815101624,0.33943799138069153,-0.19169700145721436
1451578432414,2,0.5726490020751953,0.4969469904899597,-0.0024419999681413174
1451578432434,2,0.20634900033473969,0.2527469992637634,0.1245419979095459
1451578432454,2,-0.10622699558734894,-0.07814399898052216,0.1733819991350174
1451578432482,2,-0.15018299221992493,-0.25641000270843506,0.14407800137996674
1451578432494,2,0.07203900068998337,-0.06593400239944458,-0.017093999311327934
1451578432515,2,0.09401699900627136,0.02319899946451187,-0.05372399836778641
1451578432534,2,0.02442000061273575,0.0378509983420372,-0.035408999770879745
1451578432555,2,-0.0647130012512207,-0.0024419999681413174,-0.01831500045955181
1451578432575,2,-0.09157499670982361,-0.0378509983420372,-0.017093999311327934
1451578432595,2,-0.02930399961769581,-0.07081799954175949,-0.020756999030709267
1451578432616,2,-0.010989000089466572,-0.04151399806141853,-0.030524998903274536
1451578432636,2,0.0012209999840706587,-0.0012209999840706587,-0.025640999898314476
1451578432656,2,0.0024419999681413174,0.03663000091910362,-0.014651999808847904
1451578432681,2,-0.013430999591946602,0.0488400012254715,0.0
1451578432696,2,-0.02808300033211708,0.03663000091910362,0.03296700119972229
1451578432716,2,-0.012210000306367874,-0.0012209999840706587,0.03296700119972229
1451578432736,2,0.025640999898314476,0.021978000178933144,0.013430999591946602
1451578432764,2,0.040293000638484955,0.045176997780799866,-0.00976799987256527
1451578432776,2,0.040293000638484955,0.06227099895477295,-0.02319899946451187
1451578432797,2,0.01953599974513054,0.0647130012512207,-0.02442000061273575
1451578432817,2,0.013430999591946602,0.02442000061273575,-0.00976799987256527
1451578432837,2,0.03296700119972229,0.014651999808847904,-0.013430999591946602
1451578432858,2,0.045176997780799866,0.03296700119972229,-0.030524998903274536
1451578432877,2,0.0488400012254715,0.05128199979662895,-0.040293000638484955
1451578432897,2,0.020756999030709267,0.054944999516010284,-0.021978000178933144
1451578432918,2,-0.012210000306367874,0.03174600005149841,-0.003662999952211976
1451578432938,2,0.008546999655663967,0.01831500045955181,-0.0024419999681413174
1451578432957,2,0.03174600005149841,-0.004883999936282635,-0.017093999311327934
1451578432978,2,0.04151399806141853,-0.02319899946451187,-0.0378509983420372
1451578432997,2,0.03418799862265587,-0.04761900007724762,-0.04273499920964241
1451578433018,2,-0.026861999183893204,0.020756999030709267,0.03663000091910362
1451578433038,2,-0.026861999183893204,0.05860799923539162,0.026861999183893204
1451578433058,2,-0.012210000306367874,0.059829000383615494,0.003662999952211976
1451578433078,2,-0.004883999936282635,0.008546999655663967,-0.013430999591946602
1451578433099,2,0.017093999311327934,-0.0647130012512207,-0.012210000306367874
1451578433119,2,0.035408999770879745,-0.09401699900627136,-0.014651999808847904
1451578433139,2,0.04273499920964241,-0.010989000089466572,-0.045176997780799866
1451578433158,2,0.06104999780654907,0.017093999311327934,-0.050060998648405075
1451578433179,2,0.07814399898052216,0.026861999183893204,-0.05250300094485283
1451578433199,2,0.059829000383615494,0.008546999655663967,-0.04395600035786629
1451578433219,2,0.02319899946451187,-0.020756999030709267,-0.020756999030709267
1451578433240,2,-0.026861999183893204,-0.045176997780799866,-0.00976799987256527
1451578433260,2,0.0012209999840706587,-0.01953599974513054,-0.02319899946451187
1451578433279,2,0.03174600005149841,0.0012209999840706587,-0.04273499920964241
1451578433300,2,0.04639799892902374,0.014651999808847904,-0.045176997780799866
1451578433327,2,0.026861999183893204,0.012210000306367874,-0.02930399961769581
1451578433341,2,-0.02930399961769581,0.010989000089466572,0.012210000306367874
1451578433360,2,-0.03174600005149841,0.015873000025749207,0.010989000089466572
1451578433381,2,-0.03418799862265587,0.017093999311327934,0.025640999898314476
1451578433401,2,-0.025640999898314476,0.0012209999840706587,0.02319899946451187
1451578433421,2,0.0,-0.02930399961769581,0.008546999655663967
1451578433441,2,0.02930399961769581,-0.03907199949026108,-0.021978000178933144
1451578433465,2,0.03907199949026108,-0.013430999591946602,-0.0378509983420372
1451578433481,2,0.015873000025749207,-0.008546999655663967,-0.020756999030709267
1451578433501,2,0.0012209999840706587,-0.014651999808847904,0.0024419999681413174
1451578433521,2,-0.003662999952211976,-0.01953599974513054,0.017093999311327934
1451578433541,2,-0.0012209999840706587,-0.00976799987256527,0.01953599974513054
1451578433561,2,0.02319899946451187,0.014651999808847904,0.012210000306367874
1451578433582,2,0.03907199949026108,0.010989000089466572,-0.004883999936282635
1451578433602,2,0.040293000638484955,0.003662999952211976,-0.02808300033211708
1451578433622,2,0.035408999770879745,0.013430999591946602,-0.03663000091910362
1451578433648,2,0.021978000178933144,0.020756999030709267,-0.03296700119972229
1451578433662,2,0.012210000306367874,0.05860799923539162,-0.013430999591946602
1451578433682,2,0.0024419999681413174,0.05738699808716774,-0.025640999898314476
1451578433702,2,-0.014651999808847904,0.054944999516010284,-0.03907199949026108
1451578433722,2,0.012210000306367874,0.2319899946451187,-0.05250300094485283
1451578433742,2,0.195360004901886,0.44078099727630615,-0.097680002450943
1451578433768,2,0.3577530086040497,0.5409029722213745,-0.14285700023174286
1451578433788,2,0.23443199694156647,0.11477399617433548,-0.10744799673557281
1451578433803,1,0.0757019966840744,-0.12209999561309814,-0.06593400239944458
1451578433829,1,-0.05128199979662895,-0.13430999219417572,0.026861999183893204
1451578433844,1,-0.14163599908351898,-0.06349200010299683,0.12698400020599365
1451578433863,1,-0.17216099798679352,-0.13675199449062347,0.18314999341964722
1451578433883,1,-0.2820509970188141,-0.3724049925804138,0.13430999219417572
1451578433903,1,-0.2051279991865158,-0.23076899349689484,0.08424899727106094
1451578433924,1,-0.040293000638484955,0.015873000025749207,0.021978000178933144
1451578433944,1,0.07448099553585052,0.21367499232292175,0.0
1451578433964,1,0.050060998648405075,0.21245399117469788,-0.010989000089466572
1451578433984,1,-0.11843699961900711,-0.11721599847078323,0.007325999904423952
1451578434004,1,-0.08546999841928482,-0.1892549991607666,0.00976799987256527
1451578434026,1,-0.003662999952211976,-0.19169700145721436,-0.025640999898314476
1451578434044,1,0.07203900068998337,-0.10012199729681015,-0.09279599785804749
1451578434064,1,0.12576299905776978,-0.030524998903274536,-0.08546999841928482
1451578434085,1,0.13308899104595184,-0.03663000091910362,-0.02442000061273575
1451578434105,1,0.06227099895477295,-0.09401699900627136,0.0488400012254715
1451578434125,1,0.05250300094485283,-0.09279599785804749,0.07203900068998337
1451578434151,1,0.03418799862265587,-0.07936500012874603,0.1025639995932579
1451578434164,1,-0.00976799987256527,-0.06349200010299683,0.12820500135421753
1451578434191,1,-0.006105000153183937,-0.10378500074148178,0.2539680004119873
1451578434205,1,0.3137969970703125,-0.33821699023246765,0.334553986787796
1451578434227,1,0.3040289878845215,-0.2698409855365753,-0.25641000270843506
1451578434245,1,0.6910859942436218,0.6959699988365173,-1.1953589916229248
1451578434266,1,1.3626359701156616,0.9108659625053406,-1.6153830289840698
1451578434286,1,0.9255179762840271,0.07692299783229828,-1.3137959241867065
1451578434306,1,-0.4810740053653717,-1.2600719928741455,0.21977999806404114
1451578434331,1,-0.7631250023841858,-1.481073021888733,0.6422460079193115
1451578434346,1,-0.8363850116729736,-1.3211219310760498,0.6202679872512817
1451578434366,1,-0.7057380080223083,-0.781440019607544,0.28327199816703796
1451578434387,1,-0.3785099983215332,-0.13675199449062347,-0.12820500135421753
1451578434406,1,-0.02808300033211708,0.5970689654350281,-0.21245399117469788
1451578434426,1,0.211232990026474,0.5433449745178223,-0.07203900068998337
1451578434446,1,0.07448099553585052,0.33821699023246765,0.05372399836778641
1451578434467,1,-0.08791200071573257,0.13675199449062347,0.11721599847078323
1451578434487,1,-0.17582400143146515,0.02808300033211708,0.1623930037021637
1451578434512,1,-0.1623930037021637,0.006105000153183937,0.18192899227142334
1451578434527,1,0.021978000178933144,0.17704500257968903,0.13064700365066528
1451578434548,1,0.10500600188970566,0.2808299958705902,0.08302799612283707
1451578434568,1,0.14896199107170105,0.3199020028114319,0.06104999780654907
1451578434588,1,0.14774100482463837,0.2649570107460022,0.06959699839353561
1451578434609,1,0.08424899727106094,0.17704500257968903,0.08058600127696991
1451578434627,1,-0.00976799987256527,0.0757019966840744,0.0378509983420372
1451578434648,1,0.02442000061273575,0.13186800479888916,0.010989000089466572
1451578434676,1,0.06104999780654907,0.1733819991350174,0.013430999591946602
1451578434688,1,0.054944999516010284,0.1465200036764145,0.00976799987256527
1451578434715,1,0.02319899946451187,0.10866899788379669,0.00976799987256527
1451578434728,1,-0.06104999780654907,0.015873000025749207,0.013430999591946602
1451578434748,1,-0.05738699808716774,0.02319899946451187,-0.004883999936282635
1451578434773,1,-0.045176997780799866,0.07326000183820724,-0.0012209999840706587
1451578434789,1,-0.02442000061273575,0.1404149979352951,0.0024419999681413174
1451578434808,1,0.008546999655663967,0.17704500257968903,0.014651999808847904
1451578434829,1,0.0378509983420372,0.1782660037279129,0.04151399806141853
1451578434849,1,0.04151399806141853,0.0647130012512207,0.10988999903202057
1451578434869,1,-0.0012209999840706587,0.0012209999840706587,0.11843699961900711
1451578434896,1,-0.05250300094485283,-0.026861999183893204,0.097680002450943
1451578434909,1,-0.10012199729681015,-0.015873000025749207,0.08302799612283707
1451578434930,1,-0.12576299905776978,-0.004883999936282635,0.07936500012874603
1451578434950,1,-0.1575089991092682,-0.054944999516010284,0.06349200010299683
1451578434970,1,-0.18681299686431885,-0.07081799954175949,0.0488400012254715
1451578434993,1,-0.195360004901886,-0.06593400239944458,0.04273499920964241
1451578435015,1,-0.20879100263118744,-0.05128199979662895,0.030524998903274536
1451578435036,1,-0.21489599347114563,-0.05616600066423416,0.013430999591946602
1451578435051,1,-0.1514039933681488,0.01953599974513054,-0.010989000089466572
1451578435071,1,-0.10744799673557281,0.059829000383615494,0.00976799987256527
1451578435092,1,-0.0757019966840744,0.05616600066423416,0.015873000025749207
1451578435111,1,-0.035408999770879745,0.02808300033211708,0.0024419999681413174
1451578435130,1,-0.007325999904423952,-0.006105000153183937,-0.003662999952211976
1451578435151,1,0.01953599974513054,-0.04273499920964241,-0.010989000089466572
1451578435171,1,0.05616600066423416,-0.054944999516010284,0.01831500045955181
1451578435196,1,0.04639799892902374,-0.03174600005149841,0.03174600005149841
1451578435211,1,0.03907199949026108,-0.010989000089466572,0.03296700119972229
1451578435231,1,0.03174600005149841,0.025640999898314476,0.026861999183893204
1451578435252,1,0.021978000178933144,0.03663000091910362,0.017093999311327934
1451578435273,1,0.030524998903274536,0.04395600035786629,0.025640999898314476
1451578435297,1,0.0378509983420372,0.04151399806141853,-0.0012209999840706587
1451578435312,1,0.03418799862265587,0.040293000638484955,-0.021978000178933144
1451578435332,1,0.03174600005149841,0.0378509983420372,-0.04639799892902374
1451578435353,1,0.04395600035786629,0.035408999770879745,-0.05250300094485283
1451578435372,1,0.04639799892902374,0.0488400012254715,-0.08546999841928482
1451578435392,1,0.03663000091910362,0.04761900007724762,-0.09157499670982361
1451578435413,1,0.02319899946451187,0.03907199949026108,-0.09279599785804749
1451578435438,1,0.012210000306367874,0.02319899946451187,-0.08424899727106094
1451578435453,1,0.0012209999840706587,0.0,-0.07326000183820724
1451578435473,1,-0.00976799987256527,-0.010989000089466572,-0.07203900068998337
1451578435494,1,0.02319899946451187,-0.020756999030709267,-0.059829000383615494
1451578435514,1,0.04639799892902374,-0.007325999904423952,-0.05738699808716774
1451578435534,1,0.054944999516010284,-0.007325999904423952,-0.05250300094485283
1451578435554,1,0.04639799892902374,-0.0012209999840706587,-0.03418799862265587
1451578435577,1,0.02319899946451187,-0.014651999808847904,-0.017093999311327934
1451578435594,1,0.02319899946451187,-0.01831500045955181,-0.03174600005149841
1451578435614,1,0.04151399806141853,0.0012209999840706587,-0.06227099895477295
1451578435634,1,0.05250300094485283,0.03174600005149841,-0.07081799954175949
1451578435654,1,0.0378509983420372,0.020756999030709267,-0.03663000091910362
1451578435676,1,-0.0024419999681413174,-0.025640999898314476,0.0
1451578435702,1,-0.0012209999840706587,-0.021978000178933144,-0.017093999311327934
1451578435714,1,0.030524998903274536,0.006105000153183937,-0.05128199979662895
1451578435735,1,0.04395600035786629,0.012210000306367874,-0.05738699808716774
1451578435755,1,0.02319899946451187,0.0024419999681413174,-0.04761900007724762
1451578435780,1,-0.006105000153183937,-0.012210000306367874,-0.021978000178933144
1451578435795,1,-0.030524998903274536,-0.007325999904423952,-0.01831500045955181
1451578435815,1,-0.02930399961769581,0.017093999311327934,-0.01831500045955181
1451578435835,2,-0.030524998903274536,-0.004883999936282635,-0.026861999183893204
1451578435856,2,-0.01953599974513054,-0.025640999898314476,-0.03907199949026108
1451578435884,2,0.012210000306367874,-0.017093999311327934,-0.04151399806141853
1451578435895,2,0.045176997780799866,-0.004883999936282635,-0.05250300094485283
1451578435915,2,0.01953599974513054,-0.014651999808847904,-0.06104999780654907
1451578435936,2,0.0012209999840706587,-0.021978000178933144,-0.04273499920964241
1451578435961,2,-0.006105000153183937,-0.01831500045955181,-0.035408999770879745
1451578435976,2,0.017093999311327934,-0.010989000089466572,-0.0378509983420372
1451578436001,2,0.045176997780799866,-0.006105000153183937,-0.05128199979662895
1451578436016,2,0.040293000638484955,-0.03907199949026108,-0.03663000091910362
1451578436037,2,0.025640999898314476,-0.02930399961769581,-0.01831500045955181
1451578436059,2,0.020756999030709267,-0.012210000306367874,-0.013430999591946602
1451578436079,2,0.026861999183893204,-0.00976799987256527,-0.006105000153183937
1451578436096,2,0.03174600005149841,-0.004883999936282635,0.01831500045955181
1451578436118,2,0.02319899946451187,0.0024419999681413174,0.03418799862265587
1451578436137,2,0.017093999311327934,0.015873000025749207,0.021978000178933144
1451578436159,2,-0.0012209999840706587,0.015873000025749207,0.008546999655663967
1451578436184,2,-0.010989000089466572,0.01831500045955181,-0.0012209999840706587
1451578436197,2,-0.010989000089466572,0.021978000178933144,0.0012209999840706587
1451578436218,2,0.003662999952211976,0.017093999311327934,0.0012209999840706587
1451578436238,2,0.014651999808847904,0.0024419999681413174,-0.03296700119972229
1451578436258,2,0.004883999936282635,-0.017093999311327934,-0.06227099895477295
1451578436278,2,0.006105000153183937,-0.02442000061273575,-0.10622699558734894
1451578436298,2,0.04151399806141853,-0.025640999898314476,-0.16483499109745026
1451578436318,2,0.10012199729681015,-0.008546999655663967,-0.28327199816703796
1451578436345,2,-0.08913300186395645,0.390720009803772,2.722830057144165
1451578436364,2,-0.167276993393898,-1.2441990375518799,1.8510359525680542
1451578436379,2,-0.5262510180473328,-1.3028069734573364,0.8046389818191528
1451578436399,2,-0.2490839958190918,-0.5030519962310791,0.19780199229717255
1451578436419,2,0.04761900007724762,0.39316198229789734,-0.5030519962310791
1451578436439,2,0.2503049969673157,1.0842479467391968,-1.1367509365081787
1451578436459,2,0.28937700390815735,0.7155060172080994,-0.9413909912109375
1451578436483,2,0.2747249901294708,0.26129400730133057,-0.4664219915866852
1451578436499,2,0.12209999561309814,-0.1843709945678711,0.020756999030709267
1451578436519,2,-0.07326000183820724,-0.4713059961795807,0.2857140004634857
1451578436545,2,-0.17948700487613678,-0.5054939985275269,0.3137969970703125
1451578436559,2,-0.004883999936282635,-0.0378509983420372,0.07814399898052216
1451578436580,2,0.10378500074148178,0.13919399678707123,-0.02442000061273575
1451578436600,2,0.12332099676132202,0.15262499451637268,-0.09645900130271912
1451578436620,2,0.07448099553585052,0.06959699839353561,-0.11599499732255936
1451578436648,2,-0.0024419999681413174,-0.030524998903274536,-0.07203900068998337
1451578436660,2,-0.05372399836778641,-0.04395600035786629,0.04151399806141853
1451578436681,2,-0.017093999311327934,0.017093999311327934,0.02808300033211708
1451578436705,2,0.021978000178933144,0.05860799923539162,0.0012209999840706587
1451578436721,2,0.03296700119972229,0.07936500012874603,-0.021978000178933144
1451578436742,2,0.03174600005149841,0.0757019966840744,-0.026861999183893204
1451578436760,2,0.04395600035786629,0.03418799862265587,0.017093999311327934
1451578436781,2,0.030524998903274536,-0.02319899946451187,0.05738699808716774
1451578436801,2,-0.004883999936282635,-0.03296700119972229,0.06593400239944458
1451578436822,2,-0.004883999936282635,-0.0012209999840706587,0.04395600035786629
1451578436849,2,0.03418799862265587,0.0488400012254715,0.01953599974513054
1451578436862,2,0.07936500012874603,0.07081799954175949,0.021978000178933144
1451578436882,2,0.045176997780799866,0.03663000091910362,0.01953599974513054
1451578436902,2,0.017093999311327934,0.040293000638484955,0.02442000061273575
1451578436922,2,-0.012210000306367874,0.05128199979662895,0.0378509983420372
1451578436942,2,-0.035408999770879745,0.0378509983420372,0.045176997780799866
1451578436962,2,-0.050060998648405075,0.020756999030709267,0.0378509983420372
1451578436982,2,-0.02442000061273575,0.01831500045955181,-0.017093999311327934
1451578437003,2,0.004883999936282635,0.01953599974513054,-0.03907199949026108
1451578437023,2,0.014651999808847904,0.015873000025749207,-0.020756999030709267
1451578437042,2,-0.00976799987256527,0.0024419999681413174,0.0
1451578437062,2,-0.020756999030709267,-0.013430999591946602,0.006105000153183937
1451578437083,2,-0.01953599974513054,-0.003662999952211976,0.010989000089466572
1451578437104,2,-0.010989000089466572,0.012210000306367874,0.013430999591946602
1451578437124,2,-0.0024419999681413174,0.015873000025749207,0.020756999030709267
1451578437143,2,-0.00976799987256527,0.014651999808847904,0.02442000061273575
1451578437163,2,-0.03174600005149841,0.014651999808847904,0.03663000091910362
1451578437183,2,-0.045176997780799866,0.006105000153183937,0.03296700119972229
1451578437204,2,-0.017093999311327934,-0.006105000153183937,0.015873000025749207
1451578437224,2,0.00976799987256527,-0.02319899946451187,0.006105000153183937
1451578437244,2,0.02319899946451187,-0.045176997780799866,0.008546999655663967
1451578437264,2,0.030524998903274536,-0.05372399836778641,0.020756999030709267
1451578437284,2,0.035408999770879745,-0.02808300033211708,0.02319899946451187
1451578437305,2,0.008546999655663967,-0.04151399806141853,0.02808300033211708
1451578437325,2,-0.0012209999840706587,-0.059829000383615494,0.02442000061273575
1451578437345,2,0.0012209999840706587,-0.05372399836778641,0.014651999808847904
1451578437365,2,0.0,-0.03418799862265587,0.0012209999840706587
1451578437385,2,-0.0012209999840706587,-0.020756999030709267,0.004883999936282635
1451578437413,2,0.0012209999840706587,0.003662999952211976,0.014651999808847904
1451578437425,2,-0.0024419999681413174,0.012210000306367874,0.00976799987256527
1451578437445,2,0.0,0.01953599974513054,0.006105000153183937
1451578437466,2,-0.006105000153183937,0.013430999591946602,0.01831500045955181
1451578437485,2,-0.012210000306367874,0.010989000089466572,0.01953599974513054
1451578437506,2,-0.01953599974513054,0.0024419999681413174,0.030524998903274536
1451578437526,2,-0.020756999030709267,0.008546999655663967,0.02930399961769581
1451578437545,2,-0.004883999936282635,0.01831500045955181,0.02808300033211708
1451578437565,2,0.004883999936282635,0.010989000089466572,0.02808300033211708
1451578437586,2,0.01831500045955181,0.004883999936282635,0.03907199949026108
1451578437606,2,0.017093999311327934,0.0012209999840706587,0.040293000638484955
1451578437626,2,0.025640999898314476,-0.020756999030709267,0.03418799862265587
1451578437646,2,0.03418799862265587,-0.004883999936282635,0.021978000178933144
1451578437667,2,0.04273499920964241,0.010989000089466572,0.008546999655663967
1451578437687,2,0.04273499920964241,0.02319899946451187,0.007325999904423952
1451578437708,2,0.040293000638484955,0.014651999808847904,0.01953599974513054
1451578437727,2,0.15995100140571594,-0.02319899946451187,0.03296700119972229
1451578437747,2,0.28327199816703796,-0.015873000025749207,-0.02930399961769581
1451578437767,2,0.23076899349689484,0.04395600035786629,-0.059829000383615494
1451578437788,2,0.04273499920964241,0.14163599908351898,-0.03418799862265587
1451578437808,2,-0.15873000025749207,0.19902299344539642,0.026861999183893204
1451578437827,2,-0.030524998903274536,-0.09157499670982361,0.04395600035786629
1451578437848,1,0.1782660037279129,-0.18192899227142334,-0.050060998648405075
1451578437867,1,0.24175800383090973,-0.16117200255393982,-0.15384599566459656
1451578437888,1,0.1843709945678711,-0.050060998648405075,-0.195360004901886
1451578437908,1,0.09401699900627136,0.07814399898052216,-0.1562879979610443
1451578437928,1,0.01831500045955181,0.11721599847078323,-0.09523800015449524
1451578437948,1,-0.035408999770879745,0.020756999030709267,-0.06959699839353561
1451578437974,1,-0.02442000061273575,-0.03418799862265587,-0.08546999841928482
1451578437996,1,-0.007325999904423952,-0.01831500045955181,-0.08180700242519379
1451578438008,1,0.012210000306367874,0.03174600005149841,-0.059829000383615494
1451578438028,1,0.02442000061273575,0.06593400239944458,-0.04273499920964241
1451578438049,1,0.0647130012512207,0.050060998648405075,-0.01953599974513054
1451578438068,1,0.0866909995675087,-0.0024419999681413174,-0.0024419999681413174
1451578438089,1,0.10134299844503403,-0.05128199979662895,-0.00976799987256527
1451578438109,1,0.14774100482463837,-0.03418799862265587,0.0
1451578438129,1,0.19902299344539642,0.014651999808847904,0.007325999904423952
1451578438150,1,0.16605599224567413,0.01831500045955181,0.017093999311327934
1451578438170,1,0.12209999561309814,-0.04273499920964241,0.03296700119972229
1451578438190,1,0.08058600127696991,-0.08180700242519379,0.07203900068998337
1451578438210,1,0.03907199949026108,-0.12332099676132202,0.08791200071573257
1451578438230,1,0.020756999030709267,-0.15995100140571594,0.07814399898052216
1451578438250,1,-0.0024419999681413174,-0.16483499109745026,0.09523800015449524
1451578438270,1,-0.12209999561309814,-0.26129400730133057,0.19658099114894867
1451578438293,1,-0.21245399117469788,-0.3296699821949005,0.22344300150871277
1451578438310,1,-0.24542099237442017,-0.26861998438835144,0.195360004901886
1451578438331,1,-0.003662999952211976,-0.07448099553585052,0.10134299844503403
1451578438351,1,0.45787498354911804,-0.24786299467086792,-0.0378509983420372
1451578438371,1,1.3858349323272705,0.6678869724273682,-1.6715489625930786
1451578438396,1,2.1074459552764893,0.8009759783744812,-1.6117199659347534
1451578438411,1,1.2954809665679932,-0.37118399143218994,-1.1575080156326294
1451578438432,1,0.1245419979095459,-1.1416349411010742,-0.16361400485038757
1451578438452,1,-0.5604389905929565,-1.3443210124969482,0.6385830044746399
1451578438472,1,-0.3137969970703125,-0.5726490020751953,0.5750910043716431
1451578438492,1,-0.11599499732255936,-0.04761900007724762,-0.09279599785804749
1451578438512,1,-0.017093999311327934,0.6019529700279236,-0.5811960101127625
1451578438532,1,0.05372399836778641,1.070816993713379,-0.6336989998817444
1451578438552,1,0.05128199979662895,1.144076943397522,-0.32844898104667664
1451578438579,1,-0.08302799612283707,0.8864459991455078,0.0488400012254715
1451578438592,1,-0.4798530042171478,-0.021978000178933144,0.38217300176620483
1451578438612,1,-0.5177040100097656,-0.2600730061531067,0.390720009803772
1451578438633,1,-0.39682498574256897,-0.22954799234867096,0.3516480028629303
1451578438653,1,-0.20146499574184418,-0.02930399961769581,0.31013399362564087
1451578438673,1,-0.03296700119972229,0.12698400020599365,0.3235650062561035
1451578438693,1,0.0024419999681413174,0.04761900007724762,0.37118399143218994
1451578438713,1,-0.0757019966840744,-0.08791200071573257,0.34798499941825867
1451578438733,1,-0.13919399678707123,-0.1514039933681488,0.2759459912776947
1451578438753,1,-0.14896199107170105,-0.10622699558734894,0.18192899227142334
1451578438775,1,-0.12332099676132202,0.0,0.10500600188970566
1451578438793,1,-0.026861999183893204,0.0378509983420372,0.19169700145721436
1451578438814,1,-0.05860799923539162,-0.0757019966840744,0.24053700268268585
1451578438833,1,-0.12209999561309814,-0.18314999341964722,0.25641000270843506
1451578438854,1,-0.17460300028324127,-0.2429789900779724,0.22100099921226501
1451578438876,1,-0.16971899569034576,-0.19780199229717255,0.1355309933423996
1451578438894,1,-0.08424899727106094,-0.05616600066423416,0.012210000306367874
1451578438914,1,0.05250300094485283,0.13430999219417572,-0.012210000306367874
1451578438939,1,0.02319899946451187,0.10500600188970566,-0.012210000306367874
1451578438960,1,-0.02442000061273575,0.0488400012254715,0.026861999183893204
1451578438975,1,-0.05250300094485283,-0.004883999936282635,0.045176997780799866
1451578438994,1,-0.04395600035786629,-0.007325999904423952,0.04273499920964241
1451578439015,1,-0.025640999898314476,-0.015873000025749207,0.003662999952211976
1451578439035,1,-0.01953599974513054,0.0,-0.026861999183893204
1451578439056,1,0.008546999655663967,0.04639799892902374,-0.04761900007724762
1451578439076,1,0.03418799862265587,0.08546999841928482,-0.05616600066423416
1451578439101,1,0.02808300033211708,0.10134299844503403,-0.03418799862265587
1451578439116,1,-0.05250300094485283,-0.021978000178933144,0.013430999591946602
1451578439136,1,-0.06227099895477295,-0.030524998903274536,0.012210000306367874
1451578439156,1,-0.012210000306367874,0.012210000306367874,0.0024419999681413174
1451578439177,1,0.02442000061273575,0.050060998648405075,-0.012210000306367874
1451578439196,1,0.03663000091910362,0.06227099895477295,-0.035408999770879745
1451578439217,1,0.021978000178933144,0.02808300033211708,-0.00976799987256527
1451578439237,1,0.0024419999681413174,0.004883999936282635,0.0012209999840706587
1451578439257,1,0.010989000089466572,0.026861999183893204,-0.0012209999840706587
1451578439276,1,0.03296700119972229,0.050060998648405075,-0.006105000153183937
1451578439297,1,0.035408999770879745,0.045176997780799866,-0.014651999808847904
1451578439317,1,0.02808300033211708,0.03296700119972229,-0.014651999808847904
1451578439337,1,-0.010989000089466572,0.00976799987256527,0.007325999904423952
1451578439359,1,0.0,0.02808300033211708,-0.010989000089466572
1451578439377,1,0.017093999311327934,0.045176997780799866,-0.008546999655663967
1451578439397,1,0.02808300033211708,0.03907199949026108,-0.010989000089466572
1451578439417,1,0.01953599974513054,0.0378509983420372,-0.006105000153183937
1451578439437,1,0.008546999655663967,0.02808300033211708,0.00976799987256527
1451578439457,1,0.017093999311327934,0.020756999030709267,0.02442000061273575
1451578439478,1,-0.0024419999681413174,0.020756999030709267,0.020756999030709267
1451578439498,1,-0.01953599974513054,0.030524998903274536,0.010989000089466572
1451578439518,1,-0.020756999030709267,0.0488400012254715,0.010989000089466572
1451578439538,1,0.0012209999840706587,0.03174600005149841,0.02319899946451187
1451578439559,1,0.007325999904423952,0.007325999904423952,0.01953599974513054
1451578439578,1,0.006105000153183937,-0.003662999952211976,0.007325999904423952
1451578439598,1,0.007325999904423952,-0.0012209999840706587,-0.01831500045955181
1451578439618,1,0.003662999952211976,0.004883999936282635,-0.02930399961769581
1451578439639,1,0.010989000089466572,0.007325999904423952,-0.021978000178933144
1451578439659,1,0.0012209999840706587,0.017093999311327934,-0.0012209999840706587
1451578439679,1,0.003662999952211976,0.020756999030709267,0.004883999936282635
1451578439705,1,0.015873000025749207,0.017093999311327934,0.0
1451578439719,1,0.014651999808847904,0.0024419999681413174,-0.004883999936282635
1451578439746,1,0.0,-0.008546999655663967,-0.007325999904423952
1451578439760,1,0.0012209999840706587,0.0012209999840706587,0.003662999952211976
1451578439779,1,0.0012209999840706587,0.0024419999681413174,0.006105000153183937
1451578439799,1,0.010989000089466572,-0.013430999591946602,0.003662999952211976
1451578439826,1,0.020756999030709267,-0.01831500045955181,0.006105000153183937
1451578439840,1,0.02442000061273575,-0.013430999591946602,0.004883999936282635
1451578439862,2,0.017093999311327934,0.007325999904423952,-0.021978000178933144
1451578439880,2,0.012210000306367874,0.006105000153183937,-0.010989000089466572
1451578439901,2,0.008546999655663967,-0.003662999952211976,0.0012209999840706587
1451578439920,2,-0.0024419999681413174,0.004883999936282635,-0.004883999936282635
1451578439940,2,0.0024419999681413174,0.020756999030709267,-0.006105000153183937
1451578439960,2,0.0024419999681413174,0.020756999030709267,-0.008546999655663967
1451578439986,2,0.020756999030709267,0.007325999904423952,-0.003662999952211976
1451578440001,2,0.00976799987256527,0.007325999904423952,-0.006105000153183937
1451578440021,2,0.010989000089466572,0.004883999936282635,-0.02319899946451187
1451578440046,2,0.021978000178933144,0.004883999936282635,-0.02319899946451187
1451578440066,2,0.01953599974513054,-0.013430999591946602,-0.015873000025749207
1451578440081,2,0.021978000178933144,-0.015873000025749207,-0.0012209999840706587
1451578440101,2,0.03418799862265587,0.0024419999681413174,0.006105000153183937
1451578440122,2,0.03907199949026108,0.01953599974513054,0.004883999936282635
1451578440147,2,0.03174600005149841,0.021978000178933144,-0.008546999655663967
1451578440162,2,0.02930399961769581,0.01953599974513054,-0.020756999030709267
1451578440182,2,0.010989000089466572,-0.007325999904423952,-0.007325999904423952
1451578440202,2,0.015873000025749207,0.0012209999840706587,-0.006105000153183937
1451578440223,2,0.02930399961769581,0.0,0.00976799987256527
1451578440242,2,0.02930399961769581,-0.008546999655663967,-0.0012209999840706587
1451578440262,2,0.035408999770879745,0.013430999591946602,-0.012210000306367874
1451578440283,2,0.04273499920964241,0.01953599974513054,0.0024419999681413174
1451578440303,2,0.02442000061273575,0.014651999808847904,0.02930399961769581
1451578440323,2,0.021978000178933144,0.02930399961769581,0.00976799987256527
1451578440342,2,0.035408999770879745,0.06837599724531174,-0.013430999591946602
1451578440368,2,0.06349200010299683,0.09157499670982361,-0.02808300033211708
1451578440383,2,0.06104999780654907,0.08424899727106094,-0.04395600035786629
1451578440403,2,0.00976799987256527,0.06227099895477295,-0.01831500045955181
1451578440425,2,-0.014651999808847904,0.04273499920964241,-0.01953599974513054
1451578440448,2,-0.008546999655663967,0.03907199949026108,-0.03296700119972229
1451578440464,2,0.01953599974513054,0.06959699839353561,-0.0488400012254715
1451578440484,2,0.05616600066423416,0.09035399556159973,-0.0757019966840744
1451578440505,2,0.09523800015449524,0.15506699681282043,-0.10744799673557281
1451578440526,2,0.07448099553585052,0.14896199107170105,-0.11721599847078323
1451578440544,2,0.04273499920964241,0.1294260025024414,-0.13186800479888916
1451578440570,2,0.012210000306367874,0.13308899104595184,-0.1452990025281906
1451578440585,2,0.003662999952211976,0.1135529950261116,-0.17582400143146515
1451578440605,2,0.13797299563884735,-1.2869340181350708,0.16117200255393982
1451578440626,2,-0.20146499574184418,-0.8901090025901794,0.18681299686431885
1451578440645,2,-0.167276993393898,-0.2979239821434021,-0.17093999683856964
1451578440665,2,-0.054944999516010284,0.2527469992637634,-0.09157499670982361
1451578440685,2,0.04761900007724762,0.721610963344574,0.06593400239944458
1451578440708,2,0.045176997780799866,0.6800969839096069,0.006105000153183937
1451578440726,2,0.1294260025024414,0.15262499451637268,-0.13797299563884735
1451578440745,2,0.12087900191545486,0.0488400012254715,-0.01831500045955181
1451578440765,2,-0.01953599974513054,-0.10500600188970566,0.040293000638484955
1451578440786,2,-0.1514039933681488,-0.2332109957933426,0.006105000153183937
1451578440809,2,-0.15262499451637268,-0.27960899472236633,-0.01953599974513054
1451578440826,2,0.010989000089466572,-0.0866909995675087,0.0012209999840706587
1451578440846,2,0.010989000089466572,0.00976799987256527,0.0024419999681413174
1451578440866,2,-0.059829000383615494,0.007325999904423952,-0.008546999655663967
1451578440893,2,-0.14407800137996674,-0.040293000638484955,-0.007325999904423952
1451578440907,2,-0.20268599689006805,-0.08913300186395645,-0.0012209999840706587
1451578440927,2,-0.13919399678707123,-0.06349200010299683,-0.03296700119972229
1451578440946,2,-0.07448099553585052,-0.026861999183893204,-0.02930399961769581
1451578440967,2,-0.04151399806141853,-0.02319899946451187,-0.01953599974513054
1451578440987,2,-0.04395600035786629,-0.04151399806141853,-0.0024419999681413174
1451578441007,2,-0.06104999780654907,-0.054944999516010284,0.010989000089466572
1451578441027,2,-0.07448099553585052,-0.04151399806141853,0.015873000025749207
1451578441047,2,-0.07814399898052216,0.05372399836778641,0.08546999841928482
1451578441068,2,-0.10622699558734894,0.08913300186395645,0.11477399617433548
1451578441088,2,-0.12576299905776978,0.09157499670982361,0.11965800076723099
1451578441109,2,-0.11843699961900711,0.08424899727106094,0.1135529950261116
1451578441128,2,-0.09401699900627136,0.07203900068998337,0.11233200132846832
1451578441148,2,-0.015873000025749207,0.03907199949026108,0.07081799954175949
1451578441168,2,0.02319899946451187,0.02808300033211708,0.05738699808716774
1451578441188,2,0.04151399806141853,0.0024419999681413174,0.05738699808716774
1451578441209,2,0.04395600035786629,-0.02442000061273575,0.05250300094485283
1451578441228,2,0.04273499920964241,-0.05616600066423416,0.045176997780799866
1451578441253,2,0.08058600127696991,-0.07081799954175949,0.02319899946451187
1451578441269,2,0.08058600127696991,-0.06593400239944458,0.012210000306367874
1451578441289,2,0.07081799954175949,-0.06227099895477295,-0.004883999936282635
1451578441311,2,0.06349200010299683,-0.05860799923539162,-0.014651999808847904
1451578441329,2,0.05128199979662895,-0.05738699808716774,-0.017093999311327934
1451578441350,2,0.040293000638484955,-0.05616600066423416,-0.03174600005149841
1451578441370,2,0.03907199949026108,-0.03663000091910362,-0.054944999516010284
1451578441392,2,0.045176997780799866,-0.015873000025749207,-0.05860799923539162
1451578441409,2,0.050060998648405075,0.014651999808847904,-0.06227099895477295
1451578441430,2,0.05128199979662895,0.04395600035786629,-0.06715499609708786
1451578441450,2,0.050060998648405075,0.07448099553585052,-0.07081799954175949
1451578441469,2,0.0,0.04273499920964241,-0.050060998648405075
1451578441490,2,-0.008546999655663967,-0.02808300033211708,-0.035408999770879745
1451578441510,2,0.007325999904423952,-0.06227099895477295,-0.035408999770879745
1451578441530,2,0.02930399961769581,-0.04273499920964241,-0.03418799862265587
1451578441550,2,0.03296700119972229,0.017093999311327934,-0.035408999770879745
1451578441571,2,-0.013430999591946602,0.10988999903202057,-0.02319899946451187
1451578441591,2,-0.03663000091910362,0.08791200071573257,-0.013430999591946602
1451578441611,2,-0.02808300033211708,0.02442000061273575,-0.006105000153183937
1451578441636,2,0.003662999952211976,-0.06104999780654907,-0.007325999904423952
1451578441651,2,0.03663000091910362,-0.11599499732255936,-0.026861999183893204
1451578441672,2,0.07081799954175949,-0.11843699961900711,-0.05128199979662895
1451578441693,2,0.07814399898052216,-0.05860799923539162,-0.02319899946451187
1451578441711,2,0.054944999516010284,-0.07081799954175949,-0.00976799987256527
1451578441731,2,0.006105000153183937,-0.06227099895477295,0.004883999936282635
1451578441752,2,-0.030524998903274536,-0.030524998903274536,0.02808300033211708
1451578441772,2,-0.0488400012254715,-0.00976799987256527,0.054944999516010284
1451578441793,2,-0.0757019966840744,0.03296700119972229,0.04395600035786629
1451578441817,2,-0.059829000383615494,0.035408999770879745,0.02442000061273575
1451578441832,2,-0.026861999183893204,0.030524998903274536,0.006105000153183937
1451578441852,2,0.007325999904423952,-0.010989000089466572,0.021978000178933144
1451578441873,2,0.007325999904423952,-0.07692299783229828,0.02930399961769581
