1451578445334,1,-0.09157499670982361,0.1355309933423996,-0.0866909995675087
1451578445360,1,-0.02808300033211708,0.2319899946451187,-0.06104999780654907
1451578445376,1,0.04639799892902374,0.28327199816703796,0.003662999952211976
1451578445393,1,0.07692299783229828,0.2551890015602112,0.05250300094485283
1451578445414,1,0.15506699681282043,0.2905980050563812,-0.015873000025749207
1451578445434,1,0.23443199694156647,0.4798530042171478,-0.07081799954175949
1451578445454,1,0.37118399143218994,0.5970689654350281,-0.07814399898052216
1451578445475,1,0.42979198694229126,0.5286930203437805,-0.07692299783229828
1451578445494,1,0.3247860074043274,0.44200199842453003,-0.003662999952211976
1451578445514,1,-0.0647130012512207,0.08302799612283707,0.20757000148296356
1451578445534,1,-0.20390699803829193,-0.08058600127696991,0.28815600275993347
1451578445554,1,-0.13430999219417572,-0.11477399617433548,0.30158698558807373
1451578445576,1,0.015873000025749207,-0.07936500012874603,0.2771669924259186
1451578445594,1,0.07081799954175949,-0.08058600127696991,0.23443199694156647
1451578445615,1,0.006105000153183937,-0.1135529950261116,0.21367499232292175
1451578445635,1,-0.08424899727106094,-0.12209999561309814,0.2637360095977783
1451578445655,1,-0.24542099237442017,-0.17704500257968903,0.28327199816703796
1451578445676,1,-0.40903499722480774,-0.22954799234867096,0.2759459912776947
1451578445696,1,-0.4664219915866852,-0.20146499574184418,0.2588520050048828
1451578445716,1,-0.21367499232292175,-0.22466400265693665,0.2539680004119873
1451578445735,1,0.06715499609708786,-1.1050050258636475,-1.0402920246124268
1451578445756,1,0.7973129749298096,-0.25641000270843506,-1.4078129529953003
1451578445776,1,1.380950927734375,0.3748469948768616,-1.2441990375518799
1451578445796,1,0.9938939809799194,-0.10012199729681015,-1.0659329891204834
1451578445817,1,0.22832699120044708,-0.5824170112609863,-0.5347979664802551
1451578445836,1,-0.803417980670929,-1.119657039642334,0.3565320074558258
1451578445858,1,-0.8620259761810303,-0.8583629727363586,0.3894990086555481
1451578445881,1,-0.6971909999847412,-0.5030519962310791,0.18314999341964722
1451578445896,1,-0.43589699268341064,0.07814399898052216,-0.09157499670982361
1451578445922,1,-0.1575089991092682,0.6239309906959534,-0.27228298783302307
1451578445937,1,0.07081799954175949,0.8266170024871826,-0.10988999903202057
1451578445958,1,-0.0012209999840706587,0.5750910043716431,0.13675199449062347
1451578445977,1,-0.13675199449062347,0.2588520050048828,0.3369959890842438
1451578445998,1,-0.23687399923801422,-0.02808300033211708,0.44200199842453003
1451578446018,1,-0.2588520050048828,-0.19780199229717255,0.44078099727630615
1451578446038,1,-0.10500600188970566,-0.0647130012512207,0.23687399923801422
1451578446060,1,0.054944999516010284,0.12332099676132202,0.12332099676132202
1451578446078,1,0.19658099114894867,0.29426100850105286,0.045176997780799866
1451578446098,1,0.2747249901294708,0.390720009803772,-0.006105000153183937
1451578446118,1,0.25763100385665894,0.40781399607658386,0.00976799987256527
1451578446138,1,0.15995100140571594,0.3028079867362976,0.0647130012512207
1451578446160,1,-0.09523800015449524,-0.012210000306367874,0.10744799673557281
1451578446187,1,-0.1452990025281906,-0.04639799892902374,0.10012199729681015
1451578446199,1,-0.1562879979610443,0.0012209999840706587,0.09279599785804749
1451578446219,1,-0.10988999903202057,0.1025639995932579,0.07814399898052216
1451578446238,1,-0.0378509983420372,0.22588500380516052,0.05616600066423416
1451578446259,1,0.059829000383615494,0.318681001663208,0.03174600005149841
1451578446286,1,0.059829000383615494,0.28449299931526184,0.014651999808847904
1451578446304,1,0.06349200010299683,0.25641000270843506,-0.02442000061273575
1451578446319,1,0.07814399898052216,0.27350398898124695,-0.05738699808716774
1451578446340,1,0.11599499732255936,0.3199020028114319,-0.08180700242519379
1451578446360,1,0.12087900191545486,0.31135499477386475,-0.04761900007724762
1451578446380,1,0.09645900130271912,0.2771669924259186,-0.03296700119972229
1451578446400,1,0.08180700242519379,0.2747249901294708,-0.02442000061273575
1451578446427,1,0.09279599785804749,0.25763100385665894,-0.026861999183893204
1451578446442,1,0.10378500074148178,0.23443199694156647,-0.025640999898314476
1451578446461,1,0.06593400239944458,0.19658099114894867,-0.014651999808847904
1451578446486,1,-0.10012199729681015,0.11721599847078323,0.03663000091910362
1451578446501,1,-0.16361400485038757,0.0866909995675087,0.050060998648405075
1451578446521,1,-0.19658099114894867,0.07326000183820724,0.054944999516010284
1451578446540,1,-0.195360004901886,0.07692299783229828,0.03663000091910362
1451578446560,1,-0.15018299221992493,0.08302799612283707,0.00976799987256527
1451578446582,1,-0.06349200010299683,0.021978000178933144,-0.02808300033211708
1451578446601,1,-0.07326000183820724,-0.0378509983420372,-0.02442000061273575
1451578446621,1,-0.12332099676132202,-0.11599499732255936,-0.010989000089466572
1451578446641,1,-0.15873000025749207,-0.14896199107170105,0.0
1451578446661,1,-0.13308899104595184,-0.11477399617433548,-0.015873000025749207
1451578446681,1,-0.045176997780799866,-0.059829000383615494,-0.035408999770879745
1451578446702,1,-0.0866909995675087,-0.22832699120044708,-0.014651999808847904
1451578446722,1,-0.15384599566459656,-0.42002400755882263,0.025640999898314476
1451578446742,1,-0.19658099114894867,-0.5225880146026611,0.05128199979662895
1451578446761,1,-0.16117200255393982,-0.49938899278640747,0.040293000638484955
1451578446782,1,-0.07326000183820724,-0.3504270017147064,0.02319899946451187
1451578446803,1,-0.0024419999681413174,-0.07203900068998337,-0.00976799987256527
1451578446823,1,-0.013430999591946602,-0.020756999030709267,-0.02319899946451187
1451578446842,1,-0.007325999904423952,0.014651999808847904,-0.004883999936282635
1451578446863,1,-0.0024419999681413174,0.045176997780799866,0.017093999311327934
1451578446882,1,0.012210000306367874,0.06349200010299683,0.030524998903274536
1451578446903,1,0.045176997780799866,0.14774100482463837,0.01831500045955181
1451578446923,1,0.05616600066423416,0.20390699803829193,0.007325999904423952
1451578446943,1,0.04151399806141853,0.20879100263118744,0.012210000306367874
1451578446964,1,0.026861999183893204,0.1843709945678711,0.0024419999681413174
1451578446984,1,0.015873000025749207,0.13919399678707123,0.010989000089466572
1451578447004,1,-0.008546999655663967,0.0024419999681413174,0.025640999898314476
1451578447026,1,-0.02442000061273575,-0.026861999183893204,0.00976799987256527
1451578447049,1,-0.008546999655663967,-0.006105000153183937,-0.01953599974513054
1451578447064,1,0.020756999030709267,0.02930399961769581,-0.05250300094485283
1451578447084,1,0.04151399806141853,0.05250300094485283,-0.05860799923539162
1451578447105,1,0.04395600035786629,0.03174600005149841,-0.040293000638484955
1451578447127,1,0.003662999952211976,-0.04639799892902374,-0.05738699808716774
1451578447144,1,0.010989000089466572,-0.03174600005149841,-0.06593400239944458
1451578447165,1,0.02930399961769581,0.006105000153183937,-0.07081799954175949
1451578447185,2,0.035408999770879745,0.026861999183893204,-0.07203900068998337
1451578447205,2,0.030524998903274536,0.02930399961769581,-0.06104999780654907
1451578447226,2,-0.01953599974513054,-0.014651999808847904,-0.0012209999840706587
1451578447244,2,-0.030524998903274536,-0.026861999183893204,0.0012209999840706587
1451578447271,2,-0.007325999904423952,0.0,-0.00976799987256527
1451578447285,2,0.020756999030709267,0.03174600005149841,-0.00976799987256527
1451578447305,2,0.03296700119972229,0.059829000383615494,-0.013430999591946602
1451578447326,2,0.013430999591946602,0.08180700242519379,-0.004883999936282635
1451578447346,2,-0.004883999936282635,0.06959699839353561,0.01831500045955181
1451578447371,2,-0.013430999591946602,0.0488400012254715,0.035408999770879745
1451578447386,2,-0.007325999904423952,0.02930399961769581,0.0378509983420372
1451578447406,2,0.01953599974513054,0.02442000061273575,0.02319899946451187
1451578447426,2,0.0378509983420372,0.03418799862265587,0.012210000306367874
1451578447447,2,0.03907199949026108,0.06227099895477295,0.025640999898314476
1451578447467,2,0.01831500045955181,0.04639799892902374,0.05128199979662895
1451578447487,2,-0.0012209999840706587,0.020756999030709267,0.06104999780654907
1451578447510,2,0.0024419999681413174,-0.006105000153183937,0.06227099895477295
1451578447527,2,0.025640999898314476,0.006105000153183937,0.040293000638484955
1451578447547,2,0.05372399836778641,0.03907199949026108,0.014651999808847904
1451578447567,2,0.05372399836778641,0.026861999183893204,0.010989000089466572
1451578447587,2,0.0378509983420372,0.026861999183893204,0.0
1451578447610,2,0.020756999030709267,0.04639799892902374,-0.017093999311327934
1451578447627,2,0.020756999030709267,0.09401699900627136,-0.03663000091910362
1451578447648,2,0.020756999030709267,0.16483499109745026,-0.12087900191545486
1451578447668,2,0.04273499920964241,0.1892549991607666,-0.19902299344539642
1451578447688,2,-0.06104999780654907,0.33821699023246765,-2.67399001121521
1451578447708,2,0.33211198449134827,-1.873013973236084,-0.45665398240089417
1451578447728,2,0.13430999219417572,-1.9084229469299316,0.3369959890842438
1451578447749,2,-0.16605599224567413,-0.4859579801559448,0.31746000051498413
1451578447769,2,-0.30524998903274536,1.196579933166504,0.4615379869937897
1451578447789,2,-0.3846150040626526,1.2905969619750977,0.3467639982700348
1451578447812,2,-0.27960899472236633,1.0744799375534058,-0.03663000091910362
1451578447834,2,0.05860799923539162,0.6398040056228638,-0.3455429971218109
1451578447850,2,0.3626369833946228,0.44688600301742554,-0.318681001663208
1451578447869,2,0.211232990026474,-0.06959699839353561,0.07203900068998337
1451578447889,2,-0.07692299783229828,-0.45665398240089417,0.09523800015449524
1451578447909,2,-0.27350398898124695,-0.5958479642868042,0.035408999770879745
1451578447930,2,-0.2820509970188141,-0.3772889971733093,-0.10866899788379669
1451578447950,2,-0.10134299844503403,-0.06227099895477295,-0.18681299686431885
1451578447970,2,0.1514039933681488,0.299144983291626,-0.054944999516010284
1451578447990,2,0.06104999780654907,0.18681299686431885,0.0378509983420372
1451578448009,2,-0.07203900068998337,-0.014651999808847904,0.08424899727106094
1451578448029,2,-0.11965800076723099,-0.14163599908351898,0.09035399556159973
1451578448055,2,-0.059829000383615494,-0.10500600188970566,0.0647130012512207
1451578448070,2,0.14407800137996674,0.16483499109745026,0.0012209999840706587
1451578448093,2,0.14163599908351898,0.17582400143146515,0.004883999936282635
1451578448110,2,0.050060998648405075,-0.0012209999840706587,0.01953599974513054
1451578448131,2,-0.04395600035786629,-0.18803399801254272,0.02319899946451187
1451578448151,2,-0.07692299783229828,-0.22344300150871277,0.03663000091910362
1451578448171,2,-0.03418799862265587,-0.16971899569034576,0.030524998903274536
1451578448192,2,0.10134299844503403,0.23565299808979034,-0.06593400239944458
1451578448211,2,0.1843709945678711,0.4273499846458435,-0.1465200036764145
1451578448230,2,0.20390699803829193,0.5372399687767029,-0.17704500257968903
1451578448251,2,0.18192899227142334,0.7423679828643799,-0.10744799673557281
1451578448271,2,0.1623930037021637,-0.03663000091910362,-0.1245419979095459
1451578448293,2,-0.334553986787796,-0.8717939853668213,-0.07936500012874603
1451578448311,2,-0.38095200061798096,-0.8693519830703735,0.05738699808716774
1451578448332,2,-0.2808299958705902,-0.6910859942436218,0.11721599847078323
1451578448351,2,-0.13430999219417572,-0.3894990086555481,0.1562879979610443
1451578448372,2,-0.004883999936282635,-0.09645900130271912,0.1452990025281906
1451578448393,2,0.18681299686431885,0.39804598689079285,0.01953599974513054
1451578448416,2,0.2527469992637634,0.45177000761032104,-0.07448099553585052
1451578448432,2,0.24542099237442017,0.3992669880390167,-0.097680002450943
1451578448452,2,0.22588500380516052,0.13064700365066528,-0.09890099614858627
1451578448472,2,0.17948700487613678,-0.0866909995675087,-0.07326000183820724
1451578448492,2,0.12087900191545486,-0.12332099676132202,0.01953599974513054
1451578448513,2,0.035408999770879745,-0.10744799673557281,0.08180700242519379
1451578448533,2,0.006105000153183937,-0.06104999780654907,0.07081799954175949
1451578448553,2,-0.008546999655663967,0.020756999030709267,0.059829000383615494
1451578448574,2,-0.0012209999840706587,0.0647130012512207,0.04395600035786629
1451578448600,2,0.015873000025749207,0.10500600188970566,0.0378509983420372
1451578448613,2,0.07692299783229828,0.1941390037536621,0.059829000383615494
1451578448634,2,0.0757019966840744,0.2002439945936203,0.08180700242519379
1451578448654,2,0.054944999516010284,0.17093999683856964,0.08546999841928482
1451578448674,2,0.0024419999681413174,0.097680002450943,0.07448099553585052
1451578448695,2,-0.05372399836778641,0.054944999516010284,0.06104999780654907
1451578448714,2,-0.02930399961769581,0.04761900007724762,0.05250300094485283
1451578448735,2,-0.004883999936282635,0.040293000638484955,0.03418799862265587
1451578448755,2,-0.012210000306367874,0.017093999311327934,0.0024419999681413174
1451578448777,2,-0.02319899946451187,-0.03418799862265587,-0.00976799987256527
1451578448795,2,-0.0378509983420372,-0.08302799612283707,-0.026861999183893204
1451578448815,2,-0.03174600005149841,-0.08546999841928482,-0.025640999898314476
1451578448835,2,0.035408999770879745,-0.0488400012254715,0.01953599974513054
1451578448855,2,0.02930399961769581,-0.012210000306367874,0.0024419999681413174
1451578448875,2,0.03907199949026108,-0.006105000153183937,-0.007325999904423952
1451578448895,2,0.05128199979662895,-0.01953599974513054,-0.00976799987256527
1451578448915,2,0.07814399898052216,-0.02442000061273575,-0.02319899946451187
1451578448935,2,0.06593400239944458,0.013430999591946602,-0.06837599724531174
1451578448955,2,0.0488400012254715,0.06593400239944458,-0.0757019966840744
1451578448982,2,0.045176997780799866,0.07936500012874603,-0.05738699808716774
1451578448996,2,0.04639799892902374,0.12332099676132202,-0.004883999936282635
1451578449016,2,0.040293000638484955,0.07692299783229828,0.0378509983420372
1451578449036,2,0.010989000089466572,0.06104999780654907,-0.030524998903274536
1451578449056,2,0.07936500012874603,0.16117200255393982,-0.06593400239944458
1451578449076,2,0.13675199449062347,0.20390699803829193,-0.08913300186395645
1451578449096,2,0.11477399617433548,0.20390699803829193,-0.09035399556159973
1451578449117,2,0.04761900007724762,0.18070799112319946,-0.02808300033211708
1451578449145,2,-0.01953599974513054,0.030524998903274536,0.01953599974513054
1451578449157,2,0.006105000153183937,-0.11599499732255936,-0.014651999808847904
1451578449176,2,0.06227099895477295,-0.15018299221992493,-0.017093999311327934
1451578449208,1,0.14774100482463837,-0.045176997780799866,0.008546999655663967
1451578449217,1,0.15995100140571594,0.054944999516010284,0.0488400012254715
1451578449237,1,0.06959699839353561,0.10134299844503403,0.08180700242519379
1451578449258,1,-0.15018299221992493,-0.006105000153183937,0.13675199449062347
1451578449279,1,-0.10012199729681015,0.007325999904423952,0.14163599908351898
1451578449302,1,0.04761900007724762,0.06593400239944458,0.16361400485038757
1451578449323,1,0.1294260025024414,0.05372399836778641,0.2161169946193695
1451578449344,1,0.10012199729681015,-0.04395600035786629,0.22832699120044708
1451578449360,1,0.07814399898052216,-0.05128199979662895,0.27350398898124695
1451578449379,1,0.10134299844503403,-0.01831500045955181,0.3675209879875183
1451578449398,1,0.09279599785804749,-0.05372399836778641,0.4798530042171478
1451578449418,1,-0.026861999183893204,-0.25641000270843506,0.5091570019721985
1451578449439,1,-0.15384599566459656,-0.2527469992637634,0.4529910087585449
1451578449458,1,0.15995100140571594,-0.27350398898124695,0.3308909833431244
1451578449479,1,0.5152620077133179,-0.5677649974822998,0.1135529950261116
1451578449500,1,0.5421239733695984,-1.08058500289917,-0.30524998903274536
1451578449519,1,0.699633002281189,0.19780199229717255,-1.7887649536132813
1451578449539,1,1.830278992652893,0.8730149865150452,-1.7924280166625977
1451578449559,1,1.3162379264831543,0.1733819991350174,-1.534796953201294
1451578449580,1,-0.832722008228302,-0.7203899621963501,0.8583629727363586
1451578449600,1,-1.1318669319152832,-1.0158720016479492,1.2197790145874023
1451578449620,1,-1.2136739492416382,-1.029302954673767,0.7655670046806335
1451578449640,1,-1.009766936302185,-0.5323559641838074,0.10378500074148178
1451578449660,1,-0.5616599917411804,0.17582400143146515,-0.3247860074043274
1451578449684,1,0.16971899569034576,1.0317449569702148,-0.2820509970188141
1451578449702,1,0.11233200132846832,0.7350419759750366,0.015873000025749207
1451578449720,1,-0.13186800479888916,0.23687399923801422,0.2869350016117096
1451578449741,1,-0.3308909833431244,-0.18803399801254272,0.4383389949798584
1451578449760,1,-0.36996299028396606,-0.3956039845943451,0.4432229995727539
1451578449781,1,-0.040293000638484955,-0.13186800479888916,0.14407800137996674
1451578449801,1,0.17704500257968903,0.02808300033211708,0.06959699839353561
1451578449821,1,0.2820509970188141,0.10378500074148178,0.02319899946451187
1451578449849,1,0.2588520050048828,0.13064700365066528,0.0012209999840706587
1451578449861,1,0.167276993393898,0.10866899788379669,-0.03174600005149841
1451578449881,1,0.09035399556159973,0.11721599847078323,-0.0757019966840744
1451578449901,1,0.08302799612283707,0.20879100263118744,-0.1025639995932579
1451578449922,1,0.07081799954175949,0.20634900033473969,-0.07814399898052216
1451578449942,1,0.030524998903274536,0.15995100140571594,-0.06227099895477295
1451578449962,1,-0.01953599974513054,0.1135529950261116,-0.0488400012254715
1451578449982,1,-0.08058600127696991,0.08058600127696991,-0.02930399961769581
1451578450002,1,-0.11721599847078323,0.09645900130271912,-0.026861999183893204
1451578450022,1,-0.11721599847078323,0.1623930037021637,-0.030524998903274536
1451578450048,1,-0.097680002450943,0.25641000270843506,-0.04151399806141853
1451578450062,1,-0.07081799954175949,0.2979239821434021,-0.04273499920964241
1451578450082,1,-0.0866909995675087,0.2698409855365753,-0.04395600035786629
1451578450103,1,-0.167276993393898,0.097680002450943,-0.01953599974513054
1451578450129,1,-0.17948700487613678,0.01831500045955181,-0.020756999030709267
1451578450143,1,-0.16483499109745026,-0.01953599974513054,-0.02930399961769581
1451578450163,1,-0.11843699961900711,0.0012209999840706587,-0.04395600035786629
1451578450183,1,-0.0488400012254715,0.07081799954175949,-0.07203900068998337
1451578450203,1,0.01831500045955181,0.1514039933681488,-0.08180700242519379
1451578450224,1,0.07448099553585052,0.13064700365066528,-0.040293000638484955
1451578450243,1,0.04395600035786629,0.08302799612283707,0.0012209999840706587
1451578450264,1,-0.007325999904423952,0.006105000153183937,0.0378509983420372
1451578450289,1,-0.04151399806141853,-0.040293000638484955,0.030524998903274536
1451578450304,1,-0.013430999591946602,-0.00976799987256527,-0.010989000089466572
1451578450324,1,0.12209999561309814,0.15018299221992493,-0.1025639995932579
1451578450344,1,0.15018299221992493,0.20879100263118744,-0.12209999561309814
1451578450369,1,0.13064700365066528,0.23565299808979034,-0.10500600188970566
1451578450385,1,0.08913300186395645,0.18803399801254272,-0.05372399836778641
1451578450405,1,0.02930399961769581,0.04273499920964241,0.003662999952211976
1451578450431,1,-0.097680002450943,-0.15018299221992493,0.00976799987256527
1451578450449,1,-0.07081799954175949,-0.054944999516010284,-0.007325999904423952
1451578450470,1,-0.0024419999681413174,0.06104999780654907,0.01831500045955181
1451578450485,1,0.04395600035786629,0.11599499732255936,0.05616600066423416
1451578450505,1,0.04395600035786629,0.08913300186395645,0.1135529950261116
1451578450527,1,0.0024419999681413174,0.021978000178933144,0.1684979945421219
1451578450545,1,0.003662999952211976,0.006105000153183937,0.19169700145721436
1451578450565,1,0.04761900007724762,0.05250300094485283,0.167276993393898
1451578450586,1,0.07814399898052216,0.08424899727106094,0.12576299905776978
1451578450606,1,0.08913300186395645,0.06715499609708786,0.097680002450943
1451578450626,1,0.08913300186395645,0.045176997780799866,0.09035399556159973
1451578450646,1,0.07203900068998337,0.007325999904423952,0.10988999903202057
1451578450666,1,0.05738699808716774,0.006105000153183937,0.08546999841928482
1451578450686,1,0.05372399836778641,0.025640999898314476,0.05250300094485283
1451578450707,1,0.04761900007724762,0.03907199949026108,0.026861999183893204
1451578450727,1,0.03418799862265587,0.05372399836778641,0.0024419999681413174
1451578450747,1,0.07936500012874603,0.06227099895477295,0.006105000153183937
1451578450766,1,0.12087900191545486,0.040293000638484955,0.012210000306367874
1451578450787,1,0.12087900191545486,0.007325999904423952,-0.0012209999840706587
1451578450807,1,0.0757019966840744,0.02442000061273575,-0.040293000638484955
1451578450827,1,0.02442000061273575,0.050060998648405075,-0.0866909995675087
1451578450847,1,-0.003662999952211976,0.06104999780654907,-0.04761900007724762
1451578450868,1,-0.004883999936282635,0.03907199949026108,-0.0024419999681413174
1451578450887,1,-0.02319899946451187,-0.010989000089466572,0.013430999591946602
1451578450908,1,-0.03174600005149841,-0.040293000638484955,0.013430999591946602
1451578450933,1,-0.010989000089466572,-0.02930399961769581,0.003662999952211976
1451578450947,1,0.006105000153183937,-0.004883999936282635,-0.0024419999681413174
1451578450968,1,0.02442000061273575,-0.007325999904423952,-0.02319899946451187
1451578450988,1,0.03296700119972229,-0.026861999183893204,-0.02319899946451187
1451578451010,1,0.03296700119972229,-0.03174600005149841,-0.03907199949026108
1451578451028,1,0.045176997780799866,-0.014651999808847904,-0.035408999770879745
1451578451049,1,0.04395600035786629,0.015873000025749207,-0.03296700119972229
1451578451069,1,0.006105000153183937,0.07814399898052216,-0.020756999030709267
1451578451088,1,-0.010989000089466572,0.06837599724531174,0.0
1451578451110,1,-0.030524998903274536,0.05250300094485283,0.015873000025749207
1451578451128,1,-0.05250300094485283,0.0647130012512207,0.054944999516010284
1451578451148,1,-0.06227099895477295,0.08424899727106094,0.08058600127696991
1451578451169,1,-0.01953599974513054,0.09279599785804749,0.0866909995675087
1451578451189,1,-0.020756999030709267,0.06593400239944458,0.06715499609708786
1451578451213,2,-0.008546999655663967,0.02319899946451187,0.03418799862265587
1451578451231,2,0.004883999936282635,-0.012210000306367874,0.004883999936282635
1451578451250,2,0.006105000153183937,-0.035408999770879745,-0.020756999030709267
1451578451270,2,0.008546999655663967,-0.04273499920964241,-0.026861999183893204
1451578451290,2,0.054944999516010284,-0.07326000183820724,0.003662999952211976
1451578451310,2,0.07081799954175949,-0.09279599785804749,0.008546999655663967
1451578451330,2,0.05616600066423416,-0.10866899788379669,-0.013430999591946602
1451578451350,2,0.021978000178933144,-0.10744799673557281,-0.03907199949026108
1451578451370,2,0.007325999904423952,-0.08424899727106094,-0.05372399836778641
1451578451391,2,0.014651999808847904,-0.040293000638484955,-0.059829000383615494
1451578451411,2,0.015873000025749207,-0.0024419999681413174,-0.05738699808716774
1451578451431,2,0.00976799987256527,0.02930399961769581,-0.0647130012512207
1451578451451,2,0.014651999808847904,0.0488400012254715,-0.07326000183820724
1451578451470,2,0.03663000091910362,0.07326000183820724,-0.07448099553585052
1451578451491,2,0.015873000025749207,0.09890099614858627,-0.05738699808716774
1451578451511,2,-0.02319899946451187,0.07203900068998337,-0.0488400012254715
1451578451532,2,-0.04395600035786629,0.05616600066423416,-0.03418799862265587
1451578451551,2,-0.02930399961769581,0.045176997780799866,-0.02808300033211708
1451578451571,2,-0.02930399961769581,0.015873000025749207,-0.020756999030709267
1451578451592,2,-0.06227099895477295,-0.01953599974513054,-0.02930399961769581
1451578451612,2,-0.25152599811553955,0.6117209792137146,-4.3101301193237305
1451578451632,2,0.4102559983730316,-1.4053709506988525,-2.0976779460906982
1451578451652,2,0.09035399556159973,-0.8388270139694214,-0.5873010158538818
1451578451672,2,0.23931600153446198,-0.2808299958705902,0.12820500135421753
1451578451693,2,0.4053719937801361,0.5299140214920044,1.1648340225219727
1451578451712,2,-0.23565299808979034,0.33943799138069153,1.2954809665679932
1451578451733,2,-0.5409029722213745,-0.24175800383090973,0.3150179982185364
1451578451753,2,-0.195360004901886,-0.13919399678707123,-0.35409000515937805
1451578451773,2,0.43101298809051514,0.21001200377941132,-0.39194098114967346
1451578451795,2,0.7069590091705322,0.44200199842453003,-0.15506699681282043
1451578451814,2,0.0012209999840706587,-0.1843709945678711,0.07081799954175949
1451578451834,2,-0.3235650062561035,-0.45665398240089417,-0.025640999898314476
1451578451854,2,-0.30524998903274536,-0.3992669880390167,-0.09279599785804749
1451578451876,2,-0.09035399556159973,-0.12698400020599365,-0.09279599785804749
1451578451894,2,0.06349200010299683,0.13186800479888916,-0.04761900007724762
1451578451914,2,0.097680002450943,0.20879100263118744,0.013430999591946602
1451578451934,2,-0.0488400012254715,-0.06104999780654907,0.04395600035786629
1451578451954,2,-0.11965800076723099,-0.12332099676132202,-0.015873000025749207
1451578451976,2,-0.09157499670982361,-0.0866909995675087,-0.09401699900627136
1451578451999,2,-0.02808300033211708,0.035408999770879745,-0.13675199449062347
1451578452014,2,0.014651999808847904,0.13064700365066528,-0.16117200255393982
1451578452034,2,0.07692299783229828,0.13675199449062347,-0.15262499451637268
1451578452055,2,0.06593400239944458,0.08913300186395645,-0.10134299844503403
1451578452075,2,0.08180700242519379,0.10134299844503403,-0.040293000638484955
1451578452095,2,0.03663000091910362,-0.14285700023174286,0.07081799954175949
1451578452115,2,-0.16117200255393982,-0.15995100140571594,0.1514039933681488
1451578452135,2,-0.11965800076723099,-0.32234400510787964,0.08913300186395645
1451578452155,2,-0.12820500135421753,-0.23443199694156647,0.004883999936282635
1451578452175,2,-0.040293000638484955,-0.32234400510787964,-0.04395600035786629
1451578452195,2,0.07203900068998337,-0.29548200964927673,-0.021978000178933144
1451578452226,2,0.1404149979352951,-0.32234400510787964,-0.02442000061273575
1451578452237,2,0.11477399617433548,-0.3369959890842438,-0.03907199949026108
1451578452256,2,0.08546999841928482,0.04151399806141853,-0.06959699839353561
1451578452276,2,0.13064700365066528,0.2747249901294708,-0.09035399556159973
1451578452296,2,0.13797299563884735,0.3504270017147064,-0.09279599785804749
1451578452316,2,0.07081799954175949,0.2820509970188141,-0.02930399961769581
1451578452336,2,-0.012210000306367874,0.1355309933423996,0.05250300094485283
1451578452356,2,-0.09279599785804749,-0.35409000515937805,0.08302799612283707
1451578452377,2,-0.1514039933681488,-0.5103780031204224,-0.06593400239944458
1451578452397,2,-0.2380950003862381,-0.6104999780654907,0.06715499609708786
1451578452417,2,-0.2661779820919037,-0.2698409855365753,0.21977999806404114
1451578452437,2,-0.3565320074558258,0.2905980050563812,0.3235650062561035
1451578452460,2,-0.7631250023841858,0.6288149952888489,0.5213670134544373
1451578452483,2,-0.6874229907989502,0.45665398240089417,0.3614159822463989
1451578452498,2,-0.5079360008239746,0.24664199352264404,0.19658099114894867
1451578452518,2,-0.3894990086555481,0.5445659756660461,0.07203900068998337
1451578452538,2,-0.6166049838066101,0.11721599847078323,0.09645900130271912
1451578452557,2,-0.45054900646209717,0.02442000061273575,0.31746000051498413
1451578452582,2,-0.24664199352264404,0.2661779820919037,0.318681001663208
1451578452598,2,0.13919399678707123,0.5067149996757507,0.22588500380516052
1451578452618,2,0.5995109677314758,0.9096449613571167,0.2161169946193695
1451578452638,2,0.6385830044746399,1.1660549640655518,0.2002439945936203
1451578452661,2,0.32112300395965576,0.8583629727363586,0.37118399143218994
1451578452678,2,-0.6630029678344727,-0.854699969291687,0.03296700119972229
1451578452703,2,-0.6336989998817444,-0.9291809797286987,0.07814399898052216
1451578452719,2,-0.3296699821949005,-0.5909640192985535,0.03907199949026108
1451578452739,2,-0.003662999952211976,-0.41880300641059875,-0.09401699900627136
1451578452762,2,0.21245399117469788,-0.33211198449134827,-0.22466400265693665
1451578452779,2,0.3247860074043274,-0.42002400755882263,-0.3882780075073242
1451578452799,2,0.2649570107460022,-0.48351600766181946,-0.3467639982700348
1451578452820,2,0.21489599347114563,-0.49572598934173584,-0.11721599847078323
1451578452845,2,0.2441999912261963,-0.6129419803619385,0.0488400012254715
1451578452859,2,0.16971899569034576,-0.5323559641838074,0.020756999030709267
1451578452880,2,-0.00976799987256527,-0.2490839958190918,-0.05250300094485283
1451578452900,2,0.0024419999681413174,-0.12209999561309814,-0.07448099553585052
1451578452920,2,0.12087900191545486,-0.003662999952211976,-0.06959699839353561
1451578452940,2,0.26861998438835144,0.05250300094485283,-0.1025639995932579
1451578452965,2,0.3626369833946228,0.08913300186395645,-0.13308899104595184
1451578452980,2,0.3882780075073242,0.16483499109745026,-0.10744799673557281
1451578453000,2,0.3028079867362976,0.18314999341964722,-0.012210000306367874
1451578453020,2,0.26861998438835144,0.04151399806141853,0.020756999030709267
1451578453043,2,0.24175800383090973,0.012210000306367874,0.02808300033211708
1451578453065,2,0.2539680004119873,0.10012199729681015,0.02319899946451187
1451578453080,2,0.28449299931526184,0.2380950003862381,-0.025640999898314476
1451578453100,2,0.1892549991607666,0.44566500186920166,-0.04273499920964241
1451578453121,2,0.040293000638484955,0.33821699023246765,0.04639799892902374
1451578453143,2,-0.025640999898314476,0.19047600030899048,0.12332099676132202
1451578453167,2,0.003662999952211976,0.11477399617433548,0.12332099676132202
1451578453182,2,0.09523800015449524,0.1452990025281906,0.045176997780799866
1451578453202,2,0.2490839958190918,0.20390699803829193,-0.008546999655663967
1451578453222,2,0.1465200036764145,0.11477399617433548,-0.006105000153183937
1451578453245,1,-0.026861999183893204,-0.07326000183820724,0.03663000091910362
1451578453262,1,-0.1941390037536621,-0.2759459912776947,0.1025639995932579
1451578453283,1,-0.2661779820919037,-0.3516480028629303,0.12209999561309814
1451578453302,1,-0.20879100263118744,-0.3418799936771393,0.09035399556159973
1451578453322,1,0.11233200132846832,-0.11233200132846832,0.06959699839353561
1451578453342,1,0.13797299563884735,-0.045176997780799866,0.05250300094485283
1451578453362,1,0.05616600066423416,-0.010989000089466572,0.03663000091910362
1451578453383,1,-0.06959699839353561,-0.03296700119972229,0.050060998648405075
1451578453403,1,-0.17582400143146515,-0.05128199979662895,0.07081799954175949
1451578453423,1,-0.24664199352264404,-0.27228298783302307,0.10866899788379669
1451578453443,1,-0.23443199694156647,-0.28937700390815735,0.025640999898314476
1451578453463,1,-0.16971899569034576,-0.211232990026474,-0.03296700119972229
1451578453484,1,-0.05738699808716774,-0.06715499609708786,0.03296700119972229
1451578453503,1,0.11721599847078323,0.0647130012512207,0.12332099676132202
1451578453533,1,0.3308909833431244,-1.3699619770050049,-0.2051279991865158
1451578453544,1,0.5311350226402283,-0.6349200010299683,-1.5848579406738281
1451578453570,1,1.6678860187530518,-1.0781430006027222,-2.008544921875
1451578453584,1,0.9999989867210388,-1.2967020273208618,-1.9694730043411255
1451578453604,1,0.3418799936771393,-1.2429779767990112,-0.91697096824646
1451578453624,1,-0.26861998438835144,-0.9975569844245911,0.3675209879875183
1451578453644,1,-0.5579969882965088,-0.22344300150871277,1.0231980085372925
1451578453665,1,-0.47374799847602844,0.27228298783302307,0.5873010158538818
1451578453690,1,-0.3199020028114319,0.6202679872512817,-0.13064700365066528
1451578453705,1,-0.15995100140571594,0.7985339760780334,-0.46886399388313293
1451578453727,1,0.08180700242519379,0.8791199922561646,-0.24786299467086792
1451578453751,1,0.015873000025749207,0.6117209792137146,0.2918190062046051
1451578453765,1,-0.15018299221992493,0.32112300395965576,0.3369959890842438
1451578453785,1,-0.211232990026474,0.16605599224567413,0.27838799357414246
1451578453805,1,-0.15995100140571594,0.1733819991350174,0.2637360095977783
1451578453825,1,-0.07081799954175949,0.23687399923801422,0.21245399117469788
1451578453850,1,0.05616600066423416,0.4017089903354645,0.03296700119972229
1451578453865,1,0.08302799612283707,0.36629998683929443,-0.06593400239944458
1451578453886,1,0.0866909995675087,0.2539680004119873,-0.09645900130271912
1451578453905,1,0.0647130012512207,0.12209999561309814,-0.06104999780654907
1451578453926,1,0.026861999183893204,0.02930399961769581,0.017093999311327934
1451578453951,1,-0.021978000178933144,0.04273499920964241,0.07081799954175949
1451578453966,1,-0.0647130012512207,0.1404149979352951,0.02319899946451187
1451578453986,1,0.010989000089466572,0.19780199229717255,-0.030524998903274536
1451578454006,1,0.0647130012512207,0.22832699120044708,-0.0488400012254715
1451578454028,1,0.07448099553585052,0.17460300028324127,-0.04151399806141853
1451578454046,1,0.04639799892902374,0.09523800015449524,0.01831500045955181
1451578454067,1,-0.05860799923539162,0.09035399556159973,0.059829000383615494
1451578454088,1,-0.06715499609708786,0.15506699681282043,0.02930399961769581
1451578454108,1,-0.025640999898314476,0.20268599689006805,-0.02319899946451187
1451578454128,1,0.03296700119972229,0.2051279991865158,-0.03296700119972229
1451578454148,1,0.08180700242519379,0.15506699681282043,-0.04395600035786629
1451578454168,1,0.07203900068998337,0.03663000091910362,-0.040293000638484955
1451578454188,1,0.050060998648405075,-0.02808300033211708,-0.013430999591946602
1451578454217,1,0.012210000306367874,-0.059829000383615494,-0.0024419999681413174
1451578454229,1,-0.02319899946451187,-0.05250300094485283,-0.02808300033211708
1451578454248,1,-0.00976799987256527,0.0012209999840706587,-0.06104999780654907
1451578454268,1,0.07814399898052216,0.10500600188970566,-0.10988999903202057
1451578454289,1,0.06227099895477295,0.0757019966840744,-0.0757019966840744
1451578454309,1,0.0012209999840706587,0.03174600005149841,-0.05372399836778641
1451578454333,1,-0.05860799923539162,-0.012210000306367874,-0.04273499920964241
1451578454349,1,-0.07326000183820724,-0.04273499920964241,-0.06349200010299683
1451578454368,1,-0.03174600005149841,-0.02319899946451187,-0.09645900130271912
1451578454389,1,0.054944999516010284,0.0378509983420372,-0.09035399556159973
1451578454414,1,0.05372399836778641,0.03174600005149841,-0.04761900007724762
1451578454433,1,0.03418799862265587,0.0,-0.03418799862265587
1451578454455,1,0.02930399961769581,-0.008546999655663967,-0.02442000061273575
1451578454474,1,0.03663000091910362,0.02319899946451187,-0.04639799892902374
1451578454490,1,0.026861999183893204,0.06227099895477295,-0.09523800015449524
1451578454511,1,0.021978000178933144,0.06715499609708786,-0.0647130012512207
1451578454530,1,0.003662999952211976,0.03663000091910362,-0.010989000089466572
1451578454556,1,-0.013430999591946602,0.0024419999681413174,0.01953599974513054
1451578454570,1,-0.015873000025749207,-0.00976799987256527,0.014651999808847904
1451578454590,1,-0.010989000089466572,-0.006105000153183937,-0.006105000153183937
1451578454610,1,-0.003662999952211976,0.008546999655663967,-0.015873000025749207
1451578454631,1,-0.0012209999840706587,0.02442000061273575,-0.015873000025749207
1451578454650,1,0.0024419999681413174,0.04273499920964241,-0.012210000306367874
1451578454671,1,0.004883999936282635,0.026861999183893204,-0.02808300033211708
1451578454691,1,0.015873000025749207,0.0024419999681413174,-0.035408999770879745
1451578454710,1,0.02319899946451187,-0.03296700119972229,-0.012210000306367874
1451578454736,1,0.02442000061273575,-0.015873000025749207,-0.00976799987256527
1451578454751,1,0.02808300033211708,-0.010989000089466572,-0.010989000089466572
1451578454771,1,0.035408999770879745,0.003662999952211976,-0.01831500045955181
1451578454793,1,0.030524998903274536,0.01831500045955181,-0.021978000178933144
1451578454811,1,-0.010989000089466572,0.01953599974513054,-0.03296700119972229
1451578454832,1,-0.02319899946451187,-0.0012209999840706587,-0.013430999591946602
1451578454852,1,-0.007325999904423952,-0.004883999936282635,0.013430999591946602
1451578454872,1,-0.0012209999840706587,0.004883999936282635,0.0024419999681413174
1451578454899,1,0.0,0.02319899946451187,-0.0024419999681413174
1451578454912,1,-0.010989000089466572,0.02442000061273575,0.003662999952211976
1451578454932,1,-0.02319899946451187,-0.03174600005149841,0.035408999770879745
1451578454953,1,-0.02442000061273575,-0.06227099895477295,0.05250300094485283
1451578454973,1,-0.026861999183893204,-0.03418799862265587,0.035408999770879745
1451578454993,1,0.007325999904423952,-0.02442000061273575,-0.003662999952211976
1451578455017,1,0.04273499920964241,-0.025640999898314476,0.008546999655663967
1451578455032,1,0.008546999655663967,-0.025640999898314476,0.02442000061273575
1451578455053,1,-0.0378509983420372,-0.05128199979662895,0.02808300033211708
1451578455073,1,-0.0488400012254715,-0.05372399836778641,0.02319899946451187
1451578455094,1,-0.004883999936282635,-0.020756999030709267,0.012210000306367874
1451578455118,1,0.03296700119972229,0.0024419999681413174,0.0024419999681413174
1451578455133,1,0.007325999904423952,-0.025640999898314476,0.0024419999681413174
1451578455154,1,-0.01831500045955181,-0.026861999183893204,-0.0012209999840706587
1451578455173,1,-0.014651999808847904,-0.013430999591946602,-0.010989000089466572
1451578455193,1,-0.013430999591946602,-0.00976799987256527,-0.007325999904423952
1451578455214,1,-0.006105000153183937,-0.0024419999681413174,0.0
1451578455234,1,-0.025640999898314476,0.007325999904423952,-0.006105000153183937
1451578455260,1,-0.013430999591946602,0.030524998903274536,-0.01953599974513054
1451578455274,2,-0.008546999655663967,0.06349200010299683,-0.04273499920964241
1451578455294,2,-0.007325999904423952,0.1575089991092682,-0.05372399836778641
1451578455316,2,-0.008546999655663967,0.15262499451637268,-0.04395600035786629
1451578455335,2,-0.020756999030709267,0.09035399556159973,-0.015873000025749207
1451578455355,2,-0.04395600035786629,0.014651999808847904,0.05372399836778641
1451578455375,2,-0.02319899946451187,0.017093999311327934,0.05372399836778641
1451578455395,2,0.014651999808847904,0.021978000178933144,0.05128199979662895
1451578455415,2,0.03907199949026108,0.01831500045955181,0.06227099895477295
1451578455435,2,0.026861999183893204,-0.00976799987256527,0.07203900068998337
1451578455455,2,-0.010989000089466572,-0.01953599974513054,0.04151399806141853
1451578455476,2,0.008546999655663967,0.013430999591946602,0.007325999904423952
1451578455496,2,0.02930399961769581,0.03663000091910362,-0.02319899946451187
1451578455516,2,0.030524998903274536,0.04639799892902374,-0.06837599724531174
1451578455536,2,0.04395600035786629,0.10622699558734894,-0.11843699961900711
1451578455556,2,0.23687399923801422,0.4859579801559448,-0.3614159822463989
1451578455576,2,0.30036598443984985,0.5677649974822998,-0.5152620077133179
1451578455597,2,0.2967030107975006,0.37118399143218994,0.565322995185852
1451578455621,2,-0.32600700855255127,-1.0866899490356445,2.2747230529785156
1451578455637,2,0.37118399143218994,-1.119657039642334,1.366299033164978
1451578455663,2,0.45054900646209717,-0.33333298563957214,0.36507898569107056
1451578455677,2,-0.5225880146026611,-0.07936500012874603,-0.14163599908351898
1451578455701,2,-0.6703289747238159,0.3894990086555481,-0.44566500186920166
1451578455717,2,-0.36019498109817505,0.7692300081253052,-0.7557989954948425
1451578455737,2,0.0,0.8925510048866272,-0.9120869636535645
1451578455757,2,0.29548200964927673,0.5311350226402283,-0.689864993095398
1451578455777,2,0.1404149979352951,-0.44688600301742554,0.05738699808716774
1451578455798,2,-0.006105000153183937,-0.5335769653320313,0.19047600030899048
1451578455819,2,-0.04395600035786629,-0.33821699023246765,0.1733819991350174
1451578455838,2,-0.014651999808847904,-0.0866909995675087,0.06715499609708786
1451578455858,2,0.026861999183893204,0.06227099895477295,-0.04395600035786629
1451578455878,2,-0.0024419999681413174,-0.02319899946451187,-0.08180700242519379
1451578455898,2,-0.014651999808847904,-0.10378500074148178,-0.035408999770879745
1451578455924,2,-0.004883999936282635,-0.12209999561309814,0.008546999655663967
1451578455945,2,0.010989000089466572,-0.08058600127696991,0.03418799862265587
1451578455958,2,-0.004883999936282635,-0.013430999591946602,0.02808300033211708
1451578455978,2,-0.05860799923539162,0.05860799923539162,0.0
1451578455999,2,-0.04761900007724762,0.05372399836778641,-0.012210000306367874
1451578456019,2,-0.012210000306367874,0.012210000306367874,-0.025640999898314476
1451578456039,2,0.021978000178933144,-0.01831500045955181,-0.035408999770879745
1451578456059,2,0.04761900007724762,-0.017093999311327934,-0.03296700119972229
1451578456079,2,0.05738699808716774,-0.010989000089466572,-0.013430999591946602
1451578456099,2,0.045176997780799866,0.01831500045955181,0.006105000153183937
1451578456119,2,0.0378509983420372,0.04273499920964241,0.014651999808847904
1451578456139,2,0.0378509983420372,0.05128199979662895,0.02808300033211708
1451578456164,2,0.030524998903274536,0.03663000091910362,0.02808300033211708
1451578456179,2,0.03418799862265587,0.014651999808847904,0.010989000089466572
1451578456205,2,0.020756999030709267,0.04395600035786629,-0.03418799862265587
1451578456220,2,0.03418799862265587,0.05616600066423416,-0.04761900007724762
1451578456241,2,0.05128199979662895,0.0488400012254715,-0.02442000061273575
1451578456260,2,0.05250300094485283,0.03296700119972229,-0.012210000306367874
1451578456280,2,0.03663000091910362,0.03296700119972229,-0.010989000089466572
1451578456300,2,-0.0024419999681413174,0.05128199979662895,-0.04639799892902374
1451578456321,2,0.012210000306367874,0.02442000061273575,-0.0647130012512207
1451578456341,2,0.054944999516010284,0.0012209999840706587,-0.06959699839353561
1451578456361,2,0.07814399898052216,-0.021978000178933144,-0.04761900007724762
1451578456381,2,0.059829000383615494,-0.03418799862265587,-0.01831500045955181
1451578456402,2,0.00976799987256527,0.004883999936282635,0.0
1451578456428,2,-0.07448099553585052,0.09157499670982361,0.0012209999840706587
1451578456441,2,-0.06349200010299683,0.05616600066423416,-0.0378509983420372
1451578456461,2,-0.006105000153183937,-0.003662999952211976,-0.08180700242519379
1451578456482,2,0.04273499920964241,-0.05860799923539162,-0.11965800076723099
1451578456502,2,0.08058600127696991,-0.06959699839353561,-0.12820500135421753
1451578456522,2,0.0866909995675087,0.02442000061273575,-0.11233200132846832
1451578456549,2,0.05616600066423416,0.020756999030709267,-0.08424899727106094
1451578456562,2,0.0488400012254715,0.015873000025749207,-0.03907199949026108
1451578456582,2,0.04273499920964241,0.021978000178933144,0.003662999952211976
1451578456603,2,0.0378509983420372,0.02442000061273575,0.020756999030709267
1451578456623,2,0.04761900007724762,0.06593400239944458,0.0488400012254715
1451578456643,2,0.010989000089466572,0.05860799923539162,0.059829000383615494
1451578456663,2,-0.050060998648405075,0.026861999183893204,0.059829000383615494
1451578456683,2,-0.1025639995932579,-0.00976799987256527,0.06227099895477295
1451578456703,2,-0.097680002450943,-0.010989000089466572,0.05738699808716774
1451578456724,2,-0.07326000183820724,-0.01953599974513054,0.054944999516010284
1451578456746,2,0.015873000025749207,-0.07936500012874603,-0.004883999936282635
1451578456763,2,0.035408999770879745,-0.11233200132846832,-0.050060998648405075
1451578456783,2,0.03663000091910362,-0.1135529950261116,-0.08791200071573257
1451578456803,2,0.03296700119972229,-0.08058600127696991,-0.10988999903202057
1451578456824,2,0.021978000178933144,-0.04151399806141853,-0.1025639995932579
1451578456843,2,0.004883999936282635,-0.017093999311327934,-0.06837599724531174
1451578456864,2,0.013430999591946602,-0.03174600005149841,-0.04639799892902374
1451578456884,2,0.02930399961769581,-0.06104999780654907,-0.04395600035786629
1451578456904,2,0.04151399806141853,-0.06227099895477295,-0.040293000638484955
1451578456924,2,0.04395600035786629,-0.026861999183893204,-0.021978000178933144
1451578456945,2,-0.035408999770879745,0.030524998903274536,0.0012209999840706587
1451578456964,2,-0.04395600035786629,0.020756999030709267,0.0012209999840706587
1451578456985,2,-0.020756999030709267,-0.003662999952211976,-0.00976799987256527
1451578457005,2,0.00976799987256527,-0.01953599974513054,-0.013430999591946602
1451578457026,2,0.02930399961769581,-0.0012209999840706587,-0.007325999904423952
1451578457045,2,0.01953599974513054,0.003662999952211976,0.007325999904423952
1451578457065,2,0.050060998648405075,0.01953599974513054,-0.01953599974513054
1451578457091,2,0.09035399556159973,0.014651999808847904,-0.05128199979662895
1451578457105,2,0.08424899727106094,0.0,-0.07448099553585052
1451578457126,2,0.0757019966840744,0.008546999655663967,-0.05616600066423416
1451578457146,2,0.059829000383615494,-0.006105000153183937,-0.025640999898314476
1451578457171,2,0.02319899946451187,-0.045176997780799866,0.014651999808847904
1451578457186,2,0.004883999936282635,-0.008546999655663967,0.0
1451578457207,2,-0.010989000089466572,0.04395600035786629,-0.015873000025749207
1451578457229,2,-0.02319899946451187,0.06837599724531174,-0.025640999898314476
1451578457246,2,-0.025640999898314476,0.050060998648405075,-0.012210000306367874
1451578457266,2,-0.03174600005149841,-0.02808300033211708,0.03907199949026108
1451578457287,2,-0.013430999591946602,-0.03296700119972229,0.025640999898314476
