1451578554256,1,-0.167276993393898,0.45177000761032104,0.24542099237442017
1451578554277,1,-0.02930399961769581,0.29548200964927673,0.17948700487613678
1451578554297,1,0.030524998903274536,-0.00976799987256527,0.0757019966840744
1451578554317,1,0.0012209999840706587,-0.020756999030709267,0.05616600066423416
1451578554337,1,0.0488400012254715,0.3199020028114319,-0.13186800479888916
1451578554357,1,0.18192899227142334,0.3467639982700348,-0.2222220003604889
1451578554377,1,0.23565299808979034,0.36629998683929443,-0.19780199229717255
1451578554397,1,0.15262499451637268,0.2905980050563812,-0.1294260025024414
1451578554416,1,0.08302799612283707,0.11965800076723099,-0.00976799987256527
1451578554437,1,0.15873000025749207,-0.1843709945678711,0.2271059900522232
1451578554457,1,0.11477399617433548,-0.54578697681427,0.19291800260543823
1451578554478,1,-0.013430999591946602,-0.7240529656410217,0.09523800015449524
1451578554497,1,-0.0378509983420372,-0.6556770205497742,0.08058600127696991
1451578554518,1,0.013430999591946602,-0.5103780031204224,0.17216099798679352
1451578554538,1,0.025640999898314476,-0.3894990086555481,0.2527469992637634
1451578554562,1,0.04395600035786629,-0.4615379869937897,0.25641000270843506
1451578554577,1,0.05250300094485283,-0.48962098360061646,0.25763100385665894
1451578554598,1,0.017093999311327934,-0.4932839870452881,0.2808299958705902
1451578554618,1,-0.08058600127696991,-0.48962098360061646,0.32722800970077515
1451578554638,1,-0.21001200377941132,-0.5372399687767029,0.3724049925804138
1451578554659,1,0.003662999952211976,-0.11965800076723099,0.36507898569107056
1451578554678,1,0.1782660037279129,0.012210000306367874,0.1623930037021637
1451578554699,1,0.27350398898124695,0.5225880146026611,-1.799754023551941
1451578554719,1,1.4358960390090942,1.6605600118637085,-1.8461519479751587
1451578554739,1,2.037848949432373,1.1562869548797607,-2.009765863418579
1451578554759,1,0.31135499477386475,-0.11599499732255936,-0.6129419803619385
1451578554786,1,-0.5592179894447327,-0.7264949679374695,0.36507898569107056
1451578554799,1,-1.0024409294128418,-0.926738977432251,0.7899869680404663
1451578554819,1,-1.2735029458999634,-0.8412690162658691,0.6495720148086548
1451578554839,1,-1.5946259498596191,-0.5409029722213745,0.11599499732255936
1451578554859,1,-0.9035400152206421,0.7667880058288574,-0.6434670090675354
1451578554880,1,-0.13919399678707123,0.9755789637565613,-0.2429789900779724
1451578554900,1,0.3199020028114319,0.7203899621963501,0.3150179982185364
1451578554920,1,0.28815600275993347,0.3577530086040497,0.6019529700279236
1451578554941,1,-0.020756999030709267,-0.02808300033211708,0.5799750089645386
1451578554960,1,-0.32722800970077515,-0.33821699023246765,0.21001200377941132
1451578554982,1,-0.33943799138069153,-0.18070799112319946,0.08791200071573257
1451578555001,1,-0.1135529950261116,0.08302799612283707,0.013430999591946602
1451578555021,1,0.1355309933423996,0.26129400730133057,0.03907199949026108
1451578555041,1,0.2588520050048828,0.3028079867362976,0.10744799673557281
1451578555061,1,0.20757000148296356,0.2441999912261963,0.11599499732255936
1451578555081,1,-0.0866909995675087,0.07692299783229828,0.0647130012512207
1451578555102,1,-0.1135529950261116,0.12087900191545486,0.09890099614858627
1451578555121,1,-0.040293000638484955,0.19169700145721436,0.19291800260543823
1451578555142,1,0.02930399961769581,0.211232990026474,0.2710619866847992
1451578555161,1,0.008546999655663967,0.2588520050048828,0.2967030107975006
1451578555182,1,-0.11965800076723099,0.334553986787796,0.31013399362564087
1451578555201,1,-0.12576299905776978,0.32722800970077515,0.3418799936771393
1451578555222,1,-0.11965800076723099,0.3504270017147064,0.38095200061798096
1451578555242,1,-0.0647130012512207,0.32844898104667664,0.3772889971733093
1451578555262,1,0.040293000638484955,0.28327199816703796,0.37118399143218994
1451578555283,1,0.26251500844955444,0.2759459912776947,0.3675209879875183
1451578555302,1,0.31623899936676025,0.2857140004634857,0.3687419891357422
1451578555323,1,0.2918190062046051,0.28327199816703796,0.3528690040111542
1451578555343,1,0.2271059900522232,0.23443199694156647,0.3369959890842438
1451578555363,1,0.20879100263118744,0.1465200036764145,0.3076919913291931
1451578555382,1,0.2222220003604889,0.1245419979095459,0.2820509970188141
1451578555402,1,0.10500600188970566,-0.05250300094485283,0.24175800383090973
1451578555423,1,0.06104999780654907,-0.08791200071573257,0.2161169946193695
1451578555443,1,0.07692299783229828,-0.013430999591946602,0.18070799112319946
1451578555463,1,0.09035399556159973,0.08302799612283707,0.1294260025024414
1451578555484,1,0.0866909995675087,0.13919399678707123,0.0866909995675087
1451578555504,1,0.09035399556159973,0.08546999841928482,0.08302799612283707
1451578555524,1,0.09890099614858627,0.035408999770879745,0.08302799612283707
1451578555543,1,0.10500600188970566,-0.01831500045955181,0.08302799612283707
1451578555563,1,0.11843699961900711,-0.010989000089466572,0.07936500012874603
1451578555584,1,0.12332099676132202,0.003662999952211976,0.08180700242519379
1451578555604,1,0.1025639995932579,0.010989000089466572,0.07081799954175949
1451578555624,1,0.08424899727106094,-0.006105000153183937,0.07081799954175949
1451578555644,1,0.08180700242519379,-0.07203900068998337,0.07081799954175949
1451578555665,1,0.0757019966840744,-0.10744799673557281,0.05250300094485283
1451578555685,1,0.05372399836778641,-0.07448099553585052,0.021978000178933144
1451578555705,1,0.026861999183893204,-0.021978000178933144,-0.015873000025749207
1451578555725,1,0.014651999808847904,0.07448099553585052,0.007325999904423952
1451578555745,1,-0.017093999311327934,0.05860799923539162,0.04273499920964241
1451578555766,1,-0.06715499609708786,-0.00976799987256527,0.05738699808716774
1451578555785,1,-0.0866909995675087,-0.05128199979662895,0.025640999898314476
1451578555806,1,-0.05860799923539162,-0.03174600005149841,-0.02808300033211708
1451578555826,1,0.015873000025749207,-0.020756999030709267,-0.017093999311327934
1451578555846,1,-0.0012209999840706587,-0.040293000638484955,0.0024419999681413174
1451578555866,1,-0.02319899946451187,-0.0488400012254715,0.01831500045955181
1451578555886,1,-0.035408999770879745,-0.06227099895477295,0.030524998903274536
1451578555906,1,-0.04273499920964241,-0.04273499920964241,0.02808300033211708
1451578555926,1,0.006105000153183937,0.0378509983420372,0.00976799987256527
1451578555953,1,0.007325999904423952,0.06104999780654907,-0.0012209999840706587
1451578555966,1,-0.010989000089466572,0.04151399806141853,0.008546999655663967
1451578555987,1,-0.01831500045955181,0.004883999936282635,0.01831500045955181
1451578556007,1,0.015873000025749207,-0.04151399806141853,0.00976799987256527
1451578556027,1,0.06959699839353561,-0.054944999516010284,0.00976799987256527
1451578556049,1,0.08913300186395645,0.054944999516010284,-0.014651999808847904
1451578556067,1,0.05616600066423416,0.09890099614858627,-0.0012209999840706587
1451578556087,1,0.026861999183893204,0.09890099614858627,0.017093999311327934
1451578556107,2,0.008546999655663967,0.06349200010299683,0.020756999030709267
1451578556128,2,0.02319899946451187,0.030524998903274536,0.008546999655663967
1451578556152,2,0.08424899727106094,-0.0012209999840706587,-0.04395600035786629
1451578556169,2,0.1025639995932579,0.02319899946451187,-0.05860799923539162
1451578556188,2,0.09523800015449524,0.0488400012254715,-0.06227099895477295
1451578556208,2,0.07203900068998337,0.06959699839353561,-0.05738699808716774
1451578556228,2,0.054944999516010284,0.07326000183820724,-0.05860799923539162
1451578556248,2,0.02319899946451187,0.03907199949026108,-0.050060998648405075
1451578556268,2,0.02808300033211708,0.054944999516010284,-0.06593400239944458
1451578556288,2,0.07936500012874603,0.08302799612283707,-0.07692299783229828
1451578556308,2,0.13308899104595184,0.11965800076723099,-0.09523800015449524
1451578556328,2,0.15018299221992493,0.15873000025749207,-0.11721599847078323
1451578556349,2,0.13308899104595184,0.18314999341964722,-0.1245419979095459
1451578556368,2,0.05372399836778641,0.11843699961900711,-0.08302799612283707
1451578556388,2,0.020756999030709267,0.06104999780654907,-0.06715499609708786
1451578556409,2,0.03907199949026108,0.04761900007724762,-0.06104999780654907
1451578556429,2,0.06227099895477295,0.06959699839353561,-0.06227099895477295
1451578556448,2,0.04761900007724762,0.07936500012874603,-0.05738699808716774
1451578556473,2,-0.10744799673557281,-0.10378500074148178,-0.22100099921226501
1451578556489,2,-0.39804598689079285,-0.45054900646209717,-2.702072858810425
1451578556510,2,0.3724049925804138,-0.864467978477478,-0.9316229820251465
1451578556529,2,0.37606799602508545,-0.5799750089645386,0.39194098114967346
1451578556550,2,0.4004879891872406,-0.07203900068998337,1.318679928779602
1451578556569,2,-0.30158698558807373,0.5921850204467773,1.4786310195922852
1451578556590,2,-0.5946269631385803,0.1562879979610443,0.45177000761032104
1451578556611,2,-0.32234400510787964,0.14774100482463837,-0.22588500380516052
1451578556633,2,0.18803399801254272,0.22344300150871277,-0.27228298783302307
1451578556650,2,0.4285709857940674,0.12332099676132202,-0.006105000153183937
1451578556671,2,0.2380950003862381,-0.12576299905776978,0.211232990026474
1451578556690,2,-0.2527469992637634,-0.3687419891357422,0.1843709945678711
1451578556711,2,-0.19780199229717255,-0.21733799576759338,0.07692299783229828
1451578556731,2,-0.07203900068998337,-0.02930399961769581,-0.006105000153183937
1451578556752,2,-0.014651999808847904,0.040293000638484955,-0.020756999030709267
1451578556771,2,-0.04639799892902374,0.030524998903274536,0.01953599974513054
1451578556792,2,-0.167276993393898,-0.07203900068998337,0.06959699839353561
1451578556812,2,-0.24664199352264404,-0.05738699808716774,0.08913300186395645
1451578556834,2,-0.3846150040626526,0.026861999183893204,0.07448099553585052
1451578556851,2,-0.4639799892902374,0.12698400020599365,0.035408999770879745
1451578556872,2,-0.38705700635910034,0.20390699803829193,-0.015873000025749207
1451578556892,2,-0.054944999516010284,0.18681299686431885,-0.11477399617433548
1451578556912,2,-0.007325999904423952,0.13186800479888916,-0.1465200036764145
1451578556935,2,-0.06227099895477295,0.04639799892902374,-0.13797299563884735
1451578556952,2,-0.14774100482463837,-0.014651999808847904,-0.05738699808716774
1451578556972,2,-0.21855899691581726,-0.04151399806141853,0.0757019966840744
1451578556992,2,-0.21977999806404114,0.025640999898314476,0.167276993393898
1451578557012,2,0.10866899788379669,0.07692299783229828,0.10012199729681015
1451578557033,2,0.3846150040626526,0.1355309933423996,0.0012209999840706587
1451578557052,2,0.5531129837036133,0.20757000148296356,-0.008546999655663967
1451578557073,2,0.48962098360061646,0.19169700145721436,0.07326000183820724
1451578557093,2,0.24786299467086792,0.10134299844503403,0.21733799576759338
1451578557113,2,-0.12087900191545486,0.021978000178933144,0.4774110019207001
1451578557133,2,-0.10866899788379669,0.12820500135421753,0.47863200306892395
1451578557153,2,-0.03418799862265587,0.2332109957933426,0.41880300641059875
1451578557173,2,0.050060998648405075,0.27228298783302307,0.34798499941825867
1451578557194,2,0.11599499732255936,0.21855899691581726,0.3076919913291931
1451578557214,2,0.14896199107170105,0.06104999780654907,0.2759459912776947
1451578557235,2,0.13186800479888916,0.02808300033211708,0.22588500380516052
1451578557254,2,0.13186800479888916,0.0,0.1684979945421219
1451578557274,2,0.14774100482463837,-0.04395600035786629,0.13430999219417572
1451578557294,2,0.15506699681282043,-0.0866909995675087,0.12576299905776978
1451578557314,2,0.1355309933423996,-0.11477399617433548,0.11111100018024445
1451578557335,2,0.09890099614858627,-0.1025639995932579,0.097680002450943
1451578557355,2,0.0647130012512207,-0.08302799612283707,0.08302799612283707
1451578557375,2,0.045176997780799866,-0.10134299844503403,0.08302799612283707
1451578557395,2,0.02930399961769581,-0.13675199449062347,0.07814399898052216
1451578557417,2,0.017093999311327934,-0.1892549991607666,0.07326000183820724
1451578557435,2,-0.026861999183893204,-0.16605599224567413,0.035408999770879745
1451578557455,2,-0.0647130012512207,-0.05860799923539162,-0.008546999655663967
1451578557475,2,-0.07081799954175949,0.0378509983420372,-0.03907199949026108
1451578557495,2,-0.05372399836778641,0.0647130012512207,-0.04151399806141853
1451578557516,2,-0.059829000383615494,0.0,-0.04639799892902374
1451578557536,2,-0.1465200036764145,-0.05860799923539162,-0.05372399836778641
1451578557555,2,-0.14896199107170105,-0.05128199979662895,-0.02808300033211708
1451578557575,2,-0.11599499732255936,-0.010989000089466572,-0.003662999952211976
1451578557596,2,-0.059829000383615494,0.050060998648405075,0.012210000306367874
1451578557616,2,-0.010989000089466572,0.059829000383615494,-0.00976799987256527
1451578557636,2,0.05250300094485283,-0.12332099676132202,-0.05128199979662895
1451578557656,2,0.04151399806141853,-0.21733799576759338,-0.030524998903274536
1451578557677,2,-0.020756999030709267,-0.21977999806404114,0.012210000306367874
1451578557697,2,-0.06104999780654907,-0.10622699558734894,0.01953599974513054
1451578557716,2,0.025640999898314476,0.13919399678707123,-0.017093999311327934
1451578557737,2,0.23931600153446198,0.3577530086040497,-0.0647130012512207
1451578557757,2,0.42612898349761963,0.3797309994697571,-0.02930399961769581
1451578557778,2,0.21977999806404114,0.21489599347114563,-0.013430999591946602
1451578557797,2,0.0024419999681413174,0.06593400239944458,0.0024419999681413174
1451578557822,2,-0.1245419979095459,0.010989000089466572,0.008546999655663967
1451578557842,2,-0.14163599908351898,0.02319899946451187,-0.015873000025749207
1451578557858,2,0.03174600005149841,-0.07936500012874603,-0.10012199729681015
1451578557878,2,0.05738699808716774,-0.1684979945421219,-0.11233200132846832
1451578557899,2,-0.0378509983420372,-0.17704500257968903,-0.1025639995932579
1451578557918,2,-0.13186800479888916,-0.09035399556159973,-0.06959699839353561
1451578557938,2,-0.1514039933681488,0.02442000061273575,-0.05860799923539162
1451578557959,2,-0.04761900007724762,0.08546999841928482,-0.1782660037279129
1451578557978,2,0.017093999311327934,0.04639799892902374,-0.2441999912261963
1451578558000,2,0.07448099553585052,0.008546999655663967,-0.2600730061531067
1451578558018,2,0.09523800015449524,-0.05738699808716774,-0.21733799576759338
1451578558039,2,0.0488400012254715,-0.1465200036764145,-0.20390699803829193
1451578558058,2,-0.0378509983420372,-0.13064700365066528,-0.21855899691581726
1451578558084,2,-0.12087900191545486,0.06593400239944458,-0.1733819991350174
1451578558104,2,-0.10622699558734894,0.0647130012512207,-0.1245419979095459
1451578558123,1,-0.07814399898052216,0.01953599974513054,-0.08546999841928482
1451578558139,1,-0.040293000638484955,-0.010989000089466572,-0.03174600005149841
1451578558160,1,0.010989000089466572,-0.03174600005149841,0.02319899946451187
1451578558181,1,-0.03174600005149841,-0.09035399556159973,-0.02319899946451187
1451578558200,1,-0.08791200071573257,-0.04273499920964241,-0.012210000306367874
1451578558220,1,-0.1404149979352951,-0.010989000089466572,0.06349200010299683
1451578558241,1,-0.2002439945936203,-0.06959699839353561,0.14774100482463837
1451578558260,1,-0.24175800383090973,-0.15873000025749207,0.15384599566459656
1451578558281,1,-0.015873000025749207,-0.010989000089466572,0.09523800015449524
1451578558300,1,0.14163599908351898,0.030524998903274536,0.09523800015449524
1451578558325,1,0.19902299344539642,0.050060998648405075,0.06959699839353561
1451578558345,1,0.19902299344539642,0.04639799892902374,0.09035399556159973
1451578558361,1,0.16971899569034576,-0.04639799892902374,0.16605599224567413
1451578558383,1,0.12087900191545486,-0.22344300150871277,0.21367499232292175
1451578558400,1,0.02930399961769581,-0.3626369833946228,0.211232990026474
1451578558421,1,0.20879100263118744,-0.25152599811553955,0.2332109957933426
1451578558441,1,0.24786299467086792,-0.4383389949798584,0.1135529950261116
1451578558462,1,0.19658099114894867,0.03663000091910362,-1.80097496509552
1451578558489,1,1.59340500831604,1.029302954673767,-1.6251510381698608
1451578558501,1,1.3137959241867065,0.4175820052623749,-1.7106209993362427
1451578558522,1,0.2759459912776947,-0.6190469861030579,-0.39194098114967346
1451578558542,1,-0.5702069997787476,-0.9206339716911316,0.6752129793167114
1451578558562,1,-0.907202959060669,-0.8888880014419556,0.842490017414093
1451578558585,1,-1.061048984527588,-0.7264949679374695,0.6398040056228638
1451578558602,1,-0.7081800103187561,0.26739898324012756,-0.13797299563884735
1451578558622,1,-0.3076919913291931,0.7191689610481262,-0.334553986787796
1451578558642,1,0.008546999655663967,0.803417980670929,-0.17582400143146515
1451578558662,1,0.06349200010299683,0.5054939985275269,0.07326000183820724
1451578558686,1,-0.08058600127696991,0.09523800015449524,0.22954799234867096
1451578558702,1,-0.2319899946451187,-0.13186800479888916,0.21245399117469788
1451578558723,1,-0.17704500257968903,-0.08424899727106094,0.1623930037021637
1451578558743,1,-0.06837599724531174,0.07203900068998337,0.11965800076723099
1451578558763,1,-0.006105000153183937,0.19780199229717255,0.12087900191545486
1451578558784,1,0.014651999808847904,0.2710619866847992,0.12576299905776978
1451578558803,1,0.03418799862265587,0.27350398898124695,0.12698400020599365
1451578558824,1,0.05616600066423416,0.1782660037279129,0.11843699961900711
1451578558844,1,-0.05128199979662895,0.09035399556159973,0.09401699900627136
1451578558864,1,-0.18559199571609497,0.007325999904423952,0.035408999770879745
1451578558883,1,-0.22344300150871277,0.010989000089466572,0.06715499609708786
1451578558904,1,-0.167276993393898,0.02930399961769581,0.1514039933681488
1451578558924,1,-0.06593400239944458,0.026861999183893204,0.1684979945421219
1451578558944,1,-0.03418799862265587,0.014651999808847904,0.12332099676132202
1451578558967,1,0.03418799862265587,0.05616600066423416,0.07692299783229828
1451578558984,1,0.09279599785804749,0.167276993393898,0.06959699839353561
1451578559004,1,0.09279599785804749,0.2380950003862381,0.06227099895477295
1451578559025,1,0.05250300094485283,0.1575089991092682,0.04395600035786629
1451578559045,1,0.12209999561309814,0.09035399556159973,0.08058600127696991
1451578559070,1,0.1941390037536621,0.08791200071573257,0.09523800015449524
1451578559085,1,0.18070799112319946,0.08058600127696991,0.059829000383615494
1451578559106,1,0.13919399678707123,0.07692299783229828,-0.004883999936282635
1451578559125,1,0.12576299905776978,0.07081799954175949,-0.025640999898314476
1451578559146,1,0.17216099798679352,0.025640999898314476,0.004883999936282635
1451578559166,1,0.15018299221992493,0.017093999311327934,0.026861999183893204
1451578559186,1,0.10500600188970566,0.03174600005149841,0.03296700119972229
1451578559206,1,0.06104999780654907,0.07081799954175949,0.03296700119972229
1451578559226,1,0.02930399961769581,0.09035399556159973,0.03663000091910362
1451578559246,1,-0.06349200010299683,-0.045176997780799866,0.06715499609708786
1451578559266,1,-0.07814399898052216,-0.11111100018024445,0.06227099895477295
1451578559286,1,-0.05372399836778641,-0.10134299844503403,0.07081799954175949
1451578559307,1,-0.04761900007724762,-0.09035399556159973,0.07081799954175949
1451578559327,1,-0.040293000638484955,-0.07448099553585052,0.0488400012254715
1451578559347,1,-0.13797299563884735,0.08424899727106094,0.03296700119972229
1451578559367,1,-0.2161169946193695,0.11599499732255936,0.014651999808847904
1451578559399,1,-0.23076899349689484,0.1245419979095459,-0.02442000061273575
1451578559406,1,-0.15018299221992493,0.1245419979095459,-0.05372399836778641
1451578559427,1,-0.025640999898314476,0.11599499732255936,-0.08791200071573257
1451578559447,1,0.05738699808716774,0.13064700365066528,-0.1135529950261116
1451578559467,1,0.054944999516010284,0.17948700487613678,-0.16605599224567413
1451578559492,1,0.05738699808716774,0.2002439945936203,-0.15384599566459656
1451578559507,1,0.03296700119972229,0.19902299344539642,-0.11599499732255936
1451578559529,1,-0.040293000638484955,0.1892549991607666,-0.0757019966840744
1451578559547,1,-0.08058600127696991,0.14163599908351898,-0.05738699808716774
1451578559567,1,0.11111100018024445,0.13186800479888916,-0.13797299563884735
1451578559588,1,0.23565299808979034,0.10744799673557281,-0.15873000025749207
1451578559608,1,0.28327199816703796,0.07692299783229828,-0.10866899788379669
1451578559629,1,0.22832699120044708,0.08058600127696991,-0.012210000306367874
1451578559649,1,0.1135529950261116,0.12209999561309814,0.07692299783229828
1451578559668,1,-0.050060998648405075,0.19780199229717255,0.20146499574184418
1451578559688,1,-0.07203900068998337,0.15384599566459656,0.22466400265693665
1451578559708,1,-0.0757019966840744,0.10012199729681015,0.20390699803829193
1451578559729,1,-0.03663000091910362,0.05250300094485283,0.15262499451637268
1451578559749,1,0.015873000025749207,0.030524998903274536,0.1135529950261116
1451578559769,1,0.0647130012512207,0.017093999311327934,0.09523800015449524
1451578559789,1,0.08180700242519379,0.03907199949026108,0.12820500135421753
1451578559809,1,0.059829000383615494,0.010989000089466572,0.15018299221992493
1451578559830,1,0.03174600005149841,-0.012210000306367874,0.16117200255393982
1451578559851,1,0.03663000091910362,-0.00976799987256527,0.1452990025281906
1451578559870,1,0.04273499920964241,0.02442000061273575,0.13430999219417572
1451578559895,1,0.03663000091910362,0.0488400012254715,0.1452990025281906
1451578559910,1,0.021978000178933144,0.021978000178933144,0.15018299221992493
1451578559935,1,0.0,0.0378509983420372,0.13186800479888916
1451578559951,1,0.0,0.015873000025749207,0.10012199729681015
1451578559971,1,0.013430999591946602,-0.03296700119972229,0.07692299783229828
1451578559991,1,0.0647130012512207,-0.07448099553585052,0.07814399898052216
1451578560010,1,0.0757019966840744,-0.03296700119972229,0.07814399898052216
1451578560030,1,0.07081799954175949,0.00976799987256527,0.06837599724531174
1451578560050,1,0.06104999780654907,0.007325999904423952,0.04273499920964241
1451578560070,1,0.05250300094485283,-0.008546999655663967,0.01831500045955181
1451578560091,1,0.0488400012254715,-0.025640999898314476,-0.003662999952211976
1451578560111,1,0.013430999591946602,-0.09523800015449524,0.007325999904423952
1451578560135,2,0.02442000061273575,-0.08791200071573257,-0.004883999936282635
1451578560151,2,0.07692299783229828,-0.07081799954175949,-0.02442000061273575
1451578560175,2,0.10866899788379669,-0.08546999841928482,-0.025640999898314476
1451578560194,2,-0.02808300033211708,-0.10378500074148178,0.050060998648405075
1451578560215,2,-0.20757000148296356,-0.00976799987256527,0.11111100018024445
1451578560234,2,-0.3626369833946228,0.04761900007724762,0.17093999683856964
1451578560255,2,-0.4236869812011719,-0.0012209999840706587,0.20268599689006805
1451578560275,2,-0.37606799602508545,-0.1452990025281906,0.13675199449062347
1451578560295,2,-0.11233200132846832,-0.1575089991092682,0.05616600066423416
1451578560316,2,-0.04639799892902374,-0.06104999780654907,0.059829000383615494
1451578560336,2,-0.05250300094485283,-0.03174600005149841,0.07203900068998337
1451578560355,2,-0.0866909995675087,-0.026861999183893204,0.07203900068998337
1451578560375,2,-0.10500600188970566,-0.03907199949026108,0.040293000638484955
1451578560396,2,-0.0488400012254715,-0.1623930037021637,-0.06349200010299683
1451578560416,2,0.017093999311327934,-0.19291800260543823,-0.11599499732255936
1451578560436,2,0.04151399806141853,-0.06593400239944458,-0.11477399617433548
1451578560456,2,-0.0012209999840706587,0.23565299808979034,-0.10012199729681015
1451578560477,2,0.01953599974513054,0.3882780075073242,-0.19169700145721436
1451578560496,2,0.00976799987256527,0.5177040100097656,-0.20757000148296356
1451578560517,2,-0.07448099553585052,0.36629998683929443,-0.06837599724531174
1451578560537,2,-0.19291800260543823,0.021978000178933144,-0.02442000061273575
1451578560564,2,-0.2588520050048828,-0.2380950003862381,-0.054944999516010284
1451578560584,2,-0.3247860074043274,-0.5030519962310791,-0.059829000383615494
1451578560604,2,-0.38095200061798096,-0.5018309950828552,-0.04761900007724762
1451578560624,2,-0.432233989238739,-0.4481070041656494,-0.04273499920964241
1451578560645,2,-0.41880300641059875,-0.38583600521087646,-0.09523800015449524
1451578560665,2,-0.32600700855255127,-0.3467639982700348,-0.18070799112319946
1451578560687,2,0.0024419999681413174,-0.1941390037536621,-0.2820509970188141
1451578560709,2,0.06227099895477295,-0.021978000178933144,-0.17460300028324127
1451578560725,2,0.017093999311327934,0.13186800479888916,-0.03174600005149841
1451578560745,2,-0.017093999311327934,0.2747249901294708,0.04639799892902374
1451578560772,2,0.0,0.3614159822463989,0.05128199979662895
1451578560786,2,0.0378509983420372,0.3308909833431244,-0.017093999311327934
1451578560805,2,0.09401699900627136,0.07326000183820724,-0.10988999903202057
1451578560826,2,0.08058600127696991,0.040293000638484955,-0.06959699839353561
1451578560846,2,0.045176997780799866,0.09645900130271912,0.021978000178933144
1451578560866,2,0.00976799987256527,0.10866899788379669,0.07203900068998337
1451578560885,2,0.0,0.059829000383615494,0.07081799954175949
1451578560906,2,0.026861999183893204,-0.015873000025749207,0.05128199979662895
1451578560926,2,0.03663000091910362,0.04273499920964241,0.04273499920964241
1451578560947,2,0.07203900068998337,0.09035399556159973,0.05860799923539162
1451578560972,2,0.11965800076723099,0.0488400012254715,0.05616600066423416
1451578560986,2,0.13919399678707123,-0.07814399898052216,0.035408999770879745
1451578561007,2,0.1941390037536621,-0.23687399923801422,-0.07448099553585052
1451578561027,2,0.21733799576759338,-0.21733799576759338,-0.06227099895477295
1451578561047,2,0.17460300028324127,-0.12332099676132202,0.017093999311327934
1451578561067,2,0.07936500012874603,-0.017093999311327934,0.09645900130271912
1451578561087,2,0.0378509983420372,0.11233200132846832,0.11721599847078323
1451578561107,2,0.07692299783229828,0.22344300150871277,0.08913300186395645
1451578561127,2,0.14285700023174286,0.12576299905776978,-0.02442000061273575
1451578561147,2,0.09401699900627136,0.06227099895477295,-0.021978000178933144
1451578561167,2,0.035408999770879745,0.05738699808716774,-0.020756999030709267
1451578561188,2,0.040293000638484955,-0.17093999683856964,-0.7374839782714844
1451578561212,2,-0.11721599847078323,-1.4126969575881958,-0.3199020028114319
1451578561228,2,0.3296699821949005,-0.608057975769043,0.11721599847078323
1451578561249,2,0.21977999806404114,0.00976799987256527,-0.10866899788379669
1451578561268,2,-0.04761900007724762,0.4493280053138733,-0.24175800383090973
1451578561289,2,-0.12698400020599365,0.17216099798679352,-0.1575089991092682
1451578561312,2,-0.1452990025281906,-0.28327199816703796,-0.04761900007724762
1451578561328,2,0.03174600005149841,-0.627593994140625,-0.08913300186395645
1451578561351,2,0.17216099798679352,-0.3577530086040497,-0.11599499732255936
1451578561369,2,0.21733799576759338,-0.11599499732255936,-0.05738699808716774
1451578561389,2,0.08424899727106094,-0.05372399836778641,0.0012209999840706587
1451578561409,2,-0.0757019966840744,-0.13308899104595184,0.054944999516010284
1451578561429,2,-0.1245419979095459,-0.1684979945421219,0.03907199949026108
1451578561451,2,-0.025640999898314476,-0.04395600035786629,-0.02442000061273575
1451578561469,2,0.008546999655663967,0.02930399961769581,-0.08302799612283707
1451578561490,2,0.030524998903274536,0.05860799923539162,-0.11599499732255936
1451578561518,2,0.02319899946451187,0.06349200010299683,-0.10134299844503403
1451578561531,2,-0.021978000178933144,0.04395600035786629,-0.04761900007724762
1451578561550,2,-0.11477399617433548,-0.05372399836778641,0.014651999808847904
1451578561573,2,-0.09157499670982361,-0.04761900007724762,-0.017093999311327934
1451578561591,2,-0.04639799892902374,-0.015873000025749207,-0.0378509983420372
1451578561614,2,0.0,-0.026861999183893204,-0.04761900007724762
1451578561631,2,0.010989000089466572,-0.0757019966840744,-0.0757019966840744
1451578561650,2,0.013430999591946602,-0.08302799612283707,-0.08058600127696991
1451578561671,2,0.0488400012254715,0.003662999952211976,-0.03174600005149841
1451578561691,2,0.07326000183820724,0.06959699839353561,-0.014651999808847904
1451578561711,2,0.059829000383615494,0.025640999898314476,-0.021978000178933144
1451578561733,2,0.08913300186395645,-0.054944999516010284,-0.07081799954175949
1451578561750,2,0.17582400143146515,-0.13430999219417572,-0.14285700023174286
1451578561771,2,0.11843699961900711,-0.08791200071573257,-0.13919399678707123
1451578561791,2,0.03418799862265587,-0.06959699839353561,-0.1404149979352951
1451578561811,2,0.02808300033211708,-0.026861999183893204,-0.1562879979610443
1451578561833,2,0.06837599724531174,-0.03418799862265587,-0.09157499670982361
1451578561852,2,0.04395600035786629,0.04395600035786629,0.0012209999840706587
1451578561872,2,-0.04395600035786629,-0.014651999808847904,0.010989000089466572
1451578561892,2,-0.09645900130271912,-0.11965800076723099,-0.02930399961769581
1451578561912,2,-0.10134299844503403,-0.22588500380516052,-0.06593400239944458
1451578561933,2,-0.07936500012874603,-0.25152599811553955,-0.07448099553585052
1451578561952,2,-0.02319899946451187,-0.22832699120044708,-0.0866909995675087
1451578561973,2,0.08424899727106094,-0.021978000178933144,-0.12209999561309814
1451578561993,2,0.10866899788379669,0.08424899727106094,-0.10744799673557281
1451578562013,2,0.06349200010299683,0.08180700242519379,-0.06104999780654907
1451578562034,2,-0.0012209999840706587,0.11721599847078323,-0.04273499920964241
1451578562052,2,-0.05738699808716774,0.12576299905776978,-0.014651999808847904
1451578562073,2,-0.16605599224567413,0.2771669924259186,0.04273499920964241
1451578562093,2,-0.1843709945678711,0.3150179982185364,0.05738699808716774
1451578562113,2,-0.18681299686431885,0.23687399923801422,0.05860799923539162
1451578562133,2,-0.18681299686431885,0.16117200255393982,0.04639799892902374
1451578562153,1,-0.1562879979610443,0.04639799892902374,0.003662999952211976
1451578562174,1,-0.10378500074148178,-0.03907199949026108,-0.012210000306367874
1451578562195,1,-0.03418799862265587,-0.054944999516010284,0.014651999808847904
1451578562215,1,-0.03663000091910362,0.07448099553585052,0.0378509983420372
1451578562233,1,-0.02442000061273575,0.31135499477386475,0.10500600188970566
1451578562258,1,0.02319899946451187,0.5836380124092102,0.1941390037536621
1451578562274,1,0.0488400012254715,0.6056159734725952,0.1892549991607666
1451578562294,1,-0.03663000091910362,-0.06593400239944458,0.0757019966840744
1451578562316,1,-0.19658099114894867,-0.3235650062561035,0.09523800015449524
1451578562335,1,-0.21733799576759338,-0.3748469948768616,0.12209999561309814
1451578562355,1,-0.17704500257968903,-0.1465200036764145,0.1245419979095459
1451578562375,1,-0.1245419979095459,0.17093999683856964,0.11111100018024445
1451578562395,1,0.06349200010299683,0.6251519918441772,-0.054944999516010284
1451578562415,1,0.08913300186395645,0.5567759871482849,-0.1843709945678711
1451578562435,1,-0.04761900007724762,-0.39316198229789734,-0.3626369833946228
1451578562455,1,0.03296700119972229,-0.7948709726333618,-0.6324779987335205
1451578562475,1,0.16361400485038757,-0.6190469861030579,-0.6227099895477295
1451578562495,1,0.46275898814201355,-0.5799750089645386,-0.45177000761032104
1451578562516,1,0.2319899946451187,-0.4700849950313568,-0.18314999341964722
1451578562535,1,0.02319899946451187,-0.5115990042686462,-0.13308899104595184
1451578562556,1,-0.01831500045955181,-0.36629998683929443,-0.10378500074148178
1451578562576,1,0.12087900191545486,-0.04273499920964241,0.010989000089466572
1451578562597,1,0.3137969970703125,0.3516480028629303,0.09279599785804749
1451578562616,1,0.39682498574256897,0.598289966583252,0.05372399836778641
1451578562636,1,0.19780199229717255,0.3797309994697571,0.12576299905776978
1451578562657,1,0.03663000091910362,-0.09035399556159973,0.1843709945678711
1451578562677,1,-0.08180700242519379,-0.514041006565094,0.1941390037536621
1451578562697,1,-0.1404149979352951,-0.760683000087738,0.13064700365066528
1451578562716,1,0.0866909995675087,-0.6886439919471741,0.03907199949026108
1451578562737,1,0.23687399923801422,-0.4603169858455658,0.07326000183820724
1451578562757,1,0.30158698558807373,-0.31013399362564087,0.11965800076723099
1451578562777,1,0.27838799357414246,-0.2527469992637634,0.15506699681282043
1451578562799,1,0.16971899569034576,-0.2661779820919037,0.14774100482463837
1451578562818,1,0.021978000178933144,-0.2600730061531067,0.08180700242519379
1451578562838,1,0.01953599974513054,-0.12087900191545486,0.1245419979095459
1451578562858,1,0.22466400265693665,-0.07936500012874603,0.2771669924259186
1451578562878,1,0.44200199842453003,-0.5128200054168701,0.38583600521087646
1451578562899,1,0.33821699023246765,-1.2783869504928589,0.26129400730133057
1451578562918,1,0.9230759739875793,-0.15018299221992493,-1.761902928352356
1451578562938,1,1.399266004562378,-0.4981679916381836,-2.6898629665374756
1451578562958,1,0.38217300176620483,-1.0024409294128418,-0.7387049794197083
1451578562978,1,-0.33943799138069153,-1.1880329847335815,0.9242969751358032
1451578562999,1,-0.6385830044746399,-1.101341962814331,1.4969459772109985
1451578563018,1,-0.6263729929924011,-0.7106220126152039,1.2405359745025635
1451578563038,1,-0.3687419891357422,1.0073249340057373,-0.49938899278640747
1451578563058,1,-0.24175800383090973,1.5982890129089355,-0.5543339848518372
1451578563079,1,-0.05250300094485283,1.5811949968338013,0.0757019966840744
1451578563104,1,-0.09279599785804749,1.090353012084961,0.7521359920501709
1451578563123,1,-0.41391900181770325,0.5335769653320313,1.0537229776382446
1451578563140,1,-0.7228319644927979,0.00976799987256527,0.946274995803833
1451578563160,1,-0.49450498819351196,0.11477399617433548,0.4053719937801361
1451578563180,1,-0.08180700242519379,0.42002400755882263,0.30036598443984985
1451578563199,1,0.26861998438835144,0.6190469861030579,0.22466400265693665
1451578563220,1,0.4236869812011719,0.6910859942436218,0.13919399678707123
1451578563240,1,0.38217300176620483,0.6800969839096069,0.07936500012874603
1451578563260,1,0.14163599908351898,0.48351600766181946,0.059829000383615494
1451578563280,1,0.1355309933423996,0.4102559983730316,0.06227099895477295
1451578563300,1,0.13797299563884735,0.4212450087070465,0.05738699808716774
1451578563321,1,0.1245419979095459,0.41880300641059875,0.07936500012874603
1451578563340,1,0.09523800015449524,0.4285709857940674,0.12576299905776978
1451578563361,1,-0.03907199949026108,0.334553986787796,0.23443199694156647
1451578563381,1,-0.12209999561309814,0.07936500012874603,0.24786299467086792
1451578563400,1,-0.21001200377941132,-0.18314999341964722,0.195360004901886
1451578563421,1,-0.22344300150871277,-0.30647099018096924,0.10012199729681015
1451578563441,1,-0.11965800076723099,-0.2600730061531067,0.012210000306367874
1451578563461,1,0.05372399836778641,-0.08424899727106094,-0.03663000091910362
1451578563481,1,0.18681299686431885,0.14407800137996674,-0.03663000091910362
1451578563502,1,0.11843699961900711,0.014651999808847904,-0.0647130012512207
1451578563522,1,0.02442000061273575,-0.20268599689006805,-0.11721599847078323
1451578563542,1,-0.04639799892902374,-0.39804598689079285,-0.16971899569034576
1451578563562,1,-0.0647130012512207,-0.5030519962310791,-0.21245399117469788
1451578563583,1,0.030524998903274536,-0.28815600275993347,-0.15995100140571594
1451578563606,1,0.07081799954175949,-0.11477399617433548,-0.12332099676132202
1451578563626,1,0.035408999770879745,0.054944999516010284,-0.1135529950261116
1451578563643,1,-0.014651999808847904,0.23687399923801422,-0.12209999561309814
1451578563663,1,-0.04639799892902374,0.43589699268341064,-0.09401699900627136
1451578563690,1,-0.05250300094485283,0.5152620077133179,0.008546999655663967
1451578563702,1,-0.04151399806141853,0.4004879891872406,0.09157499670982361
1451578563723,1,-0.06349200010299683,0.2490839958190918,0.12332099676132202
1451578563743,1,-0.08424899727106094,0.13308899104595184,0.10378500074148178
1451578563769,1,-0.08546999841928482,0.0647130012512207,0.08546999841928482
1451578563784,1,-0.097680002450943,-0.00976799987256527,0.1465200036764145
1451578563803,1,-0.06593400239944458,-0.13308899104595184,0.15506699681282043
1451578563824,1,0.0012209999840706587,-0.21855899691581726,0.11721599847078323
1451578563844,1,0.08791200071573257,-0.17216099798679352,0.05860799923539162
1451578563864,1,0.1514039933681488,-0.08913300186395645,0.030524998903274536
1451578563883,1,0.14285700023174286,-0.04273499920964241,0.04273499920964241
1451578563908,1,0.13064700365066528,-0.14285700023174286,0.09523800015449524
1451578563924,1,0.16483499109745026,-0.15018299221992493,0.07081799954175949
1451578563944,1,0.23443199694156647,-0.10378500074148178,0.01831500045955181
1451578563964,1,0.26129400730133057,-0.007325999904423952,0.0012209999840706587
1451578563984,1,0.20634900033473969,0.08791200071573257,0.040293000638484955
1451578564004,1,-0.03663000091910362,0.05860799923539162,0.14163599908351898
1451578564025,1,-0.097680002450943,-0.020756999030709267,0.11843699961900711
1451578564045,1,-0.11233200132846832,-0.06349200010299683,0.05128199979662895
1451578564065,1,-0.06837599724531174,-0.13919399678707123,-0.040293000638484955
1451578564085,1,0.0,-0.11965800076723099,-0.09890099614858627
1451578564105,1,-0.007325999904423952,-0.05372399836778641,-0.11477399617433548
1451578564125,1,-0.04395600035786629,-0.014651999808847904,-0.09401699900627136
1451578564146,1,-0.06715499609708786,0.03174600005149841,-0.04395600035786629
1451578564169,1,-0.07448099553585052,-0.02808300033211708,0.014651999808847904
1451578564192,2,-0.05738699808716774,-0.21733799576759338,-0.015873000025749207
1451578564205,2,-0.01831500045955181,-0.4432229995727539,-0.09279599785804749
1451578564227,2,0.07448099553585052,-0.6605609655380249,-0.23931600153446198
1451578564251,2,0.07203900068998337,-0.5274720191955566,-0.28327199816703796
1451578564265,2,0.020756999030709267,-0.39316198229789734,-0.308912992477417
1451578564286,2,-0.0866909995675087,-0.40903499722480774,-0.29548200964927673
1451578564306,2,-0.21733799576759338,-0.4529910087585449,-0.1892549991607666
1451578564326,2,-0.3247860074043274,-0.3797309994697571,0.10500600188970566
1451578564348,2,-0.25763100385665894,-0.3199020028114319,0.08058600127696991
1451578564366,2,-0.1843709945678711,-0.25641000270843506,0.00976799987256527
1451578564386,2,-0.1355309933423996,-0.211232990026474,-0.06104999780654907
1451578564407,2,-0.12209999561309814,-0.1465200036764145,-0.09279599785804749
1451578564433,2,-0.1025639995932579,0.09157499670982361,0.015873000025749207
1451578564447,2,-0.07448099553585052,0.10866899788379669,0.06715499609708786
1451578564468,2,-0.07692299783229828,0.007325999904423952,0.0647130012512207
1451578564487,2,-0.09157499670982361,-0.12087900191545486,0.12209999561309814
1451578564508,2,-0.10622699558734894,-0.11965800076723099,0.17704500257968903
1451578564528,2,-0.045176997780799866,0.08058600127696991,0.16483499109745026
1451578564547,2,0.02442000061273575,0.5909640192985535,0.10134299844503403
1451578564567,2,0.010989000089466572,0.8901090025901794,-0.004883999936282635
1451578564587,2,0.06104999780654907,1.0744799375534058,-0.06349200010299683
1451578564608,2,0.16117200255393982,1.0500600337982178,-0.05372399836778641
1451578564628,2,0.1684979945421219,0.8083019852638245,-0.09890099614858627
1451578564649,2,-0.41880300641059875,0.5164830088615417,-0.012210000306367874
1451578564668,2,-0.7069590091705322,0.7423679828643799,0.14896199107170105
1451578564688,2,-0.8107439875602722,1.057386040687561,0.47252699732780457
1451578564709,2,-0.822953999042511,1.1916959285736084,1.1294249296188354
1451578564728,2,-0.3772889971733093,0.0488400012254715,1.606835961341858
1451578564749,2,0.6678869724273682,-1.8156269788742065,1.4139180183410645
1451578564769,2,0.054944999516010284,-0.33821699023246765,0.8632469773292542
1451578564789,2,-0.4590959846973419,0.7472519874572754,0.4236869812011719
1451578564809,2,-0.6300359964370728,1.173380970954895,0.2905980050563812
1451578564830,2,-0.49938899278640747,1.0048829317092896,0.38095200061798096
1451578564850,2,-0.2869350016117096,0.5030519962310791,0.7057380080223083
1451578564874,2,0.003662999952211976,-1.5433440208435059,0.699633002281189
1451578564894,2,-0.422465980052948,-2.2844910621643066,0.21489599347114563
1451578564910,2,-0.8461529612541199,-1.4835150241851807,-0.211232990026474
1451578564936,2,-0.6886439919471741,-0.5714280009269714,-0.3785099983215332
1451578564950,2,-0.2490839958190918,0.2539680004119873,-0.3455429971218109
1451578564970,2,0.3125759959220886,1.389497995376587,-0.44078099727630615
1451578564991,2,-0.10988999903202057,1.0757009983062744,-0.5067149996757507
1451578565010,2,-0.2918190062046051,0.854699969291687,-0.5225880146026611
1451578565031,2,-0.3028079867362976,0.7887659668922424,-0.334553986787796
1451578565050,2,-0.08180700242519379,0.6739919781684875,-0.02808300033211708
1451578565071,2,0.04273499920964241,0.6752129793167114,-0.035408999770879745
1451578565091,2,-0.05738699808716774,0.8705729842185974,-0.34798499941825867
1451578565111,2,-0.0647130012512207,1.1367509365081787,-0.4383389949798584
1451578565131,2,0.01831500045955181,1.2661769390106201,-0.4639799892902374
1451578565152,2,0.3150179982185364,0.6544560194015503,-0.6104999780654907
1451578565171,2,0.5189250111579895,0.10866899788379669,-0.4175820052623749
1451578565192,2,0.5665439963340759,-0.608057975769043,0.13919399678707123
1451578565212,2,0.20390699803829193,-0.47374799847602844,0.39682498574256897
1451578565232,2,-0.05250300094485283,-0.30524998903274536,0.6043949723243713
1451578565252,2,-0.1684979945421219,-1.346763014793396,0.6104999780654907
1451578565272,2,0.37118399143218994,-1.3333319425582886,0.26251500844955444
1451578565292,2,0.5738700032234192,0.020756999030709267,0.36629998683929443
1451578565312,2,0.4444440007209778,0.34310099482536316,0.4749689996242523
1451578565332,2,0.3028079867362976,0.44078099727630615,0.5689859986305237
1451578565352,2,0.3125759959220886,0.4871789813041687,0.6202679872512817
1451578565373,2,0.48351600766181946,0.832722008228302,0.5799750089645386
1451578565393,2,0.3040289878845215,1.4688630104064941,0.3626369833946228
1451578565413,2,0.3369959890842438,1.0757009983062744,-0.12576299905776978
1451578565433,2,0.4639799892902374,0.5506709814071655,-0.8595839738845825
1451578565453,2,-2.3980438709259033,-7.377281665802002,-2.0036609172821045
1451578565473,2,-3.8473708629608154,-7.722825050354004,-6.010982990264893
1451578565494,2,0.7167270183563232,0.11721599847078323,-1.597067952156067
1451578565514,2,1.6532340049743652,1.9731359481811523,-0.7448099851608276
1451578565533,2,0.7362629771232605,2.142854928970337,0.07203900068998337
1451578565555,2,0.03418799862265587,1.3614150285720825,0.7142850160598755
1451578565574,2,-0.10500600188970566,1.0671539306640625,1.2087899446487427
1451578565595,2,0.21001200377941132,1.4468849897384644,1.6153830289840698
1451578565616,2,0.9902309775352478,2.2625129222869873,1.7032949924468994
1451578565634,2,0.7387049794197083,1.3064700365066528,0.8144069910049438
1451578565654,2,0.1452990025281906,0.19047600030899048,-0.21489599347114563
1451578565675,2,-0.3797309994697571,-0.9755789637565613,-0.39804598689079285
1451578565694,2,-0.29548200964927673,-1.6104990243911743,0.00976799987256527
1451578565716,2,0.27228298783302307,-0.6764339804649353,-0.0012209999840706587
1451578565734,2,0.24664199352264404,-0.035408999770879745,-0.211232990026474
1451578565755,2,0.18681299686431885,0.2588520050048828,-0.3235650062561035
1451578565775,2,0.0866909995675087,0.36019498109817505,-0.24786299467086792
1451578565795,2,0.08302799612283707,0.4102559983730316,-0.09645900130271912
1451578565816,2,0.21489599347114563,0.4542119801044464,0.09523800015449524
1451578565835,2,0.23687399923801422,0.26129400730133057,0.11965800076723099
1451578565856,2,0.054944999516010284,0.05738699808716774,0.1465200036764145
1451578565876,2,-0.21855899691581726,-0.06837599724531174,0.18559199571609497
1451578565895,2,-0.34310099482536316,-0.21367499232292175,0.24786299467086792
1451578565921,2,-0.1623930037021637,-0.07692299783229828,0.24664199352264404
1451578565935,2,0.00976799987256527,-0.9951149821281433,-0.02319899946451187
1451578565957,2,-0.08180700242519379,-1.0134299993515015,-0.4554329812526703
1451578565977,2,-0.015873000025749207,-0.9010980129241943,-0.5470079779624939
1451578565997,2,-0.097680002450943,-0.9706949591636658,-0.28449299931526184
1451578566017,2,0.030524998903274536,-0.782660961151123,-0.10866899788379669
1451578566037,2,0.03418799862265587,-0.3199020028114319,-0.09157499670982361
1451578566057,2,-0.0647130012512207,-0.08913300186395645,-0.15262499451637268
1451578566077,2,-0.12087900191545486,-0.021978000178933144,-0.2503049969673157
1451578566104,2,-0.19169700145721436,0.040293000638484955,-0.34432199597358704
1451578566117,2,-0.1562879979610443,0.17460300028324127,-0.17582400143146515
1451578566142,2,-0.12332099676132202,0.14407800137996674,0.08791200071573257
1451578566158,2,-0.2332109957933426,0.21977999806404114,0.045176997780799866
1451578566178,2,-0.2539680004119873,0.31623899936676025,-0.08180700242519379
1451578566198,2,-0.18559199571609497,0.38583600521087646,-0.19169700145721436
