1449145173491,1,-0.026861999183893204,0.16117200255393982,-0.010989000089466572
1449145173510,1,0.02319899946451187,0.05250300094485283,-0.01953599974513054
1449145173525,1,0.10744799673557281,0.017093999311327934,-0.04761900007724762
1449145173546,1,0.20879100263118744,0.13064700365066528,-0.059829000383615494
1449145173566,1,0.20879100263118744,0.1941390037536621,0.03296700119972229
1449145173586,1,0.09890099614858627,-0.07203900068998337,0.05616600066423416
1449145173611,1,-0.03174600005149841,-0.13797299563884735,0.050060998648405075
1449145173626,1,-0.015873000025749207,-0.020756999030709267,0.017093999311327934
1449145173646,1,-0.03296700119972229,0.0866909995675087,0.00976799987256527
1449145173666,1,-0.03174600005149841,0.14163599908351898,0.025640999898314476
1449145173693,1,0.0024419999681413174,0.007325999904423952,0.01831500045955181
1449145173707,1,0.02808300033211708,-0.07081799954175949,0.015873000025749207
1449145173727,1,0.03663000091910362,-0.15506699681282043,0.054944999516010284
1449145173747,1,0.017093999311327934,-0.1892549991607666,0.07081799954175949
1449145173767,1,0.0012209999840706587,-0.14407800137996674,0.06959699839353561
1449145173793,1,-0.008546999655663967,-0.11233200132846832,0.0866909995675087
1449145173807,1,-0.00976799987256527,-0.10134299844503403,0.04273499920964241
1449145173827,1,0.035408999770879745,-0.13430999219417572,0.045176997780799866
1449145173847,1,0.0647130012512207,-0.17460300028324127,0.05616600066423416
1449145173867,1,0.07936500012874603,-0.211232990026474,0.04639799892902374
1449145173888,1,0.08791200071573257,-0.09035399556159973,0.15506699681282043
1449145173908,1,0.059829000383615494,-0.3247860074043274,0.27838799357414246
1449145173928,1,0.059829000383615494,-0.70940101146698,0.3406589925289154
1449145173948,1,-0.08058600127696991,-1.037850022315979,0.29426100850105286
1449145173968,1,-0.10988999903202057,-0.20634900033473969,-0.9377279877662659
1449145173990,1,1.0537229776382446,0.7435889840126038,-0.7252739667892456
1449145174013,1,-0.006105000153183937,-0.2747249901294708,0.04761900007724762
1449145174028,1,-0.6227099895477295,-0.6227099895477295,0.9035400152206421
1449145174048,1,-0.8278380036354065,-0.7936499714851379,1.0122089385986328
1449145174074,1,-0.7838819622993469,-0.09645900130271912,0.2051279991865158
1449145174089,1,-0.4432229995727539,0.8095229864120483,-0.5103780031204224
1449145174109,1,-0.07814399898052216,0.7765560150146484,-0.28327199816703796
1449145174129,1,-0.07081799954175949,0.11965800076723099,0.01831500045955181
1449145174149,1,0.03663000091910362,-0.30036598443984985,0.06227099895477295
1449145174175,1,0.1843709945678711,-0.2710619866847992,-0.08546999841928482
1449145174189,1,0.2869350016117096,-0.06104999780654907,-0.20146499574184418
1449145174209,1,0.14163599908351898,0.18559199571609497,-0.10744799673557281
1449145174229,1,-0.04151399806141853,0.097680002450943,-0.02808300033211708
1449145174250,1,-0.1562879979610443,-0.040293000638484955,0.02442000061273575
1449145174275,1,-0.1684979945421219,-0.10622699558734894,0.025640999898314476
1449145174290,1,-0.15873000025749207,-0.11965800076723099,0.00976799987256527
1449145174310,1,-0.14774100482463837,-0.15018299221992493,0.059829000383615494
1449145174330,1,-0.11599499732255936,-0.19780199229717255,0.09035399556159973
1449145174350,1,-0.07203900068998337,-0.1623930037021637,0.05372399836778641
1449145174377,1,-0.045176997780799866,-0.07326000183820724,0.035408999770879745
1449145174391,1,-0.06349200010299683,-0.040293000638484955,0.013430999591946602
1449145174411,1,-0.09645900130271912,-0.10378500074148178,0.021978000178933144
1449145174431,1,0.035408999770879745,-0.31135499477386475,0.10988999903202057
1449145174451,1,0.1452990025281906,-0.39316198229789734,0.15262499451637268
1449145174472,1,0.17582400143146515,-0.39682498574256897,0.11843699961900711
1449145174491,1,0.10744799673557281,-0.2698409855365753,0.07081799954175949
1449145174511,1,0.03663000091910362,-0.12209999561309814,0.05372399836778641
1449145174538,1,0.09401699900627136,-0.18803399801254272,0.04761900007724762
1449145174558,1,0.2222220003604889,-0.3748469948768616,0.010989000089466572
1449145174572,1,0.2857140004634857,-0.4236869812011719,0.014651999808847904
1449145174592,1,0.23443199694156647,-0.4017089903354645,0.025640999898314476
1449145174612,1,0.18681299686431885,-0.25152599811553955,0.030524998903274536
1449145174632,1,0.1404149979352951,0.10988999903202057,-0.05128199979662895
1449145174652,1,0.16605599224567413,0.08058600127696991,-0.10012199729681015
1449145174673,1,0.1684979945421219,0.026861999183893204,-0.10134299844503403
1449145174692,1,0.1245419979095459,-0.0024419999681413174,-0.0757019966840744
1449145174712,1,0.08302799612283707,0.02808300033211708,-0.003662999952211976
1449145174737,1,0.05128199979662895,0.12209999561309814,-0.008546999655663967
1449145174753,1,0.07448099553585052,0.06227099895477295,-0.05616600066423416
1449145174777,1,0.03663000091910362,-0.0378509983420372,-0.06104999780654907
1449145174793,1,-0.006105000153183937,-0.0757019966840744,-0.030524998903274536
1449145174817,1,-0.02319899946451187,0.020756999030709267,-0.02319899946451187
1449145174833,1,-0.021978000178933144,0.19902299344539642,-0.04273499920964241
1449145174854,1,0.017093999311327934,0.22588500380516052,-0.04395600035786629
1449145174874,1,0.021978000178933144,0.11233200132846832,-0.026861999183893204
1449145174893,1,0.02930399961769581,-0.010989000089466572,-0.04761900007724762
1449145174913,1,0.02808300033211708,-0.11477399617433548,-0.06104999780654907
1449145174934,1,0.021978000178933144,-0.15506699681282043,-0.04151399806141853
1449145174959,1,-0.030524998903274536,0.14407800137996674,0.045176997780799866
1449145174974,1,-0.08302799612283707,0.4236869812011719,-0.00976799987256527
1449145174994,1,-0.08913300186395645,0.4017089903354645,-0.03296700119972229
1449145175014,1,-0.05738699808716774,0.16483499109745026,0.014651999808847904
1449145175034,1,-0.04639799892902374,-0.012210000306367874,0.007325999904423952
1449145175054,1,-0.07203900068998337,-0.10378500074148178,-0.02808300033211708
1449145175079,1,-0.11843699961900711,-0.03296700119972229,-0.040293000638484955
1449145175094,1,-0.1245419979095459,0.0012209999840706587,-0.09157499670982361
1449145175120,1,-0.09279599785804749,0.006105000153183937,-0.1294260025024414
1449145175135,1,-0.008546999655663967,0.003662999952211976,-0.13430999219417572
1449145175155,1,0.04273499920964241,0.01953599974513054,-0.13675199449062347
1449145175175,1,0.04395600035786629,0.06715499609708786,-0.1355309933423996
1449145175195,1,0.035408999770879745,0.11477399617433548,-0.14407800137996674
1449145175215,1,-0.003662999952211976,0.13675199449062347,-0.13675199449062347
1449145175235,1,-0.02808300033211708,0.09401699900627136,-0.10134299844503403
1449145175255,1,-0.03174600005149841,0.035408999770879745,-0.09645900130271912
1449145175276,1,-0.017093999311327934,0.08180700242519379,-0.025640999898314476
1449145175296,1,-0.04761900007724762,0.1575089991092682,-0.014651999808847904
1449145175316,1,-0.06104999780654907,0.19902299344539642,-0.03907199949026108
1449145175340,2,-0.035408999770879745,0.2051279991865158,-0.05860799923539162
1449145175356,2,-0.008546999655663967,0.1684979945421219,-0.06959699839353561
1449145175376,2,0.004883999936282635,-0.003662999952211976,0.003662999952211976
1449145175397,2,-0.004883999936282635,0.040293000638484955,0.014651999808847904
1449145175416,2,-0.01831500045955181,0.11965800076723099,0.003662999952211976
1449145175453,2,-0.0024419999681413174,0.11477399617433548,-0.0024419999681413174
1449145175463,2,0.010989000089466572,0.05372399836778641,-0.004883999936282635
1449145175477,2,0.017093999311327934,0.015873000025749207,-0.007325999904423952
1449145175497,2,0.006105000153183937,0.010989000089466572,-0.0024419999681413174
1449145175517,2,0.013430999591946602,0.03907199949026108,-0.014651999808847904
1449145175538,2,0.025640999898314476,0.054944999516010284,-0.026861999183893204
1449145175557,2,0.035408999770879745,0.026861999183893204,-0.026861999183893204
1449145175577,2,0.030524998903274536,-0.0012209999840706587,-0.02808300033211708
1449145175597,2,0.025640999898314476,0.03663000091910362,-0.0024419999681413174
1449145175617,2,0.010989000089466572,0.054944999516010284,-0.01953599974513054
1449145175638,2,0.07081799954175949,0.1294260025024414,0.012210000306367874
1449145175658,2,0.12087900191545486,0.16971899569034576,0.050060998648405075
1449145175678,2,0.10866899788379669,0.167276993393898,0.09401699900627136
1449145175698,2,0.06715499609708786,0.10622699558734894,0.020756999030709267
1449145175718,2,0.05738699808716774,0.0757019966840744,-0.020756999030709267
1449145175738,2,0.02930399961769581,0.04273499920964241,-0.020756999030709267
1449145175758,2,0.04395600035786629,0.0378509983420372,-0.03174600005149841
1449145175778,2,0.09523800015449524,0.035408999770879745,-0.04639799892902374
1449145175799,2,0.11477399617433548,0.0378509983420372,-0.03907199949026108
1449145175819,2,0.10866899788379669,-0.006105000153183937,-0.07081799954175949
1449145175839,2,0.11965800076723099,-0.004883999936282635,-0.09890099614858627
1449145175859,2,0.12820500135421753,-0.02808300033211708,-0.11111100018024445
1449145175879,2,0.12087900191545486,-0.045176997780799866,-0.07203900068998337
1449145175899,2,0.07814399898052216,-0.05372399836778641,-0.01953599974513054
1449145175919,2,0.03418799862265587,0.017093999311327934,-0.014651999808847904
1449145175940,2,0.0866909995675087,0.05128199979662895,-0.05250300094485283
1449145175960,2,0.09401699900627136,0.050060998648405075,-0.0488400012254715
1449145175985,2,0.07326000183820724,0.015873000025749207,-0.03907199949026108
1449145176000,2,0.04639799892902374,-0.0024419999681413174,-0.020756999030709267
1449145176021,2,0.054944999516010284,0.05738699808716774,-0.030524998903274536
1449145176040,2,0.03907199949026108,0.04639799892902374,-0.02319899946451187
1449145176060,2,0.03907199949026108,0.05738699808716774,-0.0378509983420372
1449145176080,2,0.09279599785804749,0.11233200132846832,-0.09157499670982361
1449145176100,2,0.1452990025281906,0.13186800479888916,-0.14285700023174286
1449145176121,2,0.18070799112319946,2.481071949005127,-0.5689859986305237
1449145176145,2,-0.21245399117469788,-1.1172150373458862,0.09279599785804749
1449145176161,2,-0.21001200377941132,-1.307690978050232,-0.11477399617433548
1449145176181,2,-0.34798499941825867,-0.9609270095825195,-0.03663000091910362
1449145176201,2,-0.4798530042171478,0.17460300028324127,0.195360004901886
1449145176222,2,-0.2710619866847992,0.832722008228302,0.23076899349689484
1449145176241,2,0.40903499722480774,0.09523800015449524,-0.27350398898124695
1449145176266,2,0.299144983291626,-0.15506699681282043,-0.30036598443984985
1449145176281,2,0.010989000089466572,-0.2222220003604889,-0.21977999806404114
1449145176301,2,-0.13308899104595184,-0.12087900191545486,-0.10744799673557281
1449145176322,2,-0.10866899788379669,0.03296700119972229,-0.03174600005149841
1449145176342,2,-0.07448099553585052,0.09890099614858627,0.020756999030709267
1449145176362,2,-0.08180700242519379,-0.035408999770879745,0.030524998903274536
1449145176387,2,-0.0012209999840706587,-0.09523800015449524,0.04761900007724762
1449145176402,2,0.040293000638484955,-0.04395600035786629,0.05128199979662895
1449145176422,2,0.03418799862265587,0.015873000025749207,0.03663000091910362
1449145176442,2,0.03418799862265587,0.04761900007724762,0.006105000153183937
1449145176462,2,0.03174600005149841,0.010989000089466572,-0.02442000061273575
1449145176483,2,0.00976799987256527,0.012210000306367874,-0.02442000061273575
1449145176503,2,0.0012209999840706587,0.012210000306367874,-0.03663000091910362
1449145176523,2,-0.007325999904423952,-0.015873000025749207,-0.0378509983420372
1449145176543,2,-0.020756999030709267,-0.04761900007724762,-0.02808300033211708
1449145176563,2,-0.040293000638484955,-0.05860799923539162,-0.025640999898314476
1449145176583,2,-0.045176997780799866,-0.05372399836778641,-0.014651999808847904
1449145176604,2,-0.04761900007724762,-0.02442000061273575,0.0012209999840706587
1449145176623,2,-0.045176997780799866,-0.020756999030709267,0.008546999655663967
1449145176643,2,-0.03663000091910362,0.0,-0.0024419999681413174
1449145176663,2,-0.0488400012254715,0.004883999936282635,-0.006105000153183937
1449145176684,2,-0.04639799892902374,-0.003662999952211976,0.0
1449145176705,2,-0.0378509983420372,0.014651999808847904,0.007325999904423952
1449145176728,2,-0.02930399961769581,0.01953599974513054,0.007325999904423952
1449145176745,2,-0.010989000089466572,0.015873000025749207,-0.010989000089466572
1449145176764,2,0.006105000153183937,0.03907199949026108,-0.03174600005149841
1449145176784,2,0.013430999591946602,0.02442000061273575,-0.03174600005149841
1449145176805,2,0.014651999808847904,0.025640999898314476,-0.03418799862265587
1449145176829,2,0.013430999591946602,0.054944999516010284,-0.035408999770879745
1449145176845,2,0.010989000089466572,0.04639799892902374,-0.03418799862265587
1449145176865,2,0.00976799987256527,0.01953599974513054,-0.03663000091910362
1449145176885,2,0.01831500045955181,-0.008546999655663967,-0.04395600035786629
1449145176905,2,0.04273499920964241,-0.012210000306367874,-0.06837599724531174
1449145176925,2,0.059829000383615494,-0.006105000153183937,-0.09645900130271912
1449145176945,2,0.07203900068998337,0.00976799987256527,-0.10622699558734894
1449145176965,2,0.05128199979662895,0.02930399961769581,-0.0866909995675087
1449145176986,2,0.006105000153183937,0.030524998903274536,-0.017093999311327934
1449145177006,2,0.01831500045955181,-0.0024419999681413174,-0.003662999952211976
1449145177030,2,0.02319899946451187,-0.020756999030709267,-0.021978000178933144
1449145177046,2,0.021978000178933144,-0.040293000638484955,-0.02442000061273575
1449145177066,2,0.0024419999681413174,-0.013430999591946602,-0.012210000306367874
1449145177087,2,-0.00976799987256527,0.05616600066423416,-0.01953599974513054
1449145177106,2,0.006105000153183937,0.05250300094485283,-0.015873000025749207
1449145177126,2,0.017093999311327934,0.050060998648405075,-0.02319899946451187
1449145177146,2,0.02319899946451187,0.0488400012254715,-0.04639799892902374
1449145177166,2,0.01831500045955181,0.04151399806141853,-0.05738699808716774
1449145177193,2,0.03907199949026108,0.03663000091910362,-0.05616600066423416
1449145177207,2,0.035408999770879745,0.11721599847078323,-0.06227099895477295
1449145177227,2,0.03174600005149841,0.10622699558734894,-0.045176997780799866
1449145177247,2,0.045176997780799866,0.021978000178933144,-0.040293000638484955
1449145177267,2,0.04273499920964241,0.0012209999840706587,-0.045176997780799866
1449145177288,2,0.020756999030709267,0.03663000091910362,-0.030524998903274536
1449145177307,2,0.017093999311327934,0.04761900007724762,-0.020756999030709267
1449145177327,2,0.03174600005149841,0.06227099895477295,-0.02930399961769581
1449145177352,2,0.04395600035786629,0.07936500012874603,-0.03907199949026108
1449145177368,2,0.05250300094485283,0.06837599724531174,-0.0378509983420372
1449145177389,1,0.045176997780799866,0.06349200010299683,-0.0378509983420372
1449145177408,1,0.021978000178933144,0.017093999311327934,-0.026861999183893204
1449145177428,1,0.012210000306367874,-0.03174600005149841,-0.02442000061273575
1449145177448,1,-0.04151399806141853,-0.03907199949026108,-0.09157499670982361
1449145177468,1,-0.12576299905776978,0.04395600035786629,-0.11111100018024445
1449145177489,1,-0.05250300094485283,0.11843699961900711,-0.0488400012254715
1449145177508,1,0.01831500045955181,0.04151399806141853,-0.004883999936282635
1449145177528,1,0.11111100018024445,-0.05616600066423416,-0.0378509983420372
1449145177549,1,0.11843699961900711,-0.02808300033211708,-0.06837599724531174
1449145177571,1,0.12087900191545486,0.00976799987256527,-0.06593400239944458
1449145177589,1,0.10622699558734894,0.06227099895477295,-0.06593400239944458
1449145177609,1,0.09279599785804749,0.07692299783229828,-0.05128199979662895
1449145177629,1,0.11233200132846832,-0.025640999898314476,-0.06104999780654907
1449145177649,1,0.13675199449062347,-0.059829000383615494,-0.04151399806141853
1449145177677,1,0.1245419979095459,-0.06593400239944458,-0.00976799987256527
1449145177689,1,0.09035399556159973,-0.021978000178933144,-0.004883999936282635
1449145177714,1,0.05128199979662895,0.007325999904423952,-0.012210000306367874
1449145177730,1,-0.0024419999681413174,-0.050060998648405075,0.03296700119972229
1449145177750,1,-0.015873000025749207,-0.08791200071573257,0.0378509983420372
1449145177771,1,-0.02442000061273575,-0.11965800076723099,0.02930399961769581
1449145177790,1,-0.04395600035786629,-0.11477399617433548,0.03418799862265587
1449145177810,1,-0.07203900068998337,-0.10378500074148178,0.05860799923539162
1449145177830,1,-0.08791200071573257,-0.06227099895477295,0.04395600035786629
1449145177850,1,-0.07326000183820724,-0.03296700119972229,0.021978000178933144
1449145177872,1,-0.04395600035786629,-0.06837599724531174,0.03907199949026108
1449145177891,1,-0.020756999030709267,-0.097680002450943,0.025640999898314476
1449145177911,1,-0.01953599974513054,-0.07326000183820724,0.013430999591946602
1449145177931,1,-0.04273499920964241,-0.08424899727106094,0.01953599974513054
1449145177951,1,-0.0378509983420372,-0.01831500045955181,0.059829000383615494
1449145177971,1,0.0378509983420372,-0.22344300150871277,0.12332099676132202
1449145177991,1,0.05250300094485283,-0.5054939985275269,0.05616600066423416
1449145178016,1,-0.014651999808847904,-0.1245419979095459,-0.48351600766181946
1449145178031,1,0.5128200054168701,1.2991440296173096,-0.9743579626083374
1449145178051,1,0.27228298783302307,0.003662999952211976,-0.782660961151123
1449145178072,1,0.10134299844503403,-0.4102559983730316,-0.299144983291626
1449145178092,1,0.045176997780799866,-0.2637360095977783,0.04273499920964241
1449145178112,1,-0.14774100482463837,-0.21855899691581726,0.21855899691581726
1449145178132,1,-0.390720009803772,-0.16971899569034576,0.13797299563884735
1449145178158,1,-0.5286930203437805,0.1294260025024414,-0.13186800479888916
1449145178172,1,-0.46886399388313293,0.03296700119972229,0.14163599908351898
1449145178193,1,-0.31135499477386475,-0.21245399117469788,0.2710619866847992
1449145178213,1,-0.097680002450943,-0.1892549991607666,0.25152599811553955
1449145178232,1,0.017093999311327934,-0.035408999770879745,0.1245419979095459
1449145178253,1,0.045176997780799866,0.08424899727106094,-0.0024419999681413174
1449145178277,1,0.06104999780654907,0.11721599847078323,-0.07326000183820724
1449145178293,1,0.07448099553585052,0.05128199979662895,-0.030524998903274536
1449145178313,1,0.05738699808716774,-0.008546999655663967,0.014651999808847904
1449145178333,1,0.030524998903274536,-0.01953599974513054,0.05250300094485283
1449145178354,1,0.017093999311327934,-0.02808300033211708,0.06349200010299683
1449145178373,1,0.03663000091910362,0.03663000091910362,0.0378509983420372
1449145178398,1,0.03296700119972229,0.01831500045955181,0.021978000178933144
1449145178414,1,0.03174600005149841,-0.025640999898314476,0.0378509983420372
1449145178434,1,0.025640999898314476,-0.08302799612283707,0.06104999780654907
1449145178455,1,0.030524998903274536,-0.11965800076723099,0.054944999516010284
1449145178474,1,0.025640999898314476,-0.10378500074148178,0.040293000638484955
1449145178494,1,-0.05250300094485283,-0.0024419999681413174,0.006105000153183937
1449145178519,1,-0.007325999904423952,0.11721599847078323,0.0012209999840706587
1449145178534,1,0.059829000383615494,0.03418799862265587,-0.014651999808847904
1449145178555,1,0.09523800015449524,-0.03296700119972229,-0.03296700119972229
1449145178575,1,0.07936500012874603,-0.05250300094485283,-0.02319899946451187
1449145178595,1,-0.010989000089466572,0.03663000091910362,-0.026861999183893204
1449145178615,1,-0.013430999591946602,0.09890099614858627,-0.045176997780799866
1449145178635,1,0.020756999030709267,0.11111100018024445,-0.02319899946451187
1449145178656,1,0.06959699839353561,0.015873000025749207,0.03174600005149841
1449145178675,1,0.08546999841928482,0.04151399806141853,0.07448099553585052
1449145178700,1,0.013430999591946602,0.2649570107460022,-0.07692299783229828
1449145178715,1,0.021978000178933144,0.3028079867362976,-0.08424899727106094
1449145178741,1,0.004883999936282635,0.10744799673557281,-0.0378509983420372
1449145178756,1,0.05372399836778641,-0.15873000025749207,0.045176997780799866
1449145178776,1,0.06593400239944458,-0.3028079867362976,0.14896199107170105
1449145178796,1,0.0024419999681413174,-0.2490839958190918,0.2222220003604889
1449145178816,1,-0.1135529950261116,-0.13430999219417572,0.3357749879360199
1449145178838,1,-0.09035399556159973,-0.097680002450943,0.23076899349689484
1449145178856,1,-0.003662999952211976,-0.0378509983420372,0.0488400012254715
1449145178876,1,0.07448099553585052,0.02319899946451187,-0.054944999516010284
1449145178896,1,0.11599499732255936,0.0378509983420372,-0.10378500074148178
1449145178916,1,0.06349200010299683,0.16483499109745026,-0.03663000091910362
1449145178938,1,-0.03907199949026108,0.21489599347114563,0.0024419999681413174
1449145178962,1,-0.10134299844503403,0.28937700390815735,0.0
1449145178977,1,-0.09157499670982361,0.3882780075073242,-0.03663000091910362
1449145178998,1,-0.05860799923539162,0.097680002450943,-0.09157499670982361
1449145179017,1,0.13308899104595184,-0.12209999561309814,-0.06104999780654907
1449145179039,1,0.08180700242519379,-0.21001200377941132,-0.010989000089466572
1449145179057,1,0.012210000306367874,-0.1684979945421219,0.010989000089466572
1449145179077,1,-0.0488400012254715,-0.12698400020599365,0.021978000178933144
1449145179097,1,-0.0757019966840744,-0.1355309933423996,0.030524998903274536
1449145179118,1,-0.06227099895477295,-0.13308899104595184,0.05250300094485283
1449145179138,1,0.015873000025749207,-0.0488400012254715,0.03174600005149841
1449145179158,1,0.054944999516010284,-0.010989000089466572,-0.004883999936282635
1449145179178,1,0.0647130012512207,-0.0024419999681413174,-0.02319899946451187
1449145179198,1,0.03907199949026108,-0.030524998903274536,-0.003662999952211976
1449145179218,1,0.04151399806141853,-0.05128199979662895,0.007325999904423952
1449145179244,1,0.12332099676132202,0.008546999655663967,-0.008546999655663967
1449145179258,1,0.1465200036764145,0.04395600035786629,-0.021978000178933144
1449145179279,1,0.14407800137996674,0.09401699900627136,-0.04639799892902374
1449145179299,1,0.1465200036764145,0.09523800015449524,-0.03907199949026108
1449145179319,1,0.10500600188970566,0.06959699839353561,0.006105000153183937
1449145179339,1,0.010989000089466572,0.04639799892902374,-0.020756999030709267
1449145179359,1,0.05128199979662895,0.10988999903202057,-0.06104999780654907
1449145179379,1,0.13064700365066528,0.18803399801254272,-0.10988999903202057
1449145179399,1,0.18192899227142334,0.21489599347114563,-0.11477399617433548
1449145179426,2,0.1404149979352951,0.1452990025281906,-0.06227099895477295
1449145179440,2,0.04151399806141853,0.04151399806141853,-0.014651999808847904
1449145179460,2,0.0024419999681413174,-0.00976799987256527,-0.04395600035786629
1449145179480,2,0.059829000383615494,0.07692299783229828,-0.08913300186395645
1449145179500,2,0.09157499670982361,0.17704500257968903,-0.10500600188970566
1449145179522,2,0.07448099553585052,0.21855899691581726,-0.06837599724531174
1449145179540,2,0.008546999655663967,0.15995100140571594,-0.013430999591946602
1449145179565,2,-0.06593400239944458,0.010989000089466572,0.0012209999840706587
1449145179580,2,0.020756999030709267,-0.04395600035786629,-0.06227099895477295
1449145179600,2,0.11233200132846832,-0.0012209999840706587,-0.11111100018024445
1449145179621,2,0.17582400143146515,0.0757019966840744,-0.1623930037021637
1449145179641,2,0.22344300150871277,0.14896199107170105,-0.19169700145721436
1449145179661,2,0.06349200010299683,0.12698400020599365,-0.06837599724531174
1449145179681,2,-0.00976799987256527,0.04639799892902374,-0.04273499920964241
1449145179701,2,-0.0012209999840706587,-0.004883999936282635,-0.05738699808716774
1449145179723,2,0.06593400239944458,-0.03296700119972229,-0.10012199729681015
1449145179746,2,0.10866899788379669,-0.012210000306367874,-0.12698400020599365
1449145179761,2,0.10378500074148178,0.11843699961900711,-0.1245419979095459
1449145179781,2,0.05616600066423416,0.14774100482463837,-0.09279599785804749
1449145179802,2,0.04151399806141853,0.17460300028324127,-0.0378509983420372
1449145179822,2,0.02319899946451187,0.15018299221992493,-0.02319899946451187
1449145179842,2,0.03174600005149841,0.11233200132846832,-0.04761900007724762
1449145179866,2,0.05738699808716774,0.08546999841928482,-0.08424899727106094
1449145179882,2,0.006105000153183937,0.0,-0.013430999591946602
1449145179902,2,-0.05860799923539162,-0.05250300094485283,0.008546999655663967
1449145179923,2,-0.054944999516010284,-0.06959699839353561,-0.012210000306367874
1449145179942,2,0.010989000089466572,-0.04151399806141853,-0.03296700119972229
1449145179962,2,0.05128199979662895,0.03418799862265587,-0.05250300094485283
1449145179983,2,0.04639799892902374,0.05372399836778641,-0.03174600005149841
1449145180005,2,0.02319899946451187,0.013430999591946602,-0.007325999904423952
1449145180023,2,-0.02319899946451187,-0.013430999591946602,0.03296700119972229
1449145180043,2,-0.04273499920964241,-0.007325999904423952,0.021978000178933144
1449145180063,2,-0.00976799987256527,0.03663000091910362,-0.003662999952211976
1449145180083,2,0.035408999770879745,0.09401699900627136,-0.04639799892902374
1449145180105,2,0.026861999183893204,0.06715499609708786,-0.05128199979662895
1449145180124,2,0.007325999904423952,0.006105000153183937,-0.04639799892902374
1449145180144,2,-0.015873000025749207,-0.04273499920964241,-0.03296700119972229
1449145180164,2,-0.02930399961769581,-0.006105000153183937,-0.01831500045955181
1449145180184,2,-0.0024419999681413174,0.07326000183820724,-0.030524998903274536
1449145180205,2,0.05128199979662895,0.10012199729681015,-0.06959699839353561
1449145180229,2,0.021978000178933144,0.05372399836778641,-0.05616600066423416
1449145180244,2,-0.017093999311327934,0.015873000025749207,-0.02442000061273575
1449145180264,2,-0.025640999898314476,0.021978000178933144,-0.020756999030709267
1449145180284,2,0.014651999808847904,0.05372399836778641,-0.04151399806141853
1449145180305,2,0.04639799892902374,0.16605599224567413,-0.08180700242519379
1449145180329,2,0.06593400239944458,0.2002439945936203,-0.11111100018024445
1449145180345,2,0.003662999952211976,0.7496939897537231,-0.4652009904384613
1449145180365,2,-0.16483499109745026,-1.101341962814331,0.3150179982185364
1449145180385,2,-0.32234400510787964,-1.2112319469451904,0.27960899472236633
1449145180406,2,-0.2539680004119873,0.0866909995675087,-0.14896199107170105
1449145180425,2,-0.16483499109745026,1.3430999517440796,-0.020756999030709267
1449145180445,2,0.05372399836778641,1.196579933166504,0.0378509983420372
1449145180472,2,0.14774100482463837,0.39682498574256897,-0.06227099895477295
1449145180486,2,0.13064700365066528,-0.17460300028324127,-0.1733819991350174
1449145180506,2,0.020756999030709267,-0.31623899936676025,-0.1843709945678711
1449145180526,2,-0.040293000638484955,0.020756999030709267,-0.12698400020599365
1449145180546,2,0.014651999808847904,0.10134299844503403,-0.0757019966840744
1449145180566,2,0.01831500045955181,0.05860799923539162,-0.05128199979662895
1449145180588,2,-0.030524998903274536,-0.014651999808847904,-0.01953599974513054
1449145180606,2,-0.02930399961769581,-0.0378509983420372,-0.007325999904423952
1449145180626,2,0.007325999904423952,-0.06837599724531174,0.017093999311327934
1449145180646,2,-0.010989000089466572,-0.06837599724531174,0.03296700119972229
1449145180666,2,-0.020756999030709267,-0.0757019966840744,0.04761900007724762
1449145180687,2,-0.0024419999681413174,-0.09523800015449524,0.05372399836778641
1449145180707,2,0.02808300033211708,-0.10622699558734894,0.025640999898314476
1449145180727,2,0.050060998648405075,-0.19658099114894867,-0.015873000025749207
1449145180747,2,0.0378509983420372,-0.1941390037536621,-0.006105000153183937
1449145180767,2,0.021978000178933144,-0.13186800479888916,0.010989000089466572
1449145180788,2,0.021978000178933144,-0.0647130012512207,-0.026861999183893204
1449145180807,2,0.03296700119972229,-0.030524998903274536,-0.05372399836778641
1449145180828,2,0.03174600005149841,0.007325999904423952,-0.0647130012512207
1449145180848,2,0.008546999655663967,0.045176997780799866,-0.0378509983420372
1449145180868,2,0.0012209999840706587,-0.007325999904423952,-0.020756999030709267
1449145180888,2,0.0012209999840706587,-0.026861999183893204,-0.02319899946451187
1449145180908,2,0.008546999655663967,0.004883999936282635,-0.04639799892902374
1449145180928,2,0.017093999311327934,0.04395600035786629,-0.054944999516010284
1449145180952,2,-0.01831500045955181,0.04151399806141853,-0.020756999030709267
1449145180968,2,-0.004883999936282635,0.05372399836778641,-0.01953599974513054
1449145180989,2,0.007325999904423952,0.02319899946451187,-0.02930399961769581
1449145181009,2,0.021978000178933144,0.00976799987256527,-0.025640999898314476
1449145181029,2,0.02808300033211708,0.025640999898314476,-0.015873000025749207
1449145181049,2,0.010989000089466572,0.07936500012874603,-0.015873000025749207
1449145181069,2,-0.026861999183893204,0.04151399806141853,-0.008546999655663967
1449145181089,2,-0.04273499920964241,0.014651999808847904,-0.007325999904423952
1449145181114,2,-0.02808300033211708,0.06104999780654907,-0.020756999030709267
1449145181129,2,0.0,0.11477399617433548,-0.03663000091910362
1449145181149,2,-0.007325999904423952,0.15018299221992493,-0.013430999591946602
1449145181172,2,-0.04151399806141853,0.12332099676132202,0.02930399961769581
1449145181190,2,-0.02442000061273575,0.11477399617433548,0.01831500045955181
1449145181210,2,0.012210000306367874,0.10378500074148178,-0.00976799987256527
1449145181230,2,0.008546999655663967,0.06593400239944458,-0.017093999311327934
1449145181250,2,-0.013430999591946602,0.03418799862265587,0.0012209999840706587
1449145181271,2,0.021978000178933144,0.10744799673557281,-0.01953599974513054
1449145181290,2,0.02319899946451187,0.12820500135421753,-0.06104999780654907
1449145181310,2,0.035408999770879745,0.06837599724531174,-0.04761900007724762
1449145181336,2,0.021978000178933144,0.008546999655663967,-0.020756999030709267
1449145181350,2,-0.012210000306367874,0.004883999936282635,-0.02442000061273575
1449145181373,2,-0.017093999311327934,0.08302799612283707,-0.026861999183893204
1449145181391,2,-0.03907199949026108,0.04761900007724762,-0.01831500045955181
1449145181411,2,-0.03296700119972229,0.02442000061273575,-0.008546999655663967
1449145181431,2,-0.004883999936282635,0.03907199949026108,-0.02442000061273575
1449145181451,1,0.014651999808847904,0.05128199979662895,-0.03174600005149841
1449145181473,1,0.004883999936282635,0.026861999183893204,-0.014651999808847904
1449145181491,1,-0.0024419999681413174,0.026861999183893204,-0.0012209999840706587
1449145181512,1,0.02442000061273575,0.050060998648405075,-0.026861999183893204
1449145181531,1,0.03907199949026108,0.03418799862265587,-0.035408999770879745
1449145181557,1,0.02442000061273575,0.003662999952211976,-0.025640999898314476
1449145181573,1,0.003662999952211976,-0.00976799987256527,-0.02319899946451187
1449145181597,1,-0.012210000306367874,0.02808300033211708,-0.01831500045955181
1449145181612,1,0.0012209999840706587,0.02442000061273575,-0.02442000061273575
1449145181632,1,0.007325999904423952,0.015873000025749207,-0.03174600005149841
1449145181653,1,0.004883999936282635,0.025640999898314476,-0.026861999183893204
1449145181673,1,-0.004883999936282635,0.010989000089466572,-0.012210000306367874
1449145181692,1,-0.02808300033211708,0.02808300033211708,-0.00976799987256527
1449145181713,1,0.012210000306367874,0.16361400485038757,-0.010989000089466572
1449145181733,1,0.09523800015449524,0.21367499232292175,-0.10866899788379669
1449145181753,1,0.17460300028324127,0.1782660037279129,-0.13308899104595184
1449145181773,1,0.19047600030899048,0.04273499920964241,-0.059829000383615494
1449145181793,1,0.13308899104595184,-0.10378500074148178,-0.00976799987256527
1449145181813,1,0.07692299783229828,0.09523800015449524,0.00976799987256527
1449145181833,1,0.06227099895477295,0.23076899349689484,-0.026861999183893204
1449145181855,1,0.11111100018024445,0.3125759959220886,-0.006105000153183937
1449145181878,1,0.21001200377941132,0.11843699961900711,-0.02319899946451187
1449145181898,1,0.16605599224567413,-0.12820500135421753,-0.025640999898314476
1449145181914,1,0.09523800015449524,-0.2271059900522232,0.045176997780799866
1449145181934,1,0.06104999780654907,-0.2441999912261963,0.03174600005149841
1449145181954,1,0.054944999516010284,-0.15873000025749207,0.02319899946451187
1449145181974,1,0.03663000091910362,-0.10744799673557281,0.02808300033211708
1449145181994,1,-0.006105000153183937,-0.10866899788379669,0.035408999770879745
1449145182017,1,0.03907199949026108,-0.02319899946451187,0.03296700119972229
1449145182034,1,0.04151399806141853,0.015873000025749207,0.017093999311327934
1449145182059,1,0.014651999808847904,0.06349200010299683,0.017093999311327934
1449145182075,1,-0.030524998903274536,0.10134299844503403,0.025640999898314476
1449145182095,1,-0.07326000183820724,0.06959699839353561,0.050060998648405075
1449145182115,1,-0.06959699839353561,0.006105000153183937,0.11965800076723099
1449145182135,1,-0.04395600035786629,-0.06593400239944458,0.12087900191545486
1449145182155,1,-0.03907199949026108,-0.07448099553585052,0.06959699839353561
1449145182180,1,-0.02442000061273575,-0.0024419999681413174,0.01953599974513054
1449145182195,1,-0.014651999808847904,0.09523800015449524,0.010989000089466572
1449145182215,1,0.06593400239944458,0.11599499732255936,0.06715499609708786
1449145182236,1,0.23565299808979034,-0.29426100850105286,0.17460300028324127
1449145182260,1,0.21977999806404114,-0.6410250067710876,0.11233200132846832
1449145182276,1,0.05250300094485283,-0.6862019896507263,0.05128199979662895
1449145182296,1,1.1477400064468384,1.2380939722061157,-0.822953999042511
1449145182316,1,1.7240519523620605,1.1233199834823608,-0.699633002281189
1449145182337,1,-0.09645900130271912,-0.9108659625053406,0.2588520050048828
1449145182356,1,-0.6227099895477295,-0.9914519786834717,0.4774110019207001
1449145182381,1,-0.6825389862060547,-0.8669099807739258,0.16483499109745026
1449145182396,1,-0.3748469948768616,-0.32722800970077515,-0.16605599224567413
1449145182417,1,0.025640999898314476,0.22344300150871277,-0.30647099018096924
1449145182439,1,-0.02930399961769581,0.27960899472236633,0.045176997780799866
1449145182457,1,-0.3040289878845215,0.00976799987256527,0.2588520050048828
1449145182477,1,-0.42612898349761963,-0.14163599908351898,0.2649570107460022
1449145182497,1,-0.31623899936676025,-0.06104999780654907,0.13064700365066528
1449145182517,1,-0.13919399678707123,0.1404149979352951,0.021978000178933144
1449145182544,1,-0.05738699808716774,0.18070799112319946,-0.0012209999840706587
1449145182558,1,-0.09523800015449524,-0.06959699839353561,0.054944999516010284
1449145182582,1,-0.12820500135421753,-0.15384599566459656,0.05616600066423416
1449145182598,1,-0.12087900191545486,-0.08546999841928482,0.012210000306367874
1449145182618,1,-0.04639799892902374,0.026861999183893204,-0.03418799862265587
1449145182639,1,0.026861999183893204,0.03907199949026108,-0.04273499920964241
1449145182662,1,0.040293000638484955,-0.054944999516010284,-0.012210000306367874
1449145182678,1,0.003662999952211976,-0.03296700119972229,-0.0012209999840706587
1449145182698,1,-0.014651999808847904,-0.025640999898314476,0.012210000306367874
1449145182718,1,-0.03296700119972229,-0.05860799923539162,0.017093999311327934
1449145182739,1,-0.06715499609708786,-0.0866909995675087,0.035408999770879745
1449145182759,1,-0.10134299844503403,-0.09035399556159973,0.054944999516010284
1449145182779,1,-0.07936500012874603,-0.0488400012254715,0.03296700119972229
1449145182805,1,-0.05738699808716774,-0.0378509983420372,0.026861999183893204
1449145182819,1,-0.04761900007724762,-0.04151399806141853,0.026861999183893204
1449145182839,1,-0.020756999030709267,-0.040293000638484955,0.026861999183893204
1449145182859,1,-0.006105000153183937,-0.08058600127696991,0.020756999030709267
1449145182879,1,-0.020756999030709267,-0.07692299783229828,-0.01831500045955181
1449145182904,1,-0.017093999311327934,-0.02930399961769581,-0.026861999183893204
1449145182920,1,0.0012209999840706587,0.017093999311327934,-0.015873000025749207
1449145182940,1,0.004883999936282635,-0.054944999516010284,0.026861999183893204
1449145182964,1,-0.04151399806141853,-0.10744799673557281,0.030524998903274536
1449145182980,1,-0.02442000061273575,-0.0012209999840706587,-0.012210000306367874
1449145183000,1,-0.040293000638484955,0.045176997780799866,-0.021978000178933144
1449145183021,1,-0.08058600127696991,0.026861999183893204,-0.004883999936282635
1449145183040,1,-0.097680002450943,0.0488400012254715,0.025640999898314476
1449145183060,1,-0.059829000383615494,0.04151399806141853,0.02930399961769581
1449145183080,1,-0.007325999904423952,0.04151399806141853,-0.007325999904423952
1449145183101,1,-0.004883999936282635,0.05616600066423416,-0.004883999936282635
1449145183126,1,-0.01953599974513054,0.0378509983420372,0.02442000061273575
1449145183141,1,-0.0488400012254715,-0.017093999311327934,0.04273499920964241
1449145183161,1,-0.035408999770879745,-0.012210000306367874,0.025640999898314476
1449145183181,1,0.007325999904423952,0.010989000089466572,0.021978000178933144
1449145183201,1,0.025640999898314476,0.02808300033211708,0.008546999655663967
1449145183221,1,0.03174600005149841,0.01831500045955181,0.021978000178933144
1449145183241,1,0.007325999904423952,0.008546999655663967,0.006105000153183937
1449145183261,1,0.007325999904423952,0.02930399961769581,0.0
1449145183282,1,0.007325999904423952,0.026861999183893204,-0.0012209999840706587
1449145183308,1,0.010989000089466572,-0.06227099895477295,0.026861999183893204
1449145183322,1,0.006105000153183937,-0.030524998903274536,0.010989000089466572
1449145183347,1,0.008546999655663967,0.006105000153183937,0.0012209999840706587
1449145183362,1,-0.004883999936282635,0.020756999030709267,-0.017093999311327934
1449145183382,1,0.0,0.035408999770879745,-0.02808300033211708
1449145183402,1,0.02319899946451187,0.0378509983420372,-0.010989000089466572
1449145183423,1,0.014651999808847904,0.0,-0.006105000153183937
1449145183443,1,0.017093999311327934,0.007325999904423952,-0.03907199949026108
1449145183463,2,0.03663000091910362,0.026861999183893204,-0.0488400012254715
1449145183483,2,0.02808300033211708,0.035408999770879745,-0.04273499920964241
1449145183503,2,0.021978000178933144,0.02930399961769581,-0.025640999898314476
1449145183523,2,0.03296700119972229,0.014651999808847904,-0.03174600005149841
1449145183544,2,0.045176997780799866,0.03418799862265587,-0.045176997780799866
1449145183563,2,0.030524998903274536,0.04273499920964241,-0.02930399961769581
1449145183583,2,0.013430999591946602,0.01953599974513054,-0.015873000025749207
1449145183605,2,0.013430999591946602,0.014651999808847904,-0.013430999591946602
1449145183624,2,0.01831500045955181,0.021978000178933144,-0.040293000638484955
1449145183644,2,0.008546999655663967,0.012210000306367874,-0.030524998903274536
1449145183664,2,-0.015873000025749207,-0.013430999591946602,-0.007325999904423952
1449145183684,2,-0.02930399961769581,-0.03174600005149841,0.020756999030709267
1449145183709,2,-0.013430999591946602,-0.017093999311327934,0.008546999655663967
1449145183724,2,0.02442000061273575,0.04151399806141853,-0.03296700119972229
1449145183749,2,0.013430999591946602,0.02442000061273575,-0.030524998903274536
1449145183764,2,0.00976799987256527,0.007325999904423952,-0.026861999183893204
1449145183784,2,0.010989000089466572,-0.014651999808847904,-0.02930399961769581
1449145183805,2,0.01831500045955181,0.01953599974513054,-0.04151399806141853
1449145183825,2,0.01831500045955181,0.06349200010299683,-0.03296700119972229
1449145183845,2,0.003662999952211976,0.035408999770879745,-0.02319899946451187
1449145183869,2,0.012210000306367874,0.02442000061273575,-0.02442000061273575
1449145183885,2,0.00976799987256527,0.02808300033211708,-0.01953599974513054
1449145183905,2,0.012210000306367874,0.020756999030709267,-0.030524998903274536
1449145183925,2,0.017093999311327934,0.026861999183893204,-0.04761900007724762
1449145183945,2,0.0378509983420372,0.05372399836778641,-0.04761900007724762
1449145183970,2,0.021978000178933144,0.03663000091910362,-0.02319899946451187
1449145183986,2,0.0012209999840706587,0.025640999898314476,-0.01831500045955181
1449145184006,2,-0.003662999952211976,0.02930399961769581,-0.03296700119972229
1449145184026,2,0.017093999311327934,0.05128199979662895,-0.0488400012254715
1449145184051,2,0.010989000089466572,0.045176997780799866,-0.03907199949026108
1449145184066,2,-0.021978000178933144,0.021978000178933144,-0.004883999936282635
1449145184086,2,-0.03907199949026108,0.00976799987256527,0.007325999904423952
1449145184106,2,-0.025640999898314476,0.03418799862265587,-0.0012209999840706587
1449145184131,2,-0.003662999952211976,0.05738699808716774,-0.021978000178933144
1449145184147,2,0.013430999591946602,0.06349200010299683,-0.026861999183893204
1449145184167,2,-0.012210000306367874,-0.017093999311327934,0.0024419999681413174
1449145184187,2,-0.007325999904423952,-0.01953599974513054,-0.003662999952211976
1449145184207,2,0.020756999030709267,0.010989000089466572,-0.03418799862265587
1449145184227,2,0.03296700119972229,0.035408999770879745,-0.04639799892902374
1449145184247,2,0.01831500045955181,0.01953599974513054,-0.02808300033211708
1449145184267,2,-0.006105000153183937,0.02808300033211708,-0.012210000306367874
1449145184288,2,-0.004883999936282635,0.04639799892902374,-0.021978000178933144
1449145184308,2,0.007325999904423952,0.06227099895477295,-0.01953599974513054
1449145184332,2,0.008546999655663967,0.05250300094485283,-0.025640999898314476
1449145184348,2,0.021978000178933144,0.05250300094485283,-0.050060998648405075
1449145184368,2,0.09890099614858627,0.1404149979352951,-0.13308899104595184
1449145184390,2,0.11965800076723099,0.14163599908351898,-0.167276993393898
1449145184412,2,0.07448099553585052,0.07814399898052216,-0.20146499574184418
1449145184433,2,0.13064700365066528,0.16971899569034576,-0.4590959846973419
1449145184448,2,-0.1135529950261116,-1.202684998512268,0.3028079867362976
1449145184475,2,-0.28815600275993347,-1.0036619901657104,0.08180700242519379
1449145184489,2,-0.35409000515937805,0.013430999591946602,0.12576299905776978
1449145184509,2,-0.12698400020599365,0.8876670002937317,0.07936500012874603
1449145184529,2,0.22588500380516052,0.7777770161628723,-0.1294260025024414
1449145184549,2,0.45054900646209717,0.26861998438835144,-0.34798499941825867
1449145184569,2,0.3748469948768616,-0.13064700365066528,-0.33943799138069153
1449145184589,2,-0.08424899727106094,-0.2503049969673157,-0.1355309933423996
1449145184609,2,-0.11599499732255936,-0.06104999780654907,-0.05372399836778641
1449145184629,2,-0.03907199949026108,0.167276993393898,-0.01831500045955181
1449145184649,2,-0.05860799923539162,0.22100099921226501,-0.035408999770879745
1449145184677,2,-0.07814399898052216,0.10744799673557281,-0.003662999952211976
1449145184690,2,-0.08058600127696991,-0.050060998648405075,0.09890099614858627
1449145184710,2,-0.050060998648405075,-0.0024419999681413174,0.07692299783229828
1449145184730,2,-0.00976799987256527,0.04151399806141853,0.050060998648405075
1449145184750,2,0.012210000306367874,0.026861999183893204,0.04395600035786629
1449145184771,2,0.017093999311327934,-0.026861999183893204,0.045176997780799866
1449145184790,2,-0.0024419999681413174,-0.05250300094485283,0.03174600005149841
1449145184810,2,-0.006105000153183937,-0.010989000089466572,0.010989000089466572
1449145184830,2,0.007325999904423952,0.04151399806141853,-0.02442000061273575
1449145184851,2,0.02319899946451187,0.05860799923539162,-0.05128199979662895
1449145184872,2,0.02319899946451187,0.04761900007724762,-0.04151399806141853
1449145184891,2,-0.0012209999840706587,0.010989000089466572,-0.010989000089466572
1449145184911,2,-0.03174600005149841,-0.05250300094485283,0.017093999311327934
1449145184931,2,-0.030524998903274536,-0.026861999183893204,0.006105000153183937
1449145184951,2,-0.020756999030709267,-0.003662999952211976,-0.00976799987256527
1449145184972,2,-0.007325999904423952,0.010989000089466572,-0.01953599974513054
1449145184991,2,0.012210000306367874,0.017093999311327934,-0.017093999311327934
1449145185012,2,0.010989000089466572,-0.006105000153183937,-0.004883999936282635
1449145185032,2,0.014651999808847904,-0.012210000306367874,-0.004883999936282635
1449145185058,2,0.013430999591946602,0.0,-0.021978000178933144
1449145185072,2,0.0024419999681413174,0.01831500045955181,-0.017093999311327934
1449145185092,2,0.003662999952211976,0.004883999936282635,-0.010989000089466572
1449145185112,2,0.012210000306367874,0.0488400012254715,-0.02442000061273575
1449145185132,2,0.02319899946451187,0.05128199979662895,-0.021978000178933144
1449145185153,2,0.02319899946451187,-0.0024419999681413174,-0.012210000306367874
1449145185173,2,0.010989000089466572,-0.021978000178933144,-0.003662999952211976
1449145185193,2,0.006105000153183937,-0.025640999898314476,-0.006105000153183937
1449145185213,2,0.003662999952211976,-0.020756999030709267,-0.010989000089466572
1449145185233,2,-0.020756999030709267,-0.003662999952211976,-0.007325999904423952
1449145185255,2,-0.026861999183893204,0.010989000089466572,-0.014651999808847904
1449145185278,2,-0.026861999183893204,0.02808300033211708,-0.021978000178933144
1449145185293,2,-0.003662999952211976,0.010989000089466572,-0.01831500045955181
1449145185313,2,0.012210000306367874,0.02808300033211708,-0.017093999311327934
1449145185333,2,-0.004883999936282635,0.006105000153183937,-0.015873000025749207
1449145185355,2,-0.015873000025749207,0.003662999952211976,-0.017093999311327934
1449145185374,2,-0.014651999808847904,0.010989000089466572,-0.026861999183893204
1449145185394,2,-0.012210000306367874,0.014651999808847904,-0.03174600005149841
1449145185414,2,-0.015873000025749207,0.00976799987256527,-0.03174600005149841
1449145185434,2,-0.0012209999840706587,0.008546999655663967,-0.007325999904423952
1449145185454,2,0.008546999655663967,0.01953599974513054,-0.013430999591946602
