1452768376775,1,-0.17460300028324127,0.17948700487613678,0.14163599908351898
1452768376790,1,-0.16483499109745026,0.15873000025749207,0.06104999780654907
1452768376811,1,-0.2441999912261963,0.1355309933423996,0.0647130012512207
1452768376831,1,-0.24542099237442017,0.003662999952211976,0.05738699808716774
1452768376851,1,-0.1245419979095459,0.003662999952211976,0.05250300094485283
1452768376872,1,-0.03663000091910362,0.06837599724531174,0.07326000183820724
1452768376891,1,-0.0024419999681413174,0.07081799954175949,0.07448099553585052
1452768376912,1,0.0012209999840706587,0.05372399836778641,0.0488400012254715
1452768376933,1,-0.05860799923539162,-0.13919399678707123,-0.08913300186395645
1452768376952,1,-0.08546999841928482,-0.16117200255393982,-0.035408999770879745
1452768376973,1,-0.02930399961769581,-0.07936500012874603,0.01953599974513054
1452768376993,1,-0.014651999808847904,0.01831500045955181,0.07936500012874603
1452768377013,1,0.008546999655663967,0.07692299783229828,0.1135529950261116
1452768377033,1,0.00976799987256527,0.12209999561309814,0.08302799612283707
1452768377054,1,-0.035408999770879745,0.04273499920964241,0.030524998903274536
1452768377073,1,-0.06593400239944458,0.004883999936282635,0.04395600035786629
1452768377094,1,-0.07081799954175949,-0.004883999936282635,0.03663000091910362
1452768377114,1,-0.0378509983420372,-0.025640999898314476,0.010989000089466572
1452768377133,1,-0.0378509983420372,-0.026861999183893204,-0.014651999808847904
1452768377153,1,-0.020756999030709267,0.05250300094485283,-0.014651999808847904
1452768377173,1,0.004883999936282635,0.09035399556159973,0.004883999936282635
1452768377198,1,0.00976799987256527,0.09890099614858627,0.03174600005149841
1452768377214,1,0.00976799987256527,0.07692299783229828,0.02319899946451187
1452768377236,1,0.02319899946451187,0.006105000153183937,0.02319899946451187
1452768377255,1,0.021978000178933144,-0.10988999903202057,-0.014651999808847904
1452768377274,1,0.01831500045955181,-0.11233200132846832,-0.02808300033211708
1452768377294,1,0.012210000306367874,-0.08180700242519379,-0.02442000061273575
1452768377314,1,0.017093999311327934,-0.03174600005149841,-0.01953599974513054
1452768377334,1,0.01953599974513054,-0.04639799892902374,0.006105000153183937
1452768377354,1,-0.006105000153183937,-0.08424899727106094,0.008546999655663967
1452768377377,1,-0.02319899946451187,-0.05738699808716774,-0.09401699900627136
1452768377394,1,0.012210000306367874,-0.030524998903274536,-0.12332099676132202
1452768377415,1,-0.02319899946451187,-0.04639799892902374,-0.15873000025749207
1452768377434,1,-0.07081799954175949,-0.07692299783229828,-0.1782660037279129
1452768377455,1,-0.11599499732255936,-0.0647130012512207,-0.15384599566459656
1452768377474,1,-0.10866899788379669,0.059829000383615494,-0.16117200255393982
1452768377496,1,-0.0647130012512207,0.19047600030899048,-0.1294260025024414
1452768377515,1,-0.09035399556159973,0.12087900191545486,-0.06959699839353561
1452768377536,1,-0.15384599566459656,-0.08791200071573257,-0.035408999770879745
1452768377554,1,-0.20757000148296356,-0.36019498109817505,0.00976799987256527
1452768377576,1,-0.1941390037536621,-0.46886399388313293,0.014651999808847904
1452768377595,1,-0.22344300150871277,-0.27228298783302307,0.01953599974513054
1452768377617,1,-0.2551890015602112,-0.13308899104595184,-0.030524998903274536
1452768377635,1,-0.24542099237442017,-0.08546999841928482,-0.16361400485038757
1452768377655,1,-0.15384599566459656,-0.08180700242519379,-0.20757000148296356
1452768377676,1,-0.06227099895477295,0.0024419999681413174,-0.167276993393898
1452768377696,1,-0.04639799892902374,-0.035408999770879745,0.01953599974513054
1452768377717,1,-0.050060998648405075,-0.1452990025281906,0.07814399898052216
1452768377737,1,-0.030524998903274536,-0.1733819991350174,0.0488400012254715
1452768377756,1,0.014651999808847904,-0.07814399898052216,-0.021978000178933144
1452768377776,1,0.02808300033211708,0.04151399806141853,-0.025640999898314476
1452768377796,1,0.02930399961769581,0.010989000089466572,0.008546999655663967
1452768377816,1,0.03174600005149841,0.00976799987256527,0.025640999898314476
1452768377837,1,0.02808300033211708,-0.0012209999840706587,0.040293000638484955
1452768377856,1,-0.008546999655663967,-0.026861999183893204,0.013430999591946602
1452768377878,1,-0.025640999898314476,-0.021978000178933144,-0.02319899946451187
1452768377898,1,-0.021978000178933144,-0.006105000153183937,-0.02319899946451187
1452768377918,1,0.0012209999840706587,0.03663000091910362,0.021978000178933144
1452768377938,1,0.01831500045955181,0.06227099895477295,0.040293000638484955
1452768377958,1,0.014651999808847904,0.05372399836778641,0.035408999770879745
1452768377976,1,-0.013430999591946602,0.059829000383615494,0.007325999904423952
1452768377998,1,-0.02442000061273575,0.059829000383615494,-0.017093999311327934
1452768378017,1,-0.017093999311327934,0.010989000089466572,0.008546999655663967
1452768378043,1,-0.01953599974513054,0.05250300094485283,0.03174600005149841
1452768378057,1,0.012210000306367874,0.09157499670982361,0.04151399806141853
1452768378078,1,0.010989000089466572,0.026861999183893204,0.02930399961769581
1452768378096,1,-0.01953599974513054,-0.09890099614858627,0.035408999770879745
1452768378117,1,-0.04395600035786629,-0.09157499670982361,0.04761900007724762
1452768378138,1,-0.003662999952211976,0.02808300033211708,0.03418799862265587
1452768378158,1,0.013430999591946602,0.11599499732255936,0.020756999030709267
1452768378178,1,0.02319899946451187,0.14774100482463837,-0.010989000089466572
1452768378197,1,-0.003662999952211976,0.06593400239944458,-0.01953599974513054
1452768378221,1,-0.02808300033211708,-0.013430999591946602,-0.010989000089466572
1452768378237,1,-0.010989000089466572,-0.01831500045955181,0.0012209999840706587
1452768378257,1,-0.013430999591946602,-0.026861999183893204,-0.008546999655663967
1452768378277,1,-0.012210000306367874,-0.054944999516010284,-0.015873000025749207
1452768378298,1,-0.0378509983420372,-0.07203900068998337,-0.02319899946451187
1452768378317,1,-0.025640999898314476,-0.05860799923539162,-0.01953599974513054
1452768378338,1,-0.02808300033211708,-0.06959699839353561,-0.0012209999840706587
1452768378359,1,-0.02319899946451187,-0.02930399961769581,0.013430999591946602
1452768378378,1,-0.0024419999681413174,0.02930399961769581,0.017093999311327934
1452768378398,1,-0.00976799987256527,0.04395600035786629,0.008546999655663967
1452768378424,1,-0.003662999952211976,0.07081799954175949,0.010989000089466572
1452768378438,1,0.0012209999840706587,0.007325999904423952,0.008546999655663967
1452768378459,1,-0.007325999904423952,-0.017093999311327934,0.015873000025749207
1452768378485,1,-0.021978000178933144,-0.017093999311327934,0.02930399961769581
1452768378500,1,-0.013430999591946602,0.0,0.026861999183893204
1452768378521,1,-0.012210000306367874,0.014651999808847904,0.0
1452768378556,1,-0.003662999952211976,0.0378509983420372,-0.00976799987256527
1452768378568,1,-0.014651999808847904,0.0024419999681413174,0.006105000153183937
1452768378584,1,-0.008546999655663967,-0.01953599974513054,0.014651999808847904
1452768378599,1,-0.012210000306367874,-0.017093999311327934,0.02319899946451187
1452768378619,1,0.0012209999840706587,0.015873000025749207,0.015873000025749207
1452768378640,1,0.0,0.045176997780799866,-0.004883999936282635
1452768378664,2,-0.004883999936282635,0.01953599974513054,-0.006105000153183937
1452768378680,2,0.006105000153183937,0.02930399961769581,0.00976799987256527
1452768378700,2,0.014651999808847904,0.04395600035786629,0.021978000178933144
1452768378724,2,0.010989000089466572,0.06715499609708786,0.025640999898314476
1452768378740,2,-0.0012209999840706587,0.06715499609708786,0.014651999808847904
1452768378759,2,-0.012210000306367874,0.007325999904423952,-0.02808300033211708
1452768378781,2,-0.015873000025749207,-0.0378509983420372,-0.021978000178933144
1452768378804,2,-0.012210000306367874,-0.04761900007724762,-0.021978000178933144
1452768378821,2,-0.008546999655663967,-0.025640999898314476,0.013430999591946602
1452768378840,2,-0.0024419999681413174,0.0012209999840706587,0.02930399961769581
1452768378862,2,0.006105000153183937,0.03174600005149841,0.030524998903274536
1452768378883,2,0.015873000025749207,0.059829000383615494,-0.012210000306367874
1452768378901,2,-0.00976799987256527,-0.025640999898314476,-0.01831500045955181
1452768378921,2,-0.0024419999681413174,-0.054944999516010284,0.0012209999840706587
1452768378941,2,-0.012210000306367874,-0.02808300033211708,0.00976799987256527
1452768378962,2,-0.010989000089466572,0.004883999936282635,0.012210000306367874
1452768378991,2,-0.02930399961769581,-0.05860799923539162,-0.012210000306367874
1452768379006,2,-0.03907199949026108,-0.10866899788379669,-0.008546999655663967
1452768379021,2,-0.03418799862265587,-0.1294260025024414,-0.014651999808847904
1452768379045,2,-0.013430999591946602,-0.07081799954175949,-0.00976799987256527
1452768379061,2,0.0012209999840706587,-0.0024419999681413174,0.008546999655663967
1452768379082,2,0.013430999591946602,0.11477399617433548,0.050060998648405075
1452768379102,2,0.0024419999681413174,0.12698400020599365,0.03663000091910362
1452768379131,2,-0.026861999183893204,0.10744799673557281,0.017093999311327934
1452768379143,2,-0.04273499920964241,0.017093999311327934,0.010989000089466572
1452768379162,2,-0.021978000178933144,-0.10012199729681015,0.006105000153183937
1452768379183,2,0.004883999936282635,-0.19291800260543823,0.008546999655663967
1452768379202,2,0.08791200071573257,-0.004883999936282635,0.167276993393898
1452768379263,2,0.19902299344539642,0.32844898104667664,0.3455429971218109
1452768379282,2,0.23687399923801422,0.3565320074558258,0.32234400510787964
1452768379304,2,0.18559199571609497,0.7570199966430664,0.45054900646209717
1452768379323,2,0.2600730061531067,1.2136739492416382,0.5335769653320313
1452768379343,2,0.3772889971733093,1.4700839519500732,0.6190469861030579
1452768379363,2,0.39682498574256897,1.3492050170898438,0.6434670090675354
1452768379383,2,0.13797299563884735,0.6251519918441772,0.4493280053138733
1452768379407,2,-0.3308909833431244,-0.5726490020751953,0.12087900191545486
1452768379423,2,-0.3455429971218109,-0.4114769995212555,0.10500600188970566
1452768379444,2,-0.195360004901886,-0.0647130012512207,0.17704500257968903
1452768379463,2,-0.04395600035786629,0.17948700487613678,0.26129400730133057
1452768379490,2,0.008546999655663967,0.2649570107460022,0.3296699821949005
1452768379504,2,-0.012210000306367874,0.1782660037279129,0.3418799936771393
1452768379524,2,-0.08424899727106094,-0.08302799612283707,0.195360004901886
1452768379544,2,-0.02808300033211708,-0.09157499670982361,0.11599499732255936
1452768379563,2,0.06227099895477295,0.008546999655663967,0.05860799923539162
1452768379584,2,0.12087900191545486,0.08791200071573257,0.07203900068998337
1452768379604,2,0.10744799673557281,0.03907199949026108,0.15873000025749207
1452768379624,2,-0.11111100018024445,-0.07081799954175949,0.22466400265693665
1452768379644,2,-0.195360004901886,-0.07936500012874603,0.1623930037021637
1452768379664,2,-0.20879100263118744,-0.025640999898314476,0.14896199107170105
1452768379684,2,-0.16605599224567413,0.16361400485038757,0.2161169946193695
1452768379704,2,0.010989000089466572,0.43101298809051514,0.318681001663208
1452768379731,2,0.4761900007724762,0.8669099807739258,0.3504270017147064
1452768379744,2,0.4481070041656494,0.8021969795227051,0.2002439945936203
1452768379765,2,0.30158698558807373,0.5164830088615417,0.015873000025749207
1452768379789,2,0.08180700242519379,0.09279599785804749,-0.06104999780654907
1452768379805,2,-0.09645900130271912,-0.23565299808979034,-0.06593400239944458
1452768379825,2,-0.13308899104595184,-0.19047600030899048,-0.01953599974513054
1452768379845,2,0.015873000025749207,-0.012210000306367874,0.013430999591946602
1452768379865,2,0.06837599724531174,0.059829000383615494,0.0024419999681413174
1452768379886,2,0.08546999841928482,0.09157499670982361,-0.015873000025749207
1452768379907,2,0.0757019966840744,0.11477399617433548,-0.026861999183893204
1452768379925,2,0.05738699808716774,0.1452990025281906,-0.00976799987256527
1452768379945,2,0.03663000091910362,0.09157499670982361,-0.003662999952211976
1452768379965,2,0.004883999936282635,0.04273499920964241,-0.04761900007724762
1452768379987,2,-0.01953599974513054,-0.03418799862265587,-0.03174600005149841
1452768380005,2,-0.040293000638484955,-0.025640999898314476,-0.01831500045955181
1452768380025,2,-0.03296700119972229,-0.02442000061273575,0.008546999655663967
1452768380046,2,-0.020756999030709267,0.04151399806141853,0.02319899946451187
1452768380070,2,-0.0012209999840706587,0.05738699808716774,0.006105000153183937
1452768380086,2,-0.0024419999681413174,0.05250300094485283,-0.0024419999681413174
1452768380108,2,-0.006105000153183937,0.045176997780799866,0.004883999936282635
1452768380126,2,-0.004883999936282635,0.04395600035786629,0.013430999591946602
1452768380146,2,0.0,0.06104999780654907,0.01953599974513054
1452768380166,2,-0.010989000089466572,0.035408999770879745,0.014651999808847904
1452768380187,2,-0.020756999030709267,0.02442000061273575,0.006105000153183937
1452768380206,2,-0.026861999183893204,0.0378509983420372,0.0012209999840706587
1452768380226,2,-0.004883999936282635,0.04395600035786629,0.017093999311327934
1452768380247,2,0.030524998903274536,0.03907199949026108,0.02442000061273575
1452768380274,2,0.04273499920964241,0.06837599724531174,0.0024419999681413174
1452768380293,2,0.035408999770879745,0.0757019966840744,-0.0024419999681413174
1452768380307,2,0.04151399806141853,0.05738699808716774,-0.003662999952211976
1452768380327,2,0.04395600035786629,0.05860799923539162,0.003662999952211976
1452768380347,2,0.04151399806141853,0.035408999770879745,0.003662999952211976
1452768380367,2,0.06837599724531174,-0.003662999952211976,0.0012209999840706587
1452768380388,2,0.06837599724531174,-0.012210000306367874,-0.015873000025749207
1452768380407,2,0.14285700023174286,0.08424899727106094,-0.003662999952211976
1452768380431,2,0.18803399801254272,0.167276993393898,0.006105000153183937
1452768380463,2,0.15262499451637268,0.1684979945421219,0.03296700119972229
1452768380474,2,0.06104999780654907,0.10500600188970566,0.05372399836778641
1452768380491,2,-0.08424899727106094,-0.1452990025281906,-0.025640999898314476
1452768380508,2,-0.09157499670982361,-0.22832699120044708,-0.04639799892902374
1452768380546,2,-0.03663000091910362,-0.19780199229717255,-0.03174600005149841
1452768380552,2,0.06959699839353561,-0.04273499920964241,-0.004883999936282635
1452768380588,2,0.035408999770879745,0.0012209999840706587,-0.0012209999840706587
1452768380600,2,0.014651999808847904,-0.08180700242519379,0.004883999936282635
1452768380613,2,0.013430999591946602,-0.14407800137996674,-0.013430999591946602
1452768380631,2,0.05128199979662895,-0.2002439945936203,-0.05128199979662895
1452768380689,2,0.08913300186395645,-0.2503049969673157,-0.06349200010299683
1452768380697,2,0.07814399898052216,-0.27838799357414246,-0.05372399836778641
1452768380706,2,0.050060998648405075,-0.195360004901886,0.004883999936282635
1452768380720,2,0.09035399556159973,-0.17460300028324127,-0.00976799987256527
1452768380730,2,0.11599499732255936,-0.211232990026474,-0.04395600035786629
1452768380755,2,0.13308899104595184,-0.19047600030899048,-0.08180700242519379
1452768380771,2,0.1404149979352951,-0.14407800137996674,-0.09523800015449524
1452768380819,2,0.09890099614858627,-0.16117200255393982,-0.12087900191545486
1452768380826,2,0.09157499670982361,-0.2441999912261963,-0.20879100263118744
1452768380830,2,0.13308899104595184,-0.26129400730133057,-0.23076899349689484
1452768380853,2,0.17460300028324127,-0.26251500844955444,-0.23443199694156647
1452768380870,2,0.20634900033473969,-0.26251500844955444,-0.2332109957933426
1452768380890,2,0.22954799234867096,-0.21001200377941132,-0.24786299467086792
1452768380916,2,0.30036598443984985,-0.16483499109745026,-0.17093999683856964
1452768380933,2,0.3199020028114319,-0.14407800137996674,-0.17216099798679352
1452768380951,2,0.2869350016117096,-0.13919399678707123,-0.19658099114894867
1452768380971,2,0.21001200377941132,-0.14285700023174286,-0.1623930037021637
1452768380994,2,0.14407800137996674,-0.12209999561309814,-0.13919399678707123
1452768381011,2,0.015873000025749207,-0.09401699900627136,-0.03296700119972229
1452768381032,2,0.008546999655663967,-0.10988999903202057,0.0024419999681413174
1452768381058,2,0.06104999780654907,-0.12820500135421753,0.014651999808847904
1452768381071,2,0.13797299563884735,-0.15995100140571594,-0.003662999952211976
1452768381092,2,0.15018299221992493,-0.19902299344539642,0.0012209999840706587
1452768381112,2,0.12820500135421753,-0.1892549991607666,0.004883999936282635
1452768381131,2,0.13675199449062347,-0.07203900068998337,-0.0024419999681413174
1452768381152,2,0.12209999561309814,-0.10378500074148178,0.0024419999681413174
