1449336206469,1,0.10866899788379669,0.42490798234939575,-0.15262499451637268
1449336206487,1,0.17582400143146515,0.49938899278640747,-0.2808299958705902
1449336206507,1,0.5824170112609863,0.5604389905929565,-0.24053700268268585
1449336206528,1,0.699633002281189,0.5311350226402283,-0.2503049969673157
1449336206547,1,0.6300359964370728,0.5225880146026611,-0.2661779820919037
1449336206567,1,0.48351600766181946,0.45054900646209717,-0.21855899691581726
1449336206600,1,0.25152599811553955,0.40903499722480774,-0.10500600188970566
1449336206641,1,-0.4981679916381836,-0.02442000061273575,0.07081799954175949
1449336206661,1,-0.659339964389801,0.5702069997787476,-0.003662999952211976
1449336206681,1,-0.6092789769172668,0.9450539946556091,-0.10134299844503403
1449336206701,1,-0.5824170112609863,0.5274720191955566,-0.13308899104595184
1449336206721,1,-0.7008540034294128,-0.3565320074558258,0.13919399678707123
1449336206742,1,-0.1892549991607666,-1.1587289571762085,0.38217300176620483
1449336206761,1,-0.004883999936282635,-0.8962140083312988,0.6666659712791443
1449336206782,1,0.1514039933681488,-0.10500600188970566,0.7179480195045471
1449336206800,1,0.34432199597358704,0.6239309906959534,0.48473697900772095
1449336206828,1,0.5189250111579895,1.1074470281600952,0.2441999912261963
1449336206842,1,0.28937700390815735,-0.19780199229717255,-0.13064700365066528
1449336206862,1,0.1404149979352951,-0.617825984954834,-0.09890099614858627
1449336206882,1,0.07692299783229828,-0.8937720060348511,-0.18681299686431885
1449336206901,1,0.0757019966840744,-0.9670320153236389,-0.2747249901294708
1449336206922,1,0.1562879979610443,-0.9206339716911316,-0.2380950003862381
1449336206942,1,0.422465980052948,-0.8815619945526123,-0.11965800076723099
1449336206962,1,0.9670320153236389,-0.7667880058288574,0.12698400020599365
1449336206982,1,1.0134299993515015,-0.9682530164718628,0.30036598443984985
1449336207006,1,0.803417980670929,-1.3870559930801392,0.4053719937801361
1449336207026,1,0.2527469992637634,-1.7313779592514038,0.6361410021781921
1449336207046,1,0.2380950003862381,-0.7264949679374695,-0.8876670002937317
1449336207065,1,0.8168489933013916,0.01953599974513054,-0.9767999649047852
1449336207086,1,0.390720009803772,-0.0647130012512207,0.08180700242519379
1449336207106,1,0.02442000061273575,-0.17460300028324127,0.8620259761810303
1449336207127,1,-0.6336989998817444,-0.1843709945678711,0.7655670046806335
1449336207147,1,-0.9975569844245911,0.39682498574256897,-0.15873000025749207
1449336207165,1,-0.31135499477386475,1.666664958000183,-1.1330879926681519
1449336207192,1,0.20390699803829193,2.1025619506835938,-0.7582409977912903
1449336207207,1,0.39682498574256897,1.9792410135269165,-0.32600700855255127
1449336207227,1,0.09645900130271912,1.3443210124969482,-0.09401699900627136
1449336207248,1,-0.45665398240089417,0.6166049838066101,-0.026861999183893204
1449336207266,1,-0.9194129705429077,0.22100099921226501,0.02442000061273575
1449336207286,1,-0.6581189632415771,0.6507930159568787,0.16361400485038757
1449336207306,1,-0.17093999683856964,1.0427340269088745,0.15995100140571594
1449336207327,1,0.11477399617433548,1.2478619813919067,0.02442000061273575
1449336207351,1,0.05860799923539162,0.7887659668922424,-0.08546999841928482
1449336207367,1,-0.09645900130271912,0.39316198229789734,-0.06227099895477295
1449336207387,1,-0.1623930037021637,0.026861999183893204,0.04639799892902374
1449336207407,1,-0.07203900068998337,0.09401699900627136,-0.03418799862265587
1449336207427,1,-0.06104999780654907,-0.211232990026474,-0.14407800137996674
1449336207447,1,0.0757019966840744,-0.035408999770879745,-0.17948700487613678
1449336207467,1,0.1025639995932579,-0.08546999841928482,-0.10012199729681015
1449336207489,1,-0.11233200132846832,-0.1575089991092682,0.007325999904423952
1449336207509,1,-0.18559199571609497,-0.17948700487613678,0.03174600005149841
1449336207529,1,-0.1782660037279129,-0.10744799673557281,0.04639799892902374
1449336207547,1,-0.10622699558734894,-0.035408999770879745,0.07814399898052216
1449336207568,1,-0.05372399836778641,-0.01953599974513054,0.12087900191545486
1449336207589,1,-0.059829000383615494,-0.07814399898052216,0.13064700365066528
1449336207609,1,-0.12576299905776978,-0.18559199571609497,0.12698400020599365
1449336207630,1,-0.12698400020599365,-0.1245419979095459,0.06715499609708786
1449336207648,1,-0.13064700365066528,-0.05128199979662895,-0.021978000178933144
1449336207673,1,-0.12698400020599365,-0.054944999516010284,-0.06715499609708786
1449336207690,1,-0.10622699558734894,-0.1135529950261116,-0.04639799892902374
1449336207710,1,0.03174600005149841,-0.13308899104595184,-0.012210000306367874
1449336207731,1,0.11965800076723099,-0.097680002450943,-0.02808300033211708
1449336207755,1,0.1623930037021637,0.012210000306367874,-0.07814399898052216
1449336207770,1,0.1733819991350174,0.07326000183820724,-0.08791200071573257
1449336207790,1,0.11233200132846832,0.08791200071573257,-0.04273499920964241
1449336207811,1,0.006105000153183937,0.10622699558734894,0.012210000306367874
1449336207830,1,-0.01953599974513054,0.08058600127696991,-0.007325999904423952
1449336207850,1,-0.007325999904423952,0.09157499670982361,0.014651999808847904
1449336207871,1,0.0,0.11233200132846832,0.026861999183893204
1449336207890,1,-0.0024419999681413174,0.11843699961900711,0.020756999030709267
1449336207910,1,0.007325999904423952,0.09157499670982361,0.017093999311327934
1449336207930,1,0.05372399836778641,0.17460300028324127,0.0
1449336207949,1,0.05372399836778641,0.14407800137996674,-0.07936500012874603
1449336207970,1,0.04395600035786629,0.03418799862265587,-0.16361400485038757
1449336207991,1,0.035408999770879745,-0.03907199949026108,-0.18681299686431885
1449336208013,1,-0.0024419999681413174,-0.09035399556159973,-0.13186800479888916
1449336208030,1,-0.09523800015449524,-0.06837599724531174,-0.003662999952211976
1449336208050,1,-0.06837599724531174,-0.18070799112319946,-0.04639799892902374
1449336208072,1,-0.014651999808847904,-0.39682498574256897,-0.10134299844503403
1449336208091,1,0.013430999591946602,-0.5604389905929565,-0.10012199729681015
1449336208111,1,0.04639799892902374,-0.6630029678344727,-0.015873000025749207
1449336208131,1,0.040293000638484955,-0.4236869812011719,-0.017093999311327934
1449336208152,1,0.030524998903274536,-0.36507898569107056,0.01831500045955181
1449336208173,1,0.006105000153183937,-0.2551890015602112,0.004883999936282635
1449336208192,1,0.0012209999840706587,-0.1733819991350174,0.006105000153183937
1449336208214,1,-0.004883999936282635,-0.11477399617433548,0.025640999898314476
1449336208232,1,-0.017093999311327934,-0.02319899946451187,0.0378509983420372
1449336208253,1,0.02319899946451187,0.07692299783229828,0.00976799987256527
1449336208272,1,0.03663000091910362,0.07692299783229828,-0.01953599974513054
1449336208293,1,0.02319899946451187,0.050060998648405075,-0.03907199949026108
1449336208315,1,-0.004883999936282635,0.03418799862265587,-0.040293000638484955
1449336208332,1,0.01953599974513054,0.059829000383615494,-0.021978000178933144
1449336208358,2,0.059829000383615494,0.18192899227142334,0.045176997780799866
1449336208372,2,0.014651999808847904,0.16605599224567413,0.04151399806141853
1449336208393,2,-0.05128199979662895,0.10988999903202057,0.025640999898314476
1449336208415,2,-0.09523800015449524,0.07448099553585052,-0.004883999936282635
1449336208433,2,-0.0757019966840744,0.10012199729681015,0.006105000153183937
1449336208453,2,-0.021978000178933144,0.1941390037536621,0.04395600035786629
1449336208478,2,0.014651999808847904,0.21489599347114563,0.02808300033211708
1449336208493,2,0.02808300033211708,0.1892549991607666,-0.015873000025749207
1449336208513,2,0.013430999591946602,0.10866899788379669,-0.02808300033211708
1449336208533,2,-0.012210000306367874,0.05250300094485283,-0.012210000306367874
1449336208554,2,-0.012210000306367874,0.09035399556159973,0.006105000153183937
1449336208574,2,0.0012209999840706587,0.19902299344539642,0.03296700119972229
1449336208594,2,-0.0012209999840706587,0.22100099921226501,0.012210000306367874
1449336208614,2,0.0,0.16483499109745026,0.014651999808847904
1449336208634,2,0.02930399961769581,0.15384599566459656,0.026861999183893204
1449336208654,2,0.03418799862265587,0.17460300028324127,0.03907199949026108
1449336208675,2,-0.10012199729681015,0.12576299905776978,0.07081799954175949
1449336208695,2,-0.14896199107170105,0.11233200132846832,0.03418799862265587
1449336208715,2,-0.1245419979095459,0.12209999561309814,0.008546999655663967
1449336208738,2,-0.07326000183820724,0.14896199107170105,-0.003662999952211976
1449336208756,2,0.003662999952211976,0.195360004901886,0.0024419999681413174
1449336208776,2,0.10866899788379669,0.30036598443984985,0.030524998903274536
1449336208795,2,0.10622699558734894,0.2967030107975006,0.03663000091910362
1449336208815,2,0.0757019966840744,0.23565299808979034,-0.012210000306367874
1449336208840,2,0.040293000638484955,0.20146499574184418,-0.12698400020599365
1449336208856,2,0.09035399556159973,2.440778970718384,-0.5494499802589417
1449336208875,2,-0.19169700145721436,-1.2307679653167725,0.8266170024871826
1449336208895,2,-0.29548200964927673,-1.328447937965393,0.5518919825553894
1449336208916,2,-0.19047600030899048,-0.6324779987335205,0.15384599566459656
1449336208935,2,-0.07081799954175949,0.08546999841928482,-0.28937700390815735
1449336208956,2,0.08913300186395645,0.6190469861030579,-0.586080014705658
1449336208976,2,0.32722800970077515,0.5763120055198669,-0.6141629815101624
1449336208999,2,0.35409000515937805,-0.20757000148296356,-0.318681001663208
1449336209016,2,0.07448099553585052,-0.5018309950828552,-0.2503049969673157
1449336209040,2,-0.16605599224567413,-0.5250300168991089,-0.22466400265693665
1449336209057,2,-0.22588500380516052,-0.2710619866847992,-0.17093999683856964
1449336209078,2,-0.11843699961900711,0.008546999655663967,-0.04395600035786629
1449336209097,2,-0.02808300033211708,-0.059829000383615494,0.11111100018024445
1449336209116,2,-0.04395600035786629,-0.1452990025281906,0.07203900068998337
1449336209137,2,-0.03296700119972229,-0.10012199729681015,0.007325999904423952
1449336209157,2,0.008546999655663967,0.02319899946451187,-0.04273499920964241
1449336209179,2,0.03174600005149841,0.14285700023174286,-0.06959699839353561
1449336209199,2,0.02319899946451187,0.16483499109745026,-0.097680002450943
1449336209217,2,0.004883999936282635,0.008546999655663967,-0.0866909995675087
1449336209242,2,-0.006105000153183937,-0.015873000025749207,-0.06349200010299683
1449336209259,2,-0.0012209999840706587,0.010989000089466572,-0.06593400239944458
1449336209278,2,0.014651999808847904,0.03174600005149841,-0.06349200010299683
1449336209299,2,0.03663000091910362,0.030524998903274536,-0.04151399806141853
1449336209319,2,0.00976799987256527,-0.01831500045955181,-0.03663000091910362
1449336209339,2,0.004883999936282635,-0.00976799987256527,-0.03663000091910362
1449336209359,2,0.00976799987256527,0.02930399961769581,-0.04273499920964241
1449336209379,2,0.025640999898314476,0.05738699808716774,-0.04639799892902374
1449336209398,2,0.030524998903274536,0.040293000638484955,-0.045176997780799866
1449336209418,2,0.026861999183893204,-0.010989000089466572,-0.040293000638484955
1449336209440,2,0.017093999311327934,-0.04395600035786629,-0.021978000178933144
1449336209459,2,0.0024419999681413174,-0.03296700119972229,-0.008546999655663967
1449336209479,2,0.017093999311327934,-0.006105000153183937,0.007325999904423952
1449336209499,2,0.04151399806141853,0.004883999936282635,0.020756999030709267
1449336209519,2,0.03174600005149841,-0.0757019966840744,-0.0012209999840706587
1449336209540,2,0.026861999183893204,-0.10378500074148178,0.003662999952211976
1449336209560,2,0.03663000091910362,-0.06593400239944458,-0.0024419999681413174
1449336209581,2,0.013430999591946602,-0.013430999591946602,-0.007325999904423952
1449336209605,2,-0.03174600005149841,0.006105000153183937,-0.006105000153183937
1449336209620,2,-0.06227099895477295,-0.0024419999681413174,-0.017093999311327934
1449336209641,2,-0.035408999770879745,-0.03663000091910362,-0.06959699839353561
1449336209661,2,0.017093999311327934,-0.0488400012254715,-0.0647130012512207
1449336209688,2,0.03296700119972229,-0.040293000638484955,-0.05250300094485283
1449336209700,2,0.02930399961769581,0.00976799987256527,-0.035408999770879745
1449336209722,2,0.004883999936282635,0.03296700119972229,-0.013430999591946602
1449336209741,2,0.012210000306367874,-0.004883999936282635,-0.020756999030709267
1449336209762,2,0.097680002450943,-0.017093999311327934,-0.03418799862265587
1449336209782,2,0.17948700487613678,-0.021978000178933144,-0.025640999898314476
1449336209801,2,0.20634900033473969,0.012210000306367874,-0.0378509983420372
1449336209822,2,0.20757000148296356,0.03663000091910362,-0.02319899946451187
1449336209842,2,0.06227099895477295,0.014651999808847904,0.0
1449336209862,2,-0.007325999904423952,-0.021978000178933144,-0.0012209999840706587
1449336209881,2,-0.02930399961769581,-0.07326000183820724,0.012210000306367874
1449336209901,2,-0.05616600066423416,-0.07692299783229828,0.006105000153183937
1449336209926,2,-0.08791200071573257,-0.03174600005149841,-0.004883999936282635
1449336209942,2,-0.06959699839353561,-0.015873000025749207,-0.02319899946451187
1449336209964,2,0.025640999898314476,-0.008546999655663967,-0.03907199949026108
1449336209982,2,0.01831500045955181,0.0012209999840706587,-0.020756999030709267
1449336210003,2,-0.01831500045955181,-0.025640999898314476,-0.013430999591946602
1449336210023,2,-0.03907199949026108,-0.05616600066423416,-0.013430999591946602
1449336210043,2,-0.04761900007724762,-0.03296700119972229,-0.02442000061273575
1449336210065,2,-0.0647130012512207,0.01953599974513054,-0.010989000089466572
1449336210082,2,-0.054944999516010284,-0.004883999936282635,-0.01831500045955181
1449336210104,2,-0.021978000178933144,-0.010989000089466572,-0.03663000091910362
1449336210124,2,0.01953599974513054,-0.01831500045955181,-0.030524998903274536
1449336210144,2,0.02808300033211708,-0.006105000153183937,-0.02930399961769581
1449336210163,2,-0.06227099895477295,-0.004883999936282635,-0.0378509983420372
1449336210182,2,-0.08180700242519379,-0.014651999808847904,-0.02808300033211708
1449336210203,2,-0.0488400012254715,-0.02319899946451187,-0.020756999030709267
1449336210224,2,-0.010989000089466572,-0.02930399961769581,-0.02319899946451187
1449336210244,2,0.0012209999840706587,-0.013430999591946602,-0.04639799892902374
1449336210263,2,0.00976799987256527,0.004883999936282635,-0.05738699808716774
1449336210283,2,0.035408999770879745,0.006105000153183937,-0.03296700119972229
1449336210305,2,0.03296700119972229,0.008546999655663967,-0.015873000025749207
1449336210324,2,0.01831500045955181,0.014651999808847904,-0.010989000089466572
1449336210345,2,-0.00976799987256527,-0.010989000089466572,0.013430999591946602
1449336210367,1,-0.035408999770879745,-0.02319899946451187,0.02442000061273575
1449336210384,1,0.006105000153183937,0.03663000091910362,0.014651999808847904
1449336210405,1,0.04761900007724762,0.05250300094485283,-0.012210000306367874
1449336210425,1,0.05860799923539162,0.050060998648405075,-0.03174600005149841
1449336210446,1,0.0378509983420372,0.02808300033211708,-0.03296700119972229
1449336210465,1,-0.006105000153183937,0.004883999936282635,-0.026861999183893204
1449336210484,1,-0.06227099895477295,0.013430999591946602,-0.00976799987256527
1449336210506,1,-0.04395600035786629,0.004883999936282635,-0.013430999591946602
1449336210525,1,-0.030524998903274536,0.007325999904423952,-0.01953599974513054
1449336210549,1,-0.02930399961769581,0.0012209999840706587,-0.0012209999840706587
1449336210565,1,-0.05372399836778641,-0.0012209999840706587,-0.004883999936282635
1449336210586,1,-0.06104999780654907,0.010989000089466572,-0.00976799987256527
1449336210606,1,0.03907199949026108,0.08302799612283707,0.0
1449336210627,1,0.09279599785804749,0.16483499109745026,0.014651999808847904
1449336210646,1,0.11721599847078323,0.19291800260543823,0.040293000638484955
1449336210666,1,0.13797299563884735,0.21367499232292175,0.07692299783229828
1449336210687,1,0.27228298783302307,0.03418799862265587,0.20757000148296356
1449336210707,1,0.13186800479888916,-0.7521359920501709,0.27960899472236633
1449336210727,1,0.08058600127696991,0.17948700487613678,-0.7655670046806335
1449336210749,1,1.0061039924621582,0.7045170068740845,-0.9597060084342957
1449336210766,1,1.2002429962158203,0.5274720191955566,-0.9120869636535645
1449336210786,1,0.4102559983730316,-0.11965800076723099,-0.5189250111579895
1449336210813,1,-0.8412690162658691,-0.9719159603118896,0.29426100850105286
1449336210826,1,-0.9194129705429077,-0.6605609655380249,-0.06959699839353561
1449336210869,1,-0.6410250067710876,-0.10378500074148178,-0.4432229995727539
1449336210884,1,-0.22954799234867096,0.4102559983730316,-0.43467599153518677
1449336210894,1,0.006105000153183937,0.627593994140625,-0.15262499451637268
1449336210907,1,-0.045176997780799866,0.38217300176620483,0.11843699961900711
1449336210928,1,-0.2820509970188141,-0.2222220003604889,0.19169700145721436
1449336210947,1,-0.08058600127696991,-0.13797299563884735,0.13430999219417572
1449336210967,1,0.16483499109745026,0.0024419999681413174,0.13064700365066528
1449336210987,1,0.2600730061531067,0.08546999841928482,0.1575089991092682
1449336211008,1,0.17460300028324127,0.07081799954175949,0.1733819991350174
1449336211028,1,-0.09279599785804749,-0.008546999655663967,0.13919399678707123
1449336211048,1,-0.10012199729681015,0.012210000306367874,0.10378500074148178
1449336211071,1,-0.07448099553585052,0.01831500045955181,0.06959699839353561
1449336211088,1,-0.04273499920964241,0.004883999936282635,0.02808300033211708
1449336211109,1,-0.021978000178933144,0.013430999591946602,-0.007325999904423952
1449336211129,1,0.04151399806141853,0.013430999591946602,0.0
1449336211148,1,0.030524998903274536,-0.025640999898314476,-0.01831500045955181
1449336211170,1,-0.03418799862265587,-0.06593400239944458,-0.03907199949026108
1449336211190,1,-0.12576299905776978,-0.08913300186395645,-0.012210000306367874
1449336211210,1,-0.2051279991865158,-0.1135529950261116,0.040293000638484955
1449336211232,1,-0.2503049969673157,-0.11477399617433548,0.09035399556159973
1449336211253,1,-0.16605599224567413,0.035408999770879745,0.11233200132846832
1449336211270,1,-0.06715499609708786,0.10012199729681015,0.0647130012512207
1449336211290,1,0.021978000178933144,0.1623930037021637,0.013430999591946602
1449336211309,1,0.0647130012512207,0.21245399117469788,0.0024419999681413174
1449336211332,1,0.0488400012254715,0.2332109957933426,0.0012209999840706587
1449336211354,1,0.030524998903274536,0.1404149979352951,-0.06349200010299683
1449336211370,1,0.025640999898314476,0.08913300186395645,-0.06837599724531174
1449336211390,1,0.003662999952211976,0.06349200010299683,-0.0488400012254715
1449336211410,1,-0.013430999591946602,0.06104999780654907,-0.02442000061273575
1449336211430,1,-0.025640999898314476,0.07081799954175949,-0.007325999904423952
1449336211455,1,-0.07081799954175949,0.11233200132846832,0.007325999904423952
1449336211470,1,-0.09401699900627136,0.10622699558734894,-0.007325999904423952
1449336211492,1,-0.12209999561309814,0.07203900068998337,-0.03174600005149841
1449336211511,1,-0.11965800076723099,0.04151399806141853,-0.050060998648405075
1449336211532,1,-0.06959699839353561,0.003662999952211976,-0.03296700119972229
1449336211550,1,-0.020756999030709267,0.006105000153183937,-0.021978000178933144
1449336211572,1,0.013430999591946602,0.10988999903202057,-0.0488400012254715
1449336211591,1,0.01953599974513054,0.10866899788379669,-0.03663000091910362
1449336211612,1,0.01953599974513054,0.07081799954175949,-0.015873000025749207
1449336211632,1,0.01831500045955181,-0.004883999936282635,-0.003662999952211976
1449336211652,1,0.014651999808847904,-0.0488400012254715,0.0024419999681413174
1449336211672,1,-0.015873000025749207,0.03296700119972229,0.02808300033211708
1449336211692,1,-0.0488400012254715,0.03296700119972229,0.026861999183893204
1449336211713,1,-0.06837599724531174,0.015873000025749207,0.02319899946451187
1449336211733,1,-0.045176997780799866,-0.01831500045955181,0.015873000025749207
1449336211753,1,-0.013430999591946602,-0.017093999311327934,0.02319899946451187
1449336211773,1,-0.012210000306367874,0.03907199949026108,0.040293000638484955
1449336211793,1,-0.04395600035786629,0.06715499609708786,0.03418799862265587
1449336211812,1,-0.07692299783229828,0.07936500012874603,0.02930399961769581
1449336211832,1,-0.10134299844503403,0.06104999780654907,0.030524998903274536
1449336211853,1,-0.11843699961900711,-0.006105000153183937,0.04395600035786629
1449336211872,1,-0.11477399617433548,-0.04395600035786629,0.0378509983420372
1449336211893,1,-0.0012209999840706587,-0.02808300033211708,-0.0024419999681413174
1449336211915,1,0.03418799862265587,0.026861999183893204,-0.013430999591946602
1449336211933,1,0.01953599974513054,0.05860799923539162,-0.013430999591946602
1449336211953,1,-0.013430999591946602,0.06837599724531174,0.0
1449336211973,1,-0.03907199949026108,0.03418799862265587,0.010989000089466572
1449336211993,1,-0.003662999952211976,-0.040293000638484955,-0.006105000153183937
1449336212016,1,0.015873000025749207,-0.003662999952211976,0.010989000089466572
1449336212033,1,0.004883999936282635,0.05372399836778641,0.017093999311327934
1449336212058,1,-0.02319899946451187,0.09645900130271912,0.01831500045955181
1449336212074,1,-0.0488400012254715,0.10378500074148178,0.00976799987256527
1449336212094,1,-0.045176997780799866,0.0378509983420372,-0.01831500045955181
1449336212115,1,-0.03174600005149841,0.0012209999840706587,-0.020756999030709267
1449336212134,1,-0.03418799862265587,-0.006105000153183937,-0.01831500045955181
1449336212155,1,-0.03663000091910362,0.05250300094485283,-0.004883999936282635
1449336212174,1,-0.04761900007724762,0.10378500074148178,-0.007325999904423952
1449336212195,1,-0.06837599724531174,0.1025639995932579,-0.02930399961769581
1449336212215,1,-0.05128199979662895,-0.04273499920964241,-0.09279599785804749
1449336212234,1,-0.008546999655663967,-0.040293000638484955,-0.08180700242519379
1449336212255,1,0.03174600005149841,0.015873000025749207,-0.04273499920964241
1449336212275,1,0.04273499920964241,0.054944999516010284,-0.012210000306367874
1449336212295,1,0.02442000061273575,0.06959699839353561,0.0024419999681413174
1449336212315,1,0.004883999936282635,0.054944999516010284,-0.035408999770879745
1449336212339,1,0.008546999655663967,0.012210000306367874,-0.040293000638484955
1449336212355,1,0.006105000153183937,-0.013430999591946602,-0.02319899946451187
1449336212377,1,0.006105000153183937,-0.02808300033211708,-0.004883999936282635
1449336212395,1,0.014651999808847904,-0.02319899946451187,-0.0024419999681413174
1449336212418,2,0.02319899946451187,0.0488400012254715,-0.004883999936282635
1449336212439,2,0.02319899946451187,0.05128199979662895,-0.0024419999681413174
1449336212456,2,0.02319899946451187,0.05250300094485283,-0.008546999655663967
1449336212477,2,0.03907199949026108,0.0647130012512207,-0.014651999808847904
1449336212497,2,0.03907199949026108,0.02930399961769581,0.0
1449336212515,2,0.008546999655663967,-0.02319899946451187,-0.012210000306367874
1449336212535,2,-0.008546999655663967,0.008546999655663967,-0.010989000089466572
1449336212557,2,0.0012209999840706587,0.045176997780799866,0.003662999952211976
1449336212576,2,0.00976799987256527,0.06227099895477295,-0.0024419999681413174
1449336212597,2,-0.01831500045955181,0.03663000091910362,-0.003662999952211976
1449336212620,2,-0.04273499920964241,-0.01953599974513054,-0.015873000025749207
1449336212638,2,-0.01953599974513054,-0.01953599974513054,-0.02442000061273575
1449336212657,2,0.004883999936282635,-0.0024419999681413174,-0.008546999655663967
1449336212677,2,0.00976799987256527,0.004883999936282635,0.008546999655663967
1449336212703,2,-0.003662999952211976,0.006105000153183937,0.003662999952211976
1449336212717,2,-0.006105000153183937,0.025640999898314476,-0.010989000089466572
1449336212738,2,0.04273499920964241,0.07448099553585052,-0.03907199949026108
1449336212758,2,0.054944999516010284,0.12576299905776978,-0.05128199979662895
1449336212778,2,0.05250300094485283,0.16117200255393982,-0.059829000383615494
1449336212798,2,-0.035408999770879745,-0.17216099798679352,-0.006105000153183937
1449336212817,2,-0.05616600066423416,-0.6483510136604309,0.21367499232292175
1449336212839,2,-0.2710619866847992,-0.669107973575592,0.2441999912261963
1449336212859,2,-0.1575089991092682,-0.3736259937286377,0.18314999341964722
1449336212879,2,0.01953599974513054,0.09035399556159973,0.09279599785804749
1449336212899,2,0.2002439945936203,0.5579969882965088,0.0012209999840706587
1449336212918,2,0.2905980050563812,0.750914990901947,-0.05250300094485283
1449336212939,2,0.1941390037536621,0.35409000515937805,-0.44566500186920166
1449336212960,2,-0.01831500045955181,-0.05372399836778641,-0.22100099921226501
1449336212979,2,-0.04273499920964241,-0.020756999030709267,0.0488400012254715
1449336212999,2,-0.04639799892902374,0.015873000025749207,0.13919399678707123
1449336213019,2,-0.014651999808847904,0.010989000089466572,0.1404149979352951
1449336213040,2,0.02930399961769581,-0.03296700119972229,0.1025639995932579
1449336213060,2,0.017093999311327934,-0.008546999655663967,-0.014651999808847904
1449336213080,2,0.013430999591946602,0.026861999183893204,-0.06227099895477295
1449336213100,2,0.02930399961769581,0.025640999898314476,-0.09645900130271912
1449336213121,2,0.03174600005149841,0.013430999591946602,-0.08424899727106094
1449336213140,2,0.010989000089466572,0.014651999808847904,-0.054944999516010284
1449336213161,2,-0.021978000178933144,-0.045176997780799866,-0.008546999655663967
1449336213187,2,-0.030524998903274536,-0.04273499920964241,0.007325999904423952
1449336213200,2,-0.02930399961769581,-0.035408999770879745,0.0024419999681413174
1449336213221,2,-0.025640999898314476,-0.03296700119972229,-0.020756999030709267
1449336213241,2,-0.010989000089466572,-0.017093999311327934,-0.04761900007724762
1449336213261,2,0.021978000178933144,0.006105000153183937,-0.05128199979662895
1449336213281,2,0.01953599974513054,0.00976799987256527,-0.03174600005149841
1449336213301,2,0.015873000025749207,-0.008546999655663967,-0.02808300033211708
1449336213322,2,0.004883999936282635,-0.02930399961769581,-0.015873000025749207
1449336213342,2,-0.003662999952211976,-0.045176997780799866,-0.012210000306367874
1449336213362,2,-0.008546999655663967,-0.035408999770879745,-0.00976799987256527
1449336213381,2,0.030524998903274536,-0.017093999311327934,-0.008546999655663967
1449336213406,2,0.017093999311327934,-0.012210000306367874,-0.017093999311327934
1449336213422,2,-0.0024419999681413174,-0.012210000306367874,-0.020756999030709267
1449336213442,2,-0.025640999898314476,-0.02442000061273575,-0.010989000089466572
1449336213467,2,-0.026861999183893204,-0.02319899946451187,0.0
1449336213481,2,0.01953599974513054,-0.015873000025749207,0.0024419999681413174
1449336213501,2,0.02442000061273575,-0.014651999808847904,-0.014651999808847904
1449336213523,2,0.020756999030709267,-0.007325999904423952,-0.02442000061273575
1449336213542,2,0.004883999936282635,-0.008546999655663967,-0.04151399806141853
1449336213562,2,0.00976799987256527,-0.01953599974513054,-0.04273499920964241
1449336213582,2,0.007325999904423952,-0.03663000091910362,-0.02808300033211708
1449336213602,2,-0.01831500045955181,-0.054944999516010284,0.007325999904423952
1449336213623,2,-0.013430999591946602,-0.03296700119972229,-0.007325999904423952
1449336213644,2,0.006105000153183937,-0.013430999591946602,-0.02808300033211708
1449336213664,2,0.02442000061273575,0.004883999936282635,-0.03296700119972229
1449336213682,2,0.02442000061273575,0.004883999936282635,-0.03296700119972229
1449336213703,2,0.012210000306367874,-0.02930399961769581,-0.02930399961769581
1449336213723,2,0.010989000089466572,-0.03174600005149841,-0.021978000178933144
1449336213744,2,0.003662999952211976,-0.04761900007724762,-0.010989000089466572
1449336213768,2,-0.013430999591946602,-0.05860799923539162,-0.010989000089466572
1449336213783,2,-0.017093999311327934,-0.0647130012512207,-0.014651999808847904
1449336213803,2,-0.0024419999681413174,0.004883999936282635,-0.014651999808847904
1449336213825,2,0.02442000061273575,0.02319899946451187,-0.012210000306367874
1449336213846,2,0.02930399961769581,0.012210000306367874,-0.021978000178933144
1449336213864,2,0.020756999030709267,-0.0012209999840706587,-0.03663000091910362
1449336213883,2,0.007325999904423952,-0.0024419999681413174,-0.026861999183893204
1449336213905,2,-0.013430999591946602,-0.013430999591946602,-0.01831500045955181
1449336213925,2,0.013430999591946602,-0.0012209999840706587,-0.003662999952211976
1449336213945,2,0.010989000089466572,-0.007325999904423952,-0.0024419999681413174
1449336213965,2,0.0024419999681413174,-0.017093999311327934,-0.014651999808847904
1449336213985,2,-0.003662999952211976,-0.010989000089466572,-0.025640999898314476
1449336214005,2,0.015873000025749207,-0.003662999952211976,-0.04761900007724762
1449336214026,2,0.025640999898314476,0.03663000091910362,-0.04639799892902374
1449336214046,2,-0.0024419999681413174,0.02319899946451187,-0.03418799862265587
1449336214070,2,0.007325999904423952,0.006105000153183937,-0.020756999030709267
1449336214086,2,0.026861999183893204,-0.0012209999840706587,-0.026861999183893204
1449336214106,2,0.03663000091910362,-0.007325999904423952,-0.03418799862265587
1449336214126,2,0.0488400012254715,0.008546999655663967,-0.054944999516010284
1449336214146,2,0.050060998648405075,0.008546999655663967,-0.04273499920964241
1449336214165,2,0.026861999183893204,0.004883999936282635,-0.03663000091910362
1449336214185,2,0.00976799987256527,0.015873000025749207,-0.03296700119972229
1449336214206,2,0.01953599974513054,0.0378509983420372,-0.04273499920964241
1449336214226,2,0.02808300033211708,0.020756999030709267,-0.050060998648405075
1449336214246,2,-0.0012209999840706587,-0.020756999030709267,-0.02319899946451187
1449336214270,2,0.012210000306367874,-0.03663000091910362,0.00976799987256527
1449336214286,2,-0.02808300033211708,-0.09157499670982361,0.06837599724531174
1449336214307,2,0.006105000153183937,-0.013430999591946602,0.04395600035786629
1449336214327,2,0.11843699961900711,-0.06593400239944458,0.010989000089466572
1449336214348,2,0.1135529950261116,-0.1782660037279129,0.17582400143146515
1449336214366,2,0.0488400012254715,-0.21001200377941132,0.16971899569034576
1449336214387,2,0.012210000306367874,-0.19169700145721436,0.12087900191545486
1449336214415,2,0.02319899946451187,-0.1135529950261116,0.06104999780654907
1449336214432,2,0.05372399836778641,-0.0488400012254715,0.007325999904423952
1449336214451,2,-0.014651999808847904,-0.008546999655663967,-0.10378500074148178
1449336214472,1,-0.07326000183820724,0.04273499920964241,-0.16483499109745026
1449336214490,1,-0.04395600035786629,0.11477399617433548,-0.16483499109745026
1449336214509,1,0.02930399961769581,0.03174600005149841,-0.0488400012254715
1449336214529,1,0.040293000638484955,-0.05128199979662895,0.03174600005149841
1449336214548,1,0.02442000061273575,-0.09279599785804749,0.05250300094485283
1449336214567,1,0.07081799954175949,-0.0647130012512207,0.09645900130271912
1449336214588,1,0.06715499609708786,-0.05372399836778641,0.09890099614858627
1449336214608,1,0.030524998903274536,-0.07936500012874603,0.06837599724531174
1449336214628,1,-0.006105000153183937,-0.09523800015449524,0.025640999898314476
1449336214649,1,-0.025640999898314476,-0.08180700242519379,-0.008546999655663967
1449336214668,1,-0.0647130012512207,-0.03296700119972229,-0.01831500045955181
1449336214689,1,-0.06593400239944458,-0.01831500045955181,-0.0012209999840706587
1449336214709,1,-0.050060998648405075,-0.021978000178933144,0.021978000178933144
1449336214737,1,-0.020756999030709267,-0.04151399806141853,0.02808300033211708
1449336214748,1,0.04639799892902374,-0.07448099553585052,0.04151399806141853
1449336214769,1,0.3247860074043274,-0.4017089903354645,0.26251500844955444
1449336214788,1,0.4493280053138733,-0.8913300037384033,0.27228298783302307
1449336214809,1,0.30158698558807373,-0.6385830044746399,-0.5030519962310791
1449336214832,1,0.4529910087585449,0.6434670090675354,-1.5921839475631714
1449336214851,1,1.0305240154266357,0.17216099798679352,-1.5177029371261597
1449336214873,1,0.021978000178933144,-0.4639799892902374,-0.7789980173110962
1449336214899,1,-0.7912079691886902,-1.0512809753417969,0.007325999904423952
1449336214912,1,-1.1770440340042114,-1.4420009851455688,0.3504270017147064
1449336214936,1,-1.2100110054016113,-0.9597060084342957,0.008546999655663967
1449336214951,1,-0.2698409855365753,0.5518919825553894,-0.4395599961280823
1449336214973,1,0.11477399617433548,0.6630029678344727,-0.24542099237442017
1449336214993,1,0.18314999341964722,0.4481070041656494,-0.014651999808847904
1449336215015,1,0.09523800015449524,0.13186800479888916,0.11843699961900711
1449336215034,1,0.025640999898314476,-0.050060998648405075,0.11965800076723099
1449336215053,1,0.05128199979662895,-0.04395600035786629,0.11721599847078323
1449336215074,1,0.10134299844503403,0.16605599224567413,0.2332109957933426
1449336215093,1,0.07814399898052216,0.13919399678707123,0.3308909833431244
1449336215113,1,0.013430999591946602,0.06837599724531174,0.40415099263191223
1449336215134,1,-0.06104999780654907,-0.017093999311327934,0.4102559983730316
1449336215153,1,-0.11233200132846832,-0.11599499732255936,0.36996299028396606
1449336215174,1,-0.15506699681282043,-0.07936500012874603,0.24175800383090973
1449336215194,1,-0.1733819991350174,0.003662999952211976,0.18314999341964722
1449336215215,1,-0.18192899227142334,0.04761900007724762,0.13430999219417572
1449336215234,1,-0.1843709945678711,0.05250300094485283,0.09401699900627136
1449336215251,1,-0.12209999561309814,-0.010989000089466572,0.09401699900627136
1449336215271,1,-0.015873000025749207,-0.05128199979662895,0.11843699961900711
1449336215292,1,0.05860799923539162,-0.020756999030709267,0.13064700365066528
1449336215312,1,0.07326000183820724,0.04395600035786629,0.05372399836778641
1449336215333,1,0.07081799954175949,0.03907199949026108,0.02808300033211708
1449336215356,1,0.07203900068998337,-0.004883999936282635,0.02808300033211708
1449336215373,1,0.03418799862265587,-0.05738699808716774,0.014651999808847904
1449336215393,1,-0.007325999904423952,-0.050060998648405075,-0.00976799987256527
1449336215413,1,0.003662999952211976,0.04761900007724762,-0.03663000091910362
1449336215433,1,0.03418799862265587,0.03663000091910362,-0.0378509983420372
1449336215453,1,0.0488400012254715,-0.00976799987256527,-0.0378509983420372
1449336215479,1,0.02808300033211708,-0.02930399961769581,-0.021978000178933144
1449336215494,1,-0.0024419999681413174,-0.017093999311327934,0.0012209999840706587
1449336215514,1,-0.01831500045955181,-0.017093999311327934,-0.02930399961769581
1449336215533,1,0.021978000178933144,0.013430999591946602,-0.04151399806141853
1449336215554,1,0.03418799862265587,0.03418799862265587,-0.021978000178933144
1449336215574,1,0.010989000089466572,0.040293000638484955,-0.013430999591946602
1449336215594,1,-0.01953599974513054,0.0024419999681413174,-0.004883999936282635
1449336215615,1,-0.02930399961769581,-0.030524998903274536,-0.0012209999840706587
1449336215637,1,0.026861999183893204,0.013430999591946602,-0.007325999904423952
1449336215654,1,0.0488400012254715,0.02808300033211708,-0.0012209999840706587
1449336215674,1,0.02808300033211708,0.01831500045955181,-0.010989000089466572
1449336215694,1,0.006105000153183937,0.01953599974513054,-0.03418799862265587
1449336215714,1,-0.007325999904423952,0.014651999808847904,-0.02808300033211708
1449336215734,1,-0.006105000153183937,-0.003662999952211976,-0.013430999591946602
1449336215754,1,0.0024419999681413174,-0.026861999183893204,-0.02442000061273575
1449336215774,1,0.004883999936282635,-0.025640999898314476,-0.026861999183893204
1449336215796,1,-0.003662999952211976,-0.021978000178933144,-0.026861999183893204
1449336215815,1,-0.015873000025749207,-0.014651999808847904,-0.01953599974513054
1449336215838,1,0.010989000089466572,0.014651999808847904,-0.003662999952211976
1449336215856,1,0.054944999516010284,0.02319899946451187,-0.020756999030709267
1449336215876,1,0.07448099553585052,0.04639799892902374,-0.050060998648405075
1449336215896,1,0.0757019966840744,0.06837599724531174,-0.050060998648405075
1449336215915,1,0.04395600035786629,0.05250300094485283,-0.0488400012254715
1449336215935,1,0.014651999808847904,0.02930399961769581,-0.04639799892902374
1449336215957,1,0.008546999655663967,0.012210000306367874,0.007325999904423952
1449336215976,1,0.015873000025749207,-0.003662999952211976,0.025640999898314476
1449336215998,1,0.008546999655663967,-0.02808300033211708,0.01953599974513054
1449336216015,1,0.003662999952211976,-0.040293000638484955,0.0012209999840706587
1449336216037,1,0.008546999655663967,-0.013430999591946602,-0.014651999808847904
1449336216057,1,0.0024419999681413174,0.008546999655663967,-0.00976799987256527
1449336216077,1,-0.015873000025749207,-0.015873000025749207,-0.01831500045955181
1449336216098,1,-0.014651999808847904,-0.01953599974513054,-0.01953599974513054
1449336216116,1,0.003662999952211976,0.012210000306367874,-0.012210000306367874
1449336216138,1,0.008546999655663967,0.00976799987256527,-0.0012209999840706587
1449336216158,1,0.01831500045955181,0.017093999311327934,-0.006105000153183937
1449336216178,1,0.020756999030709267,0.00976799987256527,0.008546999655663967
1449336216197,1,0.0,-0.01953599974513054,0.004883999936282635
1449336216217,1,-0.012210000306367874,-0.02319899946451187,-0.013430999591946602
1449336216238,1,-0.007325999904423952,0.017093999311327934,-0.026861999183893204
1449336216258,1,-0.007325999904423952,0.020756999030709267,-0.01953599974513054
1449336216277,1,-0.01953599974513054,-0.012210000306367874,-0.02442000061273575
1449336216299,1,-0.021978000178933144,-0.006105000153183937,-0.02319899946451187
1449336216322,1,-0.004883999936282635,0.0,-0.006105000153183937
1449336216338,1,0.013430999591946602,-0.00976799987256527,0.010989000089466572
1449336216359,1,0.014651999808847904,-0.0024419999681413174,0.007325999904423952
1449336216378,1,0.006105000153183937,0.025640999898314476,-0.04273499920964241
1449336216398,1,0.008546999655663967,0.030524998903274536,-0.03907199949026108
1449336216418,1,0.006105000153183937,0.012210000306367874,-0.021978000178933144
1449336216438,1,-0.004883999936282635,0.014651999808847904,-0.006105000153183937
1449336216460,1,0.006105000153183937,0.008546999655663967,0.008546999655663967
1449336216485,2,0.040293000638484955,0.02808300033211708,0.004883999936282635
1449336216498,2,0.01831500045955181,0.03296700119972229,-0.012210000306367874
1449336216519,2,-0.0024419999681413174,0.017093999311327934,-0.03174600005149841
1449336216540,2,-0.017093999311327934,0.003662999952211976,-0.035408999770879745
1449336216561,2,-0.00976799987256527,0.012210000306367874,-0.035408999770879745
1449336216580,2,0.008546999655663967,0.0488400012254715,-0.054944999516010284
1449336216600,2,0.02319899946451187,0.03296700119972229,-0.05128199979662895
1449336216624,2,0.012210000306367874,-0.003662999952211976,-0.03907199949026108
1449336216641,2,-0.0012209999840706587,-0.006105000153183937,-0.021978000178933144
1449336216661,2,-0.006105000153183937,0.0024419999681413174,-0.008546999655663967
1449336216680,2,0.0024419999681413174,0.0,-0.003662999952211976
1449336216700,2,0.008546999655663967,0.013430999591946602,-0.02319899946451187
1449336216720,2,0.007325999904423952,0.035408999770879745,-0.03296700119972229
1449336216740,2,-0.0012209999840706587,0.025640999898314476,-0.021978000178933144
1449336216760,2,-0.006105000153183937,-0.014651999808847904,-0.015873000025749207
1449336216781,2,-0.007325999904423952,-0.01953599974513054,-0.01953599974513054
1449336216800,2,-0.007325999904423952,-0.007325999904423952,-0.010989000089466572
1449336216821,2,-0.012210000306367874,0.003662999952211976,-0.013430999591946602
1449336216841,2,0.008546999655663967,0.004883999936282635,-0.021978000178933144
1449336216861,2,0.01953599974513054,0.006105000153183937,-0.017093999311327934
1449336216882,2,0.013430999591946602,0.00976799987256527,-0.004883999936282635
1449336216905,2,-0.004883999936282635,0.010989000089466572,0.0
1449336216921,2,-0.012210000306367874,0.0012209999840706587,-0.02319899946451187
1449336216942,2,0.013430999591946602,0.012210000306367874,-0.03174600005149841
1449336216961,2,0.020756999030709267,0.021978000178933144,-0.03296700119972229
1449336216981,2,0.017093999311327934,0.035408999770879745,-0.045176997780799866
1449336217001,2,0.004883999936282635,0.03907199949026108,-0.06593400239944458
1449336217026,2,-0.21001200377941132,-1.0427340269088745,0.38095200061798096
1449336217042,2,-0.2661779820919037,-0.6129419803619385,0.536018967628479
1449336217063,2,-0.1892549991607666,-0.1684979945421219,0.33211198449134827
1449336217094,2,-0.12332099676132202,0.26129400730133057,0.08302799612283707
1449336217109,2,-0.03296700119972229,0.7081800103187561,-0.06959699839353561
1449336217123,2,0.28815600275993347,0.5628809928894043,-0.4664219915866852
1449336217143,2,0.3357749879360199,0.25152599811553955,-0.432233989238739
1449336217163,2,0.2161169946193695,0.10988999903202057,-0.24053700268268585
1449336217181,2,0.008546999655663967,0.003662999952211976,-0.04395600035786629
1449336217202,2,-0.1452990025281906,-0.09157499670982361,0.10622699558734894
1449336217223,2,-0.1782660037279129,-0.13675199449062347,0.17216099798679352
1449336217242,2,0.008546999655663967,-0.08424899727106094,0.07936500012874603
1449336217262,2,0.07203900068998337,-0.0024419999681413174,-0.01831500045955181
1449336217283,2,0.08180700242519379,0.07203900068998337,-0.06959699839353561
1449336217303,2,0.054944999516010284,0.10378500074148178,-0.07326000183820724
1449336217323,2,0.01953599974513054,0.07936500012874603,-0.06227099895477295
1449336217343,2,-0.01831500045955181,-0.04273499920964241,-0.007325999904423952
1449336217365,2,-0.00976799987256527,-0.06959699839353561,0.02319899946451187
1449336217383,2,0.008546999655663967,-0.06104999780654907,0.03418799862265587
1449336217404,2,0.013430999591946602,-0.021978000178933144,0.0012209999840706587
1449336217425,2,0.013430999591946602,-0.0012209999840706587,-0.03418799862265587
1449336217447,2,0.004883999936282635,-0.015873000025749207,-0.03174600005149841
1449336217464,2,-0.026861999183893204,-0.05250300094485283,-0.007325999904423952
1449336217484,2,-0.04761900007724762,-0.07203900068998337,0.006105000153183937
1449336217505,2,-0.035408999770879745,-0.08180700242519379,0.010989000089466572
1449336217525,2,-0.017093999311327934,-0.054944999516010284,-0.014651999808847904
1449336217546,2,0.0012209999840706587,-0.010989000089466572,-0.02442000061273575
1449336217566,2,-0.008546999655663967,-0.003662999952211976,-0.03418799862265587
1449336217585,2,-0.008546999655663967,-0.013430999591946602,-0.025640999898314476
1449336217606,2,0.0012209999840706587,-0.025640999898314476,-0.02808300033211708
1449336217626,2,0.014651999808847904,-0.04151399806141853,-0.02442000061273575
1449336217644,2,0.00976799987256527,-0.035408999770879745,-0.015873000025749207
1449336217665,2,-0.0024419999681413174,-0.026861999183893204,-0.007325999904423952
1449336217685,2,-0.015873000025749207,-0.021978000178933144,-0.012210000306367874
1449336217706,2,-0.003662999952211976,-0.030524998903274536,-0.017093999311327934
1449336217725,2,0.01831500045955181,-0.020756999030709267,-0.008546999655663967
1449336217751,2,0.01831500045955181,-0.012210000306367874,-0.0012209999840706587
1449336217766,2,-0.02319899946451187,-0.025640999898314476,0.0024419999681413174
1449336217785,2,-0.03174600005149841,-0.04395600035786629,-0.012210000306367874
1449336217807,2,-0.008546999655663967,-0.03418799862265587,-0.03174600005149841
1449336217827,2,0.014651999808847904,0.006105000153183937,-0.03418799862265587
1449336217848,2,0.02442000061273575,0.04639799892902374,-0.04151399806141853
1449336217866,2,0.007325999904423952,0.059829000383615494,-0.04395600035786629
1449336217888,2,-0.014651999808847904,0.02442000061273575,-0.021978000178933144
1449336217907,2,-0.012210000306367874,0.012210000306367874,-0.003662999952211976
1449336217928,2,-0.00976799987256527,-0.01831500045955181,0.004883999936282635
1449336217948,2,0.0,-0.025640999898314476,0.008546999655663967
1449336217967,2,0.003662999952211976,-0.013430999591946602,-0.004883999936282635
1449336217986,2,0.0,0.01831500045955181,-0.02930399961769581
1449336218007,2,-0.0012209999840706587,0.007325999904423952,-0.03296700119972229
1449336218027,2,0.007325999904423952,0.008546999655663967,-0.035408999770879745
1449336218048,2,0.02808300033211708,0.008546999655663967,-0.03174600005149841
1449336218067,2,0.01953599974513054,0.015873000025749207,-0.02808300033211708
1449336218088,2,-0.012210000306367874,-0.0024419999681413174,-0.004883999936282635
1449336218109,2,-0.004883999936282635,0.0024419999681413174,0.0024419999681413174
1449336218129,2,0.003662999952211976,-0.017093999311327934,0.0
1449336218148,2,-0.0012209999840706587,-0.025640999898314476,-0.006105000153183937
1449336218169,2,0.004883999936282635,-0.013430999591946602,-0.01953599974513054
1449336218189,2,0.017093999311327934,0.006105000153183937,-0.02319899946451187
1449336218209,2,0.013430999591946602,-0.004883999936282635,-0.02319899946451187
1449336218234,2,0.004883999936282635,-0.026861999183893204,-0.012210000306367874
1449336218248,2,-0.014651999808847904,-0.026861999183893204,-0.008546999655663967
1449336218270,2,-0.030524998903274536,-0.025640999898314476,0.0
1449336218290,2,-0.03296700119972229,-0.010989000089466572,0.0012209999840706587
1449336218310,2,0.014651999808847904,0.00976799987256527,-0.01831500045955181
1449336218332,2,0.035408999770879745,0.004883999936282635,-0.030524998903274536
1449336218350,2,0.04151399806141853,0.008546999655663967,-0.026861999183893204
1449336218369,2,0.021978000178933144,0.010989000089466572,-0.013430999591946602
1449336218390,2,-0.0012209999840706587,0.006105000153183937,-0.00976799987256527
1449336218410,2,-0.003662999952211976,-0.021978000178933144,-0.010989000089466572
1449336218432,2,0.007325999904423952,-0.008546999655663967,-0.017093999311327934
1449336218449,2,0.025640999898314476,0.004883999936282635,-0.025640999898314476
1449336218469,2,0.035408999770879745,0.012210000306367874,-0.021978000178933144
1449336218490,2,0.02442000061273575,0.015873000025749207,-0.010989000089466572
1449336218511,2,0.004883999936282635,-0.007325999904423952,-0.0024419999681413174
