1449516733458,1,0.0757019966840744,-0.06227099895477295,0.035408999770879745
1449516733474,1,0.017093999311327934,-0.16605599224567413,0.05128199979662895
1449516733494,1,0.003662999952211976,-0.05128199979662895,0.0378509983420372
1449516733520,1,0.04395600035786629,0.03418799862265587,0.05128199979662895
1449516733534,1,0.0647130012512207,0.010989000089466572,0.04761900007724762
1449516733554,1,0.07203900068998337,-0.008546999655663967,0.04151399806141853
1449516733575,1,0.097680002450943,0.03174600005149841,0.04151399806141853
1449516733595,1,0.1892549991607666,0.13186800479888916,0.0647130012512207
1449516733616,1,0.18192899227142334,0.0647130012512207,0.12087900191545486
1449516733638,1,0.167276993393898,-0.050060998648405075,0.16117200255393982
1449516733655,1,0.15262499451637268,-0.10378500074148178,0.14163599908351898
1449516733675,1,0.16361400485038757,-0.07448099553585052,0.08058600127696991
1449516733695,1,0.22588500380516052,-0.03663000091910362,0.07203900068998337
1449516733717,1,0.3199020028114319,0.014651999808847904,0.09523800015449524
1449516733736,1,0.3638579845428467,0.0024419999681413174,0.12087900191545486
1449516733756,1,0.4017089903354645,-0.0024419999681413174,0.15018299221992493
1449516733775,1,0.4774110019207001,-0.020756999030709267,0.23687399923801422
1449516733795,1,0.5006099939346313,-0.06349200010299683,0.24664199352264404
1449516733817,1,0.11599499732255936,-0.195360004901886,0.05616600066423416
1449516733836,1,-0.18681299686431885,-0.39194098114967346,-0.06959699839353561
1449516733855,1,0.7338209748268127,0.608057975769043,-0.7643460035324097
1449516733877,1,0.7277159690856934,0.6752129793167114,-0.6104999780654907
1449516733896,1,-0.03907199949026108,-0.4395599961280823,0.1562879979610443
1449516733916,1,-0.8351640105247498,-0.9120869636535645,0.5262510180473328
1449516733936,1,-0.598289966583252,-0.3296699821949005,0.017093999311327934
1449516733957,1,-0.18559199571609497,0.3846150040626526,-0.46764299273490906
1449516733977,1,0.06837599724531174,0.6459090113639832,-0.5934060215950012
1449516733998,1,0.08180700242519379,0.4334549903869629,-0.3516480028629303
1449516734016,1,-0.054944999516010284,0.035408999770879745,0.00976799987256527
1449516734038,1,-0.10744799673557281,-0.23931600153446198,0.1684979945421219
1449516734057,1,-0.0024419999681413174,-0.03296700119972229,-0.008546999655663967
1449516734077,1,0.097680002450943,0.17582400143146515,-0.18803399801254272
1449516734099,1,0.14774100482463837,0.2539680004119873,-0.2637360095977783
1449516734117,1,0.14163599908351898,0.15506699681282043,-0.19169700145721436
1449516734138,1,-0.05738699808716774,-0.16971899569034576,0.05250300094485283
1449516734158,1,-0.10378500074148178,-0.11599499732255936,0.03418799862265587
1449516734178,1,-0.07326000183820724,0.015873000025749207,-0.04151399806141853
1449516734198,1,-0.02319899946451187,0.09890099614858627,-0.06959699839353561
1449516734218,1,-0.026861999183893204,0.07203900068998337,-0.007325999904423952
1449516734238,1,-0.08913300186395645,0.010989000089466572,0.0866909995675087
1449516734258,1,-0.09279599785804749,0.08180700242519379,0.07936500012874603
1449516734278,1,-0.06837599724531174,0.1684979945421219,0.059829000383615494
1449516734298,1,-0.0647130012512207,0.17093999683856964,0.04395600035786629
1449516734318,1,-0.0757019966840744,0.12209999561309814,0.04273499920964241
1449516734339,1,-0.09890099614858627,0.09645900130271912,0.07081799954175949
1449516734359,1,-0.19169700145721436,0.1452990025281906,0.18803399801254272
1449516734379,1,-0.21489599347114563,0.1575089991092682,0.19291800260543823
1449516734399,1,-0.18192899227142334,0.13919399678707123,0.15018299221992493
1449516734420,1,-0.1355309933423996,0.14163599908351898,0.09279599785804749
1449516734438,1,-0.0757019966840744,0.13797299563884735,0.07326000183820724
1449516734464,1,-0.03174600005149841,0.25152599811553955,0.14407800137996674
1449516734480,1,-0.05128199979662895,0.27228298783302307,0.1941390037536621
1449516734499,1,-0.05250300094485283,0.21489599347114563,0.19291800260543823
1449516734519,1,-0.0647130012512207,0.15995100140571594,0.10866899788379669
1449516734540,1,-0.0647130012512207,0.19902299344539642,0.01953599974513054
1449516734560,1,0.10012199729681015,0.1575089991092682,0.06593400239944458
1449516734584,1,0.1404149979352951,0.13675199449062347,0.08058600127696991
1449516734599,1,0.15995100140571594,0.211232990026474,0.04151399806141853
1449516734620,1,0.13308899104595184,0.3467639982700348,-0.02930399961769581
1449516734640,1,0.0647130012512207,0.46886399388313293,-0.07081799954175949
1449516734660,1,-0.020756999030709267,0.4713059961795807,-0.24175800383090973
1449516734680,1,0.02442000061273575,0.41391900181770325,-0.43467599153518677
1449516734700,1,0.0757019966840744,0.21489599347114563,-0.45787498354911804
1449516734720,1,0.1465200036764145,0.10866899788379669,-0.3956039845943451
1449516734741,1,0.13919399678707123,0.14407800137996674,-0.21489599347114563
1449516734761,1,0.14285700023174286,0.1843709945678711,-0.035408999770879745
1449516734787,1,0.07326000183820724,0.20757000148296356,0.021978000178933144
1449516734800,1,0.010989000089466572,0.2002439945936203,0.026861999183893204
1449516734821,1,-0.07448099553585052,0.09157499670982361,0.02930399961769581
1449516734841,1,-0.14774100482463837,-0.05738699808716774,0.09279599785804749
1449516734862,1,-0.15873000025749207,-0.15262499451637268,0.1404149979352951
1449516734882,1,-0.11599499732255936,-0.2161169946193695,0.11721599847078323
1449516734902,1,-0.06837599724531174,-0.07203900068998337,0.14163599908351898
1449516734922,1,-0.00976799987256527,0.07448099553585052,0.1684979945421219
1449516734941,1,0.017093999311327934,0.15506699681282043,0.1404149979352951
1449516734962,1,0.03296700119972229,0.17948700487613678,0.07203900068998337
1449516734982,1,0.05616600066423416,0.18192899227142334,-0.03174600005149841
1449516735002,1,0.10744799673557281,0.20146499574184418,-0.035408999770879745
1449516735022,1,0.1025639995932579,0.20634900033473969,-0.01831500045955181
1449516735043,1,0.0757019966840744,0.18681299686431885,0.008546999655663967
1449516735061,1,0.04639799892902374,0.17093999683856964,0.025640999898314476
1449516735082,1,0.045176997780799866,0.167276993393898,0.01831500045955181
1449516735103,1,0.04151399806141853,0.13675199449062347,-0.03663000091910362
1449516735123,1,0.013430999591946602,0.08302799612283707,-0.01953599974513054
1449516735143,1,-0.01953599974513054,0.02930399961769581,0.021978000178933144
1449516735163,1,-0.05372399836778641,-0.007325999904423952,0.06837599724531174
1449516735183,1,-0.07081799954175949,-0.02319899946451187,0.08180700242519379
1449516735203,1,-0.010989000089466572,0.008546999655663967,0.040293000638484955
1449516735224,1,-0.030524998903274536,0.017093999311327934,0.054944999516010284
1449516735244,1,-0.059829000383615494,0.003662999952211976,0.07326000183820724
1449516735269,1,-0.08058600127696991,0.007325999904423952,0.09035399556159973
1449516735289,1,-0.08424899727106094,-0.013430999591946602,0.0866909995675087
1449516735303,1,-0.08546999841928482,-0.012210000306367874,0.097680002450943
1449516735324,1,-0.0866909995675087,-0.007325999904423952,0.10012199729681015
1449516735344,2,-0.08424899727106094,-0.020756999030709267,0.08058600127696991
1449516735373,2,-0.059829000383615494,-0.013430999591946602,0.06349200010299683
1449516735390,2,-0.02930399961769581,-0.015873000025749207,0.04395600035786629
1449516735404,2,-0.007325999904423952,-0.003662999952211976,0.02930399961769581
1449516735454,2,0.015873000025749207,-0.02442000061273575,-0.017093999311327934
1449516735469,2,0.007325999904423952,-0.03296700119972229,-0.0012209999840706587
1449516735489,2,0.008546999655663967,-0.03296700119972229,0.0024419999681413174
1449516735505,2,0.020756999030709267,-0.015873000025749207,0.010989000089466572
1449516735529,2,0.007325999904423952,-0.003662999952211976,-0.004883999936282635
1449516735544,2,-0.008546999655663967,0.010989000089466572,0.00976799987256527
1449516735565,2,-0.017093999311327934,0.03663000091910362,0.013430999591946602
1449516735585,2,-0.013430999591946602,0.025640999898314476,-0.013430999591946602
1449516735605,2,-0.020756999030709267,0.00976799987256527,-0.015873000025749207
1449516735624,2,-0.030524998903274536,0.003662999952211976,0.05128199979662895
1449516735652,2,-0.04395600035786629,0.021978000178933144,0.06715499609708786
1449516735666,2,-0.04395600035786629,0.050060998648405075,0.06593400239944458
1449516735685,2,-0.02319899946451187,0.05860799923539162,0.03663000091910362
1449516735706,2,0.010989000089466572,0.04761900007724762,0.008546999655663967
1449516735726,2,0.025640999898314476,0.03418799862265587,-0.010989000089466572
1449516735746,2,-0.006105000153183937,0.05616600066423416,-0.03296700119972229
1449516735766,2,0.003662999952211976,0.10012199729681015,-0.0757019966840744
1449516735786,2,0.035408999770879745,0.10378500074148178,-0.18192899227142334
1449516735806,2,0.0647130012512207,0.09645900130271912,-0.3137969970703125
1449516735826,2,0.10988999903202057,1.0830270051956177,-0.21245399117469788
1449516735849,2,-0.6813179850578308,-1.482293963432312,0.6056159734725952
1449516735866,2,-0.2905980050563812,-0.9633690118789673,0.27960899472236633
1449516735886,2,0.10378500074148178,0.2588520050048828,-0.20390699803829193
1449516735906,2,0.4883999824523926,1.0732589960098267,-0.1892549991607666
1449516735926,2,0.5726490020751953,1.0952370166778564,-0.12209999561309814
1449516735946,2,0.293040007352829,0.46275898814201355,-0.007325999904423952
1449516735966,2,-0.299144983291626,-0.48962098360061646,-0.08791200071573257
1449516735986,2,-0.23565299808979034,-0.4004879891872406,-0.2820509970188141
1449516736007,2,-0.08302799612283707,-0.16361400485038757,-0.39682498574256897
1449516736027,2,0.020756999030709267,0.07692299783229828,-0.3565320074558258
1449516736050,2,0.05250300094485283,0.17582400143146515,-0.1892549991607666
1449516736067,2,-0.05860799923539162,0.030524998903274536,0.15018299221992493
1449516736087,2,-0.04151399806141853,-0.04273499920964241,0.12576299905776978
1449516736107,2,0.01831500045955181,-0.04395600035786629,0.07692299783229828
1449516736128,2,0.026861999183893204,0.006105000153183937,0.09645900130271912
1449516736149,2,0.010989000089466572,0.04639799892902374,0.15506699681282043
1449516736168,2,-0.014651999808847904,-0.013430999591946602,0.1733819991350174
1449516736188,2,-0.04639799892902374,-0.06593400239944458,0.14285700023174286
1449516736208,2,-0.08546999841928482,-0.07081799954175949,0.13064700365066528
1449516736228,2,-0.11843699961900711,-0.0024419999681413174,0.09523800015449524
1449516736248,2,-0.10134299844503403,0.05250300094485283,0.050060998648405075
1449516736268,2,-0.10866899788379669,0.13064700365066528,0.007325999904423952
1449516736293,2,-0.04151399806141853,0.12209999561309814,0.007325999904423952
1449516736316,2,-0.06959699839353561,-0.00976799987256527,-0.025640999898314476
1449516736330,2,-0.07814399898052216,-0.09401699900627136,-0.020756999030709267
1449516736349,2,-0.11111100018024445,-0.11111100018024445,0.02808300033211708
1449516736374,2,-0.12576299905776978,-0.0647130012512207,0.05616600066423416
1449516736388,2,-0.04273499920964241,0.05128199979662895,0.05738699808716774
1449516736410,2,0.0,0.06837599724531174,0.020756999030709267
1449516736430,2,0.03296700119972229,0.026861999183893204,-0.02319899946451187
1449516736450,2,0.05372399836778641,-0.0647130012512207,-0.06227099895477295
1449516736474,2,0.035408999770879745,-0.14163599908351898,-0.06715499609708786
1449516736495,2,0.026861999183893204,-0.10744799673557281,-0.02319899946451187
1449516736509,2,0.040293000638484955,-0.04151399806141853,-0.00976799987256527
1449516736530,2,0.050060998648405075,0.026861999183893204,-0.020756999030709267
1449516736549,2,0.05372399836778641,0.05738699808716774,-0.050060998648405075
1449516736569,2,0.04273499920964241,0.021978000178933144,-0.07936500012874603
1449516736590,2,0.01953599974513054,-0.08546999841928482,-0.07081799954175949
1449516736610,2,0.00976799987256527,-0.10866899788379669,-0.05250300094485283
1449516736637,2,0.010989000089466572,-0.04151399806141853,-0.02319899946451187
1449516736650,2,0.004883999936282635,0.013430999591946602,0.004883999936282635
1449516736670,2,0.006105000153183937,0.01831500045955181,0.01953599974513054
1449516736691,2,0.004883999936282635,-0.02442000061273575,-0.013430999591946602
1449516736710,2,0.0024419999681413174,-0.04761900007724762,-0.040293000638484955
1449516736732,2,0.004883999936282635,-0.04395600035786629,-0.017093999311327934
1449516736755,2,0.0,-0.0488400012254715,0.0024419999681413174
1449516736775,2,-0.006105000153183937,-0.05250300094485283,-0.01953599974513054
1449516736791,2,-0.0024419999681413174,-0.06227099895477295,-0.06349200010299683
1449516736810,2,0.03174600005149841,-0.08913300186395645,-0.1245419979095459
1449516736833,2,0.04639799892902374,-0.08546999841928482,-0.12332099676132202
1449516736856,2,0.05738699808716774,-0.03663000091910362,-0.11843699961900711
1449516736871,2,0.06104999780654907,0.03174600005149841,-0.12820500135421753
1449516736891,2,0.059829000383615494,0.03418799862265587,-0.13919399678707123
1449516736911,2,0.0378509983420372,0.008546999655663967,-0.11111100018024445
1449516736936,2,-0.007325999904423952,-0.017093999311327934,-0.07448099553585052
1449516736951,2,-0.015873000025749207,-0.026861999183893204,-0.040293000638484955
1449516736971,2,-0.013430999591946602,-0.040293000638484955,-0.013430999591946602
1449516736992,2,0.0012209999840706587,-0.030524998903274536,-0.01831500045955181
1449516737012,2,0.0378509983420372,0.00976799987256527,-0.01831500045955181
1449516737033,2,0.035408999770879745,0.03174600005149841,0.010989000089466572
1449516737056,2,0.02319899946451187,0.03418799862265587,0.01831500045955181
1449516737072,2,0.035408999770879745,0.008546999655663967,0.014651999808847904
1449516737092,2,0.05250300094485283,-0.03418799862265587,-0.007325999904423952
1449516737113,2,0.05250300094485283,-0.07326000183820724,-0.025640999898314476
1449516737136,2,0.04395600035786629,-0.01831500045955181,-0.035408999770879745
1449516737157,2,0.05616600066423416,0.03663000091910362,-0.05128199979662895
1449516737172,2,0.07203900068998337,0.09035399556159973,-0.07081799954175949
1449516737193,2,0.07692299783229828,0.15384599566459656,-0.09645900130271912
1449516737217,2,0.0757019966840744,0.17093999683856964,-0.12576299905776978
1449516737233,2,0.05860799923539162,0.1404149979352951,-0.10866899788379669
1449516737253,2,0.012210000306367874,0.054944999516010284,-0.08913300186395645
1449516737274,2,0.0012209999840706587,0.015873000025749207,-0.07814399898052216
1449516737294,2,-0.021978000178933144,0.013430999591946602,-0.11599499732255936
1449516737315,2,-0.025640999898314476,-0.19658099114894867,-0.16361400485038757
1449516737334,2,-0.04273499920964241,-0.11111100018024445,-0.08546999841928482
1449516737354,1,-0.059829000383615494,0.06227099895477295,0.040293000638484955
1449516737374,1,-0.03174600005149841,0.09035399556159973,0.04395600035786629
1449516737395,1,0.021978000178933144,0.09890099614858627,0.025640999898314476
1449516737417,1,0.05616600066423416,0.004883999936282635,-0.021978000178933144
1449516737434,1,0.05372399836778641,-0.21367499232292175,-0.05616600066423416
1449516737454,1,-0.006105000153183937,-0.30647099018096924,-0.01831500045955181
1449516737474,1,-0.00976799987256527,-0.2820509970188141,0.004883999936282635
1449516737495,1,0.02319899946451187,-0.211232990026474,0.01831500045955181
1449516737521,1,0.02442000061273575,-0.1465200036764145,0.0378509983420372
1449516737535,1,-0.04151399806141853,-0.08913300186395645,0.07326000183820724
1449516737555,1,0.004883999936282635,0.19902299344539642,0.14285700023174286
1449516737575,1,0.2429789900779724,0.08424899727106094,0.1294260025024414
1449516737595,1,0.05616600066423416,-0.08546999841928482,0.05128199979662895
1449516737616,1,-0.13919399678707123,-0.13430999219417572,-0.00976799987256527
1449516737636,1,-0.2441999912261963,-0.030524998903274536,0.0012209999840706587
1449516737656,1,-0.21855899691581726,0.09157499670982361,0.05128199979662895
1449516737676,1,-0.07936500012874603,0.04639799892902374,0.06104999780654907
1449516737696,1,-0.012210000306367874,0.05616600066423416,0.02442000061273575
1449516737716,1,0.030524998903274536,0.05128199979662895,0.0
1449516737736,1,0.03418799862265587,0.050060998648405075,0.0024419999681413174
1449516737755,1,0.010989000089466572,0.0012209999840706587,0.02319899946451187
1449516737776,1,0.021978000178933144,-0.045176997780799866,0.08058600127696991
1449516737797,1,0.09279599785804749,-0.05372399836778641,0.11721599847078323
1449516737816,1,0.1623930037021637,-0.07448099553585052,0.167276993393898
1449516737837,1,0.24542099237442017,-0.08180700242519379,0.24053700268268585
1449516737857,1,0.31746000051498413,-0.1135529950261116,0.31746000051498413
1449516737877,1,0.47863200306892395,-0.07936500012874603,0.6117209792137146
1449516737899,1,0.36996299028396606,-0.3626369833946228,0.5311350226402283
1449516737917,1,0.1941390037536621,-0.12698400020599365,-0.19291800260543823
1449516737936,1,1.1746020317077637,0.9584850072860718,-0.5164830088615417
1449516737957,1,1.5763109922409058,0.8681309819221497,-1.3418790102005005
1449516737977,1,1.0134299993515015,0.054944999516010284,-1.583636999130249
1449516737998,1,-0.6214889883995056,-1.5262500047683716,-0.2637360095977783
1449516738017,1,-0.9438329935073853,-1.336995005607605,0.41880300641059875
1449516738038,1,-0.9890099763870239,-1.318679928779602,0.7667880058288574
1449516738058,1,-0.9706949591636658,-0.7203899621963501,0.195360004901886
1449516738078,1,-0.6849809885025024,0.1684979945421219,-0.40415099263191223
1449516738099,1,0.045176997780799866,0.8412690162658691,-0.45054900646209717
1449516738118,1,0.15995100140571594,0.54578697681427,-0.22832699120044708
1449516738137,1,0.09035399556159973,0.1135529950261116,0.04761900007724762
1449516738158,1,-0.05250300094485283,-0.2222220003604889,0.21489599347114563
1449516738178,1,-0.13430999219417572,-0.2649570107460022,0.20146499574184418
1449516738199,1,-0.09645900130271912,-0.1452990025281906,0.08424899727106094
1449516738218,1,0.11477399617433548,-0.008546999655663967,0.10866899788379669
1449516738243,1,0.12087900191545486,-0.10012199729681015,0.1465200036764145
1449516738259,1,0.06959699839353561,-0.1575089991092682,0.15018299221992493
1449516738278,1,0.015873000025749207,-0.12332099676132202,0.10744799673557281
1449516738299,1,0.008546999655663967,-0.054944999516010284,0.05738699808716774
1449516738319,1,-0.04273499920964241,-0.03174600005149841,0.05738699808716774
1449516738338,1,-0.1135529950261116,-0.045176997780799866,0.10378500074148178
1449516738359,1,-0.18681299686431885,-0.11111100018024445,0.13919399678707123
1449516738379,1,-0.2332109957933426,-0.23443199694156647,0.14163599908351898
1449516738399,1,-0.27350398898124695,-0.334553986787796,0.10988999903202057
1449516738419,1,-0.37118399143218994,-0.1782660037279129,0.11599499732255936
1449516738439,1,-0.43467599153518677,-0.00976799987256527,0.13919399678707123
1449516738459,1,-0.49938899278640747,0.09279599785804749,0.167276993393898
1449516738480,1,-0.5152620077133179,0.14163599908351898,0.1684979945421219
1449516738500,1,-0.4334549903869629,0.11965800076723099,0.15506699681282043
1449516738519,1,-0.28815600275993347,0.05616600066423416,0.11965800076723099
1449516738540,1,-0.07936500012874603,-0.03663000091910362,0.08546999841928482
1449516738560,1,-0.059829000383615494,-0.007325999904423952,0.07081799954175949
1449516738580,1,-0.059829000383615494,-0.030524998903274536,0.04761900007724762
1449516738600,1,-0.045176997780799866,-0.0012209999840706587,-0.00976799987256527
1449516738620,1,0.0,0.0488400012254715,0.0
1449516738641,1,0.06104999780654907,0.13186800479888916,0.04151399806141853
1449516738661,1,0.07081799954175949,0.09523800015449524,0.06837599724531174
1449516738680,1,0.054944999516010284,0.004883999936282635,0.08058600127696991
1449516738701,1,0.02319899946451187,-0.03907199949026108,0.05372399836778641
1449516738722,1,0.008546999655663967,-0.02442000061273575,0.026861999183893204
1449516738741,1,-0.0012209999840706587,0.09890099614858627,0.03174600005149841
1449516738761,1,0.017093999311327934,0.1025639995932579,0.04273499920964241
1449516738784,1,0.017093999311327934,0.04395600035786629,0.04151399806141853
1449516738801,1,0.015873000025749207,0.08424899727106094,0.007325999904423952
1449516738821,1,0.03907199949026108,0.06227099895477295,-0.0012209999840706587
1449516738842,1,0.04395600035786629,0.05616600066423416,-0.05128199979662895
1449516738861,1,0.09523800015449524,0.059829000383615494,-0.07203900068998337
1449516738886,1,0.08913300186395645,0.04761900007724762,-0.0647130012512207
1449516738901,1,0.0647130012512207,0.006105000153183937,-0.017093999311327934
1449516738925,1,0.030524998903274536,-0.003662999952211976,0.008546999655663967
1449516738942,1,0.0378509983420372,0.02930399961769581,0.0024419999681413174
1449516738962,1,0.04273499920964241,0.11233200132846832,0.004883999936282635
1449516738983,1,0.01953599974513054,0.1575089991092682,0.050060998648405075
1449516739003,1,0.015873000025749207,0.19902299344539642,0.09401699900627136
1449516739023,1,0.0012209999840706587,0.16361400485038757,0.12576299905776978
1449516739043,1,-0.013430999591946602,0.0488400012254715,0.10012199729681015
1449516739063,1,-0.0488400012254715,-0.07692299783229828,-0.02808300033211708
1449516739083,1,-0.06959699839353561,-0.04395600035786629,-0.020756999030709267
1449516739104,1,-0.08424899727106094,-0.05860799923539162,0.03663000091910362
1449516739123,1,-0.10622699558734894,-0.10988999903202057,0.1025639995932579
1449516739143,1,-0.1025639995932579,-0.22344300150871277,0.11233200132846832
1449516739165,1,-0.11843699961900711,-0.34920600056648254,-0.03174600005149841
1449516739184,1,-0.13675199449062347,-0.3846150040626526,0.030524998903274536
1449516739203,1,-0.11599499732255936,-0.2222220003604889,0.16971899569034576
1449516739224,1,-0.02319899946451187,-0.0012209999840706587,0.22588500380516052
1449516739243,1,0.050060998648405075,0.03418799862265587,0.24542099237442017
1449516739265,1,-0.012210000306367874,-0.07814399898052216,0.24542099237442017
1449516739284,1,-0.24786299467086792,-0.3565320074558258,0.30158698558807373
1449516739304,1,-0.2503049969673157,-0.34310099482536316,0.2967030107975006
1449516739324,1,-0.13797299563884735,-0.21855899691581726,0.2503049969673157
1449516739344,1,-0.05372399836778641,0.007325999904423952,0.21245399117469788
1449516739368,2,-0.040293000638484955,0.2771669924259186,0.15018299221992493
1449516739384,2,-0.03296700119972229,0.49572598934173584,-0.05372399836778641
1449516739404,2,0.003662999952211976,0.43589699268341064,-0.09279599785804749
1449516739425,2,-0.017093999311327934,0.390720009803772,-0.03663000091910362
1449516739444,2,-0.09645900130271912,0.416361004114151,0.097680002450943
1449516739466,2,-0.14163599908351898,0.5482289791107178,0.18803399801254272
1449516739485,2,-0.20390699803829193,0.6031739711761475,0.0012209999840706587
1449516739505,2,-0.07936500012874603,-0.05372399836778641,-0.15873000025749207
1449516739525,2,-0.05860799923539162,-0.19047600030899048,-0.17704500257968903
1449516739546,2,-0.01953599974513054,-0.2051279991865158,-0.07936500012874603
1449516739566,2,0.01831500045955181,-0.15506699681282043,0.012210000306367874
1449516739585,2,0.03418799862265587,-0.09890099614858627,0.06959699839353561
1449516739605,2,0.012210000306367874,-0.020756999030709267,0.05860799923539162
1449516739626,2,0.012210000306367874,-0.007325999904423952,0.05250300094485283
1449516739646,2,0.03174600005149841,0.010989000089466572,0.045176997780799866
1449516739666,2,0.07936500012874603,0.06349200010299683,0.03418799862265587
1449516739692,2,0.13797299563884735,0.10744799673557281,0.026861999183893204
1449516739706,2,0.16361400485038757,0.10134299844503403,0.025640999898314476
1449516739726,2,0.1245419979095459,0.10378500074148178,0.017093999311327934
1449516739747,2,0.07936500012874603,0.167276993393898,0.013430999591946602
1449516739771,2,0.09523800015449524,0.2380950003862381,-0.030524998903274536
1449516739787,2,0.17460300028324127,0.21733799576759338,-0.0757019966840744
1449516739806,2,0.21855899691581726,0.13675199449062347,-0.05738699808716774
1449516739827,2,0.10744799673557281,0.05372399836778641,-0.012210000306367874
1449516739847,2,0.07814399898052216,0.09157499670982361,0.003662999952211976
1449516739867,2,0.07448099553585052,0.09279599785804749,-0.0647130012512207
1449516739887,2,0.09035399556159973,0.030524998903274536,-0.14163599908351898
1449516739907,2,0.09645900130271912,-0.06104999780654907,-0.22832699120044708
1449516739927,2,-0.06959699839353561,-0.10744799673557281,-0.07814399898052216
1449516739949,2,-0.14407800137996674,-0.06349200010299683,0.01953599974513054
1449516739973,2,-0.15995100140571594,0.0488400012254715,0.09279599785804749
1449516739988,2,-0.16971899569034576,0.08058600127696991,0.12820500135421753
1449516740008,2,-0.16971899569034576,0.035408999770879745,0.10500600188970566
1449516740028,2,-0.10500600188970566,-0.003662999952211976,0.0757019966840744
1449516740050,2,-0.10012199729681015,0.003662999952211976,0.10134299844503403
1449516740067,2,-0.06349200010299683,0.0647130012512207,0.1404149979352951
1449516740088,2,-0.02442000061273575,0.13064700365066528,0.18070799112319946
1449516740108,2,-0.0488400012254715,0.07203900068998337,0.18314999341964722
1449516740130,2,-0.0757019966840744,-0.07326000183820724,0.09645900130271912
1449516740150,2,-0.02808300033211708,-0.08913300186395645,0.0488400012254715
1449516740176,2,0.030524998903274536,0.09157499670982361,-0.0024419999681413174
1449516740189,2,0.09401699900627136,0.20390699803829193,-0.06715499609708786
1449516740209,2,0.10622699558734894,0.19169700145721436,-0.12698400020599365
1449516740229,2,0.045176997780799866,0.09157499670982361,-0.11721599847078323
1449516740251,2,-0.07936500012874603,0.08546999841928482,0.0
1449516740269,2,-0.05128199979662895,0.27838799357414246,0.07203900068998337
1449516740289,2,0.00976799987256527,0.4871789813041687,0.09035399556159973
1449516740310,2,0.06349200010299683,0.49084198474884033,0.01831500045955181
1449516740335,2,0.045176997780799866,0.25763100385665894,-0.1452990025281906
1449516740349,2,-0.07936500012874603,0.4664219915866852,0.4017089903354645
1449516740370,2,-0.47374799847602844,-0.7240529656410217,0.6422460079193115
1449516740389,2,-0.46764299273490906,-1.183148980140686,0.4981679916381836
1449516740410,2,-0.18559199571609497,-1.0854690074920654,0.2051279991865158
1449516740430,2,-0.10744799673557281,-0.6300359964370728,-0.15384599566459656
1449516740451,2,-0.012210000306367874,-0.2539680004119873,0.040293000638484955
1449516740470,2,0.2319899946451187,0.5689859986305237,0.15384599566459656
1449516740490,2,0.13675199449062347,0.34432199597358704,0.08058600127696991
1449516740561,2,-0.030524998903274536,0.045176997780799866,-0.16117200255393982
1449516740576,2,-0.11965800076723099,-0.08058600127696991,-0.5103780031204224
1449516740585,2,0.0488400012254715,0.059829000383615494,-0.07814399898052216
1449516740601,2,0.06715499609708786,0.12087900191545486,0.15384599566459656
1449516740615,2,0.07936500012874603,0.11721599847078323,0.19291800260543823
1449516740632,2,0.11477399617433548,0.08546999841928482,0.09279599785804749
1449516740655,2,0.13675199449062347,0.0378509983420372,0.010989000089466572
1449516740671,2,0.02442000061273575,-0.07448099553585052,0.05738699808716774
1449516740692,2,-0.03907199949026108,-0.0757019966840744,0.13186800479888916
1449516740711,2,-0.06593400239944458,-0.030524998903274536,0.16605599224567413
1449516740732,2,-0.03418799862265587,0.003662999952211976,0.14774100482463837
1449516740756,2,0.00976799987256527,0.03907199949026108,0.04639799892902374
1449516740771,2,-0.004883999936282635,0.02930399961769581,-0.06349200010299683
1449516740792,2,-0.014651999808847904,0.19291800260543823,-0.097680002450943
1449516740811,2,0.06959699839353561,-0.013430999591946602,-0.19291800260543823
1449516740832,2,0.040293000638484955,-0.05616600066423416,-0.12576299905776978
1449516740852,2,0.01831500045955181,-0.14896199107170105,-0.13064700365066528
1449516740873,2,-0.01831500045955181,-0.19291800260543823,-0.13064700365066528
1449516740892,2,-0.04639799892902374,-0.1294260025024414,-0.04395600035786629
1449516740913,2,-0.006105000153183937,-0.004883999936282635,-0.01953599974513054
1449516740933,2,0.020756999030709267,0.08546999841928482,-0.01953599974513054
1449516740953,2,0.03296700119972229,0.13797299563884735,-0.02442000061273575
1449516740973,2,0.06959699839353561,0.13430999219417572,-0.03296700119972229
1449516740993,2,0.08424899727106094,0.15018299221992493,0.01831500045955181
1449516741012,2,0.08546999841928482,-0.003662999952211976,0.0
1449516741033,2,0.0488400012254715,-0.04639799892902374,-0.025640999898314476
1449516741053,2,0.03296700119972229,-0.05738699808716774,-0.045176997780799866
1449516741074,2,0.014651999808847904,-0.04639799892902374,-0.10378500074148178
1449516741093,2,0.02319899946451187,-0.06104999780654907,-0.20268599689006805
1449516741115,2,0.026861999183893204,-0.14774100482463837,-0.19291800260543823
1449516741134,2,0.010989000089466572,-0.18314999341964722,-0.15506699681282043
1449516741154,2,-0.02442000061273575,-0.1465200036764145,-0.11599499732255936
1449516741174,2,-0.07203900068998337,-0.10500600188970566,-0.10378500074148178
1449516741194,2,-0.1025639995932579,-0.05372399836778641,-0.07692299783229828
1449516741222,2,-0.09157499670982361,0.007325999904423952,0.003662999952211976
1449516741234,2,-0.05128199979662895,0.004883999936282635,0.006105000153183937
1449516741255,2,0.00976799987256527,-0.04639799892902374,-0.017093999311327934
1449516741275,2,0.04639799892902374,-0.06349200010299683,-0.0012209999840706587
1449516741295,2,0.045176997780799866,-0.025640999898314476,0.004883999936282635
1449516741321,2,-0.006105000153183937,-0.02808300033211708,0.006105000153183937
1449516741335,2,0.05738699808716774,0.01953599974513054,0.0
1449516741356,2,0.13064700365066528,0.014651999808847904,-0.03907199949026108
1449516741375,2,0.10866899788379669,-0.059829000383615494,-0.054944999516010284
1449516741395,2,0.020756999030709267,-0.07081799954175949,-0.04395600035786629
1449516741416,1,-0.06715499609708786,-0.04151399806141853,-0.02930399961769581
1449516741435,1,-0.02808300033211708,0.0488400012254715,0.0024419999681413174
1449516741456,1,0.012210000306367874,0.05128199979662895,0.02808300033211708
1449516741476,1,0.05860799923539162,0.020756999030709267,0.030524998903274536
1449516741495,1,0.06104999780654907,-0.01953599974513054,0.040293000638484955
1449516741517,1,0.010989000089466572,-0.03296700119972229,0.03174600005149841
1449516741536,1,-0.02930399961769581,0.0647130012512207,0.02930399961769581
1449516741556,1,0.045176997780799866,0.10744799673557281,0.06837599724531174
1449516741576,1,0.11233200132846832,0.19169700145721436,0.1733819991350174
1449516741597,1,0.2600730061531067,0.16361400485038757,0.27350398898124695
1449516741616,1,0.211232990026474,0.211232990026474,0.20268599689006805
1449516741636,1,0.03174600005149841,-0.035408999770879745,0.09523800015449524
1449516741657,1,-0.01953599974513054,-0.11843699961900711,0.1404149979352951
1449516741677,1,-0.09890099614858627,-0.21367499232292175,0.2051279991865158
1449516741697,1,-0.1733819991350174,-0.24175800383090973,0.18192899227142334
1449516741717,1,-0.1684979945421219,-0.2002439945936203,0.12820500135421753
1449516741738,1,-0.05372399836778641,-0.167276993393898,0.08302799612283707
1449516741761,1,0.18681299686431885,-0.08913300186395645,0.07448099553585052
1449516741778,1,0.21245399117469788,-0.1025639995932579,0.07692299783229828
1449516741798,1,0.19169700145721436,-0.1562879979610443,0.06837599724531174
1449516741817,1,0.19658099114894867,-0.13186800479888916,0.05738699808716774
1449516741842,1,0.19902299344539642,-0.05128199979662895,0.025640999898314476
1449516741858,1,0.20757000148296356,-0.020756999030709267,0.020756999030709267
1449516741878,1,0.1892549991607666,-0.06593400239944458,0.0378509983420372
1449516741897,1,0.167276993393898,-0.08180700242519379,0.010989000089466572
1449516741917,1,0.14774100482463837,-0.12698400020599365,0.03296700119972229
1449516741937,1,0.15262499451637268,-0.1135529950261116,0.097680002450943
1449516741958,1,0.23443199694156647,0.02319899946451187,0.15506699681282043
1449516741978,1,0.40415099263191223,0.15995100140571594,0.13919399678707123
1449516742003,1,0.5225880146026611,0.11599499732255936,-0.06837599724531174
1449516742022,1,0.27838799357414246,-0.07814399898052216,-0.4639799892902374
1449516742038,1,0.5738700032234192,1.2625139951705933,-1.8949919939041138
1449516742058,1,2.1465179920196533,1.8034169673919678,-2.1208770275115967
1449516742079,1,0.43467599153518677,-1.1050050258636475,-0.5689859986305237
1449516742100,1,-0.8913300037384033,-2.2234408855438232,1.0231980085372925
1449516742118,1,-1.83394193649292,-3.206346035003662,0.842490017414093
1449516742139,1,-2.0231969356536865,-1.9755779504776,0.05616600066423416
1449516742159,1,-1.0866899490356445,-0.5579969882965088,-0.54578697681427
1449516742179,1,0.5433449745178223,0.9706949591636658,-0.5592179894447327
1449516742199,1,0.3455429971218109,0.7973129749298096,-0.09645900130271912
1449516742220,1,-0.1684979945421219,0.3516480028629303,0.3577530086040497
1449516742240,1,-0.536018967628479,-0.00976799987256527,0.6129419803619385
1449516742264,1,-0.5616599917411804,-0.06715499609708786,0.6129419803619385
1449516742280,1,-0.03907199949026108,0.18192899227142334,0.3943829834461212
1449516742299,1,0.11111100018024445,0.27838799357414246,0.38705700635910034
1449516742320,1,0.11477399617433548,0.2771669924259186,0.46764299273490906
1449516742340,1,-0.025640999898314476,0.13308899104595184,0.5079360008239746
1449516742360,1,-0.1782660037279129,-0.00976799987256527,0.48962098360061646
1449516742380,1,-0.2857140004634857,-0.08913300186395645,0.3235650062561035
1449516742399,1,-0.3638579845428467,-0.014651999808847904,0.18681299686431885
1449516742420,1,-0.3357749879360199,0.11599499732255936,0.10988999903202057
1449516742441,1,-0.2759459912776947,0.12576299905776978,0.10988999903202057
1449516742461,1,-0.2319899946451187,0.10744799673557281,0.1465200036764145
1449516742484,1,-0.19780199229717255,0.13675199449062347,0.16361400485038757
1449516742500,1,-0.17704500257968903,0.27838799357414246,0.08913300186395645
1449516742524,1,-0.21489599347114563,0.3882780075073242,0.06227099895477295
1449516742541,1,-0.2161169946193695,0.41391900181770325,0.05738699808716774
1449516742561,1,-0.1941390037536621,0.26129400730133057,0.05128199979662895
1449516742584,1,-0.15995100140571594,0.09279599785804749,0.014651999808847904
1449516742601,1,-0.14407800137996674,0.040293000638484955,0.014651999808847904
1449516742622,1,-0.11843699961900711,0.05128199979662895,0.025640999898314476
1449516742641,1,-0.07448099553585052,0.03418799862265587,0.050060998648405075
1449516742662,1,0.0012209999840706587,0.025640999898314476,0.030524998903274536
1449516742681,1,0.097680002450943,0.03663000091910362,-0.013430999591946602
1449516742701,1,0.1465200036764145,0.06593400239944458,-0.0488400012254715
1449516742722,1,0.08424899727106094,0.08058600127696991,-0.0488400012254715
1449516742742,1,0.1025639995932579,0.08302799612283707,-0.03296700119972229
1449516742762,1,0.12087900191545486,0.02930399961769581,-0.059829000383615494
1449516742787,1,0.097680002450943,0.05738699808716774,-0.07448099553585052
1449516742803,1,0.020756999030709267,0.07692299783229828,-0.035408999770879745
1449516742822,1,-0.03418799862265587,0.13430999219417572,0.013430999591946602
1449516742843,1,0.0,0.15262499451637268,0.013430999591946602
1449516742863,1,-0.02808300033211708,0.10866899788379669,-0.014651999808847904
1449516742883,1,-0.06593400239944458,0.02930399961769581,-0.06959699839353561
1449516742903,1,-0.07814399898052216,-0.05738699808716774,-0.10988999903202057
1449516742924,1,-0.07081799954175949,-0.21367499232292175,0.030524998903274536
1449516742943,1,-0.09279599785804749,-0.293040007352829,0.0647130012512207
1449516742963,1,-0.026861999183893204,-0.24664199352264404,0.008546999655663967
1449516742983,1,0.09645900130271912,-0.1452990025281906,-0.02319899946451187
1449516743003,1,0.11843699961900711,0.03174600005149841,-0.059829000383615494
1449516743024,1,0.08424899727106094,0.19291800260543823,-0.010989000089466572
1449516743044,1,0.07936500012874603,0.11233200132846832,0.030524998903274536
1449516743064,1,0.11111100018024445,0.00976799987256527,0.04151399806141853
1449516743086,1,0.097680002450943,-0.026861999183893204,0.003662999952211976
1449516743104,1,0.040293000638484955,-0.04273499920964241,-0.05250300094485283
1449516743124,1,0.014651999808847904,-0.03418799862265587,-0.07692299783229828
1449516743144,1,0.08302799612283707,0.025640999898314476,-0.06227099895477295
1449516743164,1,0.07814399898052216,0.021978000178933144,-0.0378509983420372
1449516743184,1,0.04395600035786629,-0.03296700119972229,-0.013430999591946602
1449516743205,1,0.035408999770879745,-0.050060998648405075,-0.01831500045955181
1449516743224,1,0.06227099895477295,-0.004883999936282635,-0.06593400239944458
1449516743245,1,0.10012199729681015,0.05738699808716774,-0.1684979945421219
1449516743266,1,0.07814399898052216,0.040293000638484955,-0.15873000025749207
1449516743285,1,0.0488400012254715,-0.06104999780654907,-0.14407800137996674
1449516743305,1,0.006105000153183937,-0.1245419979095459,-0.12332099676132202
1449516743325,1,-0.025640999898314476,-0.09890099614858627,-0.06959699839353561
1449516743345,1,-0.012210000306367874,0.01831500045955181,-0.08424899727106094
1449516743366,1,0.07814399898052216,0.0757019966840744,-0.12332099676132202
1449516743385,1,0.09279599785804749,0.12209999561309814,-0.1452990025281906
1449516743406,1,0.07081799954175949,0.13308899104595184,-0.13675199449062347
1449516743426,1,0.020756999030709267,0.11599499732255936,-0.097680002450943
1449516743445,2,-0.003662999952211976,0.06837599724531174,-0.06104999780654907
1449516743466,2,0.006105000153183937,0.06837599724531174,0.004883999936282635
1449516743486,2,0.035408999770879745,0.11599499732255936,0.010989000089466572
1449516743507,2,0.02930399961769581,0.1245419979095459,0.007325999904423952
1449516743525,2,-0.003662999952211976,0.09035399556159973,0.04395600035786629
1449516743547,2,-0.010989000089466572,0.03907199949026108,0.08791200071573257
1449516743573,2,0.045176997780799866,0.09157499670982361,0.08058600127696991
1449516743586,2,0.035408999770879745,0.12332099676132202,0.06715499609708786
1449516743607,2,0.004883999936282635,0.12332099676132202,0.0757019966840744
1449516743627,2,-0.03174600005149841,0.16117200255393982,0.1294260025024414
1449516743647,2,-0.02930399961769581,0.19902299344539642,0.20634900033473969
1449516743666,2,-0.0024419999681413174,0.31013399362564087,0.3504270017147064
1449516743687,2,-0.040293000638484955,0.2600730061531067,0.36507898569107056
1449516743707,2,-0.10012199729681015,0.14896199107170105,0.31746000051498413
1449516743727,2,-0.14896199107170105,0.07692299783229828,0.2857140004634857
1449516743748,2,-0.12332099676132202,0.03907199949026108,0.27838799357414246
1449516743768,2,-0.0757019966840744,0.020756999030709267,0.2747249901294708
1449516743787,2,-0.07081799954175949,0.020756999030709267,0.24053700268268585
1449516743808,2,-0.04639799892902374,-0.02808300033211708,0.16117200255393982
1449516743828,2,-0.01831500045955181,-0.050060998648405075,0.11233200132846832
1449516743849,2,-0.020756999030709267,-0.035408999770879745,0.10988999903202057
1449516743868,2,-0.04273499920964241,-0.00976799987256527,0.11599499732255936
1449516743928,2,0.04761900007724762,0.09157499670982361,0.06593400239944458
1449516743954,2,0.030524998903274536,0.050060998648405075,0.03418799862265587
1449516743968,2,-0.012210000306367874,0.020756999030709267,-0.00976799987256527
1449516743990,2,-0.035408999770879745,0.030524998903274536,-0.04395600035786629
1449516744042,2,0.06715499609708786,0.10744799673557281,-0.006105000153183937
1449516744057,2,0.014651999808847904,0.04761900007724762,-0.012210000306367874
1449516744070,2,0.0012209999840706587,0.05128199979662895,0.0012209999840706587
1449516744089,2,-0.007325999904423952,0.097680002450943,-0.02319899946451187
1449516744109,2,0.02319899946451187,0.2161169946193695,-0.18314999341964722
1449516744130,2,0.05738699808716774,0.1782660037279129,-0.34310099482536316
1449516744150,2,0.2051279991865158,-0.7008540034294128,0.11599499732255936
1449516744169,2,-0.20390699803829193,-1.081805944442749,0.32112300395965576
1449516744190,2,-0.2857140004634857,-1.245419979095459,0.2649570107460022
1449516744217,2,-0.0866909995675087,-0.08302799612283707,0.1892549991607666
1449516744230,2,0.12087900191545486,1.0659329891204834,0.4590959846973419
1449516744249,2,0.22832699120044708,1.3980449438095093,0.5030519962310791
1449516744273,2,0.15262499451637268,0.8778989911079407,0.4017089903354645
1449516744290,2,-0.10134299844503403,0.1245419979095459,0.2710619866847992
1449516744310,2,-0.2967030107975006,-0.2808299958705902,-0.14285700023174286
1449516744330,2,-0.14285700023174286,-0.11599499732255936,-0.21367499232292175
1449516744351,2,-0.013430999591946602,0.13186800479888916,-0.10134299844503403
1449516744370,2,0.0757019966840744,0.2319899946451187,0.06715499609708786
1449516744390,2,0.059829000383615494,0.11111100018024445,0.16971899569034576
1449516744411,2,0.00976799987256527,-0.026861999183893204,0.14285700023174286
1449516744433,2,0.05616600066423416,-0.021978000178933144,0.045176997780799866
1449516744451,2,0.06593400239944458,0.07448099553585052,0.07814399898052216
1449516744471,2,0.05128199979662895,0.11599499732255936,0.11599499732255936
1449516744491,2,0.017093999311327934,0.10378500074148178,0.11843699961900711
1449516744511,2,-0.020756999030709267,0.08302799612283707,0.12209999561309814
1449516744532,2,-0.05250300094485283,0.04761900007724762,0.08424899727106094
1449516744551,2,-0.03174600005149841,0.04273499920964241,0.05372399836778641
1449516744571,2,-0.01953599974513054,0.05738699808716774,0.03663000091910362
1449516744596,2,-0.02319899946451187,0.15262499451637268,0.06104999780654907
1449516744612,2,0.004883999936282635,0.11111100018024445,0.0647130012512207
1449516744637,2,-0.003662999952211976,-0.02442000061273575,0.025640999898314476
1449516744652,2,0.013430999591946602,0.10012199729681015,0.017093999311327934
1449516744676,2,0.0757019966840744,-0.0012209999840706587,-0.06104999780654907
1449516744696,2,-0.0024419999681413174,-0.04151399806141853,-0.07692299783229828
1449516744718,2,-0.03296700119972229,0.02319899946451187,-0.035408999770879745
1449516744733,2,0.004883999936282635,-0.012210000306367874,-0.03663000091910362
1449516744752,2,-0.007325999904423952,0.08058600127696991,0.03418799862265587
1449516744772,2,0.025640999898314476,-0.01831500045955181,0.020756999030709267
1449516744793,2,0.012210000306367874,-0.0757019966840744,0.0378509983420372
1449516744813,2,0.004883999936282635,-0.021978000178933144,0.02319899946451187
1449516744832,2,0.021978000178933144,0.0378509983420372,0.015873000025749207
1449516744852,2,-0.008546999655663967,0.04395600035786629,0.04395600035786629
1449516744873,2,-0.0012209999840706587,0.0647130012512207,0.06715499609708786
1449516744894,2,0.05250300094485283,0.017093999311327934,0.02930399961769581
1449516744914,2,0.07203900068998337,-0.04761900007724762,-0.03663000091910362
1449516744933,2,0.06837599724531174,-0.012210000306367874,-0.06349200010299683
1449516744954,2,0.06959699839353561,0.020756999030709267,-0.05128199979662895
1449516744974,2,0.035408999770879745,0.06349200010299683,-0.025640999898314476
1449516744994,2,0.045176997780799866,0.07081799954175949,-0.04395600035786629
1449516745014,2,0.0378509983420372,0.02319899946451187,-0.07081799954175949
1449516745033,2,0.017093999311327934,-0.04761900007724762,-0.07326000183820724
1449516745054,2,0.004883999936282635,-0.1025639995932579,-0.07326000183820724
1449516745074,2,0.021978000178933144,0.021978000178933144,-0.030524998903274536
1449516745094,2,0.040293000638484955,0.03296700119972229,-0.021978000178933144
1449516745114,2,0.015873000025749207,-0.00976799987256527,0.008546999655663967
1449516745134,2,-0.017093999311327934,-0.021978000178933144,0.054944999516010284
1449516745155,2,0.0024419999681413174,-0.045176997780799866,0.06837599724531174
1449516745174,2,0.045176997780799866,0.004883999936282635,0.03296700119972229
1449516745195,2,0.09157499670982361,-0.0024419999681413174,0.010989000089466572
1449516745222,2,0.10012199729681015,-0.012210000306367874,-0.007325999904423952
1449516745235,2,0.10988999903202057,0.003662999952211976,-0.04639799892902374
1449516745255,2,0.09645900130271912,-0.020756999030709267,-0.1025639995932579
1449516745276,2,-0.07692299783229828,0.06227099895477295,-0.07814399898052216
1449516745295,2,-0.07203900068998337,-0.035408999770879745,-0.035408999770879745
1449516745315,2,-0.05860799923539162,-0.013430999591946602,0.09279599785804749
1449516745335,2,-0.0024419999681413174,0.097680002450943,0.16483499109745026
1449516745355,2,0.035408999770879745,0.015873000025749207,0.07814399898052216
1449516745375,2,-0.021978000178933144,-0.06715499609708786,0.02319899946451187
1449516745396,2,-0.025640999898314476,-0.01953599974513054,0.06349200010299683
1449516745416,2,0.010989000089466572,0.02319899946451187,0.09401699900627136
1449516745436,2,0.03663000091910362,-0.025640999898314476,0.0488400012254715
