1451266867595,1,0.03174600005149841,-0.04639799892902374,0.0024419999681413174
1451266867609,1,0.14285700023174286,0.015873000025749207,0.03174600005149841
1451266867629,1,0.21489599347114563,0.013430999591946602,0.05860799923539162
1451266867649,1,0.24053700268268585,0.010989000089466572,0.07936500012874603
1451266867669,1,0.22832699120044708,-0.007325999904423952,0.08546999841928482
1451266867689,1,0.20634900033473969,-0.014651999808847904,0.08058600127696991
1451266867713,1,0.19047600030899048,-0.017093999311327934,0.09401699900627136
1451266867729,1,0.06959699839353561,-0.054944999516010284,0.1025639995932579
1451266867751,1,0.035408999770879745,-0.07448099553585052,0.06593400239944458
1451266867770,1,-0.0012209999840706587,-0.05128199979662895,0.01831500045955181
1451266867792,1,-0.05372399836778641,-0.006105000153183937,0.004883999936282635
1451266867809,1,-0.0757019966840744,0.013430999591946602,-0.004883999936282635
1451266867829,1,-0.06715499609708786,0.0024419999681413174,-0.003662999952211976
1451266867851,1,-0.06959699839353561,-0.008546999655663967,0.015873000025749207
1451266867870,1,-0.06227099895477295,-0.014651999808847904,0.02319899946451187
1451266867890,1,-0.07203900068998337,-0.006105000153183937,0.03907199949026108
1451266867909,1,-0.07936500012874603,-0.03418799862265587,0.05128199979662895
1451266867931,1,-0.02319899946451187,-0.07692299783229828,-0.02808300033211708
1451266867951,1,-0.02319899946451187,-0.025640999898314476,-0.05372399836778641
1451266867972,1,-0.04395600035786629,0.020756999030709267,-0.03418799862265587
1451266867992,1,-0.03174600005149841,0.015873000025749207,-0.0024419999681413174
1451266868010,1,0.006105000153183937,-0.025640999898314476,0.01953599974513054
1451266868032,1,0.04151399806141853,-0.07448099553585052,0.017093999311327934
1451266868052,1,0.045176997780799866,-0.04151399806141853,-0.010989000089466572
1451266868071,1,0.03174600005149841,-0.03296700119972229,-0.007325999904423952
1451266868092,1,0.02930399961769581,-0.020756999030709267,-0.010989000089466572
1451266868111,1,0.02319899946451187,-0.013430999591946602,-0.01831500045955181
1451266868131,1,0.03418799862265587,-0.02319899946451187,-0.03296700119972229
1451266868152,1,0.07814399898052216,-0.03907199949026108,-0.006105000153183937
1451266868172,1,0.06227099895477295,0.0012209999840706587,-0.014651999808847904
1451266868192,1,0.06349200010299683,0.04761900007724762,0.0
1451266868211,1,0.1294260025024414,0.15018299221992493,-0.02930399961769581
1451266868232,1,0.05372399836778641,0.3308909833431244,0.04395600035786629
1451266868252,1,0.15018299221992493,-1.1782649755477905,1.264955997467041
1451266868272,1,1.0622700452804565,-1.5958470106124878,1.0329660177230835
1451266868292,1,0.9157499670982361,-0.7557989954948425,0.7997549772262573
1451266868312,1,0.06593400239944458,0.49938899278640747,0.030524998903274536
1451266868332,1,-0.5494499802589417,1.1550660133361816,-0.6312569975852966
1451266868353,1,-0.7777770161628723,1.3724039793014526,-0.5311350226402283
1451266868373,1,-0.4883999824523926,0.19902299344539642,0.15873000025749207
1451266868392,1,-0.1245419979095459,-0.3199020028114319,0.30036598443984985
1451266868417,1,0.19780199229717255,-0.6336989998817444,0.2271059900522232
1451266868433,1,0.31623899936676025,-0.7289369702339172,0.09279599785804749
1451266868453,1,0.2002439945936203,-0.5409029722213745,0.004883999936282635
1451266868475,1,-0.23565299808979034,0.0024419999681413174,-0.20268599689006805
1451266868493,1,-0.28937700390815735,0.15384599566459656,-0.26739898324012756
1451266868513,1,-0.19658099114894867,0.15262499451637268,-0.2649570107460022
1451266868534,1,-0.054944999516010284,0.07203900068998337,-0.19169700145721436
1451266868554,1,0.04639799892902374,-0.02319899946451187,-0.07081799954175949
1451266868573,1,0.09279599785804749,-0.097680002450943,-0.004883999936282635
1451266868593,1,0.0488400012254715,-0.02808300033211708,-0.0488400012254715
1451266868618,1,-0.02930399961769581,0.040293000638484955,-0.06349200010299683
1451266868635,1,-0.08791200071573257,0.05128199979662895,-0.04273499920964241
1451266868655,1,-0.10378500074148178,-0.030524998903274536,-0.003662999952211976
1451266868675,1,-0.05128199979662895,-0.1562879979610443,-0.012210000306367874
1451266868698,1,-0.015873000025749207,-0.025640999898314476,-0.04761900007724762
1451266868720,1,-0.07203900068998337,0.025640999898314476,-0.00976799987256527
1451266868736,1,-0.0866909995675087,0.017093999311327934,0.010989000089466572
1451266868758,1,-0.026861999183893204,-0.050060998648405075,-0.0012209999840706587
1451266868775,1,0.03296700119972229,-0.059829000383615494,-0.035408999770879745
1451266868796,1,0.030524998903274536,0.01953599974513054,-0.03296700119972229
1451266868816,1,0.02808300033211708,0.006105000153183937,0.0012209999840706587
1451266868836,1,0.04151399806141853,-0.02808300033211708,0.010989000089466572
1451266868858,1,0.04151399806141853,-0.05128199979662895,-0.008546999655663967
1451266868876,1,0.017093999311327934,-0.04151399806141853,-0.05372399836778641
1451266868896,1,-0.03296700119972229,-0.030524998903274536,-0.1025639995932579
1451266868917,1,-0.040293000638484955,-0.01831500045955181,-0.09890099614858627
1451266868937,1,-0.04395600035786629,-0.025640999898314476,-0.0757019966840744
1451266868956,1,-0.02930399961769581,-0.05372399836778641,-0.045176997780799866
1451266868975,1,0.0012209999840706587,-0.06959699839353561,-0.050060998648405075
1451266868995,1,0.021978000178933144,-0.0647130012512207,-0.07448099553585052
1451266869016,1,0.003662999952211976,0.007325999904423952,-0.08058600127696991
1451266869036,1,-0.008546999655663967,-0.020756999030709267,-0.03296700119972229
1451266869056,1,0.007325999904423952,-0.07692299783229828,0.0012209999840706587
1451266869076,1,0.030524998903274536,-0.12332099676132202,-0.017093999311327934
1451266869097,1,0.02808300033211708,-0.09401699900627136,-0.05738699808716774
1451266869117,1,-0.07448099553585052,-0.017093999311327934,-0.09157499670982361
1451266869137,1,-0.09401699900627136,-0.05860799923539162,-0.07692299783229828
1451266869158,1,-0.08302799612283707,-0.1135529950261116,-0.07203900068998337
1451266869176,1,-0.05738699808716774,-0.12820500135421753,-0.0866909995675087
1451266869198,1,-0.040293000638484955,-0.09523800015449524,-0.10012199729681015
1451266869218,1,-0.01831500045955181,-0.0012209999840706587,-0.07814399898052216
1451266869238,1,-0.003662999952211976,-0.01831500045955181,-0.04761900007724762
1451266869258,1,0.00976799987256527,-0.03174600005149841,-0.04151399806141853
1451266869277,1,0.035408999770879745,-0.02442000061273575,-0.05250300094485283
1451266869299,1,0.03174600005149841,-0.010989000089466572,-0.06227099895477295
1451266869319,1,0.0012209999840706587,0.0012209999840706587,-0.050060998648405075
1451266869339,1,-0.0488400012254715,0.007325999904423952,-0.01953599974513054
1451266869359,1,-0.03296700119972229,-0.003662999952211976,-0.012210000306367874
1451266869378,1,-0.010989000089466572,-0.004883999936282635,-0.02808300033211708
1451266869398,1,-0.0024419999681413174,0.0,-0.020756999030709267
1451266869419,1,-0.006105000153183937,-0.007325999904423952,-0.006105000153183937
1451266869444,2,-0.010989000089466572,-0.035408999770879745,0.0
1451266869459,2,-0.020756999030709267,-0.03296700119972229,-0.008546999655663967
1451266869479,2,-0.03174600005149841,-0.021978000178933144,-0.010989000089466572
1451266869499,2,-0.02930399961769581,-0.015873000025749207,-0.006105000153183937
1451266869521,2,-0.025640999898314476,-0.004883999936282635,0.006105000153183937
1451266869540,2,0.003662999952211976,-0.02319899946451187,0.007325999904423952
1451266869559,2,0.003662999952211976,-0.020756999030709267,0.008546999655663967
1451266869580,2,-0.003662999952211976,-0.006105000153183937,0.012210000306367874
1451266869601,2,0.00976799987256527,-0.025640999898314476,0.017093999311327934
1451266869620,2,0.02930399961769581,-0.05128199979662895,0.017093999311327934
1451266869642,2,0.02442000061273575,-0.04151399806141853,0.008546999655663967
1451266869660,2,-0.025640999898314476,-0.00976799987256527,-0.0012209999840706587
1451266869681,2,-0.03663000091910362,0.008546999655663967,-0.007325999904423952
1451266869700,2,-0.02442000061273575,0.01953599974513054,-0.012210000306367874
1451266869721,2,-0.013430999591946602,0.01831500045955181,0.0012209999840706587
1451266869742,2,0.004883999936282635,0.003662999952211976,0.02319899946451187
1451266869760,2,0.0024419999681413174,0.004883999936282635,0.03418799862265587
1451266869781,2,-0.0024419999681413174,0.00976799987256527,0.030524998903274536
1451266869801,2,-0.012210000306367874,0.006105000153183937,0.040293000638484955
1451266869821,2,-0.014651999808847904,0.012210000306367874,0.0488400012254715
1451266869842,2,-0.02442000061273575,0.006105000153183937,0.05738699808716774
1451266869861,2,-0.015873000025749207,-0.03907199949026108,0.06104999780654907
1451266869881,2,-0.017093999311327934,-0.045176997780799866,0.05372399836778641
1451266869902,2,-0.02808300033211708,-0.030524998903274536,0.0488400012254715
1451266869922,2,-0.040293000638484955,-0.013430999591946602,0.04273499920964241
1451266869949,2,-0.04273499920964241,-0.0024419999681413174,0.045176997780799866
1451266869961,2,-0.026861999183893204,-0.014651999808847904,0.0488400012254715
1451266869982,2,-0.0024419999681413174,-0.03296700119972229,0.0488400012254715
1451266870002,2,-0.003662999952211976,-0.014651999808847904,0.0378509983420372
1451266870023,2,-0.004883999936282635,0.014651999808847904,0.0488400012254715
1451266870047,2,-0.014651999808847904,0.013430999591946602,0.07203900068998337
1451266870062,2,-0.007325999904423952,-0.013430999591946602,0.09035399556159973
1451266870082,2,-0.007325999904423952,0.0024419999681413174,0.06715499609708786
1451266870102,2,-0.021978000178933144,0.02319899946451187,0.0647130012512207
1451266870125,2,-0.0378509983420372,0.01831500045955181,0.097680002450943
1451266870142,2,-0.030524998903274536,0.00976799987256527,0.1404149979352951
1451266870162,2,-0.00976799987256527,0.003662999952211976,0.17216099798679352
1451266870184,2,0.035408999770879745,0.0012209999840706587,0.24664199352264404
1451266870204,2,-0.27228298783302307,1.0317449569702148,-1.761902928352356
1451266870226,2,-0.6556770205497742,1.4774099588394165,-0.3882780075073242
1451266870244,2,-0.5909640192985535,0.586080014705658,0.13064700365066528
1451266870264,2,-0.09890099614858627,-0.2759459912776947,0.6104999780654907
1451266870284,2,0.334553986787796,-1.3956029415130615,0.3076919913291931
1451266870305,2,0.3504270017147064,-0.9096449613571167,-0.01953599974513054
1451266870324,2,-0.040293000638484955,-0.03907199949026108,-0.13919399678707123
1451266870343,2,-0.3040289878845215,0.5311350226402283,-0.09035399556159973
1451266870365,2,-0.2051279991865158,0.5433449745178223,-0.021978000178933144
1451266870385,2,0.10012199729681015,0.22832699120044708,0.015873000025749207
1451266870405,2,0.28327199816703796,-0.17093999683856964,0.06104999780654907
1451266870427,2,0.11233200132846832,-0.07936500012874603,0.03296700119972229
1451266870445,2,-0.02930399961769581,0.03663000091910362,-0.013430999591946602
1451266870465,2,-0.07203900068998337,0.09523800015449524,-0.06349200010299683
1451266870485,2,-0.03907199949026108,0.07203900068998337,-0.08058600127696991
1451266870506,2,0.014651999808847904,-0.06959699839353561,-0.02319899946451187
1451266870526,2,-0.0012209999840706587,-0.06837599724531174,-0.015873000025749207
1451266870545,2,-0.01831500045955181,-0.01953599974513054,-0.01953599974513054
1451266870565,2,-0.030524998903274536,0.0378509983420372,-0.045176997780799866
1451266870585,2,-0.0488400012254715,0.06959699839353561,-0.0488400012254715
1451266870605,2,0.015873000025749207,-0.03174600005149841,-0.01831500045955181
1451266870628,2,0.06837599724531174,-0.04395600035786629,0.0
1451266870646,2,0.07936500012874603,-0.012210000306367874,0.017093999311327934
1451266870666,2,0.05616600066423416,0.02319899946451187,0.03296700119972229
1451266870686,2,0.026861999183893204,0.03418799862265587,0.015873000025749207
1451266870707,2,0.0012209999840706587,0.01953599974513054,-0.004883999936282635
1451266870727,2,-0.03418799862265587,-0.0378509983420372,-0.013430999591946602
1451266870746,2,-0.030524998903274536,-0.03174600005149841,-0.012210000306367874
1451266870766,2,-0.03296700119972229,-0.01831500045955181,-0.017093999311327934
1451266870786,2,-0.026861999183893204,-0.015873000025749207,-0.01831500045955181
1451266870808,2,-0.013430999591946602,-0.00976799987256527,-0.026861999183893204
1451266870826,2,0.0,0.012210000306367874,-0.0012209999840706587
1451266870847,2,0.013430999591946602,0.02319899946451187,0.004883999936282635
1451266870867,2,0.01953599974513054,0.008546999655663967,0.02319899946451187
1451266870886,2,0.02808300033211708,-0.006105000153183937,0.03174600005149841
1451266870907,2,0.025640999898314476,-0.00976799987256527,0.03663000091910362
1451266870926,2,0.017093999311327934,0.030524998903274536,0.01831500045955181
1451266870948,2,-0.0024419999681413174,0.035408999770879745,0.01953599974513054
1451266870968,2,-0.00976799987256527,0.0024419999681413174,0.01953599974513054
1451266870988,2,-0.02808300033211708,-0.03418799862265587,0.010989000089466572
1451266871008,2,-0.04151399806141853,-0.06104999780654907,0.0012209999840706587
1451266871027,2,-0.050060998648405075,-0.05128199979662895,-0.013430999591946602
1451266871048,2,-0.0488400012254715,0.02319899946451187,-0.020756999030709267
1451266871068,2,-0.03296700119972229,0.020756999030709267,-0.008546999655663967
1451266871087,2,-0.017093999311327934,0.0,0.01953599974513054
1451266871109,2,-0.006105000153183937,-0.01953599974513054,0.03907199949026108
1451266871127,2,-0.007325999904423952,-0.030524998903274536,0.040293000638484955
1451266871148,2,-0.013430999591946602,-0.0012209999840706587,0.030524998903274536
1451266871168,2,-0.007325999904423952,0.021978000178933144,0.01953599974513054
1451266871189,2,0.0024419999681413174,0.03296700119972229,0.017093999311327934
1451266871208,2,0.012210000306367874,0.012210000306367874,0.021978000178933144
1451266871229,2,0.014651999808847904,-0.02808300033211708,0.017093999311327934
1451266871250,2,-0.012210000306367874,-0.035408999770879745,-0.00976799987256527
1451266871270,2,-0.035408999770879745,-0.01831500045955181,-0.010989000089466572
1451266871290,2,-0.040293000638484955,-0.014651999808847904,-0.008546999655663967
1451266871310,2,-0.03907199949026108,-0.015873000025749207,-0.0024419999681413174
1451266871330,2,-0.040293000638484955,-0.012210000306367874,0.003662999952211976
1451266871350,2,-0.04151399806141853,-0.015873000025749207,0.01953599974513054
1451266871371,2,-0.03174600005149841,-0.021978000178933144,0.008546999655663967
1451266871390,2,-0.03296700119972229,0.003662999952211976,-0.010989000089466572
1451266871409,2,-0.03296700119972229,0.026861999183893204,-0.007325999904423952
1451266871434,2,-0.020756999030709267,0.020756999030709267,0.00976799987256527
1451266871451,2,0.021978000178933144,-0.02930399961769581,0.03663000091910362
1451266871470,2,0.06593400239944458,-0.03418799862265587,0.007325999904423952
1451266871490,1,0.03174600005149841,0.021978000178933144,-0.004883999936282635
1451266871510,1,0.0,0.02808300033211708,0.025640999898314476
1451266871531,1,-0.010989000089466572,-0.01953599974513054,0.045176997780799866
1451266871552,1,-0.02442000061273575,-0.05616600066423416,0.054944999516010284
1451266871572,1,-0.006105000153183937,-0.04151399806141853,0.012210000306367874
1451266871591,1,0.05128199979662895,-0.03296700119972229,0.008546999655663967
1451266871615,1,0.08791200071573257,-0.03663000091910362,0.0378509983420372
1451266871632,1,0.09035399556159973,-0.04273499920964241,0.07936500012874603
1451266871651,1,0.059829000383615494,-0.05128199979662895,0.09645900130271912
1451266871673,1,0.0012209999840706587,-0.05616600066423416,0.10622699558734894
1451266871698,1,-0.007325999904423952,-0.03418799862265587,0.06837599724531174
1451266871711,1,0.09157499670982361,-0.014651999808847904,0.015873000025749207
1451266871731,1,0.16361400485038757,0.003662999952211976,0.02442000061273575
1451266871752,1,0.19047600030899048,-0.03418799862265587,0.08058600127696991
1451266871772,1,0.16971899569034576,-0.1135529950261116,0.10500600188970566
1451266871793,1,0.13064700365066528,-0.1623930037021637,0.006105000153183937
1451266871811,1,0.1892549991607666,-0.097680002450943,-0.06227099895477295
1451266871832,1,0.22466400265693665,0.004883999936282635,-0.05738699808716774
1451266871852,1,0.21367499232292175,-0.03174600005149841,0.017093999311327934
1451266871872,1,0.2319899946451187,-0.18559199571609497,0.026861999183893204
1451266871893,1,0.15873000025749207,-0.14163599908351898,-0.06104999780654907
1451266871912,1,0.03174600005149841,-0.013430999591946602,-0.05738699808716774
1451266871934,1,-0.05616600066423416,0.04761900007724762,-0.03418799862265587
1451266871954,1,-0.025640999898314476,0.035408999770879745,-0.012210000306367874
1451266871975,1,0.10744799673557281,-0.06349200010299683,-0.007325999904423952
1451266871993,1,0.24053700268268585,-0.14285700023174286,-0.0024419999681413174
1451266872014,1,0.19169700145721436,-0.07692299783229828,0.014651999808847904
1451266872034,1,0.09401699900627136,-0.017093999311327934,0.01831500045955181
1451266872054,1,0.0378509983420372,0.006105000153183937,0.0
1451266872076,1,0.03907199949026108,0.003662999952211976,-0.02808300033211708
1451266872093,1,0.06593400239944458,-0.010989000089466572,-0.050060998648405075
1451266872114,1,0.06349200010299683,-0.004883999936282635,-0.02319899946451187
1451266872134,1,0.054944999516010284,-0.006105000153183937,-0.020756999030709267
1451266872154,1,0.06227099895477295,-0.00976799987256527,-0.03418799862265587
1451266872175,1,0.040293000638484955,0.09401699900627136,-0.06837599724531174
1451266872193,1,0.0012209999840706587,0.24175800383090973,-0.10378500074148178
1451266872214,1,0.050060998648405075,0.5445659756660461,-0.05738699808716774
1451266872234,1,-0.23565299808979034,0.5323559641838074,0.2661779820919037
1451266872255,1,-0.18681299686431885,-0.7118430137634277,1.1147730350494385
1451266872274,1,0.6422460079193115,-1.4700839519500732,1.072037935256958
1451266872294,1,0.7875449657440186,-1.1404139995574951,0.9767999649047852
1451266872316,1,0.2319899946451187,-0.09401699900627136,0.308912992477417
1451266872336,1,-0.9340649843215942,1.3626359701156616,-0.37606799602508545
1451266872356,1,-1.1037839651107788,1.347983956336975,-0.2527469992637634
1451266872375,1,-0.8241750001907349,0.7680090069770813,-0.05250300094485283
1451266872399,1,-0.27960899472236633,0.1025639995932579,0.05738699808716774
1451266872416,1,0.19658099114894867,-0.42612898349761963,0.07936500012874603
1451266872436,1,0.3040289878845215,-0.4920629858970642,0.01953599974513054
1451266872455,1,0.09035399556159973,-0.1733819991350174,-0.08302799612283707
1451266872475,1,-0.11111100018024445,0.05128199979662895,-0.17216099798679352
1451266872495,1,-0.1684979945421219,0.09645900130271912,-0.21001200377941132
1451266872517,1,-0.054944999516010284,0.03907199949026108,-0.22466400265693665
1451266872536,1,0.1404149979352951,-0.07203900068998337,-0.11721599847078323
1451266872563,1,0.10500600188970566,-0.05250300094485283,-0.054944999516010284
1451266872576,1,0.03296700119972229,-0.004883999936282635,-0.026861999183893204
1451266872597,1,-0.0378509983420372,0.026861999183893204,-0.04273499920964241
1451266872617,1,-0.07081799954175949,0.026861999183893204,-0.07936500012874603
1451266872636,1,-0.07326000183820724,0.02930399961769581,-0.12209999561309814
1451266872665,1,-0.06837599724531174,0.05860799923539162,-0.07326000183820724
1451266872677,1,-0.11965800076723099,0.0647130012512207,-0.0012209999840706587
1451266872696,1,-0.1782660037279129,0.04395600035786629,0.03907199949026108
1451266872717,1,-0.21245399117469788,0.01953599974513054,0.03174600005149841
1451266872737,1,-0.22466400265693665,0.012210000306367874,-0.03907199949026108
1451266872759,1,-0.40292999148368835,0.27960899472236633,-0.195360004901886
1451266872776,1,-0.5372399687767029,0.4493280053138733,-0.21245399117469788
1451266872798,1,-0.5787540078163147,0.5030519962310791,-0.2002439945936203
1451266872818,1,-0.47863200306892395,0.38095200061798096,-0.18192899227142334
1451266872839,1,-0.2905980050563812,0.20757000148296356,-0.16117200255393982
1451266872860,1,-0.03174600005149841,-0.026861999183893204,-0.02808300033211708
1451266872877,1,0.010989000089466572,-0.07203900068998337,0.05128199979662895
1451266872897,1,0.02319899946451187,-0.09157499670982361,0.0866909995675087
1451266872918,1,0.01953599974513054,-0.09279599785804749,0.07936500012874603
1451266872938,1,0.02930399961769581,-0.07081799954175949,0.03174600005149841
1451266872958,1,0.035408999770879745,-0.014651999808847904,-0.003662999952211976
1451266872978,1,0.04151399806141853,0.013430999591946602,0.040293000638484955
1451266872999,1,0.05738699808716774,-0.050060998648405075,0.06227099895477295
1451266873020,1,0.07081799954175949,-0.10012199729681015,0.06104999780654907
1451266873045,1,0.06959699839353561,-0.097680002450943,0.040293000638484955
1451266873066,1,0.05250300094485283,-0.07448099553585052,0.02808300033211708
1451266873079,1,0.006105000153183937,-0.012210000306367874,0.010989000089466572
1451266873099,1,-0.004883999936282635,-0.015873000025749207,0.006105000153183937
1451266873153,1,0.0757019966840744,-0.07936500012874603,0.05860799923539162
1451266873173,1,0.09523800015449524,-0.09401699900627136,0.06959699839353561
1451266873196,1,0.08424899727106094,-0.07203900068998337,0.06104999780654907
1451266873212,1,0.004883999936282635,0.007325999904423952,0.02319899946451187
1451266873232,1,-0.020756999030709267,0.008546999655663967,0.0024419999681413174
1451266873253,1,-0.030524998903274536,-0.015873000025749207,-0.003662999952211976
1451266873272,1,-0.030524998903274536,-0.05250300094485283,-0.0012209999840706587
1451266873293,1,-0.015873000025749207,-0.0647130012512207,-0.008546999655663967
1451266873312,1,-0.035408999770879745,0.014651999808847904,-0.014651999808847904
1451266873334,1,-0.04639799892902374,0.017093999311327934,-0.008546999655663967
1451266873353,1,-0.0378509983420372,0.008546999655663967,-0.0024419999681413174
1451266873373,1,-0.017093999311327934,-0.004883999936282635,0.004883999936282635
1451266873393,1,0.0,-0.004883999936282635,0.012210000306367874
1451266873413,1,0.03418799862265587,0.015873000025749207,-0.004883999936282635
1451266873433,1,0.03296700119972229,0.013430999591946602,0.012210000306367874
1451266873460,1,0.03174600005149841,-0.008546999655663967,0.02442000061273575
1451266873474,1,0.015873000025749207,-0.020756999030709267,0.035408999770879745
1451266873496,2,0.004883999936282635,-0.02319899946451187,0.03296700119972229
1451266873522,2,0.008546999655663967,-0.03907199949026108,-0.013430999591946602
1451266873547,2,-0.007325999904423952,-0.021978000178933144,-0.012210000306367874
1451266873566,2,-0.03174600005149841,-0.003662999952211976,0.012210000306367874
1451266873583,2,-0.02930399961769581,-0.01953599974513054,0.04273499920964241
1451266873603,2,0.006105000153183937,-0.03907199949026108,0.04273499920964241
1451266873623,2,0.05128199979662895,-0.05860799923539162,0.03663000091910362
1451266873644,2,0.0378509983420372,-0.0488400012254715,0.03174600005149841
1451266873661,2,0.030524998903274536,-0.012210000306367874,0.025640999898314476
1451266873683,2,0.013430999591946602,0.02319899946451187,0.014651999808847904
1451266873703,2,0.006105000153183937,0.050060998648405075,0.02319899946451187
1451266873723,2,0.026861999183893204,-0.02319899946451187,0.0647130012512207
1451266873745,2,0.03296700119972229,-0.02930399961769581,0.05860799923539162
1451266873764,2,-0.0012209999840706587,-0.003662999952211976,0.05128199979662895
1451266873783,2,-0.04151399806141853,0.035408999770879745,0.04639799892902374
1451266873803,2,-0.059829000383615494,0.040293000638484955,0.05128199979662895
1451266873823,2,-0.0378509983420372,-0.012210000306367874,0.07081799954175949
1451266873843,2,-0.021978000178933144,-0.040293000638484955,0.07692299783229828
1451266873864,2,-0.00976799987256527,-0.030524998903274536,0.07936500012874603
1451266873884,2,-0.017093999311327934,0.025640999898314476,0.07203900068998337
1451266873903,2,-0.021978000178933144,0.054944999516010284,0.07814399898052216
1451266873926,2,-0.014651999808847904,0.020756999030709267,0.07203900068998337
1451266873944,2,0.017093999311327934,-0.02808300033211708,0.06227099895477295
1451266873964,2,0.021978000178933144,0.0024419999681413174,0.05616600066423416
1451266873984,2,0.0012209999840706587,0.05128199979662895,0.0647130012512207
1451266874004,2,0.0,0.04273499920964241,0.07326000183820724
1451266874024,2,0.013430999591946602,-0.01831500045955181,0.06715499609708786
1451266874046,2,0.020756999030709267,-0.04639799892902374,0.015873000025749207
1451266874065,2,-0.021978000178933144,0.006105000153183937,0.010989000089466572
1451266874086,2,-0.04151399806141853,0.05860799923539162,0.035408999770879745
1451266874106,2,0.5848590135574341,1.912086009979248,-0.4432229995727539
1451266874127,2,0.18314999341964722,2.2954800128936768,-0.7142850160598755
1451266874145,2,-0.2051279991865158,0.05128199979662895,0.19291800260543823
1451266874166,2,-0.02808300033211708,-1.1269829273223877,0.44078099727630615
1451266874186,2,0.2429789900779724,-1.6324769258499146,0.2551890015602112
1451266874206,2,0.30158698558807373,-1.2954809665679932,-0.06959699839353561
1451266874225,2,0.11965800076723099,-0.3894990086555481,-0.18192899227142334
1451266874246,2,-0.1514039933681488,0.7496939897537231,-0.059829000383615494
1451266874267,2,-0.16605599224567413,0.4371179938316345,0.00976799987256527
1451266874286,2,0.010989000089466572,-0.04151399806141853,0.015873000025749207
1451266874306,2,0.12332099676132202,-0.308912992477417,0.004883999936282635
1451266874326,2,0.11233200132846832,-0.2649570107460022,0.010989000089466572
1451266874345,2,0.02442000061273575,-0.07203900068998337,0.021978000178933144
1451266874366,2,-0.050060998648405075,0.1404149979352951,-0.020756999030709267
1451266874387,2,-0.02442000061273575,0.06837599724531174,-0.006105000153183937
1451266874407,2,0.030524998903274536,-0.05860799923539162,0.017093999311327934
1451266874426,2,0.05860799923539162,-0.11477399617433548,0.021978000178933144
1451266874446,2,0.03296700119972229,-0.06715499609708786,0.010989000089466572
1451266874466,2,-0.03907199949026108,0.054944999516010284,-0.01953599974513054
1451266874488,2,-0.014651999808847904,0.03174600005149841,-0.015873000025749207
1451266874508,2,0.013430999591946602,-0.017093999311327934,0.008546999655663967
1451266874526,2,0.02808300033211708,-0.06227099895477295,0.03418799862265587
1451266874547,2,0.0378509983420372,-0.05372399836778641,0.04273499920964241
1451266874569,2,0.007325999904423952,0.07814399898052216,0.015873000025749207
1451266874589,2,-0.004883999936282635,0.06227099895477295,0.025640999898314476
1451266874609,2,-0.0012209999840706587,-0.014651999808847904,0.05128199979662895
1451266874628,2,0.021978000178933144,-0.06227099895477295,0.05616600066423416
1451266874648,2,0.01953599974513054,-0.059829000383615494,0.045176997780799866
1451266874669,2,-0.006105000153183937,-0.03418799862265587,0.030524998903274536
1451266874688,2,-0.05616600066423416,0.030524998903274536,-0.01953599974513054
1451266874710,2,-0.06104999780654907,0.008546999655663967,-0.012210000306367874
1451266874728,2,-0.03663000091910362,-0.03418799862265587,0.0
1451266874749,2,-0.003662999952211976,-0.050060998648405075,0.003662999952211976
1451266874768,2,0.013430999591946602,-0.03296700119972229,0.007325999904423952
1451266874789,2,0.0012209999840706587,0.03174600005149841,-0.004883999936282635
1451266874808,2,0.012210000306367874,0.030524998903274536,0.0
1451266874828,2,0.03174600005149841,0.012210000306367874,0.01831500045955181
1451266874848,2,0.04395600035786629,-0.0024419999681413174,0.040293000638484955
1451266874869,2,0.04273499920964241,-0.025640999898314476,0.03907199949026108
1451266874889,2,-0.01831500045955181,0.017093999311327934,-0.007325999904423952
1451266874913,2,-0.054944999516010284,0.020756999030709267,-0.0012209999840706587
1451266874929,2,-0.06104999780654907,-0.020756999030709267,0.012210000306367874
1451266874950,2,-0.03663000091910362,-0.054944999516010284,0.010989000089466572
1451266874970,2,-0.02442000061273575,-0.059829000383615494,0.0
1451266874990,2,-0.03174600005149841,-0.02319899946451187,-0.01831500045955181
1451266875009,2,-0.03907199949026108,0.030524998903274536,-0.007325999904423952
1451266875030,2,-0.010989000089466572,-0.00976799987256527,0.013430999591946602
1451266875051,2,0.02930399961769581,-0.0488400012254715,0.025640999898314476
1451266875071,2,0.04639799892902374,-0.030524998903274536,0.014651999808847904
1451266875093,2,0.026861999183893204,0.04273499920964241,-0.006105000153183937
1451266875110,2,0.014651999808847904,0.00976799987256527,0.03174600005149841
1451266875132,2,0.02808300033211708,-0.05128199979662895,0.04761900007724762
1451266875151,2,0.03663000091910362,-0.07203900068998337,0.040293000638484955
1451266875172,2,0.025640999898314476,-0.03907199949026108,0.013430999591946602
1451266875194,2,-0.004883999936282635,0.012210000306367874,-0.012210000306367874
1451266875211,2,0.010989000089466572,0.013430999591946602,-0.017093999311327934
1451266875232,2,0.035408999770879745,-0.04761900007724762,-0.0024419999681413174
1451266875252,2,0.03296700119972229,-0.09279599785804749,0.006105000153183937
1451266875271,2,0.012210000306367874,-0.07814399898052216,-0.0024419999681413174
1451266875292,2,-0.021978000178933144,-0.008546999655663967,-0.017093999311327934
1451266875311,2,-0.04395600035786629,0.04273499920964241,-0.02319899946451187
1451266875331,2,0.021978000178933144,-0.01831500045955181,0.012210000306367874
1451266875357,2,0.05372399836778641,-0.06104999780654907,0.02808300033211708
1451266875373,2,0.050060998648405075,-0.05616600066423416,0.050060998648405075
1451266875392,2,0.030524998903274536,-0.02930399961769581,0.05860799923539162
1451266875412,2,0.017093999311327934,0.003662999952211976,0.0378509983420372
1451266875433,2,-0.017093999311327934,0.045176997780799866,0.03174600005149841
1451266875453,2,-0.010989000089466572,0.0,0.0488400012254715
1451266875478,2,-0.006105000153183937,-0.04761900007724762,0.045176997780799866
1451266875494,2,0.0012209999840706587,-0.05616600066423416,0.02319899946451187
1451266875512,1,-0.015873000025749207,-0.03174600005149841,-0.008546999655663967
1451266875533,1,-0.035408999770879745,0.02319899946451187,-0.02442000061273575
1451266875554,1,-0.014651999808847904,0.003662999952211976,-0.015873000025749207
1451266875577,1,0.004883999936282635,-0.012210000306367874,0.0
1451266875598,1,0.013430999591946602,-0.035408999770879745,0.00976799987256527
1451266875618,1,0.03174600005149841,-0.05616600066423416,0.0012209999840706587
1451266875635,1,0.06104999780654907,-0.0378509983420372,-0.01953599974513054
1451266875654,1,0.11233200132846832,-0.0024419999681413174,-0.015873000025749207
1451266875679,1,0.13186800479888916,-0.05738699808716774,0.013430999591946602
1451266875698,1,0.1941390037536621,-0.19169700145721436,-0.00976799987256527
1451266875715,1,0.22100099921226501,-0.19780199229717255,-0.04273499920964241
1451266875735,1,0.16971899569034576,-0.10500600188970566,-0.020756999030709267
1451266875755,1,-0.026861999183893204,-0.02319899946451187,-0.003662999952211976
1451266875781,1,-0.12087900191545486,-0.01953599974513054,-0.054944999516010284
1451266875795,1,-0.167276993393898,0.010989000089466572,-0.12087900191545486
1451266875814,1,-0.16605599224567413,0.07203900068998337,-0.1514039933681488
1451266875835,1,-0.13308899104595184,0.040293000638484955,-0.12698400020599365
1451266875855,1,-0.03663000091910362,0.0378509983420372,-0.030524998903274536
1451266875874,1,-0.059829000383615494,0.02442000061273575,0.01831500045955181
1451266875894,1,-0.012210000306367874,-0.04761900007724762,0.01831500045955181
1451266875915,1,0.13064700365066528,-0.08913300186395645,-0.08058600127696991
1451266875935,1,0.3467639982700348,-0.15995100140571594,-0.1892549991607666
1451266875956,1,0.5470079779624939,-0.195360004901886,-0.1941390037536621
1451266875976,1,0.5335769653320313,-0.3418799936771393,0.7387049794197083
1451266875995,1,0.6813179850578308,-0.5628809928894043,1.029302954673767
1451266876016,1,0.5579969882965088,-0.22832699120044708,1.2185579538345337
1451266876037,1,0.33333298563957214,0.2649570107460022,0.4969469904899597
1451266876059,1,0.007325999904423952,0.8388270139694214,-0.47863200306892395
1451266876075,1,-0.39194098114967346,0.7045170068740845,-0.842490017414093
1451266876096,1,-0.36629998683929443,0.40781399607658386,-0.2710619866847992
1451266876116,1,-0.28449299931526184,0.020756999030709267,0.2600730061531067
1451266876136,1,-0.025640999898314476,-0.47252699732780457,0.4114769995212555
1451266876159,1,0.21367499232292175,-0.8241750001907349,0.2539680004119873
1451266876176,1,-0.017093999311327934,-0.30524998903274536,-0.12698400020599365
1451266876196,1,-0.32234400510787964,0.08302799612283707,-0.1733819991350174
1451266876217,1,-0.514041006565094,0.293040007352829,-0.14407800137996674
1451266876236,1,-0.4920629858970642,0.2649570107460022,-0.11965800076723099
1451266876256,1,-0.2661779820919037,0.07814399898052216,-0.11233200132846832
1451266876277,1,-0.012210000306367874,-0.097680002450943,-0.09157499670982361
1451266876296,1,0.12332099676132202,-0.02319899946451187,0.04639799892902374
1451266876318,1,0.06349200010299683,0.0378509983420372,0.09279599785804749
1451266876338,1,0.01831500045955181,0.025640999898314476,0.06837599724531174
1451266876358,1,0.012210000306367874,-0.006105000153183937,0.035408999770879745
1451266876376,1,0.00976799987256527,0.0024419999681413174,0.0378509983420372
1451266876399,1,-0.014651999808847904,0.045176997780799866,0.08302799612283707
1451266876419,1,-0.01831500045955181,0.02319899946451187,0.09523800015449524
1451266876439,1,-0.021978000178933144,-0.0378509983420372,0.08546999841928482
1451266876460,1,-0.012210000306367874,-0.04273499920964241,0.050060998648405075
1451266876477,1,-0.02442000061273575,-0.00976799987256527,0.014651999808847904
1451266876498,1,-0.054944999516010284,0.02319899946451187,0.02319899946451187
1451266876518,1,-0.04395600035786629,0.0024419999681413174,0.03174600005149841
1451266876538,1,-0.03296700119972229,-0.017093999311327934,0.026861999183893204
1451266876560,1,-0.02930399961769581,-0.02930399961769581,0.015873000025749207
1451266876578,1,-0.01831500045955181,-0.014651999808847904,-0.0012209999840706587
1451266876598,1,-0.02442000061273575,0.03418799862265587,-0.003662999952211976
1451266876619,1,-0.0378509983420372,0.010989000089466572,0.03663000091910362
1451266876639,1,-0.025640999898314476,-0.021978000178933144,0.03663000091910362
1451266876659,1,-0.012210000306367874,-0.040293000638484955,0.026861999183893204
1451266876678,1,0.0,-0.01831500045955181,0.007325999904423952
1451266876699,1,-0.007325999904423952,0.04639799892902374,0.0012209999840706587
1451266876720,1,-0.01953599974513054,0.0,0.021978000178933144
1451266876740,1,0.0012209999840706587,-0.04273499920964241,0.020756999030709267
1451266876764,1,0.013430999591946602,-0.05738699808716774,0.012210000306367874
1451266876784,1,0.012210000306367874,-0.021978000178933144,-0.0012209999840706587
1451266876800,1,-0.013430999591946602,0.040293000638484955,-0.012210000306367874
1451266876820,1,-0.02930399961769581,-0.0024419999681413174,0.015873000025749207
1451266876843,1,-0.008546999655663967,-0.0488400012254715,0.017093999311327934
1451266876860,1,-0.0012209999840706587,-0.050060998648405075,0.010989000089466572
1451266876880,1,-0.007325999904423952,-0.0012209999840706587,-0.010989000089466572
1451266876901,1,-0.026861999183893204,0.05738699808716774,-0.015873000025749207
1451266876921,1,-0.025640999898314476,0.04639799892902374,-0.003662999952211976
1451266876942,1,0.030524998903274536,-0.04761900007724762,0.008546999655663967
1451266876961,1,0.020756999030709267,-0.02319899946451187,0.012210000306367874
1451266876982,1,-0.003662999952211976,0.012210000306367874,-0.004883999936282635
1451266877002,1,-0.035408999770879745,0.0488400012254715,-0.013430999591946602
1451266877022,1,-0.04151399806141853,0.03296700119972229,-0.0012209999840706587
1451266877043,1,0.00976799987256527,-0.0378509983420372,0.010989000089466572
1451266877061,1,0.007325999904423952,-0.02930399961769581,0.015873000025749207
1451266877082,1,-0.004883999936282635,0.007325999904423952,0.008546999655663967
1451266877101,1,-0.020756999030709267,0.040293000638484955,-0.0024419999681413174
1451266877122,1,-0.021978000178933144,0.03418799862265587,0.003662999952211976
1451266877143,1,0.007325999904423952,-0.021978000178933144,0.02319899946451187
1451266877161,1,0.003662999952211976,-0.026861999183893204,0.02442000061273575
1451266877182,1,0.0012209999840706587,-0.013430999591946602,0.02442000061273575
1451266877202,1,-0.013430999591946602,0.015873000025749207,0.010989000089466572
1451266877223,1,-0.017093999311327934,0.01831500045955181,0.012210000306367874
1451266877242,1,-0.014651999808847904,0.0012209999840706587,0.007325999904423952
1451266877262,1,0.0012209999840706587,-0.017093999311327934,0.008546999655663967
1451266877283,1,0.006105000153183937,-0.0024419999681413174,-0.0024419999681413174
1451266877304,1,-0.006105000153183937,0.00976799987256527,0.004883999936282635
1451266877324,1,-0.003662999952211976,-0.0012209999840706587,0.003662999952211976
1451266877344,1,-0.0012209999840706587,-0.006105000153183937,-0.003662999952211976
1451266877363,1,-0.00976799987256527,-0.0012209999840706587,0.008546999655663967
1451266877382,1,-0.012210000306367874,-0.007325999904423952,0.014651999808847904
1451266877403,1,-0.014651999808847904,-0.012210000306367874,0.006105000153183937
1451266877423,1,-0.02808300033211708,-0.003662999952211976,-0.0024419999681413174
1451266877443,1,-0.04151399806141853,0.004883999936282635,-0.007325999904423952
1451266877462,1,-0.0488400012254715,-0.004883999936282635,-0.006105000153183937
1451266877483,1,-0.03663000091910362,-0.010989000089466572,0.0
1451266877504,1,-0.03296700119972229,-0.007325999904423952,0.007325999904423952
1451266877526,2,-0.03663000091910362,-0.004883999936282635,0.008546999655663967
1451266877544,2,-0.0378509983420372,-0.012210000306367874,0.00976799987256527
1451266877563,2,-0.03296700119972229,-0.02808300033211708,-0.025640999898314476
1451266877585,2,-0.04639799892902374,-0.007325999904423952,-0.02930399961769581
1451266877605,2,-0.04273499920964241,0.004883999936282635,-0.02808300033211708
1451266877631,2,-0.03296700119972229,0.0024419999681413174,-0.017093999311327934
1451266877645,2,-0.01831500045955181,-0.014651999808847904,-0.0024419999681413174
1451266877666,2,-0.012210000306367874,-0.01831500045955181,0.0
1451266877684,2,-0.025640999898314476,-0.01831500045955181,-0.02808300033211708
1451266877705,2,-0.030524998903274536,0.007325999904423952,-0.03296700119972229
1451266877726,2,-0.03907199949026108,0.030524998903274536,-0.030524998903274536
1451266877744,2,-0.025640999898314476,0.015873000025749207,-0.01831500045955181
1451266877766,2,0.006105000153183937,-0.013430999591946602,-0.007325999904423952
1451266877785,2,0.007325999904423952,-0.014651999808847904,-0.03174600005149841
1451266877805,2,-0.01953599974513054,0.020756999030709267,-0.03296700119972229
1451266877832,2,-0.030524998903274536,0.01831500045955181,-0.026861999183893204
1451266877845,2,-0.01953599974513054,0.0024419999681413174,-0.017093999311327934
1451266877867,2,0.00976799987256527,-0.01831500045955181,-0.015873000025749207
1451266877886,2,0.030524998903274536,-0.021978000178933144,-0.02442000061273575
1451266877905,2,0.006105000153183937,-0.013430999591946602,-0.025640999898314476
1451266877926,2,-0.010989000089466572,-0.015873000025749207,-0.02930399961769581
1451266877946,2,-0.01831500045955181,-0.01831500045955181,-0.03418799862265587
1451266877967,2,-0.015873000025749207,-0.02808300033211708,-0.035408999770879745
1451266877987,2,-0.014651999808847904,-0.02930399961769581,-0.030524998903274536
1451266878015,2,-0.03174600005149841,-0.01953599974513054,-0.02319899946451187
1451266878026,2,-0.025640999898314476,-0.026861999183893204,0.0
1451266878047,2,-0.01831500045955181,-0.04151399806141853,0.01831500045955181
1451266878068,2,-0.012210000306367874,-0.04273499920964241,0.035408999770879745
1451266878088,2,-0.01831500045955181,-0.02930399961769581,0.06715499609708786
1451266878109,2,-0.025640999898314476,0.6642239689826965,-0.4810740053653717
1451266878126,2,-0.28937700390815735,2.220999002456665,-0.6678869724273682
1451266878148,2,-0.47374799847602844,1.3846139907836914,-0.2588520050048828
1451266878169,2,-0.28937700390815735,0.05372399836778641,0.07326000183820724
1451266878188,2,0.08791200071573257,-1.2918180227279663,0.20390699803829193
1451266878209,2,0.36629998683929443,-1.400486946105957,0.050060998648405075
1451266878227,2,0.15873000025749207,-0.3308909833431244,0.02930399961769581
1451266878248,2,-0.06349200010299683,0.5201460123062134,0.025640999898314476
1451266878268,2,-0.12332099676132202,0.7167270183563232,0.04395600035786629
1451266878288,2,-0.03418799862265587,0.40292999148368835,0.06959699839353561
1451266878308,2,0.08791200071573257,-0.021978000178933144,0.1025639995932579
1451266878328,2,0.097680002450943,-0.21733799576759338,0.12820500135421753
1451266878349,2,0.00976799987256527,-0.05860799923539162,0.0866909995675087
1451266878369,2,-0.040293000638484955,0.08302799612283707,0.02442000061273575
1451266878390,2,-0.0378509983420372,0.10012199729681015,-0.01831500045955181
1451266878413,2,0.010989000089466572,0.035408999770879745,-0.02930399961769581
1451266878428,2,0.06104999780654907,-0.050060998648405075,-0.03174600005149841
1451266878450,2,0.02442000061273575,-0.01953599974513054,-0.045176997780799866
1451266878470,2,-0.02442000061273575,0.017093999311327934,-0.06715499609708786
1451266878491,2,-0.05128199979662895,0.040293000638484955,-0.07448099553585052
1451266878509,2,-0.04639799892902374,0.020756999030709267,-0.0488400012254715
1451266878530,2,0.015873000025749207,-0.04395600035786629,-0.01831500045955181
1451266878551,2,0.02442000061273575,-0.030524998903274536,-0.01831500045955181
1451266878569,2,0.006105000153183937,-0.0012209999840706587,-0.021978000178933144
1451266878590,2,-0.030524998903274536,0.015873000025749207,-0.021978000178933144
1451266878614,2,-0.030524998903274536,0.012210000306367874,-0.008546999655663967
1451266878630,2,-0.004883999936282635,-0.015873000025749207,0.007325999904423952
1451266878651,2,0.035408999770879745,-0.010989000089466572,0.03663000091910362
1451266878671,2,0.02930399961769581,-0.006105000153183937,0.04273499920964241
1451266878693,2,0.01831500045955181,0.0024419999681413174,0.035408999770879745
1451266878710,2,0.010989000089466572,0.015873000025749207,0.02319899946451187
1451266878736,2,0.010989000089466572,0.025640999898314476,0.012210000306367874
1451266878751,2,0.003662999952211976,-0.008546999655663967,0.030524998903274536
1451266878771,2,-0.006105000153183937,-0.03296700119972229,0.03296700119972229
1451266878793,2,-0.007325999904423952,-0.03663000091910362,0.01953599974513054
1451266878814,2,-0.01831500045955181,-0.021978000178933144,-0.006105000153183937
1451266878831,2,-0.03296700119972229,0.0,-0.020756999030709267
1451266878851,2,-0.02319899946451187,0.0,0.003662999952211976
1451266878871,2,0.006105000153183937,-0.017093999311327934,0.017093999311327934
1451266878893,2,0.01953599974513054,-0.01953599974513054,0.02442000061273575
1451266878911,2,0.007325999904423952,-0.003662999952211976,0.01953599974513054
1451266878931,2,-0.0024419999681413174,0.02319899946451187,0.012210000306367874
1451266878953,2,0.003662999952211976,0.02319899946451187,0.012210000306367874
1451266878971,2,0.01953599974513054,0.0024419999681413174,0.030524998903274536
1451266878992,2,0.03418799862265587,-0.015873000025749207,0.040293000638484955
1451266879012,2,0.03663000091910362,-0.02808300033211708,0.026861999183893204
1451266879034,2,0.021978000178933144,-0.0024419999681413174,0.0012209999840706587
1451266879054,2,-0.008546999655663967,0.021978000178933144,-0.015873000025749207
1451266879074,2,-0.030524998903274536,-0.006105000153183937,-0.017093999311327934
1451266879093,2,-0.01953599974513054,-0.0378509983420372,-0.021978000178933144
1451266879114,2,-0.015873000025749207,-0.0378509983420372,-0.010989000089466572
1451266879133,2,-0.021978000178933144,-0.025640999898314476,-0.0012209999840706587
1451266879154,2,-0.017093999311327934,-0.004883999936282635,-0.004883999936282635
1451266879175,2,-0.017093999311327934,0.045176997780799866,-0.003662999952211976
1451266879197,2,-0.0012209999840706587,0.026861999183893204,0.00976799987256527
1451266879214,2,0.01953599974513054,0.007325999904423952,0.02930399961769581
1451266879234,2,0.03418799862265587,-0.004883999936282635,0.0488400012254715
1451266879254,2,0.040293000638484955,0.0,0.04395600035786629
1451266879279,2,0.03174600005149841,0.026861999183893204,0.025640999898314476
1451266879293,2,0.02319899946451187,0.013430999591946602,0.026861999183893204
1451266879314,2,0.03174600005149841,-0.020756999030709267,0.015873000025749207
1451266879334,2,0.014651999808847904,-0.014651999808847904,-0.0024419999681413174
1451266879354,2,-0.01953599974513054,-0.006105000153183937,-0.01953599974513054
1451266879374,2,-0.04273499920964241,-0.006105000153183937,-0.021978000178933144
1451266879394,2,-0.04151399806141853,-0.006105000153183937,-0.04151399806141853
1451266879414,2,-0.05250300094485283,0.01831500045955181,-0.02442000061273575
1451266879435,2,-0.0488400012254715,0.020756999030709267,0.0
1451266879456,2,-0.007325999904423952,0.013430999591946602,0.020756999030709267
1451266879476,2,0.03418799862265587,0.012210000306367874,0.020756999030709267
1451266879494,2,0.00976799987256527,0.01831500045955181,0.02319899946451187
1451266879516,2,-0.03418799862265587,0.04151399806141853,0.014651999808847904
1451266879536,2,-0.03174600005149841,0.08424899727106094,0.012210000306367874
1451266879556,2,0.013430999591946602,0.08546999841928482,0.02808300033211708
