1451267639667,1,0.05738699808716774,-0.5689859986305237,-0.2539680004119873
1451267639688,1,-0.2967030107975006,-0.4798530042171478,0.050060998648405075
1451267639710,1,-0.33943799138069153,-0.44200199842453003,0.1843709945678711
1451267639726,1,-0.32234400510787964,-0.4969469904899597,0.18559199571609497
1451267639747,1,-0.3125759959220886,-0.5494499802589417,0.06349200010299683
1451267639768,1,-0.3235650062561035,-0.4554329812526703,-0.07081799954175949
1451267639788,1,-0.2759459912776947,-0.25641000270843506,-0.12698400020599365
1451267639809,1,-0.02930399961769581,-0.12698400020599365,-0.11111100018024445
1451267639828,1,0.035408999770879745,-0.1575089991092682,-0.08058600127696991
1451267639848,1,0.045176997780799866,-0.10378500074148178,-0.09157499670982361
1451267639868,1,0.02319899946451187,-0.035408999770879745,-0.0866909995675087
1451267639888,1,0.050060998648405075,0.0378509983420372,-0.06349200010299683
1451267639908,1,0.3406589925289154,-0.04395600035786629,0.0
1451267639928,1,0.4481070041656494,-0.13186800479888916,0.017093999311327934
1451267639949,1,0.4774110019207001,-0.2222220003604889,0.04273499920964241
1451267639969,1,0.4444440007209778,-0.2332109957933426,0.07081799954175949
1451267639989,1,0.38583600521087646,-0.17948700487613678,0.06227099895477295
1451267640024,1,0.21977999806404114,0.05738699808716774,-0.09523800015449524
1451267640035,1,0.13064700365066528,0.211232990026474,-0.12209999561309814
1451267640049,1,0.07936500012874603,0.19902299344539642,-0.10622699558734894
1451267640069,1,0.08424899727106094,0.1294260025024414,-0.07692299783229828
1451267640091,1,0.10622699558734894,0.11721599847078323,-0.04151399806141853
1451267640108,1,0.12332099676132202,0.13797299563884735,-0.0378509983420372
1451267640129,1,-0.0012209999840706587,0.30647099018096924,-0.06837599724531174
1451267640150,1,-0.0378509983420372,0.4822950065135956,-0.06959699839353561
1451267640171,1,-0.03174600005149841,0.5824170112609863,-0.10744799673557281
1451267640192,1,0.13186800479888916,0.5702069997787476,-0.1562879979610443
1451267640209,1,0.2600730061531067,0.6800969839096069,-0.09645900130271912
1451267640230,1,-0.08180700242519379,-0.09401699900627136,1.4505479335784912
1451267640251,1,0.874235987663269,-1.0366289615631104,1.482293963432312
1451267640270,1,0.8144069910049438,-0.5433449745178223,1.2246630191802979
1451267640292,1,0.18192899227142334,0.20146499574184418,0.30647099018096924
1451267640310,1,-0.20879100263118744,0.5848590135574341,-0.7387049794197083
1451267640331,1,-0.514041006565094,0.3418799936771393,-0.25763100385665894
1451267640351,1,-0.5518919825553894,-0.1404149979352951,0.40781399607658386
1451267640370,1,-0.3956039845943451,-0.6019529700279236,0.6092789769172668
1451267640395,1,-0.1684979945421219,-0.721610963344574,0.3614159822463989
1451267640410,1,-0.0647130012512207,-0.5543339848518372,-0.10012199729681015
1451267640431,1,-0.1452990025281906,-0.2979239821434021,-0.3943829834461212
1451267640451,1,-0.3626369833946228,0.10500600188970566,-0.24053700268268585
1451267640471,1,-0.28327199816703796,0.015873000025749207,-0.15384599566459656
1451267640491,1,-0.16483499109745026,-0.1355309933423996,-0.17216099798679352
1451267640511,1,-0.09645900130271912,-0.23687399923801422,-0.27960899472236633
1451267640531,1,-0.09035399556159973,-0.2808299958705902,-0.4212450087070465
1451267640553,1,-0.1245419979095459,-0.08424899727106094,-0.48962098360061646
1451267640574,1,-0.06959699839353561,0.02442000061273575,-0.44200199842453003
1451267640592,1,0.03907199949026108,-0.0024419999681413174,-0.3675209879875183
1451267640612,1,0.14896199107170105,-0.12698400020599365,-0.33211198449134827
1451267640633,1,0.20757000148296356,-0.2698409855365753,-0.3406589925289154
1451267640654,1,0.11599499732255936,-0.02319899946451187,-0.3748469948768616
1451267640672,1,0.08913300186395645,0.1514039933681488,-0.3894990086555481
1451267640693,1,0.10988999903202057,0.2222220003604889,-0.37606799602508545
1451267640714,1,0.14163599908351898,0.18681299686431885,-0.35531100630760193
1451267640738,1,0.11965800076723099,0.014651999808847904,-0.31013399362564087
1451267640754,1,0.03296700119972229,-0.23443199694156647,-0.25763100385665894
1451267640781,1,-0.09279599785804749,-0.2319899946451187,-0.3748469948768616
1451267640793,1,-0.1294260025024414,0.20757000148296356,-0.4493280053138733
1451267640813,1,-0.14163599908351898,0.6727709770202637,-0.45177000761032104
1451267640833,1,-0.059829000383615494,0.8144069910049438,-0.3565320074558258
1451267640854,1,0.09035399556159973,0.6886439919471741,-0.20268599689006805
1451267640873,1,0.27838799357414246,-0.04395600035786629,0.0866909995675087
1451267640893,1,0.1843709945678711,-0.1843709945678711,0.021978000178933144
1451267640914,1,-0.02319899946451187,-0.097680002450943,-0.04273499920964241
1451267640934,1,-0.20757000148296356,-0.06593400239944458,-0.0647130012512207
1451267640955,1,-0.25152599811553955,-0.19658099114894867,-0.03418799862265587
1451267640974,1,-0.11843699961900711,-0.4395599961280823,0.003662999952211976
1451267640994,1,-0.1465200036764145,-0.31623899936676025,0.012210000306367874
1451267641014,1,-0.1843709945678711,-0.20757000148296356,0.045176997780799866
1451267641035,1,-0.20268599689006805,-0.17948700487613678,0.03907199949026108
1451267641055,1,-0.14774100482463837,-0.1575089991092682,-0.021978000178933144
1451267641075,1,-0.08424899727106094,-0.18070799112319946,-0.06227099895477295
1451267641099,1,-0.021978000178933144,-0.16971899569034576,0.03418799862265587
1451267641115,1,0.013430999591946602,-0.11721599847078323,0.08424899727106094
1451267641135,1,0.04639799892902374,-0.08058600127696991,0.08913300186395645
1451267641155,1,0.035408999770879745,-0.07081799954175949,0.08546999841928482
1451267641176,1,-0.006105000153183937,-0.0866909995675087,0.0647130012512207
1451267641196,1,0.007325999904423952,-0.12820500135421753,0.025640999898314476
1451267641216,1,0.08913300186395645,-0.10134299844503403,0.050060998648405075
1451267641237,1,0.13797299563884735,-0.059829000383615494,0.10622699558734894
1451267641258,1,0.12209999561309814,-0.007325999904423952,0.1404149979352951
1451267641276,1,0.059829000383615494,0.01831500045955181,0.12209999561309814
1451267641296,1,-0.06349200010299683,-0.0024419999681413174,0.030524998903274536
1451267641316,1,-0.09523800015449524,-0.026861999183893204,0.03174600005149841
1451267641336,1,-0.06715499609708786,-0.008546999655663967,0.07081799954175949
1451267641359,1,0.0,0.07692299783229828,0.11599499732255936
1451267641376,1,0.026861999183893204,0.1245419979095459,0.1355309933423996
1451267641397,1,-0.007325999904423952,0.11233200132846832,0.1135529950261116
1451267641417,1,-0.07692299783229828,0.012210000306367874,0.13064700365066528
1451267641437,1,-0.05372399836778641,-0.003662999952211976,0.1843709945678711
1451267641460,1,-0.0024419999681413174,-0.025640999898314476,0.2441999912261963
1451267641476,1,0.05860799923539162,-0.02319899946451187,0.2905980050563812
1451267641498,1,0.09890099614858627,0.015873000025749207,0.31135499477386475
1451267641518,2,0.09401699900627136,0.06715499609708786,0.35409000515937805
1451267641538,2,0.1025639995932579,0.03296700119972229,0.390720009803772
1451267641560,2,0.13919399678707123,-0.007325999904423952,0.4383389949798584
1451267641578,2,0.18192899227142334,-0.06227099895477295,0.4798530042171478
1451267641598,2,0.21367499232292175,-0.1355309933423996,0.4713059961795807
1451267641619,2,0.1941390037536621,-0.15018299221992493,0.3675209879875183
1451267641639,2,0.1575089991092682,-0.13064700365066528,0.30647099018096924
1451267641659,2,0.12087900191545486,-0.10378500074148178,0.23687399923801422
1451267641682,2,0.08302799612283707,-0.09035399556159973,0.18314999341964722
1451267641698,2,0.030524998903274536,-0.08913300186395645,0.13797299563884735
1451267641718,2,-0.08424899727106094,-0.09035399556159973,0.0012209999840706587
1451267641738,2,-0.11843699961900711,-0.08180700242519379,-0.07326000183820724
1451267641759,2,-0.14285700023174286,-0.07081799954175949,-0.1245419979095459
1451267641778,2,-0.17582400143146515,-0.06227099895477295,-0.1562879979610443
1451267641803,2,-0.19780199229717255,-0.02930399961769581,-0.1623930037021637
1451267641819,2,-0.20757000148296356,0.01953599974513054,-0.16361400485038757
1451267641839,2,-0.21001200377941132,0.11233200132846832,-0.1782660037279129
1451267641859,2,-0.21489599347114563,0.12087900191545486,-0.19902299344539642
1451267641879,2,-0.22344300150871277,0.10134299844503403,-0.2002439945936203
1451267641900,2,-0.20146499574184418,0.06227099895477295,-0.1684979945421219
1451267641920,2,-0.15262499451637268,0.00976799987256527,-0.10500600188970566
1451267641940,2,-0.008546999655663967,-0.021978000178933144,0.08424899727106094
1451267641961,2,0.08058600127696991,0.007325999904423952,0.20268599689006805
1451267641980,2,-0.23076899349689484,-1.5274709463119507,-1.0012199878692627
1451267642001,2,-0.2271059900522232,1.4017080068588257,-0.8388270139694214
1451267642021,2,-0.20757000148296356,1.0891319513320923,-0.16971899569034576
1451267642041,2,0.24053700268268585,-0.2490839958190918,0.48962098360061646
1451267642060,2,0.05128199979662895,-0.5396819710731506,0.5384609699249268
1451267642081,2,-0.22466400265693665,-0.555554986000061,0.2698409855365753
1451267642101,2,-0.44078099727630615,-0.05616600066423416,-0.12820500135421753
1451267642121,2,-0.4639799892902374,0.42612898349761963,-0.3565320074558258
1451267642140,2,-0.20879100263118744,0.4822950065135956,-0.2905980050563812
1451267642160,2,0.33821699023246765,-0.03663000091910362,0.11965800076723099
1451267642181,2,0.299144983291626,-0.1245419979095459,0.16605599224567413
1451267642201,2,0.13064700365066528,-0.0488400012254715,0.06959699839353561
1451267642222,2,-0.04151399806141853,0.07081799954175949,-0.07326000183820724
1451267642241,2,-0.13675199449062347,0.11477399617433548,-0.13919399678707123
1451267642261,2,-0.10134299844503403,-0.013430999591946602,-0.1514039933681488
1451267642281,2,-0.06227099895477295,-0.02319899946451187,-0.13797299563884735
1451267642302,2,-0.03907199949026108,-0.0024419999681413174,-0.09401699900627136
1451267642322,2,0.012210000306367874,0.01953599974513054,-0.03663000091910362
1451267642343,2,0.07814399898052216,0.03418799862265587,-0.0024419999681413174
1451267642362,2,0.19658099114894867,0.04761900007724762,0.04395600035786629
1451267642386,2,0.2051279991865158,0.02319899946451187,0.040293000638484955
1451267642409,2,0.18559199571609497,0.003662999952211976,0.01831500045955181
1451267642424,2,0.1514039933681488,0.00976799987256527,-0.05372399836778641
1451267642442,2,0.10500600188970566,0.05372399836778641,-0.15506699681282043
1451267642462,2,0.0378509983420372,0.11965800076723099,-0.23565299808979034
1451267642483,2,-0.02930399961769581,0.03907199949026108,-0.27228298783302307
1451267642511,2,-0.008546999655663967,-0.06593400239944458,-0.27838799357414246
1451267642524,2,0.0012209999840706587,-0.13919399678707123,-0.3467639982700348
1451267642543,2,-0.02808300033211708,-0.17704500257968903,-0.49572598934173584
1451267642563,2,-0.07203900068998337,-0.1514039933681488,-0.6483510136604309
1451267642583,2,-0.08180700242519379,-0.1562879979610443,-0.6788759827613831
1451267642604,2,-0.026861999183893204,-0.19291800260543823,-0.6117209792137146
1451267642626,2,-0.010989000089466572,-0.2380950003862381,-0.5396819710731506
1451267642643,2,-0.017093999311327934,-0.2600730061531067,-0.49450498819351196
1451267642665,2,-0.01831500045955181,-0.2319899946451187,-0.504272997379303
1451267642685,2,0.0012209999840706587,-0.17948700487613678,-0.44566500186920166
1451267642705,2,0.004883999936282635,-0.195360004901886,-0.34310099482536316
1451267642725,2,0.01831500045955181,-0.20879100263118744,-0.24542099237442017
1451267642744,2,0.035408999770879745,-0.195360004901886,-0.17216099798679352
1451267642766,2,0.0488400012254715,-0.1514039933681488,-0.14163599908351898
1451267642784,2,0.06837599724531174,-0.0647130012512207,-0.11721599847078323
1451267642806,2,0.050060998648405075,0.03296700119972229,-0.015873000025749207
1451267642826,2,0.035408999770879745,0.04273499920964241,0.0488400012254715
1451267642844,2,0.02442000061273575,0.010989000089466572,0.12698400020599365
1451267642866,2,0.04273499920964241,-0.02442000061273575,0.1941390037536621
1451267642886,2,0.06349200010299683,-0.035408999770879745,0.2441999912261963
1451267642910,2,0.12820500135421753,-0.006105000153183937,0.3565320074558258
1451267642927,2,0.17460300028324127,-0.02319899946451187,0.3882780075073242
1451267642945,2,0.26129400730133057,0.030524998903274536,0.35409000515937805
1451267642966,2,0.30647099018096924,0.17582400143146515,0.30647099018096924
1451267642987,2,0.22344300150871277,0.3247860074043274,0.2905980050563812
1451267643007,2,0.10134299844503403,0.13308899104595184,0.31746000051498413
1451267643026,2,0.13186800479888916,-0.02808300033211708,0.27838799357414246
1451267643046,2,0.13064700365066528,-0.08546999841928482,0.2539680004119873
1451267643066,2,0.09401699900627136,-0.02808300033211708,0.23931600153446198
1451267643087,2,0.03418799862265587,0.05372399836778641,0.25763100385665894
1451267643106,2,-0.0012209999840706587,0.1245419979095459,0.28815600275993347
1451267643126,2,-0.03174600005149841,0.14407800137996674,0.36629998683929443
1451267643151,2,-0.026861999183893204,0.07692299783229828,0.3748469948768616
1451267643166,2,0.05616600066423416,0.040293000638484955,0.35531100630760193
1451267643187,2,0.11233200132846832,0.06837599724531174,0.33821699023246765
1451267643207,2,0.09279599785804749,0.11965800076723099,0.3614159822463989
1451267643226,2,-0.015873000025749207,0.13797299563884735,0.43101298809051514
1451267643247,2,-0.04761900007724762,0.06715499609708786,0.4114769995212555
1451267643267,2,-0.010989000089466572,-0.004883999936282635,0.31746000051498413
1451267643288,2,0.030524998903274536,0.026861999183893204,0.22344300150871277
1451267643309,2,0.0378509983420372,0.11843699961900711,0.17582400143146515
1451267643327,2,0.004883999936282635,0.03174600005149841,0.20879100263118744
1451267643349,2,0.030524998903274536,-0.11477399617433548,0.19169700145721436
1451267643369,2,0.07936500012874603,-0.195360004901886,0.12332099676132202
1451267643388,2,0.0866909995675087,-0.1562879979610443,0.0378509983420372
1451267643409,2,0.07448099553585052,-0.15384599566459656,-0.008546999655663967
1451267643432,2,0.1465200036764145,-0.19902299344539642,-0.04151399806141853
1451267643448,2,0.3296699821949005,-0.11965800076723099,-0.07081799954175949
1451267643469,2,0.2759459912776947,-0.05616600066423416,-0.054944999516010284
1451267643490,2,0.1404149979352951,0.013430999591946602,-0.0378509983420372
1451267643509,2,-0.040293000638484955,-0.02442000061273575,-0.035408999770879745
1451267643528,2,-0.14896199107170105,-0.08424899727106094,-0.07814399898052216
1451267643555,1,-0.11721599847078323,-0.1684979945421219,-0.09890099614858627
1451267643569,1,0.003662999952211976,-0.16117200255393982,-0.09890099614858627
1451267643591,1,0.0866909995675087,-0.11233200132846832,-0.10012199729681015
1451267643608,1,0.09523800015449524,-0.0647130012512207,-0.0866909995675087
1451267643633,1,0.07326000183820724,-0.04761900007724762,-0.06837599724531174
1451267643649,1,0.00976799987256527,-0.07448099553585052,-0.026861999183893204
1451267643670,1,-0.013430999591946602,-0.08302799612283707,-0.01831500045955181
1451267643690,1,0.010989000089466572,-0.1025639995932579,-0.025640999898314476
1451267643710,1,0.07692299783229828,-0.1025639995932579,-0.035408999770879745
1451267643730,1,0.11111100018024445,-0.06959699839353561,-0.01953599974513054
1451267643750,1,0.08180700242519379,-0.02808300033211708,0.013430999591946602
1451267643770,1,0.003662999952211976,-0.030524998903274536,0.014651999808847904
1451267643791,1,-0.020756999030709267,-0.020756999030709267,-0.020756999030709267
1451267643810,1,-0.05128199979662895,0.00976799987256527,-0.050060998648405075
1451267643831,1,-0.07814399898052216,0.05738699808716774,-0.07203900068998337
1451267643851,1,-0.10500600188970566,0.13186800479888916,-0.05616600066423416
1451267643871,1,-0.006105000153183937,0.3992669880390167,-0.1135529950261116
1451267643891,1,-0.19780199229717255,0.8363850116729736,-0.09035399556159973
1451267643911,1,-0.6092789769172668,0.803417980670929,0.08302799612283707
1451267643931,1,-0.5494499802589417,-0.6739919781684875,0.9328439831733704
1451267643952,1,0.48962098360061646,-1.2283259630203247,1.0488389730453491
1451267643971,1,0.10744799673557281,0.1404149979352951,-0.040293000638484955
1451267643991,1,-0.34798499941825867,0.6349200010299683,-0.7521359920501709
1451267644011,1,-0.5799750089645386,0.8083019852638245,-0.9499379992485046
1451267644033,1,-0.7741140127182007,0.5335769653320313,-0.4175820052623749
1451267644053,1,-0.7008540034294128,-0.10012199729681015,0.3150179982185364
1451267644073,1,-0.30647099018096924,-0.49572598934173584,0.5409029722213745
1451267644093,1,0.1575089991092682,-0.3150179982185364,0.06104999780654907
1451267644117,1,0.014651999808847904,-0.03296700119972229,-0.18070799112319946
1451267644132,1,-0.21855899691581726,0.2051279991865158,-0.299144983291626
1451267644153,1,-0.36629998683929443,0.3076919913291931,-0.2808299958705902
1451267644173,1,-0.3308909833431244,0.20268599689006805,-0.20390699803829193
1451267644193,1,0.12332099676132202,-0.06227099895477295,-0.12087900191545486
1451267644213,1,0.19780199229717255,-0.06715499609708786,-0.10622699558734894
1451267644233,1,0.14163599908351898,-0.02442000061273575,-0.1135529950261116
1451267644254,1,0.040293000638484955,0.01831500045955181,-0.11477399617433548
1451267644274,1,-0.050060998648405075,0.045176997780799866,-0.09890099614858627
1451267644292,1,-0.013430999591946602,0.02808300033211708,-0.09157499670982361
1451267644313,1,0.03663000091910362,0.054944999516010284,-0.09035399556159973
1451267644333,1,0.04273499920964241,0.05128199979662895,-0.05250300094485283
1451267644354,1,0.03663000091910362,0.01831500045955181,-0.012210000306367874
1451267644374,1,0.010989000089466572,-0.0012209999840706587,0.004883999936282635
1451267644394,1,-0.03418799862265587,0.0,0.003662999952211976
1451267644415,1,-0.09279599785804749,0.05372399836778641,0.014651999808847904
1451267644434,1,-0.08546999841928482,0.06227099895477295,0.06104999780654907
1451267644455,1,-0.06104999780654907,0.05860799923539162,0.13186800479888916
1451267644477,1,-0.04273499920964241,0.02442000061273575,0.2222220003604889
1451267644494,1,-0.007325999904423952,-0.026861999183893204,0.27960899472236633
1451267644515,1,0.0,0.03296700119972229,0.3199020028114319
1451267644534,1,-0.012210000306367874,0.09401699900627136,0.3785099983215332
1451267644555,1,-0.025640999898314476,0.11599499732255936,0.44566500186920166
1451267644575,1,-0.03907199949026108,0.1135529950261116,0.5152620077133179
1451267644594,1,-0.03174600005149841,0.08180700242519379,0.5543339848518372
1451267644615,1,0.05616600066423416,0.10622699558734894,0.5115990042686462
1451267644635,1,0.04273499920964241,0.097680002450943,0.5164830088615417
1451267644656,1,0.02930399961769581,0.045176997780799866,0.54578697681427
1451267644677,1,0.003662999952211976,-0.03418799862265587,0.5518919825553894
1451267644695,1,-0.01831500045955181,-0.07936500012874603,0.5152620077133179
1451267644716,1,-0.02930399961769581,-0.00976799987256527,0.38095200061798096
1451267644737,1,-0.0866909995675087,0.04273499920964241,0.3235650062561035
1451267644755,1,-0.09401699900627136,0.04395600035786629,0.27228298783302307
1451267644776,1,-0.07326000183820724,0.0024419999681413174,0.21977999806404114
1451267644796,1,-0.03907199949026108,-0.013430999591946602,0.17216099798679352
1451267644817,1,-0.025640999898314476,0.006105000153183937,0.14163599908351898
1451267644836,1,-0.0647130012512207,0.035408999770879745,0.040293000638484955
1451267644856,1,-0.07326000183820724,0.03296700119972229,-0.0012209999840706587
1451267644876,1,-0.059829000383615494,0.008546999655663967,-0.02442000061273575
1451267644896,1,-0.03663000091910362,-0.003662999952211976,-0.04639799892902374
1451267644916,1,-0.021978000178933144,0.0024419999681413174,-0.07448099553585052
1451267644936,1,-0.01831500045955181,0.008546999655663967,-0.10012199729681015
1451267644959,1,-0.0012209999840706587,-0.0012209999840706587,-0.10866899788379669
1451267644977,1,0.012210000306367874,-0.004883999936282635,-0.12332099676132202
1451267644997,1,0.003662999952211976,-0.004883999936282635,-0.1294260025024414
1451267645017,1,-0.030524998903274536,-0.006105000153183937,-0.13064700365066528
1451267645038,1,-0.05372399836778641,-0.02319899946451187,-0.1452990025281906
1451267645058,1,-0.0488400012254715,0.0024419999681413174,-0.15262499451637268
1451267645077,1,-0.02319899946451187,0.017093999311327934,-0.1294260025024414
1451267645098,1,0.01953599974513054,0.007325999904423952,-0.09523800015449524
1451267645119,1,0.04639799892902374,-0.017093999311327934,-0.07326000183820724
1451267645139,1,0.03296700119972229,-0.02930399961769581,-0.06349200010299683
1451267645159,1,-0.014651999808847904,0.013430999591946602,-0.10500600188970566
1451267645178,1,-0.021978000178933144,0.015873000025749207,-0.10378500074148178
1451267645199,1,-0.003662999952211976,-0.006105000153183937,-0.07326000183820724
1451267645219,1,0.012210000306367874,-0.03296700119972229,-0.04395600035786629
1451267645239,1,0.015873000025749207,-0.04273499920964241,-0.026861999183893204
1451267645266,1,0.01831500045955181,-0.01953599974513054,-0.04151399806141853
1451267645281,1,0.004883999936282635,-0.013430999591946602,-0.059829000383615494
1451267645302,1,-0.006105000153183937,-0.00976799987256527,-0.06227099895477295
1451267645321,1,-0.01953599974513054,-0.017093999311327934,-0.06349200010299683
1451267645348,1,-0.01831500045955181,-0.006105000153183937,-0.07203900068998337
1451267645362,1,-0.008546999655663967,-0.020756999030709267,-0.05616600066423416
1451267645381,1,0.00976799987256527,-0.020756999030709267,-0.054944999516010284
1451267645402,1,0.010989000089466572,-0.035408999770879745,-0.059829000383615494
1451267645422,1,0.008546999655663967,-0.0647130012512207,-0.07692299783229828
1451267645443,1,-0.02442000061273575,-0.03174600005149841,-0.1245419979095459
1451267645461,1,-0.03663000091910362,-0.020756999030709267,-0.12209999561309814
1451267645482,1,-0.021978000178933144,-0.01953599974513054,-0.12576299905776978
1451267645502,1,-0.013430999591946602,-0.017093999311327934,-0.12087900191545486
1451267645523,1,-0.012210000306367874,-0.03174600005149841,-0.12332099676132202
1451267645543,1,-0.02930399961769581,-0.05372399836778641,-0.10988999903202057
1451267645563,2,-0.03296700119972229,-0.050060998648405075,-0.09523800015449524
1451267645643,2,-0.0378509983420372,-0.017093999311327934,-0.021978000178933144
1451267645661,2,-0.013430999591946602,-0.03418799862265587,-0.008546999655663967
1451267645682,2,-0.013430999591946602,-0.006105000153183937,-0.012210000306367874
1451267645702,2,-0.010989000089466572,0.004883999936282635,-0.00976799987256527
1451267645724,2,0.0012209999840706587,0.007325999904423952,-0.013430999591946602
1451267645742,2,0.003662999952211976,0.006105000153183937,-0.007325999904423952
1451267645761,2,-0.0012209999840706587,-0.006105000153183937,-0.0012209999840706587
1451267645783,2,-0.0024419999681413174,-0.025640999898314476,-0.012210000306367874
1451267645802,2,0.006105000153183937,-0.015873000025749207,-0.06837599724531174
1451267645823,2,0.0024419999681413174,0.02319899946451187,-0.0757019966840744
1451267645843,2,-0.003662999952211976,0.03418799862265587,-0.05372399836778641
1451267645863,2,0.010989000089466572,0.02319899946451187,-0.02808300033211708
1451267645883,2,0.02319899946451187,0.0024419999681413174,-0.014651999808847904
1451267645903,2,0.020756999030709267,-0.013430999591946602,-0.004883999936282635
1451267645923,2,0.003662999952211976,0.035408999770879745,-0.035408999770879745
1451267645942,2,-0.02319899946451187,0.07814399898052216,-0.05250300094485283
1451267645967,2,-0.03418799862265587,0.09035399556159973,-0.03663000091910362
1451267645982,2,-0.020756999030709267,0.08913300186395645,-0.004883999936282635
1451267646002,2,-0.003662999952211976,0.04395600035786629,0.06349200010299683
1451267646023,2,0.0,0.04395600035786629,0.06837599724531174
1451267646042,2,0.00976799987256527,0.03418799862265587,0.06959699839353561
1451267646063,2,0.006105000153183937,0.03663000091910362,0.08302799612283707
1451267646084,2,0.007325999904423952,0.02808300033211708,0.11233200132846832
1451267646104,2,0.0,0.021978000178933144,0.14163599908351898
1451267646124,2,0.01831500045955181,0.05372399836778641,0.1941390037536621
1451267646143,2,0.04639799892902374,0.06593400239944458,0.23687399923801422
1451267646164,2,0.0757019966840744,0.06593400239944458,0.28449299931526184
1451267646185,2,-0.39194098114967346,-0.6349200010299683,-1.4505479335784912
1451267646205,2,-0.22588500380516052,1.3211219310760498,-0.7899869680404663
1451267646225,2,0.0378509983420372,0.11111100018024445,0.299144983291626
1451267646250,2,0.12698400020599365,-0.39194098114967346,0.5103780031204224
1451267646264,2,0.0378509983420372,-0.4810740053653717,0.3687419891357422
1451267646285,2,-0.18681299686431885,-0.2539680004119873,0.017093999311327934
1451267646304,2,-0.3577530086040497,0.1452990025281906,-0.2661779820919037
1451267646325,2,-0.03663000091910362,0.1623930037021637,-0.17582400143146515
1451267646344,2,0.22832699120044708,-0.025640999898314476,0.0
1451267646370,2,0.299144983291626,-0.1245419979095459,0.1025639995932579
1451267646385,2,0.1733819991350174,-0.08424899727106094,0.07203900068998337
1451267646412,2,-0.017093999311327934,-0.0012209999840706587,-0.035408999770879745
1451267646426,2,-0.1465200036764145,0.05128199979662895,-0.1404149979352951
1451267646446,2,-0.06715499609708786,-0.03174600005149841,-0.10866899788379669
1451267646465,2,0.04273499920964241,-0.06104999780654907,-0.03174600005149841
1451267646487,2,0.08913300186395645,-0.0647130012512207,0.03418799862265587
1451267646507,2,0.07081799954175949,-0.059829000383615494,0.05860799923539162
1451267646526,2,0.021978000178933144,-0.03296700119972229,0.06715499609708786
1451267646547,2,-0.05738699808716774,0.0378509983420372,0.10378500074148178
1451267646566,2,-0.02442000061273575,0.010989000089466572,0.1294260025024414
1451267646587,2,0.013430999591946602,-0.007325999904423952,0.1465200036764145
1451267646607,2,0.04761900007724762,-0.04395600035786629,0.19780199229717255
1451267646626,2,0.08180700242519379,-0.07326000183820724,0.24175800383090973
1451267646646,2,0.10866899788379669,-0.1025639995932579,0.2588520050048828
1451267646668,2,0.10866899788379669,-0.05738699808716774,0.23687399923801422
1451267646688,2,0.0866909995675087,-0.017093999311327934,0.22344300150871277
1451267646709,2,0.08546999841928482,0.02442000061273575,0.21001200377941132
1451267646727,2,0.0866909995675087,0.025640999898314476,0.21367499232292175
1451267646748,2,0.12820500135421753,-0.01953599974513054,0.22100099921226501
1451267646768,2,0.20146499574184418,0.013430999591946602,0.13186800479888916
1451267646787,2,0.16605599224567413,0.02808300033211708,0.09890099614858627
1451267646807,2,0.16605599224567413,-0.01831500045955181,0.08546999841928482
1451267646827,2,0.22100099921226501,-0.06104999780654907,0.08180700242519379
1451267646848,2,0.27838799357414246,-0.0757019966840744,0.07326000183820724
1451267646867,2,0.27960899472236633,0.012210000306367874,0.007325999904423952
1451267646888,2,0.20879100263118744,0.05860799923539162,-0.0488400012254715
1451267646908,2,0.10988999903202057,0.0866909995675087,-0.0757019966840744
1451267646928,2,0.01953599974513054,0.07936500012874603,-0.054944999516010284
1451267646947,2,-0.012210000306367874,0.026861999183893204,-0.020756999030709267
1451267646969,2,0.06227099895477295,-0.07814399898052216,0.03418799862265587
1451267646988,2,0.07692299783229828,-0.07326000183820724,0.03296700119972229
1451267647008,2,0.012210000306367874,-0.017093999311327934,0.010989000089466572
1451267647028,2,-0.07814399898052216,0.05250300094485283,-0.007325999904423952
1451267647049,2,-0.13308899104595184,0.04395600035786629,-0.010989000089466572
1451267647069,2,-0.06227099895477295,0.01831500045955181,-0.02319899946451187
1451267647094,2,0.0488400012254715,-0.04761900007724762,0.02442000061273575
1451267647109,2,0.0378509983420372,-0.06837599724531174,0.05738699808716774
1451267647132,2,0.0024419999681413174,-0.05250300094485283,0.06227099895477295
1451267647149,2,-0.02808300033211708,-0.0024419999681413174,0.05860799923539162
1451267647176,2,-0.040293000638484955,0.030524998903274536,0.06349200010299683
1451267647192,2,0.07448099553585052,-0.010989000089466572,0.08180700242519379
1451267647209,2,0.1514039933681488,-0.04151399806141853,0.08546999841928482
1451267647229,2,0.1684979945421219,-0.02442000061273575,0.08546999841928482
1451267647250,2,0.10866899788379669,0.013430999591946602,0.08180700242519379
1451267647270,2,0.030524998903274536,0.017093999311327934,0.06715499609708786
1451267647296,2,-0.04639799892902374,-0.02319899946451187,0.013430999591946602
1451267647310,2,-0.040293000638484955,-0.02930399961769581,-0.012210000306367874
1451267647330,2,-0.013430999591946602,-0.013430999591946602,-0.030524998903274536
1451267647351,2,0.02442000061273575,-0.021978000178933144,-0.014651999808847904
1451267647372,2,0.06715499609708786,-0.07936500012874603,0.013430999591946602
1451267647393,2,0.11843699961900711,-0.11477399617433548,0.017093999311327934
1451267647411,2,0.11233200132846832,-0.05860799923539162,0.00976799987256527
1451267647431,2,0.1135529950261116,-0.00976799987256527,0.013430999591946602
1451267647451,2,0.14163599908351898,0.012210000306367874,0.02930399961769581
1451267647472,2,0.18192899227142334,-0.05372399836778641,0.05738699808716774
1451267647497,2,0.2527469992637634,-0.12332099676132202,0.06227099895477295
1451267647511,2,0.23076899349689484,0.05128199979662895,0.05372399836778641
1451267647531,2,0.09279599785804749,0.097680002450943,0.08424899727106094
1451267647553,2,0.014651999808847904,0.020756999030709267,0.0866909995675087
1451267647573,2,0.017093999311327934,-0.04151399806141853,0.02930399961769581
1451267647593,1,0.02319899946451187,-0.06837599724531174,0.012210000306367874
1451267647612,1,0.03663000091910362,-0.04761900007724762,-0.030524998903274536
1451267647632,1,0.04639799892902374,-0.015873000025749207,-0.045176997780799866
1451267647653,1,0.03907199949026108,-0.030524998903274536,-0.02930399961769581
1451267647674,1,0.021978000178933144,-0.04761900007724762,-0.04639799892902374
1451267647693,1,-0.02930399961769581,-0.003662999952211976,-0.07692299783229828
1451267647714,1,-0.1355309933423996,0.09157499670982361,-0.08180700242519379
1451267647734,1,-0.2905980050563812,0.1135529950261116,-0.07936500012874603
1451267647754,1,-0.2967030107975006,0.06593400239944458,-0.07814399898052216
1451267647774,1,-0.2600730061531067,0.02442000061273575,-0.07936500012874603
1451267647794,1,-0.2161169946193695,-0.0012209999840706587,-0.07448099553585052
1451267647814,1,-0.16971899569034576,-0.02319899946451187,-0.06104999780654907
1451267647834,1,-0.12087900191545486,0.035408999770879745,-0.054944999516010284
1451267647860,1,-0.12087900191545486,0.014651999808847904,-0.020756999030709267
1451267647877,1,-0.07081799954175949,-0.030524998903274536,-0.00976799987256527
1451267647893,1,0.003662999952211976,-0.004883999936282635,-0.026861999183893204
1451267647914,1,0.01953599974513054,0.017093999311327934,-0.030524998903274536
1451267647934,1,-0.03418799862265587,0.04639799892902374,0.0
1451267647955,1,-0.05860799923539162,0.026861999183893204,-0.01831500045955181
1451267647976,1,-0.07448099553585052,0.0378509983420372,-0.045176997780799866
1451267647994,1,-0.08913300186395645,0.04761900007724762,-0.025640999898314476
1451267648015,1,-0.08180700242519379,0.026861999183893204,-0.0024419999681413174
1451267648035,1,0.03663000091910362,-0.10744799673557281,-0.05616600066423416
1451267648056,1,0.13186800479888916,-0.10622699558734894,-0.11233200132846832
1451267648076,1,0.19780199229717255,-0.008546999655663967,-0.15262499451637268
1451267648094,1,0.20268599689006805,0.054944999516010284,-0.19047600030899048
1451267648115,1,0.17704500257968903,0.07326000183820724,-0.15995100140571594
1451267648135,1,0.18803399801254272,0.021978000178933144,-0.14163599908351898
1451267648155,1,0.20146499574184418,0.11965800076723099,-0.2002439945936203
1451267648181,1,0.17093999683856964,0.2271059900522232,-0.2588520050048828
1451267648195,1,0.09523800015449524,0.3467639982700348,-0.3406589925289154
1451267648215,1,0.0012209999840706587,0.4285709857940674,-0.3772889971733093
1451267648236,1,0.03418799862265587,0.4236869812011719,-0.3956039845943451
1451267648259,1,-0.11965800076723099,0.6727709770202637,-0.17093999683856964
1451267648276,1,-0.15873000025749207,-0.7301579713821411,1.081805944442749
1451267648296,1,0.9255179762840271,-1.544564962387085,1.1684969663619995
1451267648317,1,1.0586069822311401,-0.6959699988365173,1.1184359788894653
1451267648336,1,0.23076899349689484,0.21855899691581726,0.07692299783229828
1451267648358,1,-0.9304019808769226,1.2673979997634888,-1.346763014793396
1451267648377,1,-1.1477400064468384,0.9401699900627136,-0.721610963344574
1451267648396,1,-1.009766936302185,0.14285700023174286,0.07936500012874603
1451267648416,1,-0.5482289791107178,-0.5677649974822998,0.4481070041656494
1451267648438,1,-0.13064700365066528,-0.8437110185623169,0.422465980052948
1451267648459,1,0.045176997780799866,-0.6532350182533264,0.17704500257968903
1451267648476,1,-0.2271059900522232,0.010989000089466572,-0.318681001663208
1451267648497,1,-0.3687419891357422,0.18803399801254272,-0.28815600275993347
1451267648517,1,-0.35409000515937805,0.19169700145721436,-0.15262499451637268
1451267648537,1,-0.18192899227142334,0.06959699839353561,-0.020756999030709267
1451267648559,1,0.06349200010299683,-0.08424899727106094,0.06593400239944458
1451267648581,1,0.2539680004119873,-0.15262499451637268,0.07936500012874603
1451267648602,1,0.14163599908351898,-0.050060998648405075,0.050060998648405075
1451267648618,1,0.01953599974513054,0.02930399961769581,0.03418799862265587
1451267648638,1,-0.02808300033211708,0.05250300094485283,0.04151399806141853
1451267648658,1,-0.02442000061273575,0.02442000061273575,0.07448099553585052
1451267648682,1,0.035408999770879745,-0.1135529950261116,0.097680002450943
1451267648699,1,0.04761900007724762,-0.1294260025024414,0.05128199979662895
1451267648718,1,0.013430999591946602,-0.04639799892902374,-0.008546999655663967
1451267648740,1,-0.054944999516010284,0.0378509983420372,-0.015873000025749207
1451267648759,1,-0.10012199729681015,0.05738699808716774,0.02319899946451187
1451267648783,1,-0.10378500074148178,0.007325999904423952,0.05860799923539162
1451267648799,1,-0.026861999183893204,-0.09279599785804749,0.01953599974513054
1451267648820,1,-0.015873000025749207,-0.04395600035786629,-0.014651999808847904
1451267648840,1,-0.03296700119972229,0.003662999952211976,-0.01831500045955181
1451267648859,1,-0.05738699808716774,0.040293000638484955,-0.008546999655663967
1451267648880,1,-0.05616600066423416,0.03296700119972229,-0.004883999936282635
1451267648900,1,-0.05250300094485283,0.013430999591946602,0.0024419999681413174
1451267648920,1,-0.04273499920964241,-0.0378509983420372,0.01831500045955181
1451267648939,1,-0.003662999952211976,-0.05372399836778641,0.02319899946451187
1451267648963,1,0.014651999808847904,-0.05128199979662895,0.021978000178933144
1451267648980,1,0.003662999952211976,-0.01953599974513054,0.01831500045955181
1451267649000,1,-0.020756999030709267,-0.006105000153183937,0.014651999808847904
1451267649020,1,-0.035408999770879745,0.003662999952211976,0.010989000089466572
1451267649045,1,-0.05738699808716774,0.0024419999681413174,0.012210000306367874
1451267649061,1,-0.05372399836778641,-0.008546999655663967,0.0024419999681413174
1451267649080,1,-0.02442000061273575,0.0,-0.007325999904423952
1451267649100,1,-0.003662999952211976,0.03174600005149841,-0.003662999952211976
1451267649121,1,-0.03296700119972229,0.02808300033211708,0.02930399961769581
1451267649141,1,-0.040293000638484955,-0.015873000025749207,0.03663000091910362
1451267649161,1,-0.0488400012254715,-0.02442000061273575,0.01831500045955181
1451267649182,1,-0.07203900068998337,-0.020756999030709267,0.014651999808847904
1451267649200,1,-0.08791200071573257,-0.015873000025749207,0.004883999936282635
1451267649221,1,-0.0488400012254715,0.026861999183893204,-0.00976799987256527
1451267649242,1,-0.025640999898314476,0.050060998648405075,0.006105000153183937
1451267649262,1,0.0024419999681413174,0.040293000638484955,0.017093999311327934
1451267649283,1,0.00976799987256527,-0.0024419999681413174,0.025640999898314476
1451267649302,1,-0.0024419999681413174,-0.0378509983420372,0.008546999655663967
1451267649323,1,0.006105000153183937,-0.06349200010299683,-0.01831500045955181
1451267649342,1,0.040293000638484955,-0.020756999030709267,0.0
1451267649361,1,0.059829000383615494,0.013430999591946602,0.035408999770879745
1451267649382,1,0.05250300094485283,0.020756999030709267,0.059829000383615494
1451267649402,1,0.035408999770879745,-0.008546999655663967,0.05128199979662895
1451267649423,1,-0.015873000025749207,-0.030524998903274536,0.020756999030709267
1451267649442,1,-0.06227099895477295,0.0,-0.020756999030709267
1451267649467,1,-0.05616600066423416,0.04761900007724762,-0.025640999898314476
1451267649484,1,-0.04151399806141853,0.06959699839353561,-0.003662999952211976
1451267649504,1,-0.021978000178933144,0.04273499920964241,0.008546999655663967
1451267649524,1,-0.006105000153183937,-0.010989000089466572,0.008546999655663967
1451267649542,1,0.007325999904423952,-0.0488400012254715,0.0024419999681413174
1451267649564,1,-0.004883999936282635,0.0024419999681413174,-0.015873000025749207
1451267649584,1,-0.026861999183893204,0.06227099895477295,-0.008546999655663967
1451267649604,1,-0.040293000638484955,0.054944999516010284,0.013430999591946602
1451267649624,2,-0.014651999808847904,-0.0024419999681413174,0.02930399961769581
1451267649645,2,0.02442000061273575,-0.054944999516010284,0.0024419999681413174
1451267649665,2,0.007325999904423952,-0.02319899946451187,-0.007325999904423952
1451267649686,2,-0.015873000025749207,0.00976799987256527,-0.013430999591946602
1451267649705,2,-0.021978000178933144,0.02930399961769581,-0.015873000025749207
1451267649724,2,-0.006105000153183937,0.013430999591946602,-0.010989000089466572
1451267649743,2,-0.0012209999840706587,-0.003662999952211976,-0.014651999808847904
1451267649764,2,-0.03296700119972229,-0.006105000153183937,-0.0012209999840706587
1451267649785,2,-0.0378509983420372,0.006105000153183937,-0.006105000153183937
1451267649805,2,-0.04395600035786629,0.03296700119972229,-0.007325999904423952
1451267649826,2,-0.0488400012254715,0.04395600035786629,-0.003662999952211976
1451267649845,2,-0.03418799862265587,0.035408999770879745,0.004883999936282635
1451267649866,2,0.006105000153183937,0.00976799987256527,0.010989000089466572
1451267649885,2,0.010989000089466572,0.0024419999681413174,0.0024419999681413174
1451267649906,2,0.0,0.007325999904423952,-0.006105000153183937
1451267649927,2,-0.013430999591946602,0.010989000089466572,-0.010989000089466572
1451267649945,2,-0.012210000306367874,0.00976799987256527,-0.01953599974513054
1451267649965,2,0.02442000061273575,0.003662999952211976,-0.01953599974513054
1451267649985,2,0.025640999898314476,0.0012209999840706587,-0.01831500045955181
1451267650006,2,0.0024419999681413174,-0.007325999904423952,-0.012210000306367874
1451267650026,2,-0.01953599974513054,-0.015873000025749207,-0.013430999591946602
1451267650045,2,-0.021978000178933144,-0.0012209999840706587,-0.01953599974513054
1451267650066,2,-0.03296700119972229,0.020756999030709267,-0.01953599974513054
1451267650086,2,0.014651999808847904,-0.025640999898314476,0.003662999952211976
1451267650109,2,0.012210000306367874,-0.02442000061273575,-0.003662999952211976
1451267650126,2,-0.015873000025749207,-0.0012209999840706587,-0.010989000089466572
1451267650146,2,-0.03907199949026108,0.010989000089466572,-0.015873000025749207
1451267650172,2,-0.02930399961769581,0.020756999030709267,-0.010989000089466572
1451267650187,2,0.012210000306367874,-0.004883999936282635,0.03663000091910362
1451267650207,2,0.006105000153183937,-0.03296700119972229,0.02808300033211708
1451267650227,2,-0.01831500045955181,-0.02808300033211708,-0.0024419999681413174
1451267650247,2,-0.03296700119972229,0.004883999936282635,-0.03418799862265587
1451267650268,2,-0.03663000091910362,0.02930399961769581,-0.04151399806141853
1451267650288,2,-0.0024419999681413174,-0.050060998648405075,0.008546999655663967
1451267650312,2,0.05616600066423416,-0.23443199694156647,0.09035399556159973
1451267650327,2,0.20634900033473969,-0.5128200054168701,0.27960899472236633
1451267650348,2,0.43589699268341064,-0.2747249901294708,-0.0488400012254715
1451267650368,2,0.5641019940376282,1.8913289308547974,-1.0598280429840088
1451267650388,2,0.24664199352264404,1.7667869329452515,-0.5286930203437805
1451267650408,2,0.2271059900522232,-0.8632469773292542,0.41880300641059875
1451267650428,2,-0.04395600035786629,-1.3504259586334229,0.6788759827613831
1451267650448,2,-0.42490798234939575,-1.1660549640655518,0.5409029722213745
1451267650469,2,-0.647130012512207,-0.34920600056648254,0.21855899691581726
1451267650489,2,-0.5567759871482849,0.3357749879360199,-0.08791200071573257
1451267650508,2,0.3504270017147064,0.299144983291626,0.004883999936282635
1451267650532,2,0.5482289791107178,-0.10988999903202057,0.22954799234867096
1451267650553,2,0.4212450087070465,-0.2979239821434021,0.28449299931526184
1451267650569,2,0.14285700023174286,-0.19047600030899048,0.12698400020599365
1451267650590,2,-0.11965800076723099,0.0378509983420372,-0.11965800076723099
1451267650609,2,-0.3455429971218109,0.13797299563884735,-0.36629998683929443
1451267650630,2,-0.308912992477417,0.05250300094485283,-0.3614159822463989
1451267650650,2,-0.22344300150871277,-0.010989000089466572,-0.31623899936676025
1451267650676,2,-0.13186800479888916,-0.010989000089466572,-0.26251500844955444
1451267650689,2,-0.06227099895477295,0.03296700119972229,-0.2051279991865158
1451267650709,2,-0.006105000153183937,0.02808300033211708,-0.11111100018024445
1451267650734,2,0.04395600035786629,-0.007325999904423952,-0.07448099553585052
1451267650750,2,0.04639799892902374,-0.03663000091910362,-0.06104999780654907
1451267650770,2,0.04395600035786629,-0.04151399806141853,-0.06227099895477295
1451267650790,2,0.04151399806141853,-0.020756999030709267,-0.05616600066423416
1451267650810,2,0.020756999030709267,0.02319899946451187,-0.030524998903274536
1451267650831,2,0.0,-0.035408999770879745,0.05128199979662895
1451267650850,2,0.0024419999681413174,-0.06837599724531174,0.05616600066423416
1451267650872,2,-0.004883999936282635,-0.05128199979662895,0.03663000091910362
1451267650890,2,-0.017093999311327934,-0.04151399806141853,0.012210000306367874
1451267650911,2,-0.03663000091910362,-0.02930399961769581,0.012210000306367874
1451267650931,2,-0.059829000383615494,-0.021978000178933144,0.02930399961769581
1451267650951,2,-0.045176997780799866,-0.026861999183893204,0.0378509983420372
1451267650971,2,-0.01953599974513054,-0.017093999311327934,0.04273499920964241
1451267650996,2,0.0024419999681413174,-0.0024419999681413174,0.04761900007724762
1451267651015,2,-0.0012209999840706587,0.004883999936282635,0.04273499920964241
1451267651031,2,-0.05616600066423416,0.020756999030709267,0.04395600035786629
1451267651051,2,-0.05616600066423416,0.00976799987256527,0.045176997780799866
1451267651071,2,-0.01831500045955181,0.0024419999681413174,0.04273499920964241
1451267651092,2,0.00976799987256527,0.004883999936282635,0.04151399806141853
1451267651112,2,0.010989000089466572,-0.00976799987256527,0.050060998648405075
1451267651132,2,-0.0024419999681413174,-0.012210000306367874,0.05616600066423416
1451267651152,2,-0.045176997780799866,0.010989000089466572,0.035408999770879745
1451267651172,2,-0.035408999770879745,0.008546999655663967,0.040293000638484955
1451267651192,2,-0.006105000153183937,-0.00976799987256527,0.06349200010299683
1451267651212,2,0.013430999591946602,-0.02319899946451187,0.06959699839353561
1451267651239,2,0.020756999030709267,-0.02442000061273575,0.05860799923539162
1451267651254,2,0.013430999591946602,0.008546999655663967,0.020756999030709267
1451267651275,2,0.0,0.030524998903274536,0.01953599974513054
1451267651293,2,-0.007325999904423952,0.01953599974513054,0.030524998903274536
1451267651313,2,0.0024419999681413174,-0.0024419999681413174,0.03418799862265587
1451267651333,2,0.014651999808847904,-0.00976799987256527,0.02930399961769581
1451267651354,2,0.003662999952211976,0.0012209999840706587,0.021978000178933144
1451267651374,2,-0.010989000089466572,0.013430999591946602,0.00976799987256527
1451267651393,2,-0.02808300033211708,0.03296700119972229,0.010989000089466572
1451267651414,2,-0.03663000091910362,0.02930399961769581,0.03907199949026108
1451267651435,2,-0.015873000025749207,0.015873000025749207,0.050060998648405075
1451267651454,2,-0.004883999936282635,0.004883999936282635,0.05250300094485283
1451267651477,2,-0.02319899946451187,0.02319899946451187,0.020756999030709267
1451267651498,2,-0.030524998903274536,0.04395600035786629,0.020756999030709267
1451267651518,2,-0.02319899946451187,0.04395600035786629,0.0378509983420372
1451267651535,2,-0.00976799987256527,0.026861999183893204,0.06227099895477295
1451267651555,2,0.010989000089466572,0.030524998903274536,0.06349200010299683
1451267651576,2,0.0,0.020756999030709267,0.035408999770879745
1451267651594,2,-0.013430999591946602,0.02808300033211708,0.015873000025749207
1451267651616,2,-0.020756999030709267,0.03418799862265587,0.014651999808847904
1451267651639,2,-0.020756999030709267,0.05738699808716774,0.012210000306367874
