1451311360003,1,-0.6410250067710876,-0.25641000270843506,0.25641000270843506
1451311360028,1,-0.006105000153183937,0.08424899727106094,0.08180700242519379
1451311360042,1,0.04639799892902374,0.11599499732255936,0.05372399836778641
1451311360063,1,0.0757019966840744,-0.008546999655663967,0.0012209999840706587
1451311360083,1,0.08546999841928482,-0.02808300033211708,-0.030524998903274536
1451311360103,1,0.1355309933423996,0.10988999903202057,-0.050060998648405075
1451311360123,1,0.22588500380516052,0.334553986787796,-0.02808300033211708
1451311360144,1,0.299144983291626,0.7362629771232605,-0.030524998903274536
1451311360162,1,0.2820509970188141,0.7887659668922424,-0.06593400239944458
1451311360183,1,0.24053700268268585,0.4761900007724762,-0.13797299563884735
1451311360203,1,0.3455429971218109,0.3296699821949005,-0.2918190062046051
1451311360224,1,0.5006099939346313,0.39682498574256897,-0.39682498574256897
1451311360243,1,0.5128200054168701,0.4151400029659271,-0.22954799234867096
1451311360263,1,0.3785099983215332,0.3406589925289154,-0.06837599724531174
1451311360283,1,0.22832699120044708,0.4212450087070465,0.07692299783229828
1451311360304,1,0.12576299905776978,0.6446880102157593,0.18681299686431885
1451311360323,1,0.05860799923539162,0.8485949635505676,0.2429789900779724
1451311360344,1,-0.2967030107975006,0.7960919737815857,-0.5592179894447327
1451311360368,1,-0.6971909999847412,-0.21855899691581726,-1.297922968864441
1451311360388,1,-0.4273499846458435,-0.45054900646209717,-1.59340500831604
1451311360405,1,-0.23076899349689484,-0.47863200306892395,-1.09157395362854
1451311360425,1,-0.013430999591946602,-0.5750910043716431,-0.5299140214920044
1451311360450,1,0.07326000183820724,-0.45787498354911804,-0.5421239733695984
1451311360464,1,-0.012210000306367874,0.8510369658470154,-0.8351640105247498
1451311360484,1,-0.2808299958705902,0.7069590091705322,-0.5909640192985535
1451311360506,1,-0.33333298563957214,0.4004879891872406,-0.16483499109745026
1451311360526,1,-0.1294260025024414,-0.04395600035786629,0.1941390037536621
1451311360545,1,0.1892549991607666,-0.4920629858970642,0.4774110019207001
1451311360565,1,0.6959699988365173,-1.5030509233474731,0.5921850204467773
1451311360587,1,1.1855909824371338,-1.6544549465179443,0.7753350138664246
1451311360606,1,0.7692300081253052,-0.5958479642868042,1.0036619901657104
1451311360626,1,0.10134299844503403,2.6984100341796875,1.1330879926681519
1451311360648,1,-0.02930399961769581,2.0695948600769043,0.7643460035324097
1451311360671,1,0.5689859986305237,0.8253960013389587,0.05128199979662895
1451311360687,1,0.46275898814201355,0.3455429971218109,0.08913300186395645
1451311360707,1,0.3369959890842438,0.10500600188970566,0.11477399617433548
1451311360727,1,0.41269800066947937,0.11477399617433548,0.054944999516010284
1451311360747,1,0.49572598934173584,0.17460300028324127,-0.04639799892902374
1451311360768,1,0.45054900646209717,0.27960899472236633,-0.1514039933681488
1451311360788,1,-0.47863200306892395,0.390720009803772,0.3724049925804138
1451311360807,1,-0.08058600127696991,-0.8998770117759705,0.946274995803833
1451311360827,1,0.44200199842453003,-1.4542109966278076,1.5567749738693237
1451311360847,1,0.7325999736785889,-1.5872999429702759,1.2234419584274292
1451311360866,1,0.47252699732780457,-0.9157499670982361,0.14163599908351898
1451311360887,1,-1.1257619857788086,1.0231980085372925,-0.7948709726333618
1451311360908,1,-1.8595830202102661,1.3736250400543213,-0.1404149979352951
1451311360927,1,-1.771670937538147,0.5250300168991089,0.6642239689826965
1451311360947,1,-0.8437110185623169,-0.31623899936676025,0.8351640105247498
1451311360967,1,0.12209999561309814,-1.0170929431915283,0.46275898814201355
1451311360988,1,0.5213670134544373,-0.3638579845428467,-0.025640999898314476
1451311361009,1,0.24786299467086792,0.39316198229789734,0.09157499670982361
1451311361030,1,0.10744799673557281,0.8437110185623169,0.13675199449062347
1451311361049,1,0.05738699808716774,0.7081800103187561,0.09035399556159973
1451311361069,1,0.07692299783229828,0.2698409855365753,-0.0012209999840706587
1451311361089,1,0.09401699900627136,-0.2857140004634857,-0.14163599908351898
1451311361109,1,0.04273499920964241,-0.8083019852638245,-0.195360004901886
1451311361129,1,-0.050060998648405075,-0.6556770205497742,-0.09645900130271912
1451311361148,1,-0.13064700365066528,-0.299144983291626,0.0024419999681413174
1451311361170,1,-0.15262499451637268,-0.12820500135421753,-0.045176997780799866
1451311361190,1,-0.1892549991607666,-0.04273499920964241,0.1025639995932579
1451311361210,1,-0.11233200132846832,-0.2319899946451187,0.06715499609708786
1451311361230,1,-0.10988999903202057,-0.31623899936676025,0.0
1451311361248,1,-0.15384599566459656,-0.24542099237442017,-0.04151399806141853
1451311361274,1,-0.30524998903274536,0.12698400020599365,-0.03907199949026108
1451311361290,1,-0.31013399362564087,0.31746000051498413,0.02319899946451187
1451311361310,1,-0.1684979945421219,0.22344300150871277,0.03907199949026108
1451311361330,1,-0.10012199729681015,0.07081799954175949,0.02808300033211708
1451311361351,1,-0.040293000638484955,-0.045176997780799866,0.02930399961769581
1451311361370,1,0.013430999591946602,-0.06959699839353561,0.04639799892902374
1451311361391,1,0.06104999780654907,0.013430999591946602,0.0757019966840744
1451311361415,1,0.08302799612283707,0.1623930037021637,0.07692299783229828
1451311361430,1,0.010989000089466572,0.22832699120044708,0.1514039933681488
1451311361451,1,-0.0647130012512207,0.1562879979610443,0.21855899691581726
1451311361472,1,-0.15873000025749207,0.09523800015449524,0.2539680004119873
1451311361490,1,-0.195360004901886,0.05860799923539162,0.25763100385665894
1451311361515,1,-0.1025639995932579,0.01831500045955181,0.20390699803829193
1451311361530,1,-0.05128199979662895,0.14163599908351898,0.11965800076723099
1451311361551,1,-0.195360004901886,0.2271059900522232,0.1294260025024414
1451311361571,1,-0.2771669924259186,0.2271059900522232,0.14285700023174286
1451311361591,1,-0.2271059900522232,0.1404149979352951,0.16605599224567413
1451311361612,1,-0.15262499451637268,0.09401699900627136,0.18314999341964722
1451311361631,1,-0.10134299844503403,0.006105000153183937,0.21245399117469788
1451311361652,1,-0.097680002450943,-0.026861999183893204,0.211232990026474
1451311361671,1,-0.10988999903202057,-0.05372399836778641,0.17216099798679352
1451311361692,1,-0.14896199107170105,-0.03907199949026108,0.10012199729681015
1451311361711,1,-0.1843709945678711,0.021978000178933144,0.04273499920964241
1451311361733,1,-0.1941390037536621,0.08913300186395645,0.021978000178933144
1451311361752,1,-0.10134299844503403,0.05616600066423416,0.08424899727106094
1451311361773,1,-0.02930399961769581,-0.02930399961769581,0.09523800015449524
1451311361793,1,0.0,-0.07081799954175949,0.08180700242519379
1451311361812,1,-0.003662999952211976,-0.04273499920964241,0.08546999841928482
1451311361832,1,-0.017093999311327934,0.012210000306367874,0.08180700242519379
1451311361853,1,-0.03418799862265587,0.09157499670982361,0.04761900007724762
1451311361874,1,-0.0488400012254715,0.06104999780654907,0.02930399961769581
1451311361893,2,-0.07448099553585052,-0.004883999936282635,0.03296700119972229
1451311361920,2,-0.0866909995675087,-0.04273499920964241,0.021978000178933144
1451311361933,2,-0.07692299783229828,-0.07326000183820724,0.02442000061273575
1451311361954,2,-0.01953599974513054,-0.020756999030709267,0.021978000178933144
1451311361974,2,-0.013430999591946602,0.04273499920964241,0.02319899946451187
1451311361994,2,-0.010989000089466572,0.06349200010299683,0.02319899946451187
1451311362013,2,-0.012210000306367874,0.06837599724531174,0.026861999183893204
1451311362033,2,-0.015873000025749207,0.05128199979662895,0.0378509983420372
1451311362054,2,-0.014651999808847904,0.010989000089466572,0.07936500012874603
1451311362074,2,0.059829000383615494,-0.09035399556159973,0.09279599785804749
1451311362094,2,0.097680002450943,-0.09157499670982361,0.08791200071573257
1451311362113,2,0.11599499732255936,-0.0757019966840744,0.05738699808716774
1451311362134,2,0.09401699900627136,-0.07448099553585052,0.050060998648405075
1451311362154,2,0.05128199979662895,-0.097680002450943,0.0488400012254715
1451311362174,2,0.013430999591946602,-0.17093999683856964,0.02442000061273575
1451311362200,2,0.025640999898314476,-0.1355309933423996,0.01831500045955181
1451311362214,2,0.04395600035786629,-0.09157499670982361,0.03174600005149841
1451311362235,2,0.020756999030709267,-0.03296700119972229,0.014651999808847904
1451311362256,2,-0.040293000638484955,0.030524998903274536,-0.02808300033211708
1451311362276,2,-0.0866909995675087,0.06104999780654907,-0.050060998648405075
1451311362295,2,-0.04395600035786629,0.00976799987256527,-0.0024419999681413174
1451311362319,2,0.0,-0.021978000178933144,0.0378509983420372
1451311362337,2,0.0024419999681413174,-0.06227099895477295,0.05738699808716774
1451311362357,2,-0.014651999808847904,-0.09279599785804749,0.0647130012512207
1451311362377,2,-0.0024419999681413174,-0.07814399898052216,0.1452990025281906
1451311362395,2,-0.03174600005149841,-0.05128199979662895,0.18681299686431885
1451311362416,2,-0.02442000061273575,-0.04395600035786629,0.30036598443984985
1451311362437,2,0.07081799954175949,-0.06959699839353561,0.5213670134544373
1451311362457,2,0.08058600127696991,-0.32234400510787964,-0.8852249979972839
1451311362479,2,-0.5787540078163147,0.9010980129241943,-0.608057975769043
1451311362496,2,0.15262499451637268,-0.0012209999840706587,0.28449299931526184
1451311362518,2,0.17216099798679352,-0.5836380124092102,0.6507930159568787
1451311362537,2,0.18070799112319946,-0.5115990042686462,0.7142850160598755
1451311362557,2,0.2002439945936203,-0.32844898104667664,0.3772889971733093
1451311362577,2,0.09523800015449524,-0.10012199729681015,-0.0378509983420372
1451311362597,2,-0.12820500135421753,0.3028079867362976,-0.040293000638484955
1451311362616,2,-0.1025639995932579,0.27350398898124695,0.021978000178933144
1451311362637,2,-0.020756999030709267,0.11477399617433548,0.0024419999681413174
1451311362658,2,0.06104999780654907,-0.03907199949026108,0.003662999952211976
1451311362678,2,0.10866899788379669,-0.0866909995675087,0.04395600035786629
1451311362697,2,0.02808300033211708,0.03418799862265587,0.0378509983420372
1451311362717,2,-0.004883999936282635,0.09035399556159973,-0.012210000306367874
1451311362739,2,0.030524998903274536,0.07448099553585052,-0.03296700119972229
1451311362758,2,0.10866899788379669,0.021978000178933144,-0.015873000025749207
1451311362779,2,0.12087900191545486,-0.030524998903274536,-0.02319899946451187
1451311362802,2,0.09523800015449524,-0.03296700119972229,-0.05372399836778641
1451311362818,2,0.004883999936282635,0.012210000306367874,-0.10378500074148178
1451311362840,2,-0.008546999655663967,0.02442000061273575,-0.10378500074148178
1451311362860,2,0.004883999936282635,0.017093999311327934,-0.0866909995675087
1451311362879,2,0.0,-0.003662999952211976,-0.06959699839353561
1451311362898,2,-0.025640999898314476,-0.02808300033211708,-0.06715499609708786
1451311362920,2,-0.17704500257968903,-0.06715499609708786,-0.09890099614858627
1451311362939,2,-0.2551890015602112,-0.097680002450943,-0.08180700242519379
1451311362960,2,-0.2771669924259186,-0.13797299563884735,-0.04761900007724762
1451311362981,2,-0.23443199694156647,-0.18070799112319946,-0.01953599974513054
1451311363000,2,-0.20268599689006805,-0.21367499232292175,-0.0012209999840706587
1451311363031,2,-0.23687399923801422,-0.1355309933423996,-0.015873000025749207
1451311363039,2,-0.15873000025749207,-0.10622699558734894,-0.04273499920964241
1451311363060,2,-0.0012209999840706587,-0.09523800015449524,-0.050060998648405075
1451311363080,2,0.1514039933681488,-0.06593400239944458,-0.045176997780799866
1451311363099,2,0.2441999912261963,-0.02930399961769581,-0.045176997780799866
1451311363121,2,0.27350398898124695,-0.013430999591946602,-0.05616600066423416
1451311363141,2,0.20268599689006805,-0.0488400012254715,-0.097680002450943
1451311363160,2,0.12820500135421753,-0.10012199729681015,-0.14285700023174286
1451311363181,2,0.03418799862265587,-0.1404149979352951,-0.17948700487613678
1451311363200,2,-0.02930399961769581,-0.1245419979095459,-0.19658099114894867
1451311363221,2,-0.04395600035786629,-0.07814399898052216,-0.17582400143146515
1451311363242,2,-0.010989000089466572,0.0024419999681413174,-0.08791200071573257
1451311363262,2,0.014651999808847904,-0.02442000061273575,-0.02442000061273575
1451311363280,2,0.012210000306367874,-0.0647130012512207,0.01831500045955181
1451311363302,2,-0.021978000178933144,-0.06959699839353561,0.03296700119972229
1451311363321,2,-0.059829000383615494,-0.03907199949026108,0.04151399806141853
1451311363341,2,-0.08302799612283707,-0.003662999952211976,0.11843699961900711
1451311363363,2,-0.05738699808716774,-0.01953599974513054,0.1514039933681488
1451311363382,2,-0.010989000089466572,-0.035408999770879745,0.16117200255393982
1451311363401,2,0.02930399961769581,-0.045176997780799866,0.1623930037021637
1451311363422,2,0.06227099895477295,-0.02442000061273575,0.16605599224567413
1451311363441,2,0.10500600188970566,0.010989000089466572,0.17460300028324127
1451311363462,2,0.12820500135421753,0.050060998648405075,0.15384599566459656
1451311363482,2,0.08302799612283707,0.04273499920964241,0.12698400020599365
1451311363502,2,0.030524998903274536,0.03174600005149841,0.10012199729681015
1451311363523,2,0.008546999655663967,-0.017093999311327934,0.08424899727106094
1451311363546,2,0.02442000061273575,-0.050060998648405075,0.07936500012874603
1451311363567,2,0.0378509983420372,0.0024419999681413174,0.09890099614858627
1451311363583,2,0.03296700119972229,0.04395600035786629,0.1135529950261116
1451311363602,2,0.05250300094485283,0.08424899727106094,0.09401699900627136
1451311363623,2,0.06349200010299683,0.10378500074148178,0.07936500012874603
1451311363644,2,0.09401699900627136,0.10378500074148178,0.05738699808716774
1451311363664,2,0.11843699961900711,0.07936500012874603,0.050060998648405075
1451311363683,2,0.12698400020599365,0.0866909995675087,0.05616600066423416
1451311363703,2,0.1294260025024414,0.06349200010299683,0.09645900130271912
1451311363725,2,0.1294260025024414,0.04639799892902374,0.10988999903202057
1451311363747,2,0.10134299844503403,0.02930399961769581,0.07448099553585052
1451311363763,2,0.0378509983420372,0.01953599974513054,0.006105000153183937
1451311363784,2,-0.09401699900627136,0.08302799612283707,-0.0378509983420372
1451311363805,2,-0.14896199107170105,0.13430999219417572,-0.004883999936282635
1451311363825,2,-0.16483499109745026,0.15262499451637268,0.00976799987256527
1451311363847,2,-0.11233200132846832,0.11111100018024445,-0.003662999952211976
1451311363864,2,0.006105000153183937,0.04761900007724762,-0.015873000025749207
1451311363885,2,0.12576299905776978,0.03663000091910362,0.007325999904423952
1451311363906,2,0.09401699900627136,0.025640999898314476,0.004883999936282635
1451311363926,1,0.0378509983420372,0.05372399836778641,-0.013430999591946602
1451311363948,1,-0.03418799862265587,0.08180700242519379,-0.0378509983420372
1451311363964,1,-0.07936500012874603,0.1135529950261116,-0.03174600005149841
1451311363986,1,0.0,0.0647130012512207,-0.0378509983420372
1451311364006,1,0.05860799923539162,0.05616600066423416,-0.054944999516010284
1451311364026,1,0.0757019966840744,0.05372399836778641,-0.07692299783229828
1451311364047,1,0.03663000091910362,0.08302799612283707,-0.10988999903202057
1451311364065,1,-0.014651999808847904,0.11111100018024445,-0.14163599908351898
1451311364085,1,-0.05860799923539162,0.11477399617433548,-0.1355309933423996
1451311364111,1,-0.08424899727106094,0.02442000061273575,-0.0866909995675087
1451311364127,1,-0.050060998648405075,0.02319899946451187,-0.12332099676132202
1451311364151,1,-0.00976799987256527,0.02442000061273575,-0.15995100140571594
1451311364171,1,0.03907199949026108,0.05860799923539162,-0.17216099798679352
1451311364187,1,0.06227099895477295,0.09890099614858627,-0.1562879979610443
1451311364207,1,0.017093999311327934,0.14407800137996674,-0.11843699961900711
1451311364229,1,-0.0012209999840706587,0.13308899104595184,-0.12209999561309814
1451311364251,1,-0.004883999936282635,0.14774100482463837,-0.15018299221992493
1451311364267,1,-0.03174600005149841,0.18192899227142334,-0.19291800260543823
1451311364288,1,-0.0012209999840706587,0.21001200377941132,-0.2918190062046051
1451311364307,1,0.167276993393898,0.9645900130271912,-0.4053719937801361
1451311364327,1,-0.39194098114967346,1.3687410354614258,0.9853469729423523
1451311364351,1,-0.18314999341964722,0.25152599811553955,1.5164819955825806
1451311364366,1,0.13675199449062347,0.017093999311327934,1.8595830202102661
1451311364387,1,0.3308909833431244,-0.1562879979610443,1.0830270051956177
1451311364408,1,0.21977999806404114,0.20634900033473969,-0.8754569888114929
1451311364427,1,-0.31013399362564087,0.299144983291626,-0.8901090025901794
1451311364452,1,-0.49450498819351196,-0.04395600035786629,-0.5177040100097656
1451311364468,1,-0.48473697900772095,-0.43589699268341064,-0.10622699558734894
1451311364488,1,-0.4481070041656494,-0.4920629858970642,0.1684979945421219
1451311364514,1,-0.3943829834461212,-0.7936499714851379,0.38583600521087646
1451311364529,1,0.07326000183820724,-0.5335769653320313,-0.07081799954175949
1451311364548,1,0.04761900007724762,-0.24786299467086792,-0.23443199694156647
1451311364570,1,-0.06349200010299683,-0.006105000153183937,-0.22466400265693665
1451311364590,1,-0.11111100018024445,0.1294260025024414,-0.16605599224567413
1451311364613,1,-0.07326000183820724,0.11721599847078323,-0.10866899788379669
1451311364629,1,0.045176997780799866,-0.07814399898052216,-0.07692299783229828
1451311364648,1,0.08424899727106094,-0.05128199979662895,-0.097680002450943
1451311364669,1,0.05738699808716774,0.040293000638484955,-0.07081799954175949
1451311364689,1,0.00976799987256527,0.07081799954175949,0.004883999936282635
1451311364709,1,-0.02808300033211708,0.04273499920964241,0.06104999780654907
1451311364730,1,-0.05738699808716774,-0.06227099895477295,0.040293000638484955
1451311364749,1,-0.12209999561309814,-0.050060998648405075,0.006105000153183937
1451311364770,1,-0.18070799112319946,-0.020756999030709267,-0.01831500045955181
1451311364790,1,-0.22588500380516052,0.021978000178933144,-0.02930399961769581
1451311364816,1,-0.21367499232292175,0.05250300094485283,-0.03418799862265587
1451311364830,1,-0.1941390037536621,0.05250300094485283,-0.03418799862265587
1451311364849,1,-0.19658099114894867,-0.04273499920964241,-0.059829000383615494
1451311364870,1,-0.2222220003604889,-0.0757019966840744,-0.1135529950261116
1451311364890,1,-0.23687399923801422,-0.054944999516010284,-0.1465200036764145
1451311364910,1,-0.2490839958190918,0.0024419999681413174,-0.15384599566459656
1451311364931,1,-0.22832699120044708,0.01953599974513054,-0.11233200132846832
1451311364951,1,-0.0488400012254715,-0.06593400239944458,-0.07448099553585052
1451311364971,1,0.012210000306367874,-0.1355309933423996,-0.0757019966840744
1451311364991,1,0.003662999952211976,-0.17460300028324127,-0.10012199729681015
1451311365012,1,-0.03418799862265587,-0.13675199449062347,-0.14407800137996674
1451311365032,1,-0.09523800015449524,-0.04395600035786629,-0.15873000025749207
1451311365052,1,-0.08180700242519379,0.007325999904423952,-0.07326000183820724
1451311365072,1,0.007325999904423952,-0.05616600066423416,-0.025640999898314476
1451311365091,1,0.0757019966840744,-0.10134299844503403,0.003662999952211976
1451311365113,1,0.0866909995675087,-0.09401699900627136,0.004883999936282635
1451311365131,1,0.0647130012512207,-0.05372399836778641,-0.0012209999840706587
1451311365152,1,0.026861999183893204,-0.015873000025749207,-0.013430999591946602
1451311365173,1,0.03907199949026108,0.015873000025749207,-0.012210000306367874
1451311365192,1,0.05372399836778641,-0.014651999808847904,0.006105000153183937
1451311365214,1,0.07203900068998337,-0.06227099895477295,0.012210000306367874
1451311365232,1,0.07081799954175949,-0.08180700242519379,-0.020756999030709267
1451311365252,1,0.03174600005149841,-0.06837599724531174,-0.03663000091910362
1451311365272,1,-0.05250300094485283,-0.12820500135421753,-0.021978000178933144
1451311365293,1,-0.008546999655663967,-0.18314999341964722,-0.035408999770879745
1451311365314,1,0.04639799892902374,-0.16361400485038757,-0.05128199979662895
1451311365334,1,0.015873000025749207,-0.07936500012874603,-0.05616600066423416
1451311365354,1,-0.05738699808716774,-0.008546999655663967,-0.035408999770879745
1451311365374,1,-0.05860799923539162,-0.04395600035786629,-0.017093999311327934
1451311365401,1,-0.021978000178933144,-0.06227099895477295,-0.006105000153183937
1451311365414,1,0.004883999936282635,-0.05616600066423416,-0.0012209999840706587
1451311365433,1,0.010989000089466572,-0.030524998903274536,-0.007325999904423952
1451311365455,1,0.012210000306367874,-0.02808300033211708,-0.015873000025749207
1451311365475,1,0.01953599974513054,-0.030524998903274536,-0.004883999936282635
1451311365495,1,0.03296700119972229,-0.010989000089466572,0.02930399961769581
1451311365514,1,0.030524998903274536,0.003662999952211976,0.025640999898314476
1451311365539,1,0.03418799862265587,0.014651999808847904,0.012210000306367874
1451311365555,1,0.04273499920964241,0.026861999183893204,0.017093999311327934
1451311365575,1,0.04273499920964241,0.008546999655663967,0.04151399806141853
1451311365595,1,0.013430999591946602,0.0024419999681413174,0.07203900068998337
1451311365615,1,-0.007325999904423952,-0.01831500045955181,0.0757019966840744
1451311365634,1,0.00976799987256527,-0.035408999770879745,0.06227099895477295
1451311365656,1,0.020756999030709267,0.0,0.05860799923539162
1451311365676,1,0.013430999591946602,0.012210000306367874,0.07203900068998337
1451311365697,1,0.06104999780654907,0.02808300033211708,0.06959699839353561
1451311365715,1,0.04639799892902374,0.0378509983420372,0.07936500012874603
1451311365734,1,0.025640999898314476,0.013430999591946602,0.09401699900627136
1451311365755,1,0.012210000306367874,-0.003662999952211976,0.0866909995675087
1451311365775,1,0.013430999591946602,-0.008546999655663967,0.0647130012512207
1451311365795,1,0.00976799987256527,0.008546999655663967,0.0378509983420372
1451311365816,1,-0.004883999936282635,0.02930399961769581,0.045176997780799866
1451311365837,1,0.012210000306367874,0.013430999591946602,0.08302799612283707
1451311365857,1,0.0378509983420372,-0.015873000025749207,0.10012199729681015
1451311365877,1,0.04273499920964241,-0.02930399961769581,0.08058600127696991
1451311365898,1,0.017093999311327934,-0.03663000091910362,0.040293000638484955
1451311365917,1,-0.10134299844503403,-0.04151399806141853,-0.01953599974513054
1451311365937,1,-0.12087900191545486,-0.050060998648405075,0.013430999591946602
1451311365956,2,-0.1025639995932579,-0.08058600127696991,0.04761900007724762
1451311365977,2,-0.050060998648405075,-0.07814399898052216,0.06104999780654907
1451311365997,2,-0.010989000089466572,-0.0378509983420372,0.0488400012254715
1451311366017,2,0.00976799987256527,0.04273499920964241,0.04151399806141853
1451311366038,2,0.010989000089466572,0.04761900007724762,0.059829000383615494
1451311366058,2,0.00976799987256527,0.03174600005149841,0.07448099553585052
1451311366078,2,0.0,0.008546999655663967,0.07326000183820724
1451311366102,2,-0.010989000089466572,0.012210000306367874,0.03663000091910362
1451311366117,2,-0.026861999183893204,0.02930399961769581,-0.0012209999840706587
1451311366139,2,-0.003662999952211976,0.07692299783229828,0.01831500045955181
1451311366158,2,0.021978000178933144,0.05250300094485283,0.05738699808716774
1451311366178,2,0.02442000061273575,0.03418799862265587,0.06837599724531174
1451311366198,2,-0.007325999904423952,0.030524998903274536,0.05616600066423416
1451311366218,2,-0.02808300033211708,0.03296700119972229,0.035408999770879745
1451311366239,2,0.012210000306367874,0.04273499920964241,0.02930399961769581
1451311366259,2,0.02808300033211708,0.045176997780799866,0.05738699808716774
1451311366279,2,0.02808300033211708,0.059829000383615494,0.06837599724531174
1451311366298,2,0.020756999030709267,0.02930399961769581,0.06715499609708786
1451311366320,2,0.03296700119972229,-0.01831500045955181,0.054944999516010284
1451311366343,2,0.02808300033211708,-0.10134299844503403,0.017093999311327934
1451311366360,2,-0.006105000153183937,-0.06593400239944458,0.007325999904423952
1451311366379,2,-0.035408999770879745,0.021978000178933144,0.06715499609708786
1451311366404,2,-0.04273499920964241,0.06104999780654907,0.16483499109745026
1451311366424,2,-0.04273499920964241,0.07326000183820724,0.2820509970188141
1451311366444,2,-0.03907199949026108,0.02442000061273575,0.40292999148368835
1451311366459,2,-0.2588520050048828,2.4078118801116943,-0.8608049750328064
1451311366481,2,0.10500600188970566,1.7741129398345947,-0.23687399923801422
1451311366499,2,0.23687399923801422,1.2344310283660889,0.02930399961769581
1451311366519,2,0.08791200071573257,0.07326000183820724,0.22588500380516052
1451311366540,2,-0.22832699120044708,-2.028080940246582,0.3504270017147064
1451311366560,2,-0.9157499670982361,-0.9804629683494568,0.08546999841928482
1451311366580,2,-0.6092789769172668,-0.318681001663208,-0.2161169946193695
1451311366601,2,-0.10622699558734894,0.04151399806141853,-0.4774110019207001
1451311366621,2,0.12209999561309814,0.34798499941825867,-0.48351600766181946
1451311366641,2,0.08180700242519379,0.47374799847602844,-0.19047600030899048
1451311366661,2,0.015873000025749207,0.11965800076723099,0.10012199729681015
1451311366680,2,0.13797299563884735,-0.0488400012254715,0.07326000183820724
1451311366700,2,0.21001200377941132,-0.1245419979095459,0.03418799862265587
1451311366722,2,0.18192899227142334,-0.08302799612283707,0.03174600005149841
1451311366742,2,0.13430999219417572,0.010989000089466572,0.05128199979662895
1451311366762,2,0.12087900191545486,0.06349200010299683,0.045176997780799866
1451311366782,2,0.20757000148296356,-0.0024419999681413174,0.07203900068998337
1451311366801,2,0.20390699803829193,-0.06104999780654907,0.10378500074148178
1451311366823,2,0.15384599566459656,-0.06837599724531174,0.10012199729681015
1451311366843,2,0.08913300186395645,-0.05250300094485283,0.06837599724531174
1451311366862,2,0.04395600035786629,-0.03296700119972229,0.05250300094485283
1451311366881,2,0.08302799612283707,-0.09401699900627136,0.10622699558734894
1451311366902,2,0.13675199449062347,-0.15995100140571594,0.13430999219417572
1451311366922,2,0.12820500135421753,-0.16605599224567413,0.09523800015449524
1451311366943,2,0.03296700119972229,-0.08058600127696991,0.02319899946451187
1451311366964,2,-0.1025639995932579,0.021978000178933144,-0.026861999183893204
1451311366983,2,-0.06227099895477295,-0.20146499574184418,0.1514039933681488
1451311367004,2,0.0,0.020756999030709267,0.21977999806404114
1451311367024,2,0.03174600005149841,-0.04639799892902374,0.10988999903202057
1451311367044,2,0.09157499670982361,0.017093999311327934,-0.030524998903274536
1451311367064,2,0.08424899727106094,0.03907199949026108,-0.02319899946451187
1451311367083,2,0.09523800015449524,-0.05738699808716774,-0.02442000061273575
1451311367103,2,0.16971899569034576,-0.2820509970188141,-0.05128199979662895
1451311367124,2,0.2051279991865158,-0.2857140004634857,-0.05860799923539162
1451311367144,2,0.29426100850105286,0.05128199979662895,0.03174600005149841
1451311367164,2,0.195360004901886,0.25763100385665894,0.06593400239944458
1451311367183,2,0.1452990025281906,0.2503049969673157,0.05372399836778641
1451311367205,2,0.09401699900627136,0.09523800015449524,0.014651999808847904
1451311367225,2,0.013430999591946602,0.059829000383615494,0.0024419999681413174
1451311367245,2,-0.04761900007724762,0.014651999808847904,-0.004883999936282635
1451311367264,2,-0.06715499609708786,-0.025640999898314476,0.003662999952211976
1451311367284,2,-0.09279599785804749,-0.040293000638484955,0.003662999952211976
1451311367304,2,-0.13064700365066528,0.021978000178933144,-0.008546999655663967
1451311367325,2,-0.12576299905776978,0.021978000178933144,-0.004883999936282635
1451311367345,2,-0.10866899788379669,-0.025640999898314476,0.003662999952211976
1451311367364,2,-0.06959699839353561,-0.08791200071573257,0.02319899946451187
1451311367385,2,-0.02808300033211708,-0.12698400020599365,0.03907199949026108
1451311367406,2,-0.026861999183893204,-0.07692299783229828,0.0757019966840744
1451311367426,2,-0.059829000383615494,-0.01953599974513054,0.07814399898052216
1451311367448,2,-0.0488400012254715,0.02319899946451187,0.054944999516010284
1451311367465,2,-0.008546999655663967,0.03907199949026108,0.01831500045955181
1451311367486,2,0.03663000091910362,0.0012209999840706587,0.00976799987256527
1451311367507,2,0.1025639995932579,-0.04395600035786629,0.050060998648405075
1451311367527,2,0.2441999912261963,-0.13186800479888916,0.08913300186395645
1451311367546,2,0.31746000051498413,-0.1294260025024414,0.07814399898052216
1451311367565,2,0.2918190062046051,-0.097680002450943,0.08546999841928482
1451311367591,2,0.20634900033473969,-0.03907199949026108,0.08180700242519379
1451311367607,2,0.16361400485038757,-0.013430999591946602,0.05616600066423416
1451311367627,2,0.19291800260543823,0.03296700119972229,0.020756999030709267
1451311367648,2,0.14896199107170105,0.08424899727106094,0.026861999183893204
1451311367667,2,0.09645900130271912,0.11233200132846832,0.03296700119972229
1451311367688,2,0.054944999516010284,0.08424899727106094,0.02808300033211708
1451311367708,2,0.040293000638484955,0.03174600005149841,0.015873000025749207
1451311367727,2,0.04151399806141853,-0.07692299783229828,0.03296700119972229
1451311367752,2,0.045176997780799866,-0.12698400020599365,0.03174600005149841
1451311367768,2,0.07936500012874603,-0.12087900191545486,0.0
1451311367788,2,0.11111100018024445,-0.06959699839353561,-0.030524998903274536
1451311367808,2,0.09401699900627136,-0.014651999808847904,-0.04395600035786629
1451311367827,2,0.06715499609708786,-0.006105000153183937,-0.02442000061273575
1451311367847,2,0.0012209999840706587,-0.16117200255393982,-0.03174600005149841
1451311367866,2,0.004883999936282635,-0.17093999683856964,-0.05128199979662895
1451311367888,2,-0.021978000178933144,-0.07326000183820724,-0.07936500012874603
1451311367908,2,-0.07326000183820724,0.04761900007724762,-0.10134299844503403
1451311367928,2,-0.07448099553585052,0.08913300186395645,-0.13430999219417572
1451311367948,2,0.06715499609708786,-0.0012209999840706587,-0.24053700268268585
1451311367968,1,0.08424899727106094,0.04395600035786629,-0.23565299808979034
1451311367990,1,0.03174600005149841,0.08302799612283707,-0.18314999341964722
1451311368010,1,-0.015873000025749207,0.0647130012512207,-0.13308899104595184
1451311368037,1,0.010989000089466572,-0.0012209999840706587,-0.10988999903202057
1451311368051,1,0.1623930037021637,-0.04273499920964241,-0.0866909995675087
1451311368068,1,0.14896199107170105,-0.04273499920964241,-0.05372399836778641
1451311368088,1,0.0866909995675087,-0.014651999808847904,-0.01953599974513054
1451311368108,1,0.00976799987256527,0.021978000178933144,-0.003662999952211976
1451311368129,1,-0.02442000061273575,0.03296700119972229,-0.013430999591946602
1451311368149,1,0.006105000153183937,0.045176997780799866,-0.014651999808847904
1451311368169,1,0.05250300094485283,0.025640999898314476,-0.02442000061273575
1451311368190,1,0.03907199949026108,0.03296700119972229,-0.03907199949026108
1451311368210,1,0.03418799862265587,0.003662999952211976,-0.0488400012254715
1451311368230,1,0.054944999516010284,-0.026861999183893204,-0.045176997780799866
1451311368250,1,0.04151399806141853,-0.03663000091910362,-0.00976799987256527
1451311368269,1,-0.10500600188970566,0.0757019966840744,0.00976799987256527
1451311368291,1,-0.1684979945421219,0.09890099614858627,0.012210000306367874
1451311368310,1,-0.05128199979662895,0.11599499732255936,-0.035408999770879745
1451311368331,1,0.10622699558734894,0.19780199229717255,0.06227099895477295
1451311368350,1,0.045176997780799866,0.04761900007724762,0.4859579801559448
1451311368376,1,0.5970689654350281,-2.5103759765625,2.202683925628662
1451311368391,1,1.3003649711608887,-2.780216932296753,2.355309009552002
1451311368411,1,1.0061039924621582,-1.4139180183410645,1.616603970527649
1451311368431,1,0.12332099676132202,-0.1733819991350174,-0.23687399923801422
1451311368451,1,-0.8681309819221497,1.443221926689148,-1.4334540367126465
1451311368472,1,-1.7655659914016724,2.135529041290283,-1.1526240110397339
1451311368493,1,-1.328447937965393,0.781440019607544,0.41269800066947937
1451311368511,1,-0.299144983291626,-0.4212450087070465,0.6336989998817444
1451311368532,1,0.5384609699249268,-0.8437110185623169,0.38705700635910034
1451311368551,1,0.803417980670929,-0.5128200054168701,0.0
1451311368572,1,0.5311350226402283,-0.10866899788379669,-0.26251500844955444
1451311368593,1,-0.2002439945936203,0.3846150040626526,-0.3137969970703125
1451311368611,1,-0.2820509970188141,0.4285709857940674,-0.30524998903274536
1451311368632,1,-0.20390699803829193,0.3418799936771393,-0.2979239821434021
1451311368652,1,-0.06227099895477295,0.2380950003862381,-0.26251500844955444
1451311368673,1,0.06593400239944458,0.16117200255393982,-0.195360004901886
1451311368693,1,0.097680002450943,0.10988999903202057,-0.030524998903274536
1451311368715,1,0.0024419999681413174,0.14896199107170105,-0.0024419999681413174
1451311368732,1,-0.09035399556159973,0.1892549991607666,-0.00976799987256527
1451311368754,1,-0.1355309933423996,0.19169700145721436,-0.0647130012512207
1451311368774,1,-0.17216099798679352,0.16605599224567413,-0.10744799673557281
1451311368794,1,-0.20146499574184418,0.1025639995932579,-0.10744799673557281
1451311368815,1,-0.1294260025024414,-0.050060998648405075,-0.07692299783229828
1451311368832,1,-0.05860799923539162,-0.06715499609708786,-0.07692299783229828
1451311368853,1,-0.012210000306367874,-0.035408999770879745,-0.07448099553585052
1451311368873,1,0.012210000306367874,0.004883999936282635,-0.050060998648405075
1451311368894,1,0.020756999030709267,-0.014651999808847904,-0.03418799862265587
1451311368914,1,0.0,0.02808300033211708,-0.06959699839353561
1451311368933,1,-0.03296700119972229,0.059829000383615494,-0.06593400239944458
1451311368953,1,-0.05250300094485283,0.07448099553585052,-0.03907199949026108
1451311368975,1,-0.06104999780654907,0.05128199979662895,-0.017093999311327934
1451311368994,1,-0.030524998903274536,-0.00976799987256527,-0.012210000306367874
1451311369016,1,0.05250300094485283,-0.021978000178933144,-0.04761900007724762
1451311369035,1,0.021978000178933144,0.03296700119972229,-0.045176997780799866
1451311369054,1,-0.054944999516010284,0.03907199949026108,-0.025640999898314476
1451311369075,1,-0.11233200132846832,0.003662999952211976,-0.013430999591946602
1451311369097,1,-0.11233200132846832,-0.0488400012254715,-0.026861999183893204
1451311369115,1,-0.09279599785804749,-0.050060998648405075,-0.05372399836778641
1451311369135,1,-0.05616600066423416,0.059829000383615494,-0.08302799612283707
1451311369156,1,-0.03418799862265587,0.07936500012874603,-0.05616600066423416
1451311369176,1,-0.013430999591946602,0.04639799892902374,-0.03174600005149841
1451311369197,1,0.0,-0.015873000025749207,-0.03418799862265587
1451311369215,1,-0.006105000153183937,-0.025640999898314476,-0.06959699839353561
1451311369236,1,-0.08302799612283707,0.08424899727106094,-0.09157499670982361
1451311369256,1,-0.10744799673557281,0.0757019966840744,-0.06593400239944458
1451311369276,1,-0.1025639995932579,0.030524998903274536,-0.040293000638484955
1451311369297,1,-0.0757019966840744,-0.004883999936282635,-0.04395600035786629
1451311369316,1,-0.05372399836778641,0.012210000306367874,-0.06227099895477295
1451311369336,1,-0.08180700242519379,0.05860799923539162,-0.05860799923539162
1451311369357,1,-0.07692299783229828,0.03296700119972229,-0.05250300094485283
1451311369377,1,-0.07936500012874603,-0.035408999770879745,-0.03663000091910362
1451311369396,1,-0.07448099553585052,-0.05250300094485283,-0.03174600005149841
1451311369416,1,-0.06593400239944458,-0.021978000178933144,-0.03296700119972229
1451311369437,1,-0.040293000638484955,0.0024419999681413174,-0.013430999591946602
1451311369457,1,0.06104999780654907,0.04639799892902374,-0.015873000025749207
1451311369476,1,0.10012199729681015,0.03418799862265587,-0.01953599974513054
1451311369497,1,0.12820500135421753,0.025640999898314476,-0.012210000306367874
1451311369519,1,0.15262499451637268,0.015873000025749207,-0.0012209999840706587
1451311369542,1,0.195360004901886,0.045176997780799866,0.003662999952211976
1451311369562,1,0.17948700487613678,0.07448099553585052,0.02442000061273575
1451311369579,1,0.1623930037021637,0.08791200071573257,0.00976799987256527
1451311369599,1,0.13919399678707123,0.08791200071573257,-0.0012209999840706587
1451311369617,1,0.13064700365066528,0.0757019966840744,0.0012209999840706587
1451311369641,1,0.11233200132846832,0.0757019966840744,0.0024419999681413174
1451311369659,1,0.0647130012512207,0.08058600127696991,-0.020756999030709267
1451311369678,1,0.02808300033211708,0.09279599785804749,-0.03418799862265587
1451311369698,1,-0.015873000025749207,0.1025639995932579,-0.02930399961769581
1451311369718,1,-0.06104999780654907,0.09401699900627136,-0.014651999808847904
1451311369739,1,-0.09645900130271912,0.07326000183820724,-0.00976799987256527
1451311369759,1,-0.1294260025024414,0.0488400012254715,-0.05860799923539162
1451311369779,1,-0.12576299905776978,0.09279599785804749,-0.07448099553585052
1451311369798,1,-0.10988999903202057,0.1294260025024414,-0.04639799892902374
1451311369819,1,-0.10012199729681015,0.09523800015449524,0.004883999936282635
1451311369840,1,-0.09523800015449524,0.03907199949026108,0.026861999183893204
1451311369860,1,-0.1294260025024414,-0.013430999591946602,0.025640999898314476
1451311369881,1,-0.16605599224567413,0.06349200010299683,0.0012209999840706587
1451311369899,1,-0.13186800479888916,0.08791200071573257,-0.0012209999840706587
1451311369920,1,-0.07814399898052216,0.09035399556159973,0.015873000025749207
1451311369940,1,-0.03296700119972229,0.045176997780799866,0.04639799892902374
1451311369961,1,-0.03663000091910362,-0.0012209999840706587,0.06227099895477295
1451311369981,2,-0.09523800015449524,0.01953599974513054,0.00976799987256527
1451311370000,2,-0.11233200132846832,0.054944999516010284,-0.012210000306367874
1451311370021,2,-0.09401699900627136,0.07081799954175949,-0.004883999936282635
1451311370045,2,-0.05738699808716774,0.05128199979662895,0.010989000089466572
1451311370061,2,-0.020756999030709267,0.020756999030709267,0.03418799862265587
1451311370086,2,-0.013430999591946602,0.05372399836778641,0.02442000061273575
1451311370100,2,-0.05616600066423416,0.06349200010299683,0.0
1451311370121,2,-0.07203900068998337,0.040293000638484955,-0.025640999898314476
1451311370140,2,-0.05738699808716774,0.00976799987256527,-0.02319899946451187
1451311370160,2,-0.01953599974513054,-0.006105000153183937,-0.003662999952211976
1451311370182,2,0.007325999904423952,-0.008546999655663967,0.00976799987256527
1451311370200,2,-0.0012209999840706587,0.040293000638484955,-0.021978000178933144
1451311370221,2,-0.014651999808847904,0.03174600005149841,-0.035408999770879745
1451311370247,2,-0.02442000061273575,0.015873000025749207,-0.035408999770879745
1451311370261,2,-0.012210000306367874,0.0012209999840706587,-0.026861999183893204
1451311370281,2,0.014651999808847904,-0.020756999030709267,-0.017093999311327934
1451311370302,2,0.03663000091910362,-0.010989000089466572,-0.02319899946451187
1451311370323,2,0.003662999952211976,-0.0024419999681413174,-0.025640999898314476
1451311370343,2,-0.020756999030709267,0.0,-0.020756999030709267
1451311370365,2,-0.00976799987256527,-0.003662999952211976,-0.013430999591946602
1451311370381,2,0.02808300033211708,-0.03174600005149841,-0.0012209999840706587
1451311370403,2,0.030524998903274536,0.0024419999681413174,-0.006105000153183937
1451311370423,2,0.02319899946451187,0.015873000025749207,-0.008546999655663967
1451311370443,2,0.02319899946451187,0.00976799987256527,-0.003662999952211976
1451311370463,2,0.015873000025749207,-0.012210000306367874,0.01831500045955181
1451311370483,2,0.008546999655663967,-0.021978000178933144,0.025640999898314476
1451311370504,2,-0.00976799987256527,0.0012209999840706587,0.020756999030709267
1451311370524,2,-0.025640999898314476,0.03907199949026108,0.06959699839353561
1451311370544,2,-0.014651999808847904,0.03907199949026108,0.09645900130271912
1451311370563,2,-0.013430999591946602,0.025640999898314476,0.10866899788379669
1451311370584,2,-0.02808300033211708,0.0024419999681413174,0.10988999903202057
1451311370605,2,-0.050060998648405075,-0.00976799987256527,0.12332099676132202
1451311370624,2,0.09279599785804749,0.6568979620933533,-2.809520959854126
1451311370645,2,-0.586080014705658,2.8168468475341797,-1.6190459728240967
1451311370664,2,-0.4713059961795807,2.749691963195801,-0.894993007183075
1451311370684,2,-0.013430999591946602,1.1416349411010742,-0.27228298783302307
1451311370704,2,0.24786299467086792,-0.34798499941825867,0.2979239821434021
1451311370726,2,-0.14774100482463837,-1.80097496509552,0.46275898814201355
1451311370746,2,-0.2539680004119873,-1.070816993713379,0.18681299686431885
1451311370764,2,-0.23565299808979034,-0.41880300641059875,-0.22832699120044708
1451311370785,2,-0.20757000148296356,0.11965800076723099,-0.504272997379303
1451311370807,2,-0.1941390037536621,0.3626369833946228,-0.4102559983730316
1451311370826,2,-0.09645900130271912,0.27228298783302307,-0.15873000025749207
1451311370846,2,0.2271059900522232,-0.22100099921226501,0.07203900068998337
1451311370872,2,0.23076899349689484,-0.23443199694156647,0.045176997780799866
1451311370884,2,0.1135529950261116,-0.11111100018024445,-0.012210000306367874
1451311370906,2,-0.007325999904423952,0.017093999311327934,-0.0378509983420372
1451311370927,2,-0.03907199949026108,0.08302799612283707,-0.04761900007724762
1451311370946,2,0.0757019966840744,-0.06837599724531174,-0.03174600005149841
1451311370965,2,0.11599499732255936,-0.1025639995932579,-0.01831500045955181
1451311370987,2,0.09401699900627136,-0.09890099614858627,-0.017093999311327934
1451311371007,2,0.021978000178933144,-0.07203900068998337,-0.00976799987256527
1451311371028,2,-0.07448099553585052,-0.0488400012254715,-0.0012209999840706587
1451311371048,2,-0.097680002450943,-0.040293000638484955,0.01953599974513054
1451311371066,2,-0.02442000061273575,-0.03907199949026108,0.012210000306367874
1451311371092,2,0.030524998903274536,-0.04273499920964241,0.015873000025749207
1451311371108,2,0.03907199949026108,-0.07326000183820724,0.03907199949026108
1451311371129,2,0.026861999183893204,-0.06837599724531174,0.0647130012512207
1451311371154,2,0.020756999030709267,-0.03418799862265587,0.0866909995675087
1451311371168,2,0.006105000153183937,0.013430999591946602,0.05860799923539162
1451311371188,2,-0.0024419999681413174,0.0,0.02930399961769581
1451311371208,2,-0.004883999936282635,-0.013430999591946602,0.00976799987256527
1451311371228,2,0.006105000153183937,-0.00976799987256527,0.008546999655663967
1451311371248,2,0.012210000306367874,0.0024419999681413174,0.01831500045955181
1451311371268,2,-0.008546999655663967,-0.0024419999681413174,0.02442000061273575
1451311371289,2,-0.004883999936282635,0.00976799987256527,0.010989000089466572
1451311371309,2,0.008546999655663967,0.012210000306367874,0.015873000025749207
1451311371331,2,0.03663000091910362,0.0024419999681413174,0.035408999770879745
1451311371348,2,0.04639799892902374,-0.01953599974513054,0.05860799923539162
1451311371372,2,-0.02808300033211708,-0.035408999770879745,0.054944999516010284
1451311371393,2,-0.040293000638484955,-0.008546999655663967,0.03907199949026108
1451311371409,2,-0.02442000061273575,0.020756999030709267,0.02930399961769581
1451311371428,2,0.0,0.026861999183893204,0.04639799892902374
1451311371448,2,0.02808300033211708,0.0012209999840706587,0.07326000183820724
1451311371469,2,0.03907199949026108,-0.04151399806141853,0.08180700242519379
1451311371498,2,0.010989000089466572,-0.045176997780799866,0.04273499920964241
1451311371508,2,-0.00976799987256527,-0.02442000061273575,0.026861999183893204
1451311371536,2,-0.004883999936282635,-0.02808300033211708,0.021978000178933144
1451311371555,2,0.003662999952211976,-0.04395600035786629,0.020756999030709267
1451311371570,2,-0.008546999655663967,-0.04639799892902374,0.02808300033211708
1451311371590,2,-0.06715499609708786,-0.06593400239944458,0.015873000025749207
1451311371609,2,-0.0866909995675087,-0.07081799954175949,-0.007325999904423952
1451311371631,2,-0.09035399556159973,-0.045176997780799866,-0.030524998903274536
1451311371650,2,-0.07692299783229828,-0.03418799862265587,-0.021978000178933144
1451311371670,2,-0.050060998648405075,-0.03418799862265587,0.007325999904423952
1451311371690,2,0.010989000089466572,-0.0378509983420372,0.04395600035786629
1451311371711,2,0.017093999311327934,-0.025640999898314476,0.04151399806141853
1451311371730,2,0.004883999936282635,-0.0012209999840706587,0.02319899946451187
1451311371750,2,-0.004883999936282635,0.010989000089466572,0.015873000025749207
1451311371771,2,0.012210000306367874,0.0,0.010989000089466572
1451311371791,2,0.04761900007724762,-0.025640999898314476,0.07203900068998337
1451311371812,2,0.1684979945421219,-0.11965800076723099,0.09035399556159973
1451311371831,2,0.1892549991607666,-0.13797299563884735,0.1025639995932579
1451311371850,2,0.1575089991092682,-0.11111100018024445,0.0866909995675087
1451311371872,2,0.08180700242519379,-0.040293000638484955,0.05738699808716774
1451311371892,2,0.008546999655663967,0.03907199949026108,0.020756999030709267
1451311371911,2,-0.025640999898314476,0.05128199979662895,0.0012209999840706587
1451311371931,2,0.008546999655663967,0.006105000153183937,0.0024419999681413174
1451311371951,2,0.03418799862265587,-0.020756999030709267,0.007325999904423952
1451311371972,2,0.010989000089466572,-0.013430999591946602,0.0
1451311371993,2,-0.01831500045955181,0.03174600005149841,-0.02930399961769581
