1451311985824,1,-0.31746000051498413,0.9352859854698181,0.11599499732255936
1451311985843,1,-0.43101298809051514,0.6092789769172668,0.08424899727106094
1451311985863,1,-0.432233989238739,0.27838799357414246,0.0378509983420372
1451311985883,1,-0.30036598443984985,-0.07692299783229828,-0.059829000383615494
1451311985904,1,-0.19169700145721436,-0.293040007352829,-0.24053700268268585
1451311985924,1,-0.2661779820919037,-0.11599499732255936,-0.10500600188970566
1451311985944,1,-0.32844898104667664,-0.0866909995675087,-0.1135529950261116
1451311985965,1,-0.32234400510787964,0.006105000153183937,-0.12576299905776978
1451311985984,1,-0.2698409855365753,0.11843699961900711,-0.07692299783229828
1451311986004,1,-0.1404149979352951,0.18803399801254272,0.025640999898314476
1451311986025,1,0.08913300186395645,0.18681299686431885,0.09645900130271912
1451311986045,1,0.3833940029144287,0.26251500844955444,-0.006105000153183937
1451311986065,1,0.28449299931526184,0.2271059900522232,0.010989000089466572
1451311986089,1,0.0757019966840744,0.24542099237442017,0.012210000306367874
1451311986105,1,-0.10500600188970566,0.32234400510787964,0.03296700119972229
1451311986126,1,-0.18192899227142334,0.416361004114151,0.05738699808716774
1451311986148,1,-0.11477399617433548,0.7582409977912903,0.040293000638484955
1451311986165,1,-0.05372399836778641,0.8974350094795227,0.06349200010299683
1451311986186,1,-0.014651999808847904,0.9902309775352478,0.06349200010299683
1451311986206,1,-0.08180700242519379,1.04761803150177,0.012210000306367874
1451311986226,1,-0.20757000148296356,1.2295470237731934,-0.1623930037021637
1451311986253,1,-0.4652009904384613,1.4554319381713867,-0.2967030107975006
1451311986266,1,-0.4542119801044464,1.3772879838943481,-0.293040007352829
1451311986286,1,-0.40292999148368835,1.3101329803466797,-0.32112300395965576
1451311986306,1,-0.3638579845428467,1.4041500091552734,-0.5189250111579895
1451311986326,1,-0.4017089903354645,1.6507920026779175,-0.7960919737815857
1451311986346,1,-0.5164830088615417,1.727715015411377,-1.8620250225067139
1451311986370,1,-0.4981679916381836,1.5726479291915894,-1.0854690074920654
1451311986386,1,-0.23443199694156647,0.5958479642868042,-0.05250300094485283
1451311986407,1,0.5738700032234192,-0.5189250111579895,0.4432229995727539
1451311986427,1,0.6581189632415771,-0.6617819666862488,0.003662999952211976
1451311986453,1,0.3357749879360199,-0.4590959846973419,-0.7374839782714844
1451311986473,1,0.26739898324012756,-1.347983956336975,-1.22222101688385
1451311986487,1,0.2051279991865158,-1.9926719665527344,-1.2087899446487427
1451311986507,1,0.2979239821434021,-2.5909619331359863,-0.5970689654350281
1451311986528,1,0.26861998438835144,-2.606834888458252,-0.11843699961900711
1451311986555,1,0.2503049969673157,-2.2539658546447754,-0.09035399556159973
1451311986572,1,0.30647099018096924,-1.0793639421463013,-0.06227099895477295
1451311986588,1,0.3614159822463989,-0.9474959969520569,0.06349200010299683
1451311986607,1,0.4444440007209778,-0.9279599785804749,0.1355309933423996
1451311986627,1,0.5177040100097656,-0.8705729842185974,0.16605599224567413
1451311986648,1,0.6092789769172668,-0.8925510048866272,0.17216099798679352
1451311986667,1,0.6654449701309204,-0.689864993095398,0.10988999903202057
1451311986688,1,0.5726490020751953,-0.4932839870452881,0.10744799673557281
1451311986708,1,0.4664219915866852,-0.3516480028629303,0.12820500135421753
1451311986728,1,0.3614159822463989,-0.2600730061531067,0.17460300028324127
1451311986748,1,0.2759459912776947,-0.1245419979095459,0.195360004901886
1451311986768,1,0.2332109957933426,0.008546999655663967,0.17460300028324127
1451311986789,1,0.195360004901886,-0.04273499920964241,0.19658099114894867
1451311986810,1,0.12087900191545486,-0.059829000383615494,0.22466400265693665
1451311986829,1,0.04395600035786629,-0.013430999591946602,0.24175800383090973
1451311986849,1,0.012210000306367874,0.05738699808716774,0.2649570107460022
1451311986870,1,0.017093999311327934,0.09645900130271912,0.2979239821434021
1451311986889,1,0.02442000061273575,0.12332099676132202,0.2857140004634857
1451311986909,1,0.03418799862265587,0.09401699900627136,0.299144983291626
1451311986931,1,0.05860799923539162,0.06104999780654907,0.3247860074043274
1451311986950,1,0.1025639995932579,0.02930399961769581,0.3528690040111542
1451311986970,1,0.12820500135421753,0.03907199949026108,0.3455429971218109
1451311986990,1,0.04639799892902374,0.003662999952211976,0.31135499477386475
1451311987010,1,0.012210000306367874,-0.025640999898314476,0.3076919913291931
1451311987031,1,-0.012210000306367874,-0.11599499732255936,0.2820509970188141
1451311987050,1,-0.03663000091910362,-0.1782660037279129,0.24664199352264404
1451311987070,1,-0.0488400012254715,-0.15384599566459656,0.16971899569034576
1451311987090,1,0.0012209999840706587,-0.1135529950261116,0.12087900191545486
1451311987111,1,0.06349200010299683,0.097680002450943,0.02808300033211708
1451311987131,1,0.10744799673557281,0.05738699808716774,0.013430999591946602
1451311987150,1,0.13064700365066528,0.059829000383615494,-0.02319899946451187
1451311987171,1,0.13797299563884735,0.06349200010299683,-0.08791200071573257
1451311987191,1,0.11477399617433548,0.017093999311327934,-0.14285700023174286
1451311987211,1,0.1733819991350174,-0.10500600188970566,-0.2161169946193695
1451311987230,1,0.22588500380516052,-0.14163599908351898,-0.24664199352264404
1451311987250,1,0.2503049969673157,-0.1355309933423996,-0.28327199816703796
1451311987271,1,0.2661779820919037,-0.11477399617433548,-0.30647099018096924
1451311987291,1,0.2600730061531067,-0.059829000383615494,-0.3247860074043274
1451311987312,1,0.22466400265693665,0.08302799612283707,-0.3076919913291931
1451311987331,1,0.21855899691581726,0.09401699900627136,-0.2490839958190918
1451311987352,1,0.20757000148296356,0.07936500012874603,-0.1843709945678711
1451311987372,1,0.20268599689006805,0.06104999780654907,-0.14774100482463837
1451311987392,1,0.16483499109745026,0.08302799612283707,-0.15506699681282043
1451311987412,1,0.08058600127696991,0.13919399678707123,-0.18559199571609497
1451311987432,1,-0.06837599724531174,0.19047600030899048,-0.10500600188970566
1451311987453,1,-0.04395600035786629,0.15018299221992493,-0.02808300033211708
1451311987473,1,0.006105000153183937,0.10744799673557281,0.015873000025749207
1451311987493,1,0.026861999183893204,0.08546999841928482,0.04273499920964241
1451311987515,1,0.02319899946451187,0.09645900130271912,0.06227099895477295
1451311987537,1,0.03907199949026108,0.2441999912261963,0.10866899788379669
1451311987553,1,0.07692299783229828,0.2698409855365753,0.13675199449062347
1451311987573,1,0.10866899788379669,0.25641000270843506,0.15995100140571594
1451311987593,1,0.1025639995932579,0.23076899349689484,0.17582400143146515
1451311987614,1,0.06715499609708786,0.20757000148296356,0.19658099114894867
1451311987633,1,0.02442000061273575,0.1245419979095459,0.2820509970188141
1451311987653,1,0.04639799892902374,0.04761900007724762,0.28449299931526184
1451311987674,1,0.10378500074148178,-0.04151399806141853,0.24786299467086792
1451311987694,2,0.1684979945421219,-0.15262499451637268,0.18803399801254272
1451311987714,2,0.211232990026474,-0.2441999912261963,0.12209999561309814
1451311987733,2,0.2222220003604889,-0.29426100850105286,0.05860799923539162
1451311987753,2,0.26129400730133057,-0.2771669924259186,-0.045176997780799866
1451311987779,2,0.23931600153446198,-0.2319899946451187,-0.10012199729681015
1451311987794,2,0.14285700023174286,-0.13675199449062347,-0.15018299221992493
1451311987814,2,-0.003662999952211976,0.00976799987256527,-0.15506699681282043
1451311987839,2,-0.08058600127696991,0.014651999808847904,-0.15262499451637268
1451311987855,2,-0.025640999898314476,-0.06349200010299683,-0.15018299221992493
1451311987874,2,0.008546999655663967,-0.10134299844503403,-0.15262499451637268
1451311987896,2,0.007325999904423952,-0.1452990025281906,-0.167276993393898
1451311987914,2,-0.014651999808847904,-0.22832699120044708,-0.19169700145721436
1451311987934,2,-0.015873000025749207,-0.3028079867362976,-0.22344300150871277
1451311987955,2,0.004883999936282635,-0.3076919913291931,-0.2820509970188141
1451311987975,2,-0.030524998903274536,-0.28815600275993347,-0.19780199229717255
1451311987995,2,-0.0647130012512207,-0.2600730061531067,-0.14407800137996674
1451311988015,2,-0.08913300186395645,-0.2051279991865158,-0.10134299844503403
1451311988035,2,-0.1245419979095459,-0.14163599908351898,-0.07692299783229828
1451311988056,2,-0.1562879979610443,-0.11843699961900711,-0.026861999183893204
1451311988076,2,-0.10012199729681015,-0.025640999898314476,0.09890099614858627
1451311988097,2,-0.06715499609708786,-0.12332099676132202,0.09523800015449524
1451311988116,2,-0.13064700365066528,-0.2637360095977783,0.04639799892902374
1451311988136,2,-0.1514039933681488,-0.40781399607658386,0.0488400012254715
1451311988157,2,-0.15873000025749207,-0.5347979664802551,0.015873000025749207
1451311988177,2,-0.14774100482463837,-0.42612898349761963,0.0
1451311988197,2,-0.07326000183820724,-0.2551890015602112,0.054944999516010284
1451311988216,2,-0.03907199949026108,-0.05372399836778641,0.1733819991350174
1451311988237,2,-0.06227099895477295,-0.05128199979662895,0.23565299808979034
1451311988256,2,-0.10378500074148178,-0.10622699558734894,0.22832699120044708
1451311988282,2,-0.11111100018024445,-0.19047600030899048,-0.04395600035786629
1451311988297,2,-0.03663000091910362,-0.17093999683856964,-0.054944999516010284
1451311988317,2,0.03907199949026108,-0.16117200255393982,-0.012210000306367874
1451311988338,2,0.040293000638484955,-0.097680002450943,0.025640999898314476
1451311988358,2,0.015873000025749207,-0.06349200010299683,-0.026861999183893204
1451311988378,2,-0.09890099614858627,-0.02808300033211708,-0.05372399836778641
1451311988397,2,-0.020756999030709267,0.33821699023246765,0.06227099895477295
1451311988417,2,0.1135529950261116,0.5873010158538818,0.22466400265693665
1451311988437,2,0.0012209999840706587,1.0012199878692627,0.3125759959220886
1451311988458,2,-0.3125759959220886,1.6202670335769653,0.42490798234939575
1451311988479,2,-0.7252739667892456,2.1697170734405518,0.47374799847602844
1451311988498,2,-1.5982890129089355,1.3162379264831543,0.7887659668922424
1451311988518,2,-1.2332099676132202,0.6336989998817444,0.3943829834461212
1451311988545,2,-0.4822950065135956,0.08058600127696991,-0.14163599908351898
1451311988558,2,0.07203900068998337,-0.598289966583252,-0.5531129837036133
1451311988583,2,0.24542099237442017,-1.2307679653167725,-0.7802190184593201
1451311988599,2,-0.1355309933423996,-1.7118419408798218,-0.9914519786834717
1451311988622,2,-0.22588500380516052,-1.2930389642715454,-0.8473739624023438
1451311988639,2,-0.28449299931526184,-0.7838819622993469,-0.4822950065135956
1451311988659,2,-0.2319899946451187,-0.007325999904423952,-0.2710619866847992
1451311988682,2,-0.2747249901294708,0.4871789813041687,-0.07448099553585052
1451311988699,2,-0.22832699120044708,0.6837599873542786,0.09157499670982361
1451311988719,2,-0.03296700119972229,0.5958479642868042,0.16605599224567413
1451311988739,2,0.0378509983420372,0.4554329812526703,0.13430999219417572
1451311988760,2,0.09523800015449524,0.21245399117469788,0.17948700487613678
1451311988781,2,0.15995100140571594,-0.040293000638484955,0.2222220003604889
1451311988799,2,0.22344300150871277,-0.22466400265693665,0.22344300150871277
1451311988820,2,0.31746000051498413,-0.4652009904384613,0.07326000183820724
1451311988840,2,0.3882780075073242,-0.5702069997787476,0.03418799862265587
1451311988860,2,0.4774110019207001,-0.5677649974822998,0.02930399961769581
1451311988882,2,0.5128200054168701,-0.47374799847602844,0.04639799892902374
1451311988900,2,0.48962098360061646,-0.3577530086040497,0.030524998903274536
1451311988920,2,0.30647099018096924,-0.20268599689006805,0.026861999183893204
1451311988940,2,0.211232990026474,-0.14163599908351898,0.021978000178933144
1451311988960,2,0.15506699681282043,-0.11111100018024445,0.015873000025749207
1451311988981,2,0.1404149979352951,-0.10378500074148178,0.021978000178933144
1451311989001,2,0.1782660037279129,-0.1294260025024414,0.020756999030709267
1451311989021,2,0.23687399923801422,-0.1782660037279129,0.008546999655663967
1451311989042,2,0.18070799112319946,-0.1733819991350174,-0.097680002450943
1451311989062,2,0.10866899788379669,-0.1465200036764145,-0.11477399617433548
1451311989081,2,0.05372399836778641,-0.14407800137996674,-0.06837599724531174
1451311989102,2,0.03907199949026108,-0.17093999683856964,0.00976799987256527
1451311989122,2,0.07448099553585052,-0.23687399923801422,0.097680002450943
1451311989142,2,0.07081799954175949,-0.25641000270843506,0.13308899104595184
1451311989164,2,-0.012210000306367874,-0.14774100482463837,0.05738699808716774
1451311989182,2,-0.059829000383615494,-0.0866909995675087,0.0024419999681413174
1451311989202,2,-0.015873000025749207,-0.08913300186395645,-0.0012209999840706587
1451311989222,2,0.06227099895477295,-0.12332099676132202,0.014651999808847904
1451311989242,2,0.05738699808716774,-0.1135529950261116,0.007325999904423952
1451311989262,2,0.013430999591946602,-0.10378500074148178,0.02442000061273575
1451311989283,2,0.01953599974513054,-0.11477399617433548,0.05616600066423416
1451311989302,2,0.050060998648405075,-0.15995100140571594,0.09279599785804749
1451311989323,2,0.08302799612283707,-0.2332109957933426,0.0866909995675087
1451311989343,2,0.08546999841928482,-0.28327199816703796,0.05860799923539162
1451311989365,2,0.017093999311327934,0.012210000306367874,0.010989000089466572
1451311989383,2,0.01953599974513054,0.10134299844503403,0.021978000178933144
1451311989404,2,0.04761900007724762,0.13797299563884735,0.05250300094485283
1451311989424,2,0.05738699808716774,0.1465200036764145,0.07081799954175949
1451311989444,2,0.06593400239944458,0.1404149979352951,0.07692299783229828
1451311989465,2,0.1135529950261116,0.1452990025281906,0.08424899727106094
1451311989483,2,0.1294260025024414,0.1355309933423996,0.08058600127696991
1451311989504,2,0.12698400020599365,0.10622699558734894,0.059829000383615494
1451311989524,2,0.11721599847078323,0.06715499609708786,0.03907199949026108
1451311989544,2,0.09279599785804749,0.050060998648405075,0.04151399806141853
1451311989565,2,0.040293000638484955,-0.015873000025749207,0.07936500012874603
1451311989588,2,0.03418799862265587,-0.09279599785804749,0.07814399898052216
1451311989604,2,0.02930399961769581,-0.13064700365066528,0.0647130012512207
1451311989625,2,0.021978000178933144,-0.1245419979095459,0.06104999780654907
1451311989644,2,0.006105000153183937,-0.10500600188970566,0.05738699808716774
1451311989664,2,0.0012209999840706587,-0.08058600127696991,0.03907199949026108
1451311989684,2,-0.026861999183893204,-0.09523800015449524,0.017093999311327934
1451311989705,1,-0.035408999770879745,-0.11233200132846832,0.020756999030709267
1451311989725,1,-0.01953599974513054,-0.10866899788379669,0.015873000025749207
1451311989746,1,0.004883999936282635,-0.0757019966840744,0.012210000306367874
1451311989767,1,0.007325999904423952,-0.00976799987256527,0.020756999030709267
1451311989785,1,0.0012209999840706587,0.07081799954175949,0.0378509983420372
1451311989806,1,0.0,0.05738699808716774,0.03174600005149841
1451311989826,1,-0.01831500045955181,0.012210000306367874,0.020756999030709267
1451311989845,1,-0.0378509983420372,-0.040293000638484955,0.0012209999840706587
1451311989865,1,-0.06349200010299683,-0.09279599785804749,-0.010989000089466572
1451311989886,1,-0.06959699839353561,-0.12209999561309814,0.008546999655663967
1451311989906,1,-0.07203900068998337,-0.08791200071573257,0.007325999904423952
1451311989932,1,-0.08546999841928482,-0.035408999770879745,0.0024419999681413174
1451311989947,1,-0.11599499732255936,0.014651999808847904,-0.014651999808847904
1451311989966,1,-0.11843699961900711,0.02442000061273575,-0.026861999183893204
1451311989987,1,-0.08302799612283707,0.01831500045955181,-0.0647130012512207
1451311990007,1,-0.04761900007724762,0.14163599908351898,-0.1294260025024414
1451311990027,1,-0.05616600066423416,0.16483499109745026,-0.10866899788379669
1451311990048,1,-0.05372399836778641,0.2319899946451187,-0.06959699839353561
1451311990066,1,0.0012209999840706587,0.3247860074043274,-0.10378500074148178
1451311990087,1,0.04761900007724762,0.5091570019721985,-0.23565299808979034
1451311990107,1,-0.15384599566459656,0.854699969291687,-0.25641000270843506
1451311990127,1,-0.30158698558807373,0.9377279877662659,-0.21733799576759338
1451311990147,1,-0.4175820052623749,1.0305240154266357,-0.23565299808979034
1451311990171,1,-0.5164830088615417,1.130645990371704,-0.2698409855365753
1451311990187,1,-0.5335769653320313,1.1355299949645996,-0.25641000270843506
1451311990208,1,-0.4554329812526703,1.029302954673767,-0.23443199694156647
1451311990228,1,-0.39682498574256897,0.9926729798316956,-0.2539680004119873
1451311990248,1,-0.2820509970188141,0.9340649843215942,-0.30158698558807373
1451311990267,1,-0.12332099676132202,0.9474959969520569,-0.43589699268341064
1451311990288,1,-0.017093999311327934,1.0061039924621582,-0.6532350182533264
1451311990308,1,-0.03907199949026108,0.8998770117759705,-0.24542099237442017
1451311990331,1,-0.05738699808716774,0.015873000025749207,0.8376060128211975
1451311990349,1,0.09645900130271912,-0.5506709814071655,0.9426119923591614
1451311990368,1,0.2649570107460022,-0.6923069953918457,0.4932839870452881
1451311990388,1,0.25641000270843506,-0.4810740053653717,-0.08913300186395645
1451311990409,1,0.15995100140571594,-0.5091570019721985,-0.37118399143218994
1451311990429,1,-0.24786299467086792,-0.6739919781684875,-0.5750910043716431
1451311990449,1,-0.5738700032234192,-0.40659299492836,-0.7899869680404663
1451311990469,1,-0.6862019896507263,-0.46275898814201355,-0.6788759827613831
1451311990490,1,-0.6227099895477295,-0.49572598934173584,-0.12209999561309814
1451311990510,1,-0.36629998683929443,-0.38217300176620483,0.36996299028396606
1451311990531,1,0.07326000183820724,-0.21245399117469788,0.5775330066680908
1451311990549,1,0.09523800015449524,-0.2759459912776947,0.4749689996242523
1451311990570,1,0.07081799954175949,-0.2979239821434021,0.3406589925289154
1451311990590,1,0.04639799892902374,-0.20390699803829193,0.2332109957933426
1451311990610,1,0.054944999516010284,-0.09035399556159973,0.1294260025024414
1451311990629,1,0.04761900007724762,0.010989000089466572,0.07448099553585052
1451311990650,1,0.02442000061273575,-0.010989000089466572,0.11965800076723099
1451311990670,1,0.0647130012512207,-0.06593400239944458,0.1562879979610443
1451311990690,1,0.13308899104595184,-0.14285700023174286,0.15873000025749207
1451311990710,1,0.1782660037279129,-0.19291800260543823,0.09279599785804749
1451311990731,1,0.15018299221992493,-0.22100099921226501,0.014651999808847904
1451311990750,1,0.030524998903274536,-0.12332099676132202,-0.097680002450943
1451311990770,1,0.025640999898314476,-0.054944999516010284,-0.09645900130271912
1451311990796,1,0.06227099895477295,-0.05128199979662895,-0.06227099895477295
1451311990811,1,0.09890099614858627,-0.08546999841928482,-0.05250300094485283
1451311990832,1,0.06349200010299683,-0.059829000383615494,-0.07081799954175949
1451311990851,1,0.03174600005149841,-0.0024419999681413174,-0.10622699558734894
1451311990872,1,0.0757019966840744,0.014651999808847904,-0.097680002450943
1451311990892,1,0.07814399898052216,0.03296700119972229,-0.06837599724531174
1451311990912,1,0.07692299783229828,0.04273499920964241,-0.06349200010299683
1451311990932,1,0.06715499609708786,0.0647130012512207,-0.06837599724531174
1451311990952,1,0.03418799862265587,0.08058600127696991,-0.04273499920964241
1451311990972,1,0.02808300033211708,0.030524998903274536,-0.020756999030709267
1451311990992,1,0.007325999904423952,-0.040293000638484955,-0.012210000306367874
1451311991014,1,-0.025640999898314476,-0.10134299844503403,-0.007325999904423952
1451311991033,1,-0.02442000061273575,-0.09401699900627136,-0.003662999952211976
1451311991052,1,0.020756999030709267,-0.04151399806141853,-0.021978000178933144
1451311991073,1,0.03296700119972229,0.03174600005149841,-0.04273499920964241
1451311991093,1,0.0,0.045176997780799866,-0.04273499920964241
1451311991113,1,0.004883999936282635,0.04639799892902374,-0.04761900007724762
1451311991132,1,0.02319899946451187,0.010989000089466572,-0.05372399836778641
1451311991157,1,0.030524998903274536,-0.040293000638484955,-0.06593400239944458
1451311991173,1,-0.059829000383615494,-0.059829000383615494,-0.11721599847078323
1451311991193,1,-0.08913300186395645,-0.040293000638484955,-0.12820500135421753
1451311991215,1,-0.09401699900627136,-0.045176997780799866,-0.10134299844503403
1451311991234,1,-0.06593400239944458,-0.06837599724531174,-0.06593400239944458
1451311991254,1,-0.026861999183893204,-0.07448099553585052,-0.05738699808716774
1451311991274,1,-0.06837599724531174,-0.07203900068998337,-0.045176997780799866
1451311991294,1,-0.12209999561309814,-0.050060998648405075,-0.025640999898314476
1451311991316,1,-0.14285700023174286,-0.004883999936282635,-0.017093999311327934
1451311991334,1,-0.1404149979352951,0.013430999591946602,0.0
1451311991354,1,-0.10988999903202057,0.017093999311327934,0.02930399961769581
1451311991374,1,-0.03296700119972229,0.012210000306367874,0.05616600066423416
1451311991395,1,0.14407800137996674,-0.007325999904423952,0.08180700242519379
1451311991415,1,0.1245419979095459,0.025640999898314476,0.07326000183820724
1451311991435,1,0.05372399836778641,0.06715499609708786,0.04395600035786629
1451311991455,1,-0.008546999655663967,0.06227099895477295,-0.020756999030709267
1451311991475,1,-0.01953599974513054,0.004883999936282635,-0.059829000383615494
1451311991495,1,0.026861999183893204,-0.01953599974513054,-0.059829000383615494
1451311991515,1,0.07203900068998337,0.013430999591946602,-0.04761900007724762
1451311991539,1,0.10622699558734894,0.02319899946451187,-0.01831500045955181
1451311991555,1,0.1025639995932579,0.026861999183893204,-0.010989000089466572
1451311991575,1,0.08302799612283707,0.04273499920964241,-0.017093999311327934
1451311991596,1,0.05372399836778641,0.03418799862265587,-0.04639799892902374
1451311991621,1,0.03663000091910362,0.03907199949026108,-0.06837599724531174
1451311991636,1,0.03663000091910362,0.05372399836778641,-0.0866909995675087
1451311991656,1,0.05372399836778641,0.06959699839353561,-0.08302799612283707
1451311991682,1,0.06349200010299683,0.0866909995675087,-0.07814399898052216
1451311991696,1,0.05250300094485283,0.11233200132846832,-0.08791200071573257
1451311991726,2,0.0488400012254715,0.11721599847078323,-0.08546999841928482
1451311991737,2,0.059829000383615494,0.08791200071573257,-0.08546999841928482
1451311991756,2,0.06349200010299683,0.05860799923539162,-0.09645900130271912
1451311991777,2,0.054944999516010284,0.02319899946451187,-0.09401699900627136
1451311991797,2,0.045176997780799866,-0.021978000178933144,-0.10012199729681015
1451311991822,2,-0.00976799987256527,-0.06227099895477295,-0.06104999780654907
1451311991836,2,-0.02442000061273575,-0.05372399836778641,-0.04395600035786629
1451311991857,2,-0.007325999904423952,-0.0378509983420372,-0.03296700119972229
1451311991877,2,0.00976799987256527,-0.026861999183893204,-0.006105000153183937
1451311991897,2,0.01831500045955181,0.013430999591946602,-0.014651999808847904
1451311991917,2,-0.004883999936282635,0.01831500045955181,-0.007325999904423952
1451311991937,2,0.003662999952211976,-0.054944999516010284,-0.010989000089466572
1451311991957,2,0.01953599974513054,-0.1404149979352951,-0.017093999311327934
1451311991977,2,0.03296700119972229,-0.20879100263118744,-0.05250300094485283
1451311991998,2,0.0378509983420372,-0.20146499574184418,-0.07692299783229828
1451311992017,2,0.045176997780799866,-0.18192899227142334,-0.06837599724531174
1451311992038,2,0.16971899569034576,-0.25641000270843506,0.010989000089466572
1451311992058,2,0.20879100263118744,-0.2698409855365753,-0.06349200010299683
1451311992079,2,0.1843709945678711,-0.21977999806404114,-0.04273499920964241
1451311992098,2,0.18559199571609497,-0.2979239821434021,0.035408999770879745
1451311992118,2,0.14407800137996674,-0.39682498574256897,0.07448099553585052
1451311992143,2,-0.08913300186395645,-0.5018309950828552,-0.08546999841928482
1451311992159,2,-0.21367499232292175,-0.4383389949798584,-0.19658099114894867
1451311992179,2,-0.21977999806404114,-0.19169700145721436,-0.21855899691581726
1451311992199,2,-0.26739898324012756,-0.26861998438835144,-0.09645900130271912
1451311992218,2,-0.48962098360061646,-0.2539680004119873,-0.17216099798679352
1451311992239,2,-0.6532350182533264,0.2649570107460022,-0.2869350016117096
1451311992259,2,-0.40415099263191223,0.5054939985275269,-0.3369959890842438
1451311992279,2,-0.16117200255393982,0.7289369702339172,-0.299144983291626
1451311992299,2,0.05860799923539162,1.0488389730453491,-0.22344300150871277
1451311992319,2,0.18559199571609497,1.2857129573822021,0.00976799987256527
1451311992340,2,0.03663000091910362,1.4835150241851807,0.14285700023174286
1451311992360,2,-1.5592169761657715,1.824173927307129,1.1855909824371338
1451311992380,2,-2.598288059234619,1.6923059225082397,1.6349189281463623
1451311992400,2,-3.0537209510803223,1.409034013748169,1.7680079936981201
1451311992420,2,-2.732598066329956,1.3113540410995483,1.5177029371261597
1451311992441,2,-1.9694730043411255,1.4883990287780762,0.7057380080223083
1451311992460,2,-0.4481070041656494,-0.3137969970703125,-0.4798530042171478
1451311992480,2,0.13797299563884735,-1.4603159427642822,-0.8681309819221497
1451311992500,2,0.5091570019721985,-2.220999002456665,-1.1782649755477905
1451311992521,2,0.803417980670929,-2.1196560859680176,-1.428570032119751
1451311992541,2,0.7728930115699768,-1.6739909648895264,-1.42979097366333
1451311992561,2,0.22344300150871277,-0.5775330066680908,-0.5848590135574341
1451311992582,2,0.06837599724531174,0.15506699681282043,-0.35409000515937805
1451311992606,2,-0.01953599974513054,0.6434670090675354,-0.29426100850105286
1451311992621,2,0.010989000089466572,0.5775330066680908,-0.2698409855365753
1451311992647,2,0.22832699120044708,0.1843709945678711,-0.2637360095977783
1451311992662,2,0.5604389905929565,-0.15873000025749207,-0.29548200964927673
1451311992681,2,1.0268609523773193,-0.4273499846458435,-0.31746000051498413
1451311992706,2,1.0659329891204834,-0.6190469861030579,-0.2905980050563812
1451311992722,2,1.070816993713379,-0.7973129749298096,-0.2808299958705902
1451311992742,2,1.0402920246124268,-0.8595839738845825,-0.24175800383090973
1451311992764,2,0.9413909912109375,-0.8046389818191528,-0.16971899569034576
1451311992782,2,0.6190469861030579,-0.5628809928894043,-0.015873000025749207
1451311992803,2,0.5494499802589417,-0.4981679916381836,0.03663000091910362
1451311992822,2,0.5543339848518372,-0.48473697900772095,0.0866909995675087
1451311992842,2,0.5714280009269714,-0.5787540078163147,0.18559199571609497
1451311992863,2,0.5763120055198669,-0.760683000087738,0.3418799936771393
1451311992883,2,0.46886399388313293,-0.4615379869937897,0.16971899569034576
1451311992903,2,0.33211198449134827,-0.21855899691581726,0.11111100018024445
1451311992923,2,0.2649570107460022,-0.11599499732255936,0.10378500074148178
1451311992942,2,0.21489599347114563,-0.07203900068998337,0.07936500012874603
1451311992964,2,0.17582400143146515,-0.06715499609708786,0.06227099895477295
1451311992983,2,0.16117200255393982,-0.06227099895477295,0.05372399836778641
1451311993002,2,0.1025639995932579,-0.23931600153446198,0.06104999780654907
1451311993023,2,0.14896199107170105,-0.4590959846973419,0.05250300094485283
1451311993043,2,0.25152599811553955,-0.6837599873542786,0.007325999904423952
1451311993063,2,0.3235650062561035,-0.8046389818191528,-0.07814399898052216
1451311993083,2,0.3076919913291931,-0.6630029678344727,-0.15995100140571594
1451311993103,2,0.2808299958705902,-0.34920600056648254,-0.1562879979610443
1451311993123,2,0.20268599689006805,-0.11843699961900711,-0.15018299221992493
1451311993143,2,0.08913300186395645,0.07692299783229828,-0.12820500135421753
1451311993163,2,0.008546999655663967,0.20390699803829193,-0.07814399898052216
1451311993183,2,-0.014651999808847904,0.24175800383090973,-0.03418799862265587
1451311993204,2,0.16117200255393982,0.09645900130271912,-0.02808300033211708
1451311993224,2,0.23565299808979034,0.030524998903274536,-0.040293000638484955
1451311993244,2,0.24786299467086792,0.03296700119972229,-0.040293000638484955
1451311993266,2,0.22588500380516052,0.0488400012254715,-0.0378509983420372
1451311993284,2,0.16971899569034576,0.05372399836778641,-0.017093999311327934
1451311993305,2,0.06715499609708786,0.09035399556159973,0.010989000089466572
1451311993325,2,-0.06349200010299683,-0.026861999183893204,0.04639799892902374
1451311993345,2,-0.07692299783229828,-0.10378500074148178,0.02319899946451187
1451311993366,2,-0.08791200071573257,-0.15506699681282043,-0.00976799987256527
1451311993385,2,-0.09890099614858627,-0.167276993393898,-0.026861999183893204
1451311993405,2,-0.09279599785804749,-0.13675199449062347,-0.006105000153183937
1451311993426,2,-0.09279599785804749,-0.05250300094485283,0.02808300033211708
1451311993446,2,-0.12332099676132202,-0.06349200010299683,0.02808300033211708
1451311993465,2,-0.13797299563884735,-0.05250300094485283,0.007325999904423952
1451311993486,2,-0.10744799673557281,-0.01953599974513054,0.003662999952211976
1451311993506,2,-0.0488400012254715,0.012210000306367874,0.04639799892902374
1451311993532,2,0.026861999183893204,0.0866909995675087,0.0757019966840744
1451311993549,2,0.021978000178933144,0.10744799673557281,0.05128199979662895
1451311993566,2,0.008546999655663967,0.03418799862265587,0.06837599724531174
1451311993586,2,0.007325999904423952,-0.03174600005149841,0.08180700242519379
1451311993607,2,0.006105000153183937,-0.02319899946451187,0.07448099553585052
1451311993626,2,0.012210000306367874,0.03296700119972229,0.06227099895477295
1451311993648,2,0.09523800015449524,0.13430999219417572,0.06959699839353561
1451311993666,2,0.1025639995932579,0.1514039933681488,0.05128199979662895
1451311993686,2,0.07203900068998337,0.12087900191545486,0.050060998648405075
1451311993707,2,0.02319899946451187,0.08546999841928482,0.05860799923539162
1451311993727,2,-0.0024419999681413174,0.030524998903274536,0.09035399556159973
1451311993751,1,0.035408999770879745,-0.017093999311327934,0.10622699558734894
1451311993767,1,0.035408999770879745,0.004883999936282635,0.0647130012512207
1451311993788,1,0.026861999183893204,-0.0024419999681413174,0.040293000638484955
1451311993808,1,0.045176997780799866,-0.03663000091910362,0.03418799862265587
1451311993828,1,0.050060998648405075,-0.05738699808716774,0.03296700119972229
1451311993854,1,-0.05250300094485283,-0.11233200132846832,-0.004883999936282635
1451311993868,1,-0.11111100018024445,-0.1294260025024414,-0.017093999311327934
1451311993888,1,-0.11233200132846832,-0.13919399678707123,-0.012210000306367874
1451311993908,1,-0.07448099553585052,-0.12209999561309814,0.00976799987256527
1451311993929,1,-0.045176997780799866,-0.12209999561309814,0.026861999183893204
1451311993949,1,0.0024419999681413174,-0.17093999683856964,0.026861999183893204
1451311993983,1,-0.04151399806141853,-0.003662999952211976,-0.010989000089466572
1451311993988,1,0.02319899946451187,0.05738699808716774,-0.08791200071573257
1451311994009,1,0.20634900033473969,-0.07081799954175949,-0.19291800260543823
1451311994029,1,0.23076899349689484,-0.008546999655663967,-0.12820500135421753
1451311994048,1,-0.08546999841928482,0.2490839958190918,-0.12576299905776978
1451311994070,1,-1.0879110097885132,0.8339430093765259,-0.5714280009269714
1451311994089,1,-1.6581180095672607,0.7362629771232605,-0.6703289747238159
1451311994109,1,-1.915748953819275,0.8107439875602722,-0.7692300081253052
1451311994129,1,-1.7728919982910156,0.9487169981002808,-0.8144069910049438
1451311994149,1,-1.3333319425582886,1.0305240154266357,-0.4810740053653717
1451311994170,1,-0.5335769653320313,0.7448099851608276,-0.13919399678707123
1451311994190,1,-0.34310099482536316,0.6862019896507263,-0.15018299221992493
1451311994210,1,-0.3846150040626526,0.6703289747238159,-0.1941390037536621
1451311994231,1,-0.6019529700279236,0.6251519918441772,-0.195360004901886
1451311994250,1,-0.8522579669952393,0.5494499802589417,-0.08058600127696991
1451311994270,1,-1.028082013130188,0.5921850204467773,0.195360004901886
1451311994290,1,-0.5885220170021057,0.598289966583252,0.5091570019721985
1451311994310,1,-0.8156279921531677,0.8705729842185974,1.481073021888733
1451311994330,1,-0.8962140083312988,1.297922968864441,1.3821719884872437
1451311994350,1,-1.1233199834823608,1.3418790102005005,0.7325999736785889
1451311994370,1,-1.0561649799346924,0.8144069910049438,0.15873000025749207
1451311994391,1,0.3687419891357422,-1.4761890172958374,-0.1355309933423996
1451311994411,1,0.9511590003967285,-2.3980438709259033,-0.2600730061531067
1451311994435,1,1.1220990419387817,-3.079361915588379,-0.4542119801044464
1451311994450,1,0.8632469773292542,-2.4969449043273926,-0.4969469904899597
1451311994470,1,0.44566500186920166,-2.0793628692626953,0.10012199729681015
1451311994491,1,-0.2661779820919037,-0.8266170024871826,0.39804598689079285
1451311994512,1,-0.3467639982700348,-0.45177000761032104,0.39804598689079285
1451311994531,1,-0.18559199571609497,-0.38705700635910034,0.3308909833431244
1451311994551,1,0.14163599908351898,-0.5750910043716431,0.1452990025281906
1451311994572,1,0.5299140214920044,-0.6043949723243713,-0.1355309933423996
1451311994592,1,1.1269829273223877,-0.504272997379303,-0.5787540078163147
1451311994615,1,1.1782649755477905,-0.36507898569107056,-0.5934060215950012
1451311994632,1,1.018314003944397,-0.2161169946193695,-0.54578697681427
1451311994652,1,0.6520140171051025,0.04639799892902374,-0.47252699732780457
1451311994673,1,0.11843699961900711,0.27350398898124695,-0.3956039845943451
1451311994692,1,-0.4603169858455658,0.3748469948768616,-0.2967030107975006
1451311994714,1,-0.7460309863090515,-0.12087900191545486,0.10988999903202057
1451311994732,1,-0.416361004114151,0.026861999183893204,0.390720009803772
1451311994753,1,0.007325999904423952,-0.10134299844503403,0.6410250067710876
1451311994773,1,0.2271059900522232,-0.4822950065135956,0.5335769653320313
1451311994793,1,0.0488400012254715,-0.44078099727630615,-0.05616600066423416
1451311994815,1,-0.5665439963340759,-0.021978000178933144,-0.7619040012359619
1451311994833,1,-0.8913300037384033,-0.050060998648405075,-0.9682530164718628
1451311994854,1,-1.1452980041503906,0.097680002450943,-1.09157395362854
1451311994873,1,-1.4029289484024048,0.28937700390815735,-1.1294249296188354
1451311994893,1,-1.5946259498596191,0.5799750089645386,-1.1379719972610474
1451311994914,1,-1.9816830158233643,0.48473697900772095,-0.7020750045776367
1451311994934,1,-1.9829039573669434,0.097680002450943,-0.8754569888114929
1451311994956,1,-1.758239984512329,-0.24786299467086792,-1.1514029502868652
1451311994974,1,-1.1489609479904175,-0.4481070041656494,-1.256408929824829
1451311994996,1,-0.6581189632415771,-0.781440019607544,-1.25518798828125
1451311995014,1,-0.38095200061798096,-0.8400480151176453,-1.2673979997634888
1451311995034,1,0.017093999311327934,-0.5494499802589417,-0.9731369614601135
1451311995055,1,0.15384599566459656,-0.4603169858455658,-0.6153839826583862
1451311995075,1,0.01831500045955181,-0.27228298783302307,-0.11477399617433548
1451311995096,1,-0.21977999806404114,0.1245419979095459,0.23076899349689484
1451311995114,1,-0.33211198449134827,0.3785099983215332,0.334553986787796
1451311995141,1,-0.13308899104595184,0.10378500074148178,0.33821699023246765
1451311995155,1,-0.08546999841928482,-0.11233200132846832,0.2857140004634857
1451311995175,1,0.23565299808979034,-0.21977999806404114,0.25763100385665894
1451311995195,1,0.7045170068740845,-0.32844898104667664,0.2905980050563812
1451311995219,1,1.1257619857788086,-0.5873010158538818,0.32844898104667664
1451311995235,1,1.7460299730300903,-1.606835961341858,0.3125759959220886
1451311995255,1,1.9401689767837524,-2.1599490642547607,0.29426100850105286
1451311995287,1,1.8864449262619019,-2.0915729999542236,0.3235650062561035
1451311995308,1,1.5103769302368164,-1.1953589916229248,0.33943799138069153
1451311995317,1,1.1037839651107788,-0.3418799936771393,0.4554329812526703
1451311995336,1,0.8461529612541199,-0.15262499451637268,0.6129419803619385
1451311995362,1,0.24053700268268585,0.4493280053138733,1.100121021270752
1451311995376,1,-0.10378500074148178,0.8046389818191528,1.2625139951705933
1451311995398,1,-0.334553986787796,1.1233199834823608,1.284492015838623
1451311995416,1,-0.4529910087585449,1.3455419540405273,1.144076943397522
1451311995437,1,-0.4774110019207001,1.575089931488037,0.854699969291687
1451311995457,1,-0.5775330066680908,1.965809941291809,0.5873010158538818
1451311995477,1,-0.21001200377941132,1.1428560018539429,0.6764339804649353
1451311995503,1,0.4969469904899597,0.05860799923539162,0.6288149952888489
1451311995526,1,0.9792419672012329,-0.4102559983730316,0.6312569975852966
1451311995537,1,1.1025630235671997,-0.49084198474884033,0.7045170068740845
1451311995557,1,0.864467978477478,-0.6520140171051025,0.5409029722213745
1451311995582,1,0.39194098114967346,-0.2820509970188141,0.3125759959220886
1451311995598,1,0.14896199107170105,0.2490839958190918,0.18192899227142334
1451311995617,1,0.23931600153446198,0.586080014705658,0.11599499732255936
1451311995638,1,0.5115990042686462,0.6788759827613831,-0.13430999219417572
1451311995658,1,0.7191689610481262,0.39194098114967346,-0.08180700242519379
1451311995678,1,0.9999989867210388,-0.8766779899597168,0.13675199449062347
1451311995698,1,1.1770440340042114,-1.1599500179290771,0.13675199449062347
1451311995718,1,1.2930389642715454,-1.3199009895324707,0.14163599908351898
1451311995738,1,1.428570032119751,-1.307690978050232,0.11965800076723099
1451311995759,1,1.5140399932861328,-0.9731369614601135,0.12820500135421753
1451311995779,2,1.4517689943313599,-0.23687399923801422,0.14285700023174286
1451311995800,2,1.2857129573822021,-0.10988999903202057,0.14163599908351898
1451311995820,2,1.202684998512268,-0.21001200377941132,0.18681299686431885
1451311995840,2,1.2100110054016113,-0.2820509970188141,0.17093999683856964
1451311995859,2,1.1648340225219727,-0.3125759959220886,0.1025639995932579
1451311995879,2,0.6166049838066101,-0.18192899227142334,0.035408999770879745
1451311995899,2,0.2869350016117096,-0.1294260025024414,0.0012209999840706587
1451311995920,2,-0.01831500045955181,-0.003662999952211976,-0.1245419979095459
1451311995939,2,-0.5409029722213745,0.3833940029144287,-0.45665398240089417
1451311995960,2,-1.2661769390106201,1.1684969663619995,-0.9670320153236389
1451311995980,2,-1.7313779592514038,1.6324769258499146,-1.0757009983062744
1451311995999,2,-2.0525009632110596,1.390718936920166,-0.5934060215950012
1451311996019,2,-1.8571410179138184,0.8681309819221497,-0.43589699268341064
1451311996041,2,-1.675212025642395,0.42612898349761963,-0.416361004114151
1451311996066,2,-1.46275794506073,0.08791200071573257,-0.4383389949798584
1451311996080,2,-1.1611709594726563,-0.12087900191545486,-0.44078099727630615
1451311996100,2,-0.5726490020751953,-0.31135499477386475,-0.3504270017147064
1451311996121,2,-0.3736259937286377,-0.2271059900522232,-0.536018967628479
1451311996140,2,-0.32844898104667664,-0.16971899569034576,-0.5824170112609863
1451311996161,2,-0.2527469992637634,-0.18681299686431885,-0.6056159734725952
1451311996181,2,-0.23076899349689484,-0.030524998903274536,-0.43467599153518677
1451311996200,2,-0.012210000306367874,0.2869350016117096,-0.1355309933423996
1451311996221,2,0.11721599847078323,-0.10988999903202057,-0.026861999183893204
1451311996241,2,0.08302799612283707,-0.5347979664802551,0.09890099614858627
1451311996261,2,0.012210000306367874,-0.4395599961280823,0.18803399801254272
1451311996282,2,0.030524998903274536,-0.04273499920964241,0.15995100140571594
1451311996306,2,0.20634900033473969,0.17093999683856964,-0.003662999952211976
1451311996321,2,0.05372399836778641,0.211232990026474,0.11477399617433548
1451311996342,2,-0.0866909995675087,0.5372399687767029,0.19291800260543823
1451311996364,2,-0.13797299563884735,0.7557989954948425,0.19780199229717255
1451311996381,2,-0.11599499732255936,0.8730149865150452,0.18070799112319946
1451311996402,2,-0.02930399961769581,0.8070809841156006,0.27350398898124695
1451311996422,2,0.39316198229789734,1.7667869329452515,0.12332099676132202
1451311996442,2,-0.09279599785804749,2.5628790855407715,0.06959699839353561
1451311996465,2,-0.9865679740905762,2.4566519260406494,0.35409000515937805
1451311996482,2,-1.781438946723938,1.8546990156173706,1.3626359701156616
1451311996503,2,-1.965809941291809,1.3003649711608887,1.7399250268936157
1451311996523,2,-0.7448099851608276,0.523809015750885,0.9511590003967285
1451311996543,2,0.17704500257968903,0.09035399556159973,0.32112300395965576
1451311996564,2,0.5775330066680908,-0.5030519962310791,-0.03663000091910362
1451311996583,2,0.4615379869937897,-0.842490017414093,-0.34432199597358704
1451311996603,2,0.09523800015449524,-0.7997549772262573,-0.6214889883995056
1451311996624,2,-0.19047600030899048,-0.7423679828643799,-0.750914990901947
1451311996644,2,-0.334553986787796,-0.8937720060348511,-0.4603169858455658
1451311996664,2,-0.2161169946193695,-1.183148980140686,-0.3894990086555481
1451311996683,2,-0.2637360095977783,-1.583636999130249,-0.42002400755882263
1451311996704,2,-0.6678869724273682,-1.389497995376587,-0.49084198474884033
1451311996724,2,-1.2246630191802979,-0.3846150040626526,-0.6214889883995056
1451311996744,2,-1.153844952583313,0.23443199694156647,-0.46275898814201355
1451311996770,2,-0.7533569931983948,-0.0647130012512207,-0.4542119801044464
1451311996784,2,-0.5323559641838074,-0.30036598443984985,-0.47863200306892395
1451311996805,2,-0.46764299273490906,-0.5641019940376282,-0.4932839870452881
1451311996825,2,-0.4713059961795807,-1.192916989326477,-0.6324779987335205
1451311996845,2,0.02930399961769581,-1.379729986190796,-0.4749689996242523
1451311996870,2,0.39316198229789734,-0.45665398240089417,-0.30036598443984985
1451311996885,2,0.3247860074043274,-0.13919399678707123,-0.17948700487613678
1451311996905,2,-0.004883999936282635,0.10500600188970566,-0.10866899788379669
1451311996925,2,-0.1782660037279129,0.3199020028114319,-0.10988999903202057
1451311996946,2,-0.11477399617433548,0.54578697681427,-0.16971899569034576
1451311996966,2,0.1135529950261116,0.750914990901947,-0.2429789900779724
1451311996985,2,-0.04639799892902374,0.6398040056228638,-0.26739898324012756
1451311997006,2,-0.2441999912261963,0.4175820052623749,-0.28449299931526184
1451311997025,2,-0.3736259937286377,0.22588500380516052,-0.3137969970703125
1451311997045,2,-0.40415099263191223,0.06593400239944458,-0.32234400510787964
1451311997066,2,-0.3992669880390167,-0.14163599908351898,-0.3748469948768616
1451311997085,2,-0.5592179894447327,0.026861999183893204,-0.4859579801559448
1451311997106,2,-0.7741140127182007,0.26861998438835144,-0.6532350182533264
1451311997126,2,-0.8058599829673767,0.2637360095977783,-0.7179480195045471
1451311997149,2,-0.6520140171051025,0.020756999030709267,-0.7130640149116516
1451311997168,2,-0.31135499477386475,-1.0061039924621582,-0.9548220038414001
1451311997187,2,-0.10500600188970566,-1.3711830377578735,-1.109889030456543
1451311997207,2,0.09645900130271912,-1.5396809577941895,-1.2796080112457275
1451311997227,2,0.23443199694156647,-1.4786310195922852,-1.3516470193862915
1451311997248,2,0.422465980052948,-1.212453007698059,-1.3553099632263184
1451311997267,2,0.6825389862060547,-0.9743579626083374,-1.3003649711608887
1451311997287,2,1.0732589960098267,-0.4603169858455658,-0.9719159603118896
1451311997307,2,1.1892539262771606,-0.1294260025024414,-0.8522579669952393
1451311997327,2,1.2527459859848022,0.23931600153446198,-0.7521359920501709
1451311997349,2,1.212453007698059,0.5347979664802551,-0.5885220170021057
1451311997368,2,1.264955997467041,0.7765560150146484,-0.35531100630760193
1451311997387,2,2.0695948600769043,0.3357749879360199,0.09157499670982361
1451311997407,2,2.045175075531006,0.026861999183893204,0.09401699900627136
1451311997428,2,1.5360180139541626,0.06104999780654907,0.02808300033211708
1451311997449,2,0.9987779855728149,0.33943799138069153,-0.03174600005149841
1451311997468,2,0.7301579713821411,0.617825984954834,0.04639799892902374
1451311997487,2,0.9536010026931763,0.7020750045776367,0.32112300395965576
1451311997508,2,1.1074470281600952,0.5738700032234192,0.3943829834461212
1451311997529,2,0.9389489889144897,0.5091570019721985,0.36629998683929443
1451311997549,2,0.6495720148086548,0.5274720191955566,0.32234400510787964
1451311997568,2,0.38095200061798096,0.4932839870452881,0.35409000515937805
1451311997589,2,0.33211198449134827,0.43589699268341064,0.5177040100097656
1451311997609,2,0.5054939985275269,0.32722800970077515,0.5225880146026611
1451311997629,2,0.3772889971733093,0.3748469948768616,0.4432229995727539
1451311997649,2,0.15018299221992493,0.39804598689079285,0.3565320074558258
1451311997669,2,0.01831500045955181,0.38095200061798096,0.33333298563957214
1451311997690,2,0.020756999030709267,0.33821699023246765,0.36996299028396606
1451311997709,2,0.308912992477417,0.299144983291626,0.4383389949798584
1451311997729,2,0.38583600521087646,0.3125759959220886,0.41880300641059875
1451311997750,2,0.3040289878845215,0.3528690040111542,0.35897400975227356
1451311997770,2,0.13797299563884735,0.3785099983215332,0.30524998903274536
