1451312084202,1,0.3369959890842438,-0.9890099763870239,-0.026861999183893204
1451312084222,1,0.6104999780654907,-0.7728930115699768,0.10012199729681015
1451312084243,1,0.12576299905776978,-1.471305012702942,0.04395600035786629
1451312084262,1,0.3357749879360199,-2.181926965713501,-0.026861999183893204
1451312084283,1,0.6202679872512817,-2.017091989517212,-0.15384599566459656
1451312084303,1,0.6971909999847412,-1.4358960390090942,-0.02442000061273575
1451312084323,1,0.536018967628479,-0.6520140171051025,0.026861999183893204
1451312084343,1,0.15018299221992493,0.38095200061798096,-0.299144983291626
1451312084364,1,0.2869350016117096,0.1404149979352951,-0.6361410021781921
1451312084383,1,0.5213670134544373,-0.21367499232292175,-0.7008540034294128
1451312084403,1,0.6739919781684875,-0.2661779820919037,-0.45665398240089417
1451312084424,1,0.6422460079193115,-0.23687399923801422,-0.11843699961900711
1451312084444,1,0.2527469992637634,-0.19780199229717255,0.008546999655663967
1451312084463,1,-0.7448099851608276,0.8840039968490601,-0.02319899946451187
1451312084483,1,-1.0488389730453491,1.245419979095459,-0.19169700145721436
1451312084504,1,-0.936506986618042,0.9633690118789673,-0.2649570107460022
1451312084524,1,-0.4871789813041687,0.5689859986305237,-0.34920600056648254
1451312084544,1,-0.008546999655663967,0.23443199694156647,-0.4774110019207001
1451312084565,1,0.27960899472236633,0.08913300186395645,-0.6153839826583862
1451312084584,1,-0.06959699839353561,0.39804598689079285,-0.4529910087585449
1451312084605,1,-0.31746000051498413,1.009766936302185,-0.42002400755882263
1451312084625,1,0.21977999806404114,2.511596918106079,-0.770451009273529
1451312084648,1,0.9719159603118896,3.5274689197540283,-1.4969459772109985
1451312084664,1,0.15995100140571594,1.9999979734420776,1.4029289484024048
1451312084685,1,0.5726490020751953,0.3040289878845215,1.7631239891052246
1451312084705,1,0.6984120011329651,-0.31135499477386475,0.7753350138664246
1451312084725,1,0.07326000183820724,-0.41269800066947937,-0.2649570107460022
1451312084746,1,-0.5799750089645386,-0.2637360095977783,-0.5128200054168701
1451312084765,1,-0.7289369702339172,-0.3833940029144287,0.00976799987256527
1451312084785,1,-0.1623930037021637,-0.8766779899597168,0.9755789637565613
1451312084806,1,0.2222220003604889,-0.9609270095825195,0.7643460035324097
1451312084825,1,0.5250300168991089,-0.7570199966430664,0.26861998438835144
1451312084846,1,0.5189250111579895,-0.43589699268341064,-0.07081799954175949
1451312084865,1,0.2332109957933426,-0.18559199571609497,-0.19047600030899048
1451312084886,1,-0.24664199352264404,0.09645900130271912,-0.2820509970188141
1451312084906,1,-0.37118399143218994,0.0757019966840744,-0.26861998438835144
1451312084926,1,-0.3675209879875183,-0.08058600127696991,-0.2637360095977783
1451312084948,1,-0.2637360095977783,-0.30158698558807373,-0.32722800970077515
1451312084967,1,-0.14163599908351898,-0.4603169858455658,-0.4493280053138733
1451312084987,1,-0.24542099237442017,-0.37606799602508545,-0.5934060215950012
1451312085007,1,-0.4017089903354645,-0.21489599347114563,-0.5628809928894043
1451312085027,1,-0.4273499846458435,-0.097680002450943,-0.5213670134544373
1451312085048,1,-0.3150179982185364,0.03174600005149841,-0.5250300168991089
1451312085066,1,0.10622699558734894,-0.059829000383615494,-0.44078099727630615
1451312085087,1,0.4481070041656494,-0.19291800260543823,-0.3626369833946228
1451312085107,1,0.2820509970188141,-0.2051279991865158,-0.05616600066423416
1451312085127,1,0.21245399117469788,-0.29548200964927673,0.11843699961900711
1451312085153,1,0.21245399117469788,-0.3504270017147064,0.21245399117469788
1451312085168,1,0.24053700268268585,-0.2918190062046051,0.22466400265693665
1451312085188,1,0.20268599689006805,-0.16361400485038757,0.21977999806404114
1451312085208,1,0.10866899788379669,-0.03296700119972229,0.1623930037021637
1451312085228,1,0.07936500012874603,-0.050060998648405075,0.10012199729681015
1451312085249,1,0.007325999904423952,-0.10378500074148178,-0.0024419999681413174
1451312085268,1,-0.12820500135421753,-0.16971899569034576,-0.05860799923539162
1451312085288,1,-0.13919399678707123,-0.31623899936676025,-0.09890099614858627
1451312085309,1,0.0488400012254715,-0.3724049925804138,-0.09279599785804749
1451312085329,1,0.03418799862265587,-0.23687399923801422,-0.07814399898052216
1451312085349,1,-0.059829000383615494,-0.23076899349689484,-0.11721599847078323
1451312085372,1,-0.08546999841928482,-0.32844898104667664,-0.2002439945936203
1451312085389,1,-0.0647130012512207,-0.40903499722480774,-0.2600730061531067
1451312085409,1,-0.05738699808716774,-0.39804598689079285,-0.1941390037536621
1451312085431,1,-0.026861999183893204,-0.32112300395965576,-0.14285700023174286
1451312085448,1,-0.09279599785804749,-0.030524998903274536,-0.19780199229717255
1451312085472,1,-0.08791200071573257,0.2808299958705902,-0.22100099921226501
1451312085489,1,-0.0378509983420372,0.3577530086040497,-0.15506699681282043
1451312085509,1,0.04761900007724762,0.19047600030899048,-0.06227099895477295
1451312085533,1,0.18314999341964722,-0.195360004901886,0.19780199229717255
1451312085549,1,0.1135529950261116,-0.0378509983420372,0.12087900191545486
1451312085570,1,-0.05738699808716774,0.24053700268268585,-0.08546999841928482
1451312085590,1,-0.2002439945936203,0.5115990042686462,-0.25152599811553955
1451312085610,1,-0.22100099921226501,0.5799750089645386,-0.27960899472236633
1451312085631,1,-0.014651999808847904,0.1941390037536621,-0.12209999561309814
1451312085653,1,0.08424899727106094,0.22100099921226501,-0.04761900007724762
1451312085671,1,0.06593400239944458,0.42002400755882263,-0.1294260025024414
1451312085690,1,0.006105000153183937,0.555554986000061,-0.23687399923801422
1451312085710,1,-0.0378509983420372,0.4493280053138733,-0.2503049969673157
1451312085731,1,-0.03296700119972229,0.07326000183820724,-0.20879100263118744
1451312085750,1,0.16361400485038757,-0.7545779943466187,-0.2441999912261963
1451312085771,1,0.20757000148296356,-0.7716720104217529,-0.23687399923801422
1451312085791,1,0.10622699558734894,-0.5274720191955566,-0.22588500380516052
1451312085811,1,-0.08302799612283707,-0.2002439945936203,-0.18681299686431885
1451312085831,1,-0.18314999341964722,0.0647130012512207,-0.1465200036764145
1451312085851,1,-0.07081799954175949,0.17948700487613678,-0.09157499670982361
1451312085870,1,0.06349200010299683,-0.05250300094485283,-0.012210000306367874
1451312085891,1,0.17093999683856964,-0.41391900181770325,0.0647130012512207
1451312085912,1,0.15384599566459656,-0.7374839782714844,0.03296700119972229
1451312085933,1,0.08546999841928482,-0.7765560150146484,-0.08424899727106094
1451312085952,1,0.017093999311327934,-0.12820500135421753,-0.1892549991607666
1451312085971,1,0.09523800015449524,0.11111100018024445,-0.0647130012512207
1451312085992,1,0.14407800137996674,0.35531100630760193,0.07936500012874603
1451312086012,1,0.08180700242519379,0.5616599917411804,0.1025639995932579
1451312086032,1,-0.0488400012254715,0.832722008228302,0.05738699808716774
1451312086052,2,-0.1575089991092682,0.9767999649047852,0.05372399836778641
1451312086073,2,-0.08424899727106094,0.16971899569034576,0.15995100140571594
1451312086093,2,0.05372399836778641,-0.3772889971733093,0.10012199729681015
1451312086116,2,0.13430999219417572,-0.6825389862060547,-0.030524998903274536
1451312086132,2,0.15262499451637268,-0.5286930203437805,-0.11721599847078323
1451312086157,2,0.08791200071573257,-0.167276993393898,-0.09645900130271912
1451312086173,2,-0.08424899727106094,0.05860799923539162,0.004883999936282635
1451312086193,2,-0.10988999903202057,-0.09890099614858627,-0.05738699808716774
1451312086215,2,-0.09645900130271912,-0.26739898324012756,-0.11721599847078323
1451312086233,2,0.010989000089466572,-0.36019498109817505,-0.06349200010299683
1451312086253,2,0.1135529950261116,-0.416361004114151,0.08424899727106094
1451312086274,2,0.05128199979662895,-0.3418799936771393,0.19047600030899048
1451312086293,2,-0.10500600188970566,-0.13919399678707123,-0.035408999770879745
1451312086314,2,-0.1245419979095459,0.13675199449062347,-0.211232990026474
1451312086335,2,0.02442000061273575,0.31013399362564087,-0.17582400143146515
1451312086354,2,0.1941390037536621,0.3076919913291931,-0.02808300033211708
1451312086374,2,0.20879100263118744,0.24664199352264404,0.025640999898314476
1451312086394,2,-0.05860799923539162,-0.050060998648405075,-0.17582400143146515
1451312086414,2,-0.15262499451637268,-0.1514039933681488,-0.26861998438835144
1451312086434,2,-0.11721599847078323,-0.054944999516010284,-0.3028079867362976
1451312086454,2,-0.0024419999681413174,0.026861999183893204,-0.21733799576759338
1451312086474,2,0.11721599847078323,-0.01953599974513054,-0.11477399617433548
1451312086495,2,0.12820500135421753,-0.3956039845943451,-0.18192899227142334
1451312086520,2,0.02319899946451187,-0.6556770205497742,-0.21855899691581726
1451312086534,2,-0.04273499920964241,-0.8070809841156006,-0.12087900191545486
1451312086555,2,-0.06715499609708786,-1.028082013130188,0.13430999219417572
1451312086575,2,-0.02442000061273575,-1.225883960723877,0.3504270017147064
1451312086597,2,-0.8315010070800781,2.5421218872070313,0.38217300176620483
1451312086616,2,-1.0586069822311401,2.4444420337677,0.907202959060669
1451312086636,2,-0.3772889971733093,1.6117199659347534,0.7838819622993469
1451312086656,2,0.5067149996757507,0.5482289791107178,0.770451009273529
1451312086676,2,0.6642239689826965,-0.05738699808716774,0.38583600521087646
1451312086696,2,0.4481070041656494,-0.23565299808979034,-0.4395599961280823
1451312086716,2,0.31746000051498413,-1.206347942352295,-0.6459090113639832
1451312086736,2,0.5311350226402283,-2.084246873855591,-0.8009759783744812
1451312086756,2,0.432233989238739,-1.130645990371704,-0.8339430093765259
1451312086777,2,0.18681299686431885,0.6752129793167114,-0.4871789813041687
1451312086798,2,-0.21245399117469788,1.9035389423370361,-0.22954799234867096
1451312086816,2,-0.7191689610481262,0.9316229820251465,-0.05616600066423416
1451312086837,2,-0.36507898569107056,0.07692299783229828,-0.16117200255393982
1451312086857,2,0.08180700242519379,-0.3736259937286377,-0.19658099114894867
1451312086877,2,0.26739898324012756,-0.43589699268341064,-0.15262499451637268
1451312086898,2,0.1941390037536621,-0.308912992477417,0.015873000025749207
1451312086917,2,-0.015873000025749207,-0.0647130012512207,0.19902299344539642
1451312086937,2,-0.14285700023174286,0.06349200010299683,0.09645900130271912
1451312086957,2,-0.21245399117469788,0.1294260025024414,-0.07936500012874603
1451312086977,2,-0.18803399801254272,0.10622699558734894,-0.19902299344539642
1451312086997,2,-0.09645900130271912,0.054944999516010284,-0.18314999341964722
1451312087018,2,-0.012210000306367874,0.14285700023174286,0.06593400239944458
1451312087037,2,0.03418799862265587,0.0866909995675087,0.1294260025024414
1451312087058,2,0.03418799862265587,-0.11477399617433548,0.11965800076723099
1451312087078,2,0.09645900130271912,-0.3308909833431244,0.10500600188970566
1451312087099,2,0.15995100140571594,-0.4761900007724762,0.1025639995932579
1451312087118,2,0.16605599224567413,-0.4822950065135956,0.10134299844503403
1451312087139,2,-0.05616600066423416,-0.16117200255393982,-0.015873000025749207
1451312087159,2,-0.2380950003862381,-0.02319899946451187,-0.17216099798679352
1451312087178,2,-0.3247860074043274,0.05738699808716774,-0.34310099482536316
1451312087199,2,-0.1941390037536621,0.09401699900627136,-0.4395599961280823
1451312087219,2,0.02442000061273575,0.1294260025024414,-0.3736259937286377
1451312087239,2,0.05372399836778641,0.21855899691581726,0.026861999183893204
1451312087259,2,-0.045176997780799866,0.14774100482463837,0.13919399678707123
1451312087279,2,0.007325999904423952,-0.045176997780799866,0.1782660037279129
1451312087299,2,0.1025639995932579,-0.21001200377941132,0.15995100140571594
1451312087319,2,0.13675199449062347,-0.32234400510787964,0.11233200132846832
1451312087339,2,-0.17093999683856964,0.23687399923801422,0.37606799602508545
1451312087359,2,-0.3076919913291931,0.5714280009269714,0.24053700268268585
1451312087381,2,-0.29426100850105286,0.7081800103187561,0.045176997780799866
1451312087399,2,-0.22954799234867096,0.7167270183563232,0.0
1451312087419,2,-0.12332099676132202,0.5299140214920044,0.054944999516010284
1451312087440,2,-0.008546999655663967,0.2429789900779724,0.1245419979095459
1451312087460,2,-0.05372399836778641,0.1941390037536621,0.30158698558807373
1451312087480,2,-0.23443199694156647,0.3199020028114319,0.3150179982185364
1451312087500,2,-0.30158698558807373,0.40292999148368835,0.18559199571609497
1451312087520,2,-0.2429789900779724,0.2588520050048828,0.07448099553585052
1451312087540,2,-0.14163599908351898,-0.012210000306367874,0.054944999516010284
1451312087560,2,0.07203900068998337,-0.2918190062046051,0.09523800015449524
1451312087581,2,0.014651999808847904,-0.2637360095977783,0.03907199949026108
1451312087601,2,-0.15873000025749207,-0.2820509970188141,-0.00976799987256527
1451312087621,2,-0.2661779820919037,-0.2759459912776947,-0.02930399961769581
1451312087641,2,-0.195360004901886,-0.3125759959220886,-0.01831500045955181
1451312087662,2,0.05738699808716774,-0.2857140004634857,0.021978000178933144
1451312087681,2,0.07203900068998337,-0.17948700487613678,0.03174600005149841
1451312087701,2,-0.0488400012254715,-0.11965800076723099,0.07326000183820724
1451312087722,2,-0.2332109957933426,-0.08180700242519379,0.04639799892902374
1451312087742,2,-0.3199020028114319,-0.03907199949026108,0.020756999030709267
1451312087764,2,-0.16117200255393982,-0.13064700365066528,0.02930399961769581
1451312087781,2,0.1782660037279129,-0.2918190062046051,0.00976799987256527
1451312087802,2,0.13797299563884735,-0.34432199597358704,0.05738699808716774
1451312087827,2,0.07448099553585052,-0.3797309994697571,0.09890099614858627
1451312087842,2,0.040293000638484955,-0.35531100630760193,0.10622699558734894
1451312087862,2,0.040293000638484955,-0.2441999912261963,0.05860799923539162
1451312087882,2,0.03296700119972229,0.06837599724531174,-0.08546999841928482
1451312087903,2,-0.00976799987256527,0.05616600066423416,-0.05128199979662895
1451312087922,2,-0.04639799892902374,-0.03418799862265587,-0.020756999030709267
1451312087943,2,-0.04151399806141853,-0.02930399961769581,-0.03663000091910362
1451312087965,2,-0.0757019966840744,0.054944999516010284,-0.01953599974513054
1451312087982,2,-0.2759459912776947,0.07936500012874603,-0.00976799987256527
1451312088003,2,-0.05372399836778641,-0.026861999183893204,0.09523800015449524
1451312088023,2,0.09890099614858627,-0.03174600005149841,0.25763100385665894
1451312088044,2,0.16971899569034576,-0.09401699900627136,0.31623899936676025
1451312088066,1,0.09890099614858627,-0.13064700365066528,0.2808299958705902
1451312088083,1,-0.010989000089466572,0.00976799987256527,0.36019498109817505
1451312088104,1,-0.167276993393898,0.4774110019207001,0.5738700032234192
1451312088124,1,-0.01831500045955181,0.6312569975852966,0.5689859986305237
1451312088144,1,0.1782660037279129,0.3724049925804138,0.5836380124092102
1451312088165,1,0.20390699803829193,0.04395600035786629,0.6532350182533264
1451312088184,1,0.09035399556159973,-0.26861998438835144,0.7106220126152039
1451312088209,1,0.13675199449062347,-0.03663000091910362,0.5201460123062134
1451312088225,1,0.10134299844503403,0.195360004901886,0.3956039845943451
1451312088245,1,-0.007325999904423952,0.32112300395965576,0.2588520050048828
1451312088268,1,-0.13186800479888916,0.2918190062046051,0.16361400485038757
1451312088285,1,-0.19291800260543823,0.030524998903274536,0.14163599908351898
1451312088304,1,-0.04761900007724762,-0.5201460123062134,-0.05128199979662895
1451312088325,1,0.00976799987256527,-0.4383389949798584,-0.24053700268268585
1451312088345,1,0.03174600005149841,-0.38583600521087646,0.04273499920964241
1451312088366,1,-0.02442000061273575,-0.39194098114967346,0.35531100630760193
1451312088384,1,-0.1684979945421219,-0.050060998648405075,0.33333298563957214
1451312088406,1,-0.19780199229717255,0.2698409855365753,0.097680002450943
1451312088426,1,0.0012209999840706587,0.1623930037021637,-0.36629998683929443
1451312088446,1,-0.017093999311327934,0.14163599908351898,-0.2710619866847992
1451312088465,1,-0.0647130012512207,0.18681299686431885,-0.27960899472236633
1451312088485,1,-0.01953599974513054,0.17704500257968903,-0.334553986787796
1451312088506,1,0.12087900191545486,0.15506699681282043,-0.43101298809051514
1451312088526,1,0.14163599908351898,0.24053700268268585,-0.6129419803619385
1451312088546,1,-0.03174600005149841,0.43467599153518677,-0.6727709770202637
1451312088571,1,-0.167276993393898,0.6324779987335205,-0.6666659712791443
1451312088587,1,-0.22832699120044708,0.6788759827613831,-0.5677649974822998
1451312088607,1,-0.20268599689006805,0.608057975769043,-0.45177000761032104
1451312088626,1,0.5323559641838074,0.504272997379303,-0.523809015750885
1451312088648,1,1.162392020225525,0.4590959846973419,-0.8021969795227051
1451312088666,1,1.192916989326477,-0.24786299467086792,-1.4078129529953003
1451312088686,1,0.4652009904384613,-0.4700849950313568,0.8608049750328064
1451312088707,1,0.9670320153236389,-1.5775319337844849,1.1648340225219727
1451312088727,1,1.061048984527588,-1.974357008934021,1.0940159559249878
1451312088747,1,-0.9352859854698181,1.4639790058135986,-0.4749689996242523
1451312088767,1,-1.612941026687622,1.8290579319000244,-0.5018309950828552
1451312088787,1,-1.8229529857635498,1.6947479248046875,0.22100099921226501
1451312088808,1,-1.379729986190796,0.23443199694156647,0.7753350138664246
1451312088828,1,-0.22954799234867096,-0.9694739580154419,0.5946269631385803
1451312088848,1,1.1501820087432861,-1.1452980041503906,0.02442000061273575
1451312088868,1,0.8559209704399109,-0.8693519830703735,-0.020756999030709267
1451312088888,1,0.34798499941825867,-0.4371179938316345,-0.012210000306367874
1451312088908,1,-0.06959699839353561,-0.0012209999840706587,-0.06349200010299683
1451312088933,1,-0.2441999912261963,0.2710619866847992,-0.06104999780654907
1451312088949,1,0.007325999904423952,-0.04151399806141853,0.04151399806141853
1451312088969,1,0.1562879979610443,-0.3040289878845215,0.05738699808716774
1451312088989,1,0.1404149979352951,-0.40292999148368835,0.07448099553585052
1451312089009,1,-0.014651999808847904,-0.32722800970077515,0.13919399678707123
1451312089029,1,-0.15506699681282043,-0.22588500380516052,0.21245399117469788
1451312089050,1,-0.18070799112319946,-0.25763100385665894,0.21001200377941132
1451312089068,1,-0.04273499920964241,-0.2808299958705902,0.008546999655663967
1451312089089,1,0.020756999030709267,-0.23565299808979034,-0.030524998903274536
1451312089110,1,0.06104999780654907,-0.17216099798679352,-0.02808300033211708
1451312089129,1,0.04761900007724762,-0.14285700023174286,0.017093999311327934
1451312089149,1,-0.0012209999840706587,-0.0866909995675087,0.02930399961769581
1451312089170,1,-0.09890099614858627,-0.02930399961769581,0.003662999952211976
1451312089190,1,-0.08180700242519379,-0.06837599724531174,0.021978000178933144
1451312089210,1,-0.04151399806141853,-0.1782660037279129,0.02930399961769581
1451312089232,1,0.00976799987256527,-0.23443199694156647,0.03418799862265587
1451312089250,1,0.013430999591946602,-0.12820500135421753,0.00976799987256527
1451312089270,1,-0.13308899104595184,0.15873000025749207,0.010989000089466572
1451312089290,1,-0.10134299844503403,0.2429789900779724,0.02808300033211708
1451312089310,1,0.030524998903274536,0.1514039933681488,0.003662999952211976
1451312089332,1,0.03418799862265587,0.03418799862265587,-0.0866909995675087
1451312089350,1,-0.10012199729681015,-0.11111100018024445,-0.11111100018024445
1451312089370,1,-0.03174600005149841,-0.3724049925804138,-0.04395600035786629
1451312089391,1,0.4700849950313568,-0.6459090113639832,0.12209999561309814
1451312089411,1,0.3736259937286377,-0.6190469861030579,0.0012209999840706587
1451312089431,1,-0.05372399836778641,-0.46886399388313293,-0.1562879979610443
1451312089451,1,-0.5347979664802551,-0.20146499574184418,-0.167276993393898
1451312089471,1,-0.7387049794197083,0.08180700242519379,0.0757019966840744
1451312089492,1,-0.03907199949026108,-0.3675209879875183,0.31623899936676025
1451312089511,1,0.5470079779624939,-0.7851029634475708,0.0024419999681413174
1451312089532,1,0.8412690162658691,-0.5006099939346313,-0.02319899946451187
1451312089552,1,0.6239309906959534,0.007325999904423952,-0.1355309933423996
1451312089572,1,0.09279599785804749,0.32722800970077515,-0.2527469992637634
1451312089592,1,-0.2441999912261963,0.8412690162658691,-0.195360004901886
1451312089612,1,-0.12332099676132202,0.7851029634475708,-0.12820500135421753
1451312089632,1,-0.0024419999681413174,0.5750910043716431,-0.07448099553585052
1451312089652,1,0.20268599689006805,0.33821699023246765,-0.09279599785804749
1451312089673,1,0.33821699023246765,0.24664199352264404,-0.1294260025024414
1451312089692,1,0.28449299931526184,0.11233200132846832,-0.20757000148296356
1451312089714,1,-0.0757019966840744,0.2380950003862381,-0.33821699023246765
1451312089737,1,-0.04761900007724762,0.09157499670982361,-0.32234400510787964
1451312089752,1,0.17704500257968903,-0.18559199571609497,-0.27350398898124695
1451312089773,1,0.3418799936771393,-0.4590959846973419,-0.11233200132846832
1451312089793,1,0.4004879891872406,-0.308912992477417,0.1135529950261116
1451312089815,1,0.5665439963340759,0.28449299931526184,0.05738699808716774
1451312089833,1,0.5067149996757507,0.18314999341964722,-0.03296700119972229
1451312089853,1,0.20879100263118744,0.007325999904423952,0.026861999183893204
1451312089873,1,-0.10378500074148178,0.10500600188970566,0.09523800015449524
1451312089893,1,-0.2332109957933426,0.2918190062046051,0.1514039933681488
1451312089916,1,-0.18314999341964722,0.3504270017147064,0.18314999341964722
1451312089933,1,-0.13675199449062347,0.4749689996242523,0.2551890015602112
1451312089954,1,-0.13675199449062347,0.5811960101127625,0.3076919913291931
1451312089974,1,-0.11599499732255936,0.5152620077133179,0.2771669924259186
1451312089994,1,-0.013430999591946602,0.2905980050563812,0.2503049969673157
1451312090015,1,0.10744799673557281,0.0378509983420372,0.25641000270843506
1451312090034,1,0.07448099553585052,-0.10622699558734894,0.08424899727106094
1451312090055,1,-0.08302799612283707,0.05250300094485283,-0.03174600005149841
1451312090075,1,-0.27228298783302307,0.21367499232292175,-0.06593400239944458
1451312090095,1,-0.4542119801044464,0.32112300395965576,-0.08302799612283707
1451312090116,2,-0.5286930203437805,0.2588520050048828,-0.11233200132846832
1451312090141,2,-0.2747249901294708,-0.18681299686431885,-0.18070799112319946
1451312090156,2,-0.12087900191545486,-0.21245399117469788,-0.11477399617433548
1451312090180,2,-0.035408999770879745,-0.11477399617433548,-0.2271059900522232
1451312090195,2,-0.08180700242519379,-0.25152599811553955,-0.5470079779624939
1451312090216,2,-0.2600730061531067,0.1562879979610443,-0.6776549816131592
1451312090236,2,0.3504270017147064,-0.4603169858455658,-0.2490839958190918
1451312090256,2,0.3296699821949005,-0.2808299958705902,-0.14285700023174286
1451312090276,2,-0.1575089991092682,0.3577530086040497,-0.05250300094485283
1451312090296,2,-0.38095200061798096,0.6446880102157593,-0.0866909995675087
1451312090321,2,-0.37606799602508545,0.4151400029659271,-0.15506699681282043
1451312090336,2,-0.21489599347114563,-0.5115990042686462,-0.2967030107975006
1451312090356,2,0.09035399556159973,-0.10988999903202057,-0.09279599785804749
1451312090376,2,0.9352859854698181,-0.4444440007209778,0.2771669924259186
1451312090398,2,0.760683000087738,-0.6532350182533264,0.045176997780799866
1451312090416,2,0.11599499732255936,-0.5030519962310791,-0.38095200061798096
1451312090436,2,-0.14285700023174286,-0.4761900007724762,-0.6117209792137146
1451312090457,2,0.4053719937801361,-0.8498159646987915,-0.5054939985275269
1451312090477,2,0.5079360008239746,-0.8730149865150452,-0.49084198474884033
1451312090498,2,0.2503049969673157,-0.5470079779624939,-0.5128200054168701
1451312090517,2,-0.19780199229717255,-0.16117200255393982,-0.5115990042686462
1451312090537,2,-0.4004879891872406,0.15873000025749207,-0.4285709857940674
1451312090557,2,-0.01953599974513054,-0.18192899227142334,-0.20390699803829193
1451312090578,2,0.2161169946193695,-0.3028079867362976,-0.25763100385665894
1451312090597,2,0.2747249901294708,-0.11233200132846832,-0.3418799936771393
1451312090617,2,0.16117200255393982,-0.04639799892902374,-0.36507898569107056
1451312090638,2,0.06349200010299683,-0.39194098114967346,-0.3785099983215332
1451312090658,2,0.1025639995932579,-0.8241750001907349,-0.27960899472236633
1451312090678,2,0.3040289878845215,-0.832722008228302,-0.19902299344539642
1451312090698,2,0.4822950065135956,-0.8986560106277466,-0.01831500045955181
1451312090718,2,-0.803417980670929,3.7619009017944336,1.1172150373458862
1451312090738,2,-2.251523971557617,4.7362589836120605,2.5140390396118164
1451312090758,2,-2.41269588470459,2.531132936477661,1.7802180051803589
1451312090778,2,0.2857140004634857,-0.12332099676132202,0.5433449745178223
1451312090798,2,1.202684998512268,-1.3614150285720825,0.08058600127696991
1451312090818,2,1.2417570352554321,-1.689863920211792,-0.27838799357414246
1451312090839,2,0.9975569844245911,-1.5885210037231445,-0.45177000761032104
1451312090860,2,0.8156279921531677,-2.1684958934783936,-0.47252699732780457
1451312090879,2,0.008546999655663967,1.5860790014266968,-0.3894990086555481
1451312090900,2,-0.504272997379303,2.4871768951416016,-0.3846150040626526
1451312090919,2,-0.6752129793167114,1.6117199659347534,-0.41269800066947937
1451312090940,2,-0.5616599917411804,0.659339964389801,-0.5641019940376282
1451312090960,2,-0.4639799892902374,-0.05128199979662895,-0.7521359920501709
1451312090980,2,-0.31746000051498413,-0.1562879979610443,-0.7765560150146484
1451312090999,2,0.02808300033211708,-0.21367499232292175,-0.5775330066680908
1451312091020,2,0.11477399617433548,-0.2808299958705902,-0.422465980052948
1451312091040,2,0.18803399801254272,-0.4615379869937897,-0.35409000515937805
1451312091060,2,0.25641000270843506,-0.5714280009269714,-0.3748469948768616
1451312091081,2,0.2319899946451187,-0.6630029678344727,-0.40415099263191223
1451312091100,2,0.1355309933423996,-0.5934060215950012,-0.2869350016117096
1451312091120,2,0.12820500135421753,-0.5274720191955566,-0.13064700365066528
1451312091140,2,0.19658099114894867,-0.4652009904384613,-0.0378509983420372
1451312091160,2,0.18314999341964722,-0.5128200054168701,-0.030524998903274536
1451312091181,2,0.05128199979662895,-0.6202679872512817,-0.09035399556159973
1451312091200,2,-0.07936500012874603,-0.6349200010299683,-0.27960899472236633
1451312091221,2,-0.013430999591946602,-0.5518919825553894,-0.28449299931526184
1451312091241,2,0.059829000383615494,-0.4883999824523926,-0.18803399801254272
1451312091261,2,0.20268599689006805,-0.5873010158538818,-0.06837599724531174
1451312091282,2,0.15262499451637268,-0.05738699808716774,0.05616600066423416
1451312091301,2,0.17704500257968903,-0.03296700119972229,0.026861999183893204
1451312091321,2,0.2869350016117096,-0.1733819991350174,-0.03418799862265587
1451312091342,2,0.28937700390815735,-0.26251500844955444,0.010989000089466572
1451312091368,2,0.1575089991092682,-0.1355309933423996,0.07081799954175949
1451312091386,2,0.010989000089466572,0.1575089991092682,0.07081799954175949
1451312091402,2,-0.02808300033211708,0.41269800066947937,0.03907199949026108
1451312091422,2,0.06227099895477295,0.4334549903869629,-0.02319899946451187
1451312091443,2,0.04273499920964241,0.28815600275993347,-0.10500600188970566
1451312091465,2,-0.10988999903202057,0.19169700145721436,-0.16483499109745026
1451312091482,2,-0.2588520050048828,0.15873000025749207,-0.13064700365066528
1451312091503,2,-0.29426100850105286,0.10866899788379669,-0.02808300033211708
1451312091523,2,-0.06837599724531174,0.06104999780654907,-0.01831500045955181
1451312091543,2,-0.040293000638484955,0.20268599689006805,-0.1562879979610443
1451312091565,2,-0.22588500380516052,0.45054900646209717,-0.23565299808979034
1451312091584,2,-0.28815600275993347,0.5311350226402283,-0.2222220003604889
1451312091603,2,-0.293040007352829,0.4004879891872406,-0.13430999219417572
1451312091623,2,0.06104999780654907,-0.04639799892902374,-0.21245399117469788
1451312091644,2,0.13430999219417572,-0.18681299686431885,-0.2820509970188141
1451312091665,2,0.05128199979662895,-0.10134299844503403,-0.32112300395965576
1451312091683,2,-0.05250300094485283,0.08546999841928482,-0.3614159822463989
1451312091704,2,-0.07814399898052216,0.19780199229717255,-0.3894990086555481
1451312091724,2,-0.05372399836778641,0.17582400143146515,-0.37606799602508545
1451312091744,2,0.05860799923539162,-0.1623930037021637,-0.43589699268341064
1451312091770,2,0.0757019966840744,-0.1892549991607666,-0.3992669880390167
1451312091784,2,0.08302799612283707,-0.2319899946451187,-0.30036598443984985
1451312091804,2,0.010989000089466572,-0.25641000270843506,-0.28937700390815735
1451312091824,2,-0.11599499732255936,-0.24786299467086792,-0.35897400975227356
1451312091845,2,-0.4151400029659271,-0.02319899946451187,-0.34798499941825867
1451312091865,2,-0.40659299492836,0.05250300094485283,-0.31623899936676025
1451312091884,2,-0.3467639982700348,-0.03907199949026108,-0.21001200377941132
1451312091904,2,-0.20757000148296356,-0.19291800260543823,-0.20879100263118744
1451312091924,2,-0.035408999770879745,-0.3199020028114319,-0.23565299808979034
1451312091945,2,0.14774100482463837,-0.4639799892902374,-0.27228298783302307
1451312091965,2,-0.003662999952211976,-0.22954799234867096,-0.2161169946193695
1451312091984,2,-0.2271059900522232,-0.02808300033211708,-0.11477399617433548
1451312092005,2,-0.1892549991607666,-0.04151399806141853,-0.1025639995932579
1451312092025,2,0.014651999808847904,-0.15018299221992493,-0.17460300028324127
1451312092045,2,0.21367499232292175,-0.3028079867362976,-0.2905980050563812
1451312092066,2,0.432233989238739,-0.19169700145721436,-0.39682498574256897
1451312092085,2,0.3992669880390167,-0.05250300094485283,-0.3748469948768616
1451312092106,2,0.2967030107975006,-0.026861999183893204,-0.32600700855255127
1451312092126,2,0.16117200255393982,-0.035408999770879745,-0.45054900646209717
1451312092146,1,0.12087900191545486,0.03296700119972229,-0.6495720148086548
1451312092166,1,0.12332099676132202,-0.1562879979610443,-0.6910859942436218
1451312092187,1,0.10866899788379669,-0.32722800970077515,-0.6642239689826965
1451312092207,1,0.02442000061273575,-0.4285709857940674,-0.7155060172080994
1451312092227,1,0.015873000025749207,-0.3504270017147064,-0.7374839782714844
1451312092248,1,0.06593400239944458,-0.08058600127696991,-0.7069590091705322
1451312092266,1,-0.12698400020599365,0.21977999806404114,-0.5811960101127625
1451312092287,1,-0.2649570107460022,0.17582400143146515,-0.6715499758720398
1451312092307,1,-0.20146499574184418,0.026861999183893204,-0.8107439875602722
1451312092327,1,-0.0866909995675087,0.013430999591946602,-0.8473739624023438
1451312092348,1,-0.05128199979662895,0.18192899227142334,-0.7728930115699768
1451312092367,1,-0.07814399898052216,0.18803399801254272,-0.6410250067710876
1451312092388,1,-0.15384599566459656,-0.04639799892902374,-0.5995109677314758
1451312092408,1,-0.21001200377941132,-0.22466400265693665,-0.6788759827613831
1451312092428,1,-0.2161169946193695,-0.3247860074043274,-0.7582409977912903
1451312092448,1,-0.08913300186395645,-0.22588500380516052,-0.7057380080223083
1451312092468,1,0.21367499232292175,-0.07692299783229828,-0.5189250111579895
1451312092488,1,0.5702069997787476,0.2380950003862381,-0.5702069997787476
1451312092508,1,0.43101298809051514,0.3308909833431244,-0.782660961151123
1451312092529,1,0.15384599566459656,0.4175820052623749,-0.8986560106277466
1451312092548,1,-0.07814399898052216,0.6190469861030579,-0.854699969291687
1451312092568,1,-0.0647130012512207,0.8620259761810303,-0.81318598985672
1451312092588,1,0.9084239602088928,0.7789980173110962,-0.8388270139694214
1451312092609,1,0.7838819622993469,-0.05128199979662895,0.7106220126152039
1451312092628,1,0.9120869636535645,-0.9890099763870239,1.6178250312805176
1451312092649,1,1.0830270051956177,-1.531134009361267,1.5238080024719238
1451312092668,1,0.6495720148086548,-0.9084239602088928,0.25641000270843506
1451312092693,1,-0.46764299273490906,-0.20757000148296356,-0.6959699988365173
1451312092709,1,-1.4236860275268555,0.9511590003967285,0.13430999219417572
1451312092729,1,-0.9682530164718628,0.5396819710731506,0.7057380080223083
1451312092749,1,-0.09035399556159973,-0.1733819991350174,0.7570199966430664
1451312092769,1,0.5409029722213745,-0.8595839738845825,0.5347979664802551
1451312092790,1,0.7423679828643799,-1.3113540410995483,0.308912992477417
1451312092810,1,-0.06837599724531174,-1.0146509408950806,-0.12698400020599365
1451312092832,1,-0.5518919825553894,-0.6581189632415771,-0.34310099482536316
1451312092849,1,-0.7081800103187561,-0.4981679916381836,-0.5030519962310791
1451312092870,1,-0.523809015750885,-0.5506709814071655,-0.5506709814071655
1451312092890,1,-0.20757000148296356,-0.7069590091705322,-0.5286930203437805
1451312092910,1,0.05372399836778641,-0.6605609655380249,-0.33821699023246765
1451312092936,1,0.07203900068998337,-0.5274720191955566,-0.211232990026474
1451312092950,1,0.13919399678707123,-0.4004879891872406,-0.08913300186395645
1451312092971,1,0.2051279991865158,-0.2551890015602112,-0.010989000089466572
1451312092991,1,0.21001200377941132,-0.22466400265693665,-0.021978000178933144
1451312093011,1,0.18559199571609497,-0.11111100018024445,-0.08791200071573257
1451312093031,1,0.07081799954175949,-0.23687399923801422,-0.12576299905776978
1451312093050,1,-0.15018299221992493,-0.10134299844503403,0.11721599847078323
1451312093071,1,-0.1465200036764145,-0.2661779820919037,0.28327199816703796
1451312093091,1,0.11477399617433548,-0.6862019896507263,0.3369959890842438
1451312093111,1,0.3418799936771393,-0.9621480107307434,0.390720009803772
1451312093132,1,0.14285700023174286,-1.183148980140686,0.5128200054168701
1451312093151,1,-0.20634900033473969,-1.192916989326477,0.48351600766181946
1451312093172,1,-0.6361410021781921,-0.8070809841156006,0.3748469948768616
1451312093192,1,-0.9731369614601135,-0.4713059961795807,0.24053700268268585
1451312093212,1,-0.8144069910049438,-0.46275898814201355,0.13797299563884735
1451312093232,1,-0.34920600056648254,-0.3638579845428467,0.18070799112319946
1451312093252,1,-0.3455429971218109,-0.195360004901886,0.14285700023174286
1451312093273,1,-0.4859579801559448,-0.10744799673557281,0.06593400239944458
1451312093292,1,-0.637362003326416,-0.11599499732255936,-0.09279599785804749
1451312093317,1,-0.8388270139694214,-0.19291800260543823,-0.3308909833431244
1451312093332,1,-0.9487169981002808,-0.08913300186395645,-0.565322995185852
1451312093353,1,-0.9621480107307434,0.5470079779624939,-0.647130012512207
1451312093373,1,-0.9841259717941284,0.6385830044746399,-0.5006099939346313
1451312093393,1,-1.1550660133361816,0.7545779943466187,-0.43589699268341064
1451312093414,1,-1.2185579538345337,0.7277159690856934,-0.44078099727630615
1451312093437,1,-0.7789980173110962,0.5335769653320313,-0.3247860074043274
1451312093453,1,-0.27228298783302307,0.7997549772262573,0.34798499941825867
1451312093473,1,-0.3308909833431244,0.9279599785804749,0.6642239689826965
1451312093493,1,-0.23931600153446198,0.7680090069770813,0.8522579669952393
1451312093514,1,-0.04273499920964241,0.4603169858455658,0.9340649843215942
1451312093533,1,0.0488400012254715,0.19902299344539642,1.0268609523773193
1451312093553,1,-0.0024419999681413174,-0.030524998903274536,1.2478619813919067
1451312093574,1,-0.10012199729681015,-0.06715499609708786,1.3504259586334229
1451312093594,1,-0.19902299344539642,-0.10744799673557281,1.3211219310760498
1451312093615,1,-0.17460300028324127,-0.13919399678707123,1.1746020317077637
1451312093634,1,-0.11965800076723099,-0.18559199571609497,1.0732589960098267
1451312093659,1,-0.08546999841928482,-0.2271059900522232,1.1367509365081787
1451312093675,1,-0.06959699839353561,-0.17460300028324127,1.3785089254379272
1451312093695,1,-0.11477399617433548,-0.0757019966840744,1.380950927734375
1451312093715,1,-0.11843699961900711,0.035408999770879745,1.2869340181350708
1451312093735,1,-0.10744799673557281,0.15873000025749207,1.2051270008087158
1451312093755,1,-0.11843699961900711,0.24175800383090973,1.1746020317077637
1451312093775,1,-0.050060998648405075,0.15384599566459656,1.1807069778442383
1451312093796,1,0.07081799954175949,0.13675199449062347,1.153844952583313
1451312093815,1,0.13675199449062347,0.15262499451637268,1.0549440383911133
1451312093836,1,0.17216099798679352,0.20634900033473969,0.9340649843215942
1451312093860,1,0.06715499609708786,0.25152599811553955,0.8205119967460632
1451312093876,1,-0.18803399801254272,0.4334549903869629,0.6568979620933533
1451312093896,1,-0.20879100263118744,0.5164830088615417,0.586080014705658
1451312093916,1,-0.19902299344539642,0.5201460123062134,0.523809015750885
1451312093935,1,-0.1892549991607666,0.422465980052948,0.4798530042171478
1451312093956,1,-0.19780199229717255,0.2661779820919037,0.4371179938316345
1451312093976,1,-0.18192899227142334,0.1684979945421219,0.42002400755882263
1451312093996,1,-0.15384599566459656,0.3577530086040497,0.4798530042171478
1451312094020,1,-0.09523800015449524,0.3724049925804138,0.42612898349761963
1451312094036,1,-0.0488400012254715,0.28815600275993347,0.299144983291626
1451312094057,1,-0.03907199949026108,0.15873000025749207,0.1843709945678711
1451312094077,1,-0.05250300094485283,0.017093999311327934,0.11843699961900711
1451312094098,1,-0.24786299467086792,0.12209999561309814,0.04761900007724762
1451312094117,1,-0.22100099921226501,0.24664199352264404,-0.06349200010299683
1451312094137,1,-0.13675199449062347,0.26129400730133057,-0.23931600153446198
1451312094157,1,-0.18681299686431885,0.28937700390815735,-0.4334549903869629
1451312094177,2,-0.19291800260543823,0.07448099553585052,-0.6434670090675354
1451312094205,2,0.23565299808979034,0.3894990086555481,-0.5091570019721985
1451312094217,2,0.16483499109745026,0.8253960013389587,-0.3577530086040497
1451312094238,2,0.03907199949026108,0.9328439831733704,-0.30036598443984985
1451312094259,2,0.030524998903274536,0.5262510180473328,-0.28327199816703796
1451312094278,2,0.07936500012874603,0.1135529950261116,-0.4481070041656494
1451312094306,2,0.3418799936771393,-0.035408999770879745,-0.6129419803619385
1451312094318,2,0.6654449701309204,0.5274720191955566,-0.5286930203437805
1451312094338,2,0.4529910087585449,0.8998770117759705,-0.5824170112609863
1451312094358,2,0.19780199229717255,1.1379719972610474,-0.8376060128211975
1451312094378,2,0.21733799576759338,1.2588509321212769,-0.9767999649047852
1451312094398,2,0.3772889971733093,1.3626359701156616,-0.8705729842185974
1451312094418,2,0.4273499846458435,1.1709389686584473,-0.5286930203437805
1451312094439,2,0.4017089903354645,0.5286930203437805,-0.5164830088615417
1451312094459,2,0.3516480028629303,-0.32112300395965576,-0.647130012512207
1451312094481,2,0.32844898104667664,-0.9572640061378479,-0.8107439875602722
1451312094499,2,0.3467639982700348,-1.0866899490356445,-0.8302800059318542
1451312094519,2,0.35531100630760193,-0.5018309950828552,-0.2808299958705902
1451312094539,2,0.26251500844955444,-0.45177000761032104,-0.16117200255393982
1451312094559,2,0.11599499732255936,-0.5262510180473328,-0.28937700390815735
1451312094580,2,0.02319899946451187,-0.8778989911079407,-0.48351600766181946
1451312094599,2,0.09035399556159973,-1.3223429918289185,-0.48473697900772095
1451312094619,2,0.47252699732780457,-1.6800960302352905,0.27228298783302307
1451312094640,2,-1.5335760116577148,1.7667869329452515,1.072037935256958
1451312094660,2,-1.3943819999694824,0.35531100630760193,1.1990219354629517
1451312094682,2,-0.2918190062046051,-0.9389489889144897,0.8986560106277466
1451312094701,2,0.5079360008239746,-0.946274995803833,0.514041006565094
1451312094724,2,0.6459090113639832,-0.32600700855255127,0.17948700487613678
1451312094741,2,0.7203899621963501,-0.956043004989624,-0.7203899621963501
1451312094761,2,0.9536010026931763,-1.708178997039795,-0.9902309775352478
1451312094781,2,1.1501820087432861,-2.1782639026641846,-0.9096449613571167
1451312094800,2,0.7997549772262573,-1.22222101688385,-0.422465980052948
1451312094827,2,0.05738699808716774,0.5311350226402283,-0.2661779820919037
1451312094841,2,-0.9755789637565613,1.7142839431762695,-0.81318598985672
1451312094861,2,-0.7472519874572754,1.0988999605178833,-0.936506986618042
1451312094882,2,-0.16605599224567413,0.30158698558807373,-0.8595839738845825
1451312094901,2,0.4700849950313568,-0.45054900646209717,-0.6959699988365173
1451312094922,2,0.8864459991455078,-0.8315010070800781,-0.5970689654350281
1451312094942,2,0.9010980129241943,-0.5543339848518372,-0.5934060215950012
1451312094962,2,0.17093999683856964,-0.39682498574256897,-0.5689859986305237
1451312094983,2,-0.06227099895477295,-0.42612898349761963,-0.5738700032234192
1451312095002,2,0.08424899727106094,-0.6239309906959534,-0.5616599917411804
1451312095022,2,0.36507898569107056,-0.9096449613571167,-0.5323559641838074
1451312095042,2,0.5470079779624939,-0.9767999649047852,-0.4981679916381836
1451312095065,2,0.4639799892902374,-0.7582409977912903,-0.54578697681427
1451312095082,2,0.2002439945936203,-0.6251519918441772,-0.5567759871482849
1451312095102,2,-0.0012209999840706587,-0.4444440007209778,-0.598289966583252
1451312095123,2,-0.06349200010299683,-0.4273499846458435,-0.6312569975852966
1451312095143,2,-0.05372399836778641,-0.5445659756660461,-0.6483510136604309
1451312095163,2,-0.020756999030709267,-0.6520140171051025,-0.5482289791107178
1451312095182,2,-0.13186800479888916,-0.6336989998817444,-0.4871789813041687
1451312095203,2,-0.2979239821434021,-0.5885220170021057,-0.5531129837036133
1451312095223,2,-0.4493280053138733,-0.6349200010299683,-0.7203899621963501
1451312095243,2,-0.38217300176620483,-0.7045170068740845,-0.8595839738845825
1451312095265,2,0.05250300094485283,-0.28937700390815735,-0.7924289703369141
1451312095283,2,0.09157499670982361,0.05616600066423416,-0.6703289747238159
1451312095303,2,0.03174600005149841,0.3565320074558258,-0.6385830044746399
1451312095324,2,-0.06349200010299683,0.4542119801044464,-0.6544560194015503
1451312095344,2,-0.18559199571609497,0.3882780075073242,-0.6410250067710876
1451312095366,2,-0.24175800383090973,0.1941390037536621,-0.5702069997787476
1451312095383,2,0.09401699900627136,-0.06227099895477295,-0.36019498109817505
1451312095404,2,0.18559199571609497,0.008546999655663967,-0.33821699023246765
1451312095424,2,0.09890099614858627,0.1782660037279129,-0.36629998683929443
1451312095445,2,-0.05738699808716774,0.2429789900779724,-0.3846150040626526
1451312095465,2,-0.1941390037536621,0.1355309933423996,-0.3418799936771393
1451312095484,2,-0.02808300033211708,-0.41269800066947937,-0.23565299808979034
1451312095505,2,0.14774100482463837,-0.4761900007724762,-0.26861998438835144
1451312095525,2,0.22588500380516052,-0.24786299467086792,-0.3137969970703125
1451312095545,2,0.21001200377941132,0.010989000089466572,-0.3406589925289154
1451312095566,2,0.20390699803829193,0.12087900191545486,-0.35531100630760193
1451312095584,2,0.05860799923539162,-0.06227099895477295,-0.49938899278640747
1451312095606,2,0.0647130012512207,0.03174600005149841,-0.5946269631385803
1451312095626,2,0.14407800137996674,0.22466400265693665,-0.6190469861030579
1451312095646,2,0.211232990026474,0.35897400975227356,-0.6031739711761475
1451312095671,2,0.23076899349689484,0.31135499477386475,-0.5909640192985535
1451312095690,2,0.1684979945421219,0.17460300028324127,-0.6202679872512817
1451312095706,2,-0.04273499920964241,-0.15873000025749207,-0.6202679872512817
1451312095726,2,-0.06959699839353561,-0.18803399801254272,-0.5372399687767029
1451312095746,2,0.00976799987256527,-0.2002439945936203,-0.43467599153518677
1451312095765,2,0.11233200132846832,-0.2747249901294708,-0.36019498109817505
1451312095790,2,0.195360004901886,-0.3638579845428467,-0.2710619866847992
1451312095806,2,0.1892549991607666,-0.5946269631385803,0.007325999904423952
1451312095826,2,0.17948700487613678,-0.5763120055198669,0.13308899104595184
1451312095848,2,0.13186800479888916,-0.48473697900772095,0.20390699803829193
1451312095867,2,-0.2332109957933426,-0.1465200036764145,0.29426100850105286
1451312095886,2,-0.1684979945421219,0.08913300186395645,0.3614159822463989
1451312095907,2,0.19780199229717255,0.14163599908351898,0.7045170068740845
1451312095926,2,0.2747249901294708,0.17704500257968903,0.7973129749298096
1451312095948,2,0.2441999912261963,0.2551890015602112,0.7545779943466187
1451312095967,2,0.1843709945678711,0.40292999148368835,0.637362003326416
1451312095987,2,0.13675199449062347,0.4774110019207001,0.5641019940376282
1451312096008,2,0.08180700242519379,0.6678869724273682,0.49084198474884033
1451312096027,2,-0.030524998903274536,1.0170929431915283,0.5030519962310791
1451312096048,2,-0.008546999655663967,0.965811014175415,0.523809015750885
1451312096067,2,0.050060998648405075,0.8937720060348511,0.4114769995212555
1451312096087,2,0.1843709945678711,0.7240529656410217,0.42490798234939575
1451312096112,2,0.32234400510787964,0.4053719937801361,0.6398040056228638
1451312096129,2,0.28815600275993347,-0.28449299931526184,0.907202959060669
1451312096148,2,0.20390699803829193,-0.5726490020751953,0.7240529656410217
1451312096168,2,0.23443199694156647,-0.7155060172080994,0.44200199842453003
