1449111460913,1,0.0378509983420372,-0.4883999824523926,0.05860799923539162
1449111460934,1,0.02808300033211708,-0.09401699900627136,-0.026861999183893204
1449111460954,1,0.17582400143146515,-0.02442000061273575,-0.06349200010299683
1449111460976,1,0.18070799112319946,-0.014651999808847904,-0.03296700119972229
1449111460994,1,0.10622699558734894,-0.045176997780799866,-0.0024419999681413174
1449111461014,1,-0.017093999311327934,-0.08424899727106094,0.02808300033211708
1449111461035,1,-0.1135529950261116,-0.09279599785804749,0.05128199979662895
1449111461055,1,-0.021978000178933144,0.04395600035786629,-0.06959699839353561
1449111461075,1,0.014651999808847904,0.08302799612283707,-0.12209999561309814
1449111461096,1,0.014651999808847904,0.06715499609708786,-0.08913300186395645
1449111461116,1,-0.020756999030709267,-0.013430999591946602,-0.035408999770879745
1449111461136,1,-0.045176997780799866,-0.07203900068998337,-0.02319899946451187
1449111461156,1,-0.14285700023174286,0.013430999591946602,-0.1294260025024414
1449111461176,1,-0.20879100263118744,0.08058600127696991,-0.20268599689006805
1449111461195,1,-0.27838799357414246,0.10622699558734894,-0.22100099921226501
1449111461216,1,-0.3369959890842438,0.10744799673557281,-0.21489599347114563
1449111461236,1,-0.33821699023246765,0.07814399898052216,-0.18559199571609497
1449111461256,1,0.03907199949026108,0.2600730061531067,-0.23076899349689484
1449111461276,1,0.7362629771232605,0.5494499802589417,-0.30036598443984985
1449111461296,1,1.1330879926681519,0.6056159734725952,-0.35409000515937805
1449111461317,1,0.782660961151123,0.2759459912776947,-0.06715499609708786
1449111461337,1,0.4542119801044464,-0.8925510048866272,0.8705729842185974
1449111461356,1,1.2673979997634888,-1.6349189281463623,1.1404139995574951
1449111461381,1,0.5396819710731506,-0.4004879891872406,-0.3199020028114319
1449111461397,1,-0.4700849950313568,0.6910859942436218,-0.7106220126152039
1449111461417,1,-1.3247849941253662,1.3699619770050049,-0.2869350016117096
1449111461438,1,-1.7155050039291382,1.2441990375518799,0.32844898104667664
1449111461458,1,-1.3699619770050049,0.5433449745178223,0.5885220170021057
1449111461476,1,0.35409000515937805,-0.6361410021781921,0.18070799112319946
1449111461497,1,0.5604389905929565,-0.7875449657440186,0.02442000061273575
1449111461518,1,0.26251500844955444,-0.5714280009269714,-0.02442000061273575
1449111461539,1,-0.21489599347114563,-0.17582400143146515,-0.059829000383615494
1449111461559,1,-0.523809015750885,0.13186800479888916,-0.12332099676132202
1449111461577,1,-0.211232990026474,0.0488400012254715,-0.16483499109745026
1449111461599,1,0.1355309933423996,-0.08424899727106094,-0.11599499732255936
1449111461619,1,0.27350398898124695,-0.17704500257968903,-0.05860799923539162
1449111461640,1,0.2441999912261963,-0.1562879979610443,0.003662999952211976
1449111461659,1,0.0866909995675087,-0.06715499609708786,-0.0024419999681413174
1449111461678,1,-0.07936500012874603,0.004883999936282635,-0.04639799892902374
1449111461699,1,-0.06104999780654907,-0.008546999655663967,-0.1135529950261116
1449111461719,1,0.07692299783229828,-0.05860799923539162,-0.09035399556159973
1449111461740,1,0.19902299344539642,-0.0647130012512207,-0.08913300186395645
1449111461759,1,0.20879100263118744,-0.026861999183893204,-0.08302799612283707
1449111461778,1,0.11843699961900711,0.01953599974513054,-0.07081799954175949
1449111461799,1,-0.14163599908351898,0.035408999770879745,-0.025640999898314476
1449111461819,1,-0.16971899569034576,0.013430999591946602,-0.026861999183893204
1449111461842,1,-0.09401699900627136,0.014651999808847904,-0.06715499609708786
1449111461861,1,0.050060998648405075,0.00976799987256527,-0.1025639995932579
1449111461880,1,0.15018299221992493,-0.02442000061273575,-0.11965800076723099
1449111461901,1,0.13430999219417572,-0.04761900007724762,-0.06227099895477295
1449111461920,1,0.06593400239944458,-0.015873000025749207,-0.08791200071573257
1449111461940,1,0.014651999808847904,0.030524998903274536,-0.12332099676132202
1449111461959,1,0.007325999904423952,0.035408999770879745,-0.1404149979352951
1449111461980,1,0.03663000091910362,0.013430999591946602,-0.11721599847078323
1449111462001,1,0.06837599724531174,-0.05738699808716774,-0.1135529950261116
1449111462021,1,0.003662999952211976,-0.035408999770879745,-0.11721599847078323
1449111462040,1,-0.0647130012512207,0.0378509983420372,-0.10866899788379669
1449111462060,1,-0.10622699558734894,0.04273499920964241,-0.08180700242519379
1449111462081,1,-0.0647130012512207,-0.00976799987256527,-0.08913300186395645
1449111462101,1,0.014651999808847904,-0.1135529950261116,-0.11843699961900711
1449111462121,1,0.1294260025024414,-0.2698409855365753,-0.14407800137996674
1449111462141,1,0.07326000183820724,-0.1684979945421219,-0.17460300028324127
1449111462160,1,-0.059829000383615494,-0.02442000061273575,-0.21245399117469788
1449111462186,1,-0.20146499574184418,0.27228298783302307,-0.12576299905776978
1449111462202,1,-0.14285700023174286,0.3418799936771393,-0.08180700242519379
1449111462222,1,0.34798499941825867,0.015873000025749207,-0.10134299844503403
1449111462242,1,0.3626369833946228,0.01831500045955181,-0.11477399617433548
1449111462262,1,0.16605599224567413,0.13797299563884735,-0.14285700023174286
1449111462283,1,-0.05860799923539162,0.2710619866847992,-0.18803399801254272
1449111462302,1,-0.1733819991350174,0.3235650062561035,-0.22832699120044708
1449111462322,1,-0.18681299686431885,0.2332109957933426,-0.26129400730133057
1449111462342,1,0.06349200010299683,-0.16605599224567413,0.006105000153183937
1449111462362,1,0.16971899569034576,-0.11721599847078323,0.1575089991092682
1449111462383,1,0.1843709945678711,0.07326000183820724,0.1562879979610443
1449111462402,1,0.12087900191545486,0.20146499574184418,0.0866909995675087
1449111462422,1,0.035408999770879745,0.17704500257968903,0.008546999655663967
1449111462446,1,0.020756999030709267,-0.22466400265693665,0.04273499920964241
1449111462462,1,0.06593400239944458,-0.24175800383090973,0.0647130012512207
1449111462482,1,0.08302799612283707,-0.07936500012874603,0.06104999780654907
1449111462502,1,0.04273499920964241,0.12576299905776978,0.059829000383615494
1449111462523,1,-0.0012209999840706587,0.18070799112319946,0.04395600035786629
1449111462549,1,0.030524998903274536,-0.11599499732255936,0.003662999952211976
1449111462564,1,0.07448099553585052,-0.2539680004119873,-0.0012209999840706587
1449111462584,1,0.0866909995675087,-0.21977999806404114,-0.02319899946451187
1449111462604,1,0.06837599724531174,-0.07203900068998337,-0.04761900007724762
1449111462624,1,0.01831500045955181,0.0866909995675087,-0.05860799923539162
1449111462644,1,-0.04151399806141853,0.16117200255393982,-0.04151399806141853
1449111462665,1,0.021978000178933144,-0.17093999683856964,-0.0012209999840706587
1449111462685,1,0.05860799923539162,-0.2918190062046051,0.02319899946451187
1449111462705,1,0.025640999898314476,-0.22588500380516052,0.026861999183893204
1449111462724,1,-0.03418799862265587,-0.0866909995675087,0.0024419999681413174
1449111462744,1,-0.07203900068998337,0.07448099553585052,-0.008546999655663967
1449111462764,1,0.010989000089466572,0.0378509983420372,0.03907199949026108
1449111462784,2,0.06715499609708786,-0.07692299783229828,0.07203900068998337
1449111462805,2,0.07326000183820724,-0.1025639995932579,0.06959699839353561
1449111462826,2,0.05372399836778641,-0.05250300094485283,0.04395600035786629
1449111462844,2,0.03907199949026108,0.03174600005149841,0.02442000061273575
1449111462865,2,0.003662999952211976,0.13919399678707123,0.06715499609708786
1449111462886,2,0.02319899946451187,0.0488400012254715,0.07692299783229828
1449111462904,2,0.03418799862265587,-0.09645900130271912,0.05738699808716774
1449111462925,2,-0.004883999936282635,-0.13675199449062347,-0.0024419999681413174
1449111462946,2,-0.054944999516010284,-0.11233200132846832,-0.02808300033211708
1449111462965,2,-0.07081799954175949,-0.026861999183893204,-0.02442000061273575
1449111462986,2,-0.0012209999840706587,0.01831500045955181,0.003662999952211976
1449111463012,2,0.059829000383615494,-0.054944999516010284,-0.012210000306367874
1449111463025,2,0.06715499609708786,-0.09523800015449524,-0.04761900007724762
1449111463046,2,0.02930399961769581,-0.06959699839353561,-0.09157499670982361
1449111463066,2,-0.01831500045955181,-0.021978000178933144,-0.10012199729681015
1449111463094,2,-0.008546999655663967,-0.0024419999681413174,-0.04761900007724762
1449111463106,2,0.030524998903274536,-0.04639799892902374,-0.04761900007724762
1449111463126,2,0.020756999030709267,-0.08546999841928482,-0.08302799612283707
1449111463147,2,-0.04395600035786629,-0.08424899727106094,-0.13308899104595184
1449111463167,2,-0.06593400239944458,-0.06837599724531174,-0.1404149979352951
1449111463187,2,-0.026861999183893204,-0.010989000089466572,-0.004883999936282635
1449111463210,2,0.02319899946451187,-0.01953599974513054,0.0488400012254715
1449111463227,2,0.054944999516010284,-0.0378509983420372,0.054944999516010284
1449111463248,2,0.05250300094485283,-0.05128199979662895,0.054944999516010284
1449111463267,2,0.05250300094485283,-0.04639799892902374,0.05616600066423416
1449111463287,2,0.05860799923539162,-0.01831500045955181,0.10866899788379669
1449111463310,2,-0.43101298809051514,0.8754569888114929,-1.0207560062408447
1449111463327,2,-0.4761900007724762,1.0988999605178833,0.09645900130271912
1449111463347,2,-0.29548200964927673,0.647130012512207,0.4114769995212555
1449111463368,2,0.02319899946451187,-0.3797309994697571,-0.03174600005149841
1449111463388,2,0.3687419891357422,-1.0463969707489014,-0.5335769653320313
1449111463410,2,0.17460300028324127,-0.15262499451637268,-0.19047600030899048
1449111463428,2,0.13430999219417572,0.2051279991865158,0.06715499609708786
1449111463448,2,0.11599499732255936,0.3040289878845215,0.11111100018024445
1449111463469,2,0.06104999780654907,0.21367499232292175,0.07326000183820724
1449111463488,2,0.03663000091910362,0.05860799923539162,0.0647130012512207
1449111463510,2,0.006105000153183937,-0.07814399898052216,0.14163599908351898
1449111463528,2,0.01831500045955181,-0.06104999780654907,0.10134299844503403
1449111463548,2,-0.02808300033211708,-0.02930399961769581,0.040293000638484955
1449111463569,2,-0.08302799612283707,-0.00976799987256527,-0.003662999952211976
1449111463589,2,-0.08302799612283707,-0.0024419999681413174,-0.006105000153183937
1449111463609,2,-0.02808300033211708,-0.0024419999681413174,0.025640999898314476
1449111463633,2,0.059829000383615494,-0.04273499920964241,0.05250300094485283
1449111463649,2,0.054944999516010284,-0.0647130012512207,0.007325999904423952
1449111463670,2,-0.04273499920964241,0.030524998903274536,-0.08302799612283707
1449111463693,2,-0.17582400143146515,0.2503049969673157,-0.07326000183820724
1449111463711,2,-0.1941390037536621,0.21367499232292175,-0.04151399806141853
1449111463729,2,0.0024419999681413174,-0.195360004901886,-0.0012209999840706587
1449111463751,2,0.007325999904423952,-0.21367499232292175,-0.02808300033211708
1449111463771,2,-0.03174600005149841,-0.09401699900627136,-0.01831500045955181
1449111463790,2,-0.06715499609708786,0.00976799987256527,0.02442000061273575
1449111463810,2,-0.06837599724531174,-0.003662999952211976,0.06593400239944458
1449111463831,2,-0.00976799987256527,-0.19291800260543823,0.06593400239944458
1449111463851,2,0.015873000025749207,-0.19291800260543823,0.05738699808716774
1449111463871,2,0.040293000638484955,-0.1135529950261116,0.035408999770879745
1449111463891,2,0.0378509983420372,-0.026861999183893204,0.035408999770879745
1449111463910,2,0.02930399961769581,0.012210000306367874,0.06104999780654907
1449111463931,2,0.03174600005149841,-0.04639799892902374,0.0757019966840744
1449111463952,2,0.07326000183820724,-0.07448099553585052,0.04151399806141853
1449111463972,2,0.0757019966840744,-0.0647130012512207,0.010989000089466572
1449111463993,2,0.06959699839353561,-0.02808300033211708,-0.0024419999681413174
1449111464010,2,0.04761900007724762,-0.021978000178933144,0.017093999311327934
1449111464033,2,0.02442000061273575,-0.04151399806141853,0.03296700119972229
1449111464053,2,-0.02930399961769581,-0.03907199949026108,-0.01953599974513054
1449111464073,2,-0.06349200010299683,-0.010989000089466572,-0.04761900007724762
1449111464093,2,-0.06349200010299683,0.0024419999681413174,-0.07936500012874603
1449111464111,2,-0.05128199979662895,0.0,-0.06349200010299683
1449111464137,2,-0.040293000638484955,-0.035408999770879745,-0.014651999808847904
1449111464151,2,-0.013430999591946602,-0.02442000061273575,0.030524998903274536
1449111464173,2,-0.045176997780799866,0.05738699808716774,0.021978000178933144
1449111464194,2,-0.07936500012874603,0.11843699961900711,0.007325999904423952
1449111464212,2,-0.08913300186395645,0.1684979945421219,0.010989000089466572
1449111464234,2,-0.04639799892902374,0.13797299563884735,0.01831500045955181
1449111464253,2,0.08791200071573257,-0.09523800015449524,0.05128199979662895
1449111464279,2,0.11233200132846832,-0.12332099676132202,0.08546999841928482
1449111464293,2,0.06837599724531174,-0.1025639995932579,0.097680002450943
1449111464314,2,-0.0012209999840706587,-0.06104999780654907,0.07814399898052216
1449111464334,2,-0.04273499920964241,-0.02319899946451187,0.035408999770879745
1449111464354,2,-0.014651999808847904,-0.06104999780654907,-0.01831500045955181
1449111464376,2,0.03663000091910362,-0.11721599847078323,0.014651999808847904
1449111464393,2,0.03907199949026108,-0.10500600188970566,0.05860799923539162
1449111464414,2,0.03907199949026108,-0.08546999841928482,0.07081799954175949
1449111464434,2,0.004883999936282635,-0.040293000638484955,0.02442000061273575
1449111464455,2,-0.06349200010299683,0.05250300094485283,-0.02930399961769581
1449111464476,2,-0.05860799923539162,0.09401699900627136,-0.007325999904423952
1449111464493,2,0.02319899946451187,-0.014651999808847904,0.03663000091910362
1449111464515,2,0.08546999841928482,-0.07936500012874603,0.097680002450943
1449111464534,2,0.09523800015449524,-0.0866909995675087,0.12698400020599365
1449111464554,2,0.0488400012254715,-0.04273499920964241,0.10866899788379669
1449111464579,2,-0.040293000638484955,0.09157499670982361,0.05616600066423416
1449111464594,2,0.0,0.09645900130271912,0.06593400239944458
1449111464616,2,0.0866909995675087,0.02319899946451187,0.07936500012874603
1449111464636,2,0.15018299221992493,-0.059829000383615494,0.08791200071573257
1449111464656,2,0.13675199449062347,-0.08058600127696991,0.097680002450943
1449111464677,2,0.08302799612283707,-0.05372399836778641,0.07814399898052216
1449111464695,2,-0.05128199979662895,0.05372399836778641,-0.014651999808847904
1449111464717,2,-0.0647130012512207,0.04395600035786629,-0.00976799987256527
1449111464736,2,0.006105000153183937,0.007325999904423952,-0.008546999655663967
1449111464757,2,0.06104999780654907,-0.015873000025749207,-0.017093999311327934
1449111464776,2,0.05250300094485283,0.02442000061273575,-0.054944999516010284
1449111464795,1,0.045176997780799866,0.19291800260543823,-0.23565299808979034
1449111464817,1,0.003662999952211976,0.2002439945936203,-0.15018299221992493
1449111464837,1,-0.1245419979095459,0.12087900191545486,0.00976799987256527
1449111464857,1,-0.21367499232292175,-0.0647130012512207,0.11111100018024445
1449111464876,1,-0.21489599347114563,-0.11965800076723099,0.10500600188970566
1449111464897,1,-0.2747249901294708,0.17704500257968903,-0.0647130012512207
1449111464916,1,-0.1355309933423996,0.09890099614858627,-0.17460300028324127
1449111464944,1,-0.006105000153183937,-0.030524998903274536,-0.19047600030899048
1449111464961,1,0.035408999770879745,-0.13919399678707123,-0.12820500135421753
1449111464977,1,-0.025640999898314476,-0.19658099114894867,-0.040293000638484955
1449111464997,1,-0.11843699961900711,-0.19780199229717255,0.04151399806141853
1449111465017,1,-0.195360004901886,0.04395600035786629,-0.02808300033211708
1449111465039,1,-0.10378500074148178,0.09279599785804749,-0.13797299563884735
1449111465060,1,0.003662999952211976,0.0647130012512207,-0.17460300028324127
1449111465077,1,0.054944999516010284,-0.026861999183893204,-0.12332099676132202
1449111465099,1,0.05738699808716774,-0.07081799954175949,-0.06715499609708786
1449111465119,1,-0.05616600066423416,0.05128199979662895,-0.04273499920964241
1449111465138,1,-0.06227099895477295,0.20757000148296356,-0.015873000025749207
1449111465161,1,0.13308899104595184,0.36019498109817505,-0.03174600005149841
1449111465181,1,0.6752129793167114,0.7106220126152039,-0.22588500380516052
1449111465198,1,1.1025630235671997,0.9682530164718628,-0.2905980050563812
1449111465218,1,0.627593994140625,0.16117200255393982,1.0354080200195313
1449111465238,1,1.4322329759597778,-0.9426119923591614,1.4420009851455688
1449111465259,1,1.9096440076828003,-1.4065920114517212,1.2588509321212769
1449111465279,1,1.4554319381713867,-1.1501820087432861,0.5677649974822998
1449111465299,1,0.3150179982185364,-0.19902299344539642,-0.2588520050048828
1449111465319,1,-0.9401699900627136,0.9096449613571167,-0.7533569931983948
1449111465339,1,-2.1074459552764893,1.5567749738693237,-0.4493280053138733
1449111465359,1,-2.1111090183258057,1.0158720016479492,-0.014651999808847904
1449111465380,1,-1.5323549509048462,-0.020756999030709267,0.3894990086555481
1449111465399,1,-0.4615379869937897,-0.6678869724273682,0.4004879891872406
1449111465419,1,0.3467639982700348,-0.9865679740905762,0.12087900191545486
1449111465439,1,0.41880300641059875,-0.5347979664802551,-0.2319899946451187
1449111465459,1,-0.03663000091910362,-0.06715499609708786,-0.19902299344539642
1449111465479,1,-0.3846150040626526,0.1684979945421219,-0.08546999841928482
1449111465499,1,-0.40781399607658386,0.097680002450943,-0.008546999655663967
1449111465520,1,-0.10012199729681015,-0.03663000091910362,-0.00976799987256527
1449111465540,1,0.44566500186920166,-0.1135529950261116,-0.1135529950261116
1449111465560,1,0.3675209879875183,-0.02930399961769581,-0.07081799954175949
1449111465579,1,0.1562879979610443,0.03907199949026108,0.0024419999681413174
1449111465601,1,-0.05616600066423416,0.03418799862265587,0.05616600066423416
1449111465621,1,-0.1514039933681488,-0.01953599974513054,0.06715499609708786
1449111465648,1,-0.09279599785804749,-0.07326000183820724,0.008546999655663967
1449111465661,1,0.17216099798679352,-0.03174600005149841,-0.13308899104595184
1449111465682,1,0.14285700023174286,-0.030524998903274536,-0.06227099895477295
1449111465702,1,0.030524998903274536,-0.04761900007724762,0.02808300033211708
1449111465722,1,-0.06837599724531174,-0.06959699839353561,0.06715499609708786
1449111465741,1,-0.11843699961900711,-0.07936500012874603,0.030524998903274536
1449111465762,1,-0.014651999808847904,0.0757019966840744,-0.10012199729681015
1449111465781,1,0.05738699808716774,0.06227099895477295,-0.09035399556159973
1449111465802,1,0.11721599847078323,-0.030524998903274536,-0.03174600005149841
1449111465822,1,0.13430999219417572,-0.10134299844503403,0.02442000061273575
1449111465841,1,0.11965800076723099,-0.08424899727106094,0.02930399961769581
1449111465861,1,0.013430999591946602,0.025640999898314476,-0.035408999770879745
1449111465882,1,-0.013430999591946602,0.03296700119972229,-0.040293000638484955
1449111465902,1,0.004883999936282635,-0.03663000091910362,-0.04761900007724762
1449111465922,1,0.03418799862265587,-0.10622699558734894,-0.06959699839353561
1449111465942,1,0.020756999030709267,-0.097680002450943,-0.09890099614858627
1449111465962,1,-0.04151399806141853,-0.035408999770879745,-0.09279599785804749
1449111465983,1,-0.13186800479888916,0.04273499920964241,-0.06349200010299683
1449111466002,1,-0.09401699900627136,0.007325999904423952,-0.06349200010299683
1449111466023,1,-0.006105000153183937,-0.020756999030709267,-0.08424899727106094
1449111466043,1,0.0647130012512207,-0.02930399961769581,-0.11843699961900711
1449111466062,1,0.08180700242519379,-0.040293000638484955,-0.1245419979095459
1449111466083,1,0.040293000638484955,-0.01831500045955181,-0.05372399836778641
1449111466103,1,0.03174600005149841,-0.00976799987256527,-0.035408999770879745
1449111466124,1,0.02319899946451187,-0.04395600035786629,-0.02319899946451187
1449111466143,1,0.026861999183893204,-0.0866909995675087,-0.0488400012254715
1449111466163,1,0.02930399961769581,-0.08913300186395645,-0.10622699558734894
1449111466184,1,-0.02319899946451187,-0.13064700365066528,-0.18314999341964722
1449111466204,1,-0.06227099895477295,-0.03174600005149841,-0.05128199979662895
1449111466226,1,-0.07692299783229828,-0.003662999952211976,0.07936500012874603
1449111466243,1,-0.02442000061273575,-0.09401699900627136,0.11721599847078323
1449111466263,1,0.021978000178933144,-0.15018299221992493,0.07448099553585052
1449111466284,1,0.0378509983420372,-0.17093999683856964,0.010989000089466572
1449111466305,1,-0.07326000183820724,-0.13308899104595184,-0.04761900007724762
1449111466331,1,-0.17216099798679352,-0.030524998903274536,-0.01831500045955181
1449111466351,1,-0.19658099114894867,0.02930399961769581,0.012210000306367874
1449111466367,1,-0.03296700119972229,0.017093999311327934,0.0
1449111466387,1,0.04639799892902374,-0.05372399836778641,-0.03296700119972229
1449111466408,1,0.08546999841928482,-0.15506699681282043,-0.040293000638484955
1449111466427,1,0.07692299783229828,-0.1245419979095459,-0.050060998648405075
1449111466448,1,0.05738699808716774,-0.025640999898314476,-0.06959699839353561
1449111466467,1,0.01953599974513054,0.11965800076723099,-0.09523800015449524
1449111466488,1,-0.04273499920964241,0.2527469992637634,-0.06227099895477295
1449111466509,1,-0.02808300033211708,0.18559199571609497,-0.03174600005149841
1449111466528,1,-0.013430999591946602,0.07692299783229828,-0.003662999952211976
1449111466548,1,-0.003662999952211976,0.05128199979662895,-0.0012209999840706587
1449111466569,1,0.026861999183893204,0.059829000383615494,-0.012210000306367874
1449111466588,1,-0.012210000306367874,0.1892549991607666,-0.0024419999681413174
1449111466608,1,-0.050060998648405075,0.20146499574184418,0.03174600005149841
1449111466628,1,-0.050060998648405075,0.16117200255393982,0.03907199949026108
1449111466649,1,-0.008546999655663967,0.10012199729681015,0.014651999808847904
1449111466669,1,0.03907199949026108,0.05250300094485283,-0.01831500045955181
1449111466689,1,0.02319899946451187,0.09890099614858627,0.004883999936282635
1449111466709,1,-0.003662999952211976,0.09035399556159973,0.05372399836778641
1449111466749,1,-0.00976799987256527,-0.03174600005149841,0.07692299783229828
1449111466783,1,-0.040293000638484955,-0.025640999898314476,-0.05128199979662895
1449111466803,1,-0.06959699839353561,0.013430999591946602,-0.03663000091910362
1449111466823,1,-0.05860799923539162,0.03907199949026108,0.0
1449111466842,2,-0.007325999904423952,0.020756999030709267,0.02930399961769581
1449111466862,2,0.013430999591946602,-0.059829000383615494,0.012210000306367874
1449111466883,2,-0.021978000178933144,-0.059829000383615494,-0.01953599974513054
1449111466903,2,-0.07203900068998337,-0.05372399836778641,-0.04273499920964241
1449111466923,2,-0.09523800015449524,-0.020756999030709267,-0.04395600035786629
1449111466948,2,-0.0378509983420372,-0.0012209999840706587,-0.04639799892902374
1449111466968,2,0.06715499609708786,0.00976799987256527,-0.06593400239944458
1449111466984,2,0.02442000061273575,0.006105000153183937,-0.06349200010299683
1449111467004,2,-0.030524998903274536,-0.02930399961769581,-0.07081799954175949
1449111467024,2,-0.03296700119972229,-0.09279599785804749,-0.0866909995675087
1449111467044,2,-0.012210000306367874,-0.1465200036764145,-0.08302799612283707
1449111467064,2,0.040293000638484955,-0.10622699558734894,-0.030524998903274536
1449111467083,2,0.025640999898314476,-0.07692299783229828,-0.0647130012512207
1449111467104,2,-0.017093999311327934,-0.04761900007724762,-0.11843699961900711
1449111467126,2,-0.06104999780654907,-0.025640999898314476,-0.12698400020599365
1449111467144,2,-0.07203900068998337,-0.05128199979662895,-0.07814399898052216
1449111467164,2,-0.02808300033211708,-0.10744799673557281,-0.026861999183893204
1449111467184,2,0.05250300094485283,-0.17093999683856964,-0.004883999936282635
1449111467204,2,0.040293000638484955,-0.16483499109745026,-0.013430999591946602
1449111467230,2,0.012210000306367874,-0.13308899104595184,-0.0024419999681413174
1449111467244,2,-0.004883999936282635,-0.09890099614858627,0.01953599974513054
1449111467264,2,0.02319899946451187,-0.09645900130271912,0.06959699839353561
1449111467285,2,0.21977999806404114,-0.42979198694229126,0.2527469992637634
1449111467305,2,0.19047600030899048,-2.125761032104492,-0.054944999516010284
1449111467326,2,-0.08424899727106094,0.02808300033211708,-1.0415129661560059
1449111467349,2,-0.3150179982185364,0.44688600301742554,0.06715499609708786
1449111467365,2,-0.24053700268268585,0.17704500257968903,0.6324779987335205
1449111467386,2,0.003662999952211976,-0.15506699681282043,-0.30158698558807373
1449111467405,2,-0.026861999183893204,-0.07692299783229828,-0.5213670134544373
1449111467426,2,-0.015873000025749207,0.09890099614858627,-0.3418799936771393
1449111467446,2,0.08058600127696991,0.22100099921226501,0.013430999591946602
1449111467465,2,0.19047600030899048,0.1941390037536621,0.2380950003862381
1449111467486,2,0.21855899691581726,0.11477399617433548,0.27228298783302307
1449111467512,2,-0.013430999591946602,0.030524998903274536,0.07814399898052216
1449111467526,2,-0.1452990025281906,0.04395600035786629,0.04273499920964241
1449111467546,2,-0.16361400485038757,0.07814399898052216,0.04151399806141853
1449111467567,2,-0.08058600127696991,0.0647130012512207,0.05128199979662895
1449111467587,2,-0.0024419999681413174,0.04273499920964241,0.054944999516010284
1449111467606,2,0.02319899946451187,0.026861999183893204,0.02930399961769581
1449111467627,2,0.017093999311327934,0.05128199979662895,0.007325999904423952
1449111467647,2,0.008546999655663967,0.09401699900627136,-0.008546999655663967
1449111467668,2,0.00976799987256527,0.11477399617433548,-0.007325999904423952
1449111467687,2,0.04639799892902374,0.08302799612283707,0.007325999904423952
1449111467709,2,0.10744799673557281,-0.04151399806141853,0.008546999655663967
1449111467727,2,0.11111100018024445,-0.045176997780799866,-0.010989000089466572
1449111467747,2,0.0757019966840744,-0.01953599974513054,-0.02930399961769581
1449111467768,2,0.04395600035786629,0.025640999898314476,-0.030524998903274536
1449111467787,2,0.035408999770879745,0.04273499920964241,-0.020756999030709267
1449111467809,2,0.04273499920964241,0.020756999030709267,-0.012210000306367874
1449111467827,2,0.03418799862265587,-0.05250300094485283,-0.013430999591946602
1449111467849,2,0.020756999030709267,-0.045176997780799866,-0.0024419999681413174
1449111467869,2,0.008546999655663967,-0.013430999591946602,0.0
1449111467889,2,0.006105000153183937,0.004883999936282635,0.007325999904423952
1449111467909,2,-0.004883999936282635,-0.004883999936282635,0.026861999183893204
1449111467932,2,0.00976799987256527,-0.008546999655663967,0.035408999770879745
1449111467949,2,0.04395600035786629,0.006105000153183937,0.0488400012254715
1449111467969,2,0.06959699839353561,0.014651999808847904,0.06227099895477295
1449111467990,2,0.07326000183820724,0.02930399961769581,0.06104999780654907
1449111468010,2,0.06959699839353561,0.0488400012254715,0.04151399806141853
1449111468029,2,0.03663000091910362,0.020756999030709267,0.02442000061273575
1449111468050,2,0.021978000178933144,0.008546999655663967,0.021978000178933144
1449111468070,2,0.05250300094485283,0.021978000178933144,0.017093999311327934
1449111468093,2,0.1135529950261116,0.03907199949026108,0.020756999030709267
1449111468109,2,0.10744799673557281,0.04761900007724762,0.02442000061273575
1449111468130,2,0.02930399961769581,0.06104999780654907,0.03174600005149841
1449111468155,2,-0.10378500074148178,0.04273499920964241,0.01831500045955181
1449111468171,2,-0.08180700242519379,-0.004883999936282635,0.03663000091910362
1449111468190,2,-0.013430999591946602,-0.020756999030709267,0.07081799954175949
1449111468212,2,0.04273499920964241,-0.008546999655663967,0.08302799612283707
1449111468235,2,0.035408999770879745,0.02808300033211708,0.07203900068998337
1449111468251,2,-0.030524998903274536,0.06104999780654907,0.05128199979662895
1449111468270,2,-0.0024419999681413174,0.04273499920964241,0.05860799923539162
1449111468296,2,0.04395600035786629,0.008546999655663967,0.0757019966840744
1449111468310,2,0.06227099895477295,0.004883999936282635,0.08302799612283707
1449111468331,2,0.040293000638484955,0.04151399806141853,0.05860799923539162
1449111468351,2,-0.0488400012254715,0.07692299783229828,-0.007325999904423952
1449111468372,2,-0.0757019966840744,0.035408999770879745,-0.021978000178933144
1449111468393,2,-0.059829000383615494,-0.05616600066423416,-0.020756999030709267
1449111468411,2,-0.0378509983420372,-0.07936500012874603,-0.0012209999840706587
1449111468432,2,-0.006105000153183937,-0.05860799923539162,0.01953599974513054
1449111468452,2,-0.015873000025749207,0.003662999952211976,0.008546999655663967
1449111468472,2,-0.08180700242519379,-0.01831500045955181,-0.013430999591946602
1449111468494,2,-0.059829000383615494,-0.11721599847078323,-0.010989000089466572
1449111468511,2,-0.03296700119972229,-0.14896199107170105,-0.015873000025749207
1449111468533,2,-0.02808300033211708,-0.0757019966840744,-0.05372399836778641
1449111468553,2,-0.054944999516010284,-0.035408999770879745,-0.0757019966840744
1449111468572,2,-0.10378500074148178,0.035408999770879745,-0.030524998903274536
1449111468592,2,-0.1294260025024414,-0.0488400012254715,-0.013430999591946602
1449111468612,2,-0.1404149979352951,-0.12332099676132202,0.003662999952211976
1449111468633,2,-0.10866899788379669,-0.14896199107170105,0.0024419999681413174
1449111468654,2,-0.0378509983420372,-0.167276993393898,0.035408999770879745
1449111468673,2,-0.01831500045955181,-0.00976799987256527,0.015873000025749207
1449111468699,2,-0.10012199729681015,0.09523800015449524,-0.006105000153183937
1449111468713,2,-0.167276993393898,0.09890099614858627,-0.004883999936282635
1449111468734,2,-0.14163599908351898,-0.014651999808847904,0.04151399806141853
1449111468754,2,-0.02808300033211708,-0.19291800260543823,0.05738699808716774
1449111468774,2,0.05128199979662895,-0.28327199816703796,0.07814399898052216
1449111468793,2,-0.1892549991607666,0.045176997780799866,0.15018299221992493
1449111468814,2,-0.2808299958705902,0.16483499109745026,0.09035399556159973
1449111468834,2,-0.2857140004634857,0.2002439945936203,-0.010989000089466572
1449111468855,2,-0.24542099237442017,0.21367499232292175,-0.13064700365066528
1449111468876,1,-0.15262499451637268,0.14896199107170105,-0.19658099114894867
1449111468895,1,-0.045176997780799866,-0.035408999770879745,-0.1892549991607666
1449111468914,1,-0.07203900068998337,-0.08546999841928482,-0.1782660037279129
1449111468936,1,-0.1355309933423996,-0.09279599785804749,-0.17216099798679352
1449111468954,1,-0.22954799234867096,-0.03907199949026108,-0.1684979945421219
1449111468975,1,-0.33333298563957214,-0.007325999904423952,-0.15384599566459656
1449111468999,1,-0.39316198229789734,-0.045176997780799866,-0.0757019966840744
1449111469016,1,-0.33333298563957214,-0.025640999898314476,-0.09035399556159973
1449111469035,1,-0.24175800383090973,0.014651999808847904,-0.11233200132846832
1449111469056,1,-0.15506699681282043,-0.04395600035786629,-0.0757019966840744
1449111469075,1,-0.040293000638484955,-0.05250300094485283,-0.00976799987256527
1449111469095,1,0.07814399898052216,-0.04273499920964241,-0.10622699558734894
1449111469116,1,0.195360004901886,0.040293000638484955,-0.14285700023174286
1449111469136,1,0.1025639995932579,0.050060998648405075,-0.13186800479888916
1449111469155,1,0.00976799987256527,0.05616600066423416,-0.11233200132846832
1449111469176,1,-0.04273499920964241,0.07326000183820724,-0.11233200132846832
1449111469195,1,-0.02808300033211708,0.10134299844503403,-0.12332099676132202
1449111469215,1,0.15995100140571594,0.45177000761032104,-0.195360004901886
1449111469237,1,0.6520140171051025,0.978020966053009,-0.4212450087070465
1449111469257,1,1.0354080200195313,1.162392020225525,-0.5347979664802551
1449111469277,1,1.0134299993515015,0.299144983291626,-0.2051279991865158
1449111469297,1,1.100121021270752,-0.8376060128211975,1.1123310327529907
1449111469317,1,1.1770440340042114,-0.7362629771232605,1.0940159559249878
1449111469336,1,0.4004879891872406,0.12698400020599365,-0.006105000153183937
1449111469357,1,-0.5836380124092102,0.9865679740905762,-0.8510369658470154
1449111469377,1,-1.2576299905776978,1.2600719928741455,-0.936506986618042
1449111469396,1,-1.4151389598846436,0.822953999042511,-0.43589699268341064
1449111469418,1,-0.8083019852638245,-0.4920629858970642,0.6923069953918457
1449111469438,1,-0.1562879979610443,-0.7899869680404663,0.7716720104217529
1449111469457,1,0.31746000051498413,-0.8253960013389587,0.3638579845428467
1449111469477,1,0.42979198694229126,-0.5726490020751953,-0.04761900007724762
1449111469498,1,0.17216099798679352,-0.2222220003604889,-0.22588500380516052
1449111469519,1,-0.18070799112319946,0.06227099895477295,-0.21977999806404114
1449111469538,1,-0.3369959890842438,0.045176997780799866,-0.040293000638484955
1449111469564,1,-0.09890099614858627,-0.09157499670982361,-0.020756999030709267
1449111469577,1,0.17093999683856964,-0.11233200132846832,-0.07081799954175949
1449111469597,1,0.2869350016117096,-0.07692299783229828,-0.12209999561309814
1449111469622,1,0.26251500844955444,-0.03663000091910362,-0.11721599847078323
1449111469645,1,-0.02442000061273575,-0.05860799923539162,-0.025640999898314476
1449111469658,1,-0.09890099614858627,-0.10866899788379669,-0.021978000178933144
1449111469677,1,-0.09401699900627136,-0.07936500012874603,-0.0647130012512207
1449111469699,1,-0.06593400239944458,-0.03174600005149841,-0.10622699558734894
1449111469719,1,0.021978000178933144,0.017093999311327934,-0.11721599847078323
1449111469739,1,0.097680002450943,-0.05860799923539162,-0.06104999780654907
1449111469759,1,0.07203900068998337,-0.08913300186395645,-0.0012209999840706587
1449111469780,1,0.04395600035786629,-0.09279599785804749,0.02808300033211708
1449111469799,1,0.05372399836778641,-0.04395600035786629,0.006105000153183937
1449111469819,1,0.07326000183820724,0.03907199949026108,-0.045176997780799866
1449111469846,1,0.08302799612283707,0.07081799954175949,-0.07814399898052216
1449111469859,1,0.10866899788379669,-0.08546999841928482,-0.07936500012874603
1449111469879,1,0.10378500074148178,-0.12332099676132202,-0.10134299844503403
1449111469900,1,0.07448099553585052,-0.08058600127696991,-0.13430999219417572
1449111469921,1,0.02442000061273575,-0.012210000306367874,-0.1684979945421219
1449111469940,1,-0.008546999655663967,0.015873000025749207,-0.17460300028324127
1449111469960,1,-0.014651999808847904,-0.0378509983420372,-0.10744799673557281
1449111469981,1,0.007325999904423952,-0.03663000091910362,-0.09401699900627136
1449111470001,1,0.012210000306367874,-0.01953599974513054,-0.10012199729681015
1449111470020,1,-0.007325999904423952,0.0012209999840706587,-0.09523800015449524
1449111470041,1,-0.03174600005149841,0.004883999936282635,-0.07448099553585052
1449111470060,1,0.03418799862265587,-0.006105000153183937,-0.0012209999840706587
1449111470085,1,0.10500600188970566,0.012210000306367874,0.008546999655663967
1449111470102,1,0.12332099676132202,0.04639799892902374,-0.017093999311327934
1449111470122,1,0.10500600188970566,0.03907199949026108,-0.014651999808847904
1449111470143,1,0.08058600127696991,-0.045176997780799866,0.003662999952211976
1449111470164,1,0.05616600066423416,-0.08180700242519379,0.01953599974513054
1449111470181,1,0.02319899946451187,0.10012199729681015,0.003662999952211976
1449111470201,1,0.05128199979662895,0.19169700145721436,0.017093999311327934
1449111470222,1,0.10744799673557281,0.08302799612283707,0.020756999030709267
1449111470242,1,0.15262499451637268,-0.1135529950261116,0.013430999591946602
1449111470261,1,0.06715499609708786,-0.26861998438835144,-0.017093999311327934
1449111470281,1,-0.2637360095977783,0.026861999183893204,0.02930399961769581
1449111470302,1,-0.23076899349689484,0.07814399898052216,0.025640999898314476
1449111470322,1,-0.10622699558734894,0.08424899727106094,-0.017093999311327934
1449111470342,1,0.00976799987256527,0.045176997780799866,-0.02930399961769581
1449111470362,1,0.10012199729681015,-0.06227099895477295,-0.008546999655663967
1449111470383,1,0.09035399556159973,-0.07814399898052216,-0.0757019966840744
1449111470403,1,0.059829000383615494,0.06959699839353561,-0.13919399678707123
1449111470422,1,0.05738699808716774,0.11233200132846832,-0.15506699681282043
1449111470442,1,0.06837599724531174,0.040293000638484955,-0.09035399556159973
1449111470462,1,0.06837599724531174,-0.02808300033211708,-0.012210000306367874
1449111470483,1,0.03663000091910362,0.004883999936282635,0.01953599974513054
1449111470503,1,0.00976799987256527,0.2527469992637634,-0.021978000178933144
1449111470524,1,0.01831500045955181,0.3516480028629303,-0.014651999808847904
1449111470545,1,0.0378509983420372,0.33943799138069153,0.040293000638484955
1449111470563,1,0.09279599785804749,0.2319899946451187,0.12820500135421753
1449111470585,1,0.18314999341964722,0.13064700365066528,0.18314999341964722
1449111470605,1,0.1245419979095459,0.10744799673557281,0.15262499451637268
1449111470625,1,0.06593400239944458,0.11111100018024445,0.10500600188970566
1449111470643,1,0.021978000178933144,0.10012199729681015,0.06959699839353561
1449111470665,1,-0.01831500045955181,0.0866909995675087,0.0488400012254715
1449111470685,1,-0.04761900007724762,0.06959699839353561,0.040293000638484955
1449111470706,1,-0.035408999770879745,-0.01953599974513054,-0.007325999904423952
1449111470726,1,0.007325999904423952,-0.054944999516010284,-0.05372399836778641
1449111470744,1,-0.003662999952211976,-0.06715499609708786,-0.06959699839353561
1449111470764,1,-0.04395600035786629,-0.04273499920964241,-0.05372399836778641
1449111470784,1,-0.06593400239944458,-0.02442000061273575,-0.06349200010299683
1449111470805,1,-0.050060998648405075,-0.02808300033211708,-0.07692299783229828
1449111470826,1,0.008546999655663967,-0.05128199979662895,-0.06349200010299683
1449111470845,1,0.03418799862265587,-0.09401699900627136,-0.06715499609708786
1449111470865,1,0.0378509983420372,-0.08913300186395645,-0.07448099553585052
1449111470886,1,0.01953599974513054,-0.05738699808716774,-0.06959699839353561
1449111470905,2,-0.017093999311327934,0.010989000089466572,-0.05128199979662895
1449111470926,2,-0.04273499920964241,0.02442000061273575,-0.010989000089466572
1449111470944,2,-0.04273499920964241,-0.03907199949026108,-0.012210000306367874
1449111470967,2,-0.03663000091910362,-0.07081799954175949,-0.021978000178933144
1449111470986,2,-0.02442000061273575,-0.04639799892902374,-0.02442000061273575
1449111471007,2,-0.017093999311327934,-0.007325999904423952,-0.0012209999840706587
1449111471031,2,0.006105000153183937,0.0012209999840706587,0.06959699839353561
1449111471046,2,0.012210000306367874,-0.020756999030709267,0.06593400239944458
1449111471066,2,-0.010989000089466572,-0.04761900007724762,0.02442000061273575
1449111471086,2,-0.03296700119972229,-0.00976799987256527,-0.02442000061273575
1449111471107,2,-0.06227099895477295,0.045176997780799866,-0.04151399806141853
1449111471127,2,-0.059829000383615494,0.06349200010299683,-0.003662999952211976
1449111471147,2,0.0488400012254715,-0.05128199979662895,0.06715499609708786
1449111471168,2,0.05250300094485283,-0.09035399556159973,0.02930399961769581
1449111471187,2,-0.012210000306367874,-0.06837599724531174,-0.02442000061273575
1449111471210,2,-0.07081799954175949,-0.006105000153183937,-0.05860799923539162
1449111471233,2,-0.07448099553585052,0.02442000061273575,-0.059829000383615494
1449111471248,2,0.01831500045955181,-0.07326000183820724,-0.02442000061273575
1449111471269,2,0.05372399836778641,-0.10622699558734894,-0.026861999183893204
1449111471288,2,0.035408999770879745,-0.10012199729681015,-0.0647130012512207
1449111471310,2,-0.030524998903274536,-0.059829000383615494,-0.10622699558734894
1449111471328,2,-0.09157499670982361,-0.026861999183893204,-0.10866899788379669
1449111471348,2,-0.021978000178933144,-0.07326000183820724,-0.03418799862265587
1449111471368,2,0.06959699839353561,-0.14285700023174286,0.045176997780799866
1449111471388,2,0.14407800137996674,-0.21733799576759338,0.14285700023174286
1449111471408,2,0.3076919913291931,-3.409031867980957,-0.08180700242519379
1449111471427,2,0.03418799862265587,0.39316198229789734,-1.575089931488037
1449111471453,2,-0.6666659712791443,1.1587289571762085,-0.3125759959220886
1449111471469,2,-0.2332109957933426,0.15873000025749207,0.7057380080223083
1449111471489,2,0.05738699808716774,-0.7264949679374695,0.30036598443984985
1449111471512,2,0.16117200255393982,-0.864467978477478,-0.32234400510787964
1449111471528,2,0.11843699961900711,-0.4774110019207001,-0.5604389905929565
1449111471554,2,0.09401699900627136,0.07203900068998337,-0.27960899472236633
1449111471569,2,-0.003662999952211976,0.3235650062561035,0.3076919913291931
1449111471590,2,0.045176997780799866,0.1294260025024414,0.31746000051498413
1449111471610,2,0.07814399898052216,-0.02319899946451187,0.2222220003604889
1449111471630,2,0.04273499920964241,-0.014651999808847904,0.11721599847078323
1449111471650,2,-0.004883999936282635,0.050060998648405075,0.045176997780799866
1449111471670,2,-0.06349200010299683,0.05616600066423416,0.0378509983420372
1449111471690,2,-0.01831500045955181,0.021978000178933144,0.035408999770879745
1449111471709,2,0.050060998648405075,-0.014651999808847904,0.02319899946451187
1449111471730,2,0.0757019966840744,-0.050060998648405075,0.003662999952211976
1449111471750,2,0.06349200010299683,-0.0488400012254715,-0.00976799987256527
1449111471771,2,0.03663000091910362,-0.014651999808847904,-0.03174600005149841
1449111471793,2,-0.03296700119972229,0.025640999898314476,-0.02442000061273575
1449111471810,2,-0.03174600005149841,-0.01831500045955181,-0.008546999655663967
1449111471830,2,-0.015873000025749207,-0.059829000383615494,0.014651999808847904
1449111471851,2,0.010989000089466572,-0.06104999780654907,0.01831500045955181
1449111471872,2,0.007325999904423952,-0.04639799892902374,0.026861999183893204
1449111471894,2,0.014651999808847904,0.0378509983420372,-0.03418799862265587
1449111471911,2,0.017093999311327934,0.03418799862265587,-0.04151399806141853
1449111471931,2,0.010989000089466572,0.012210000306367874,-0.006105000153183937
1449111471951,2,0.008546999655663967,-0.026861999183893204,0.03418799862265587
1449111471972,2,0.020756999030709267,-0.0378509983420372,0.05372399836778641
1449111471998,2,0.03663000091910362,-0.017093999311327934,0.030524998903274536
1449111472011,2,-0.007325999904423952,0.020756999030709267,0.01953599974513054
1449111472033,2,-0.006105000153183937,0.045176997780799866,0.017093999311327934
1449111472052,2,0.01953599974513054,0.02442000061273575,0.020756999030709267
1449111472072,2,0.03418799862265587,0.014651999808847904,0.03907199949026108
1449111472094,2,0.03663000091910362,-0.004883999936282635,0.07326000183820724
1449111472112,2,0.013430999591946602,0.0012209999840706587,0.06959699839353561
1449111472132,2,-0.017093999311327934,0.0012209999840706587,0.059829000383615494
1449111472153,2,-0.059829000383615494,-0.0012209999840706587,0.054944999516010284
1449111472173,2,-0.08302799612283707,0.02930399961769581,0.035408999770879745
1449111472194,2,-0.08791200071573257,0.02442000061273575,0.008546999655663967
1449111472212,2,-0.050060998648405075,-0.040293000638484955,0.014651999808847904
1449111472234,2,-0.04395600035786629,-0.03663000091910362,0.02930399961769581
1449111472254,2,-0.05860799923539162,0.008546999655663967,0.01953599974513054
1449111472276,2,-0.07692299783229828,0.05128199979662895,-0.01831500045955181
1449111472293,2,-0.059829000383615494,0.06227099895477295,-0.05128199979662895
1449111472314,2,0.008546999655663967,0.03663000091910362,-0.03663000091910362
1449111472334,2,0.05616600066423416,0.008546999655663967,-0.01831500045955181
1449111472353,2,0.06227099895477295,0.0012209999840706587,0.0012209999840706587
1449111472374,2,0.007325999904423952,0.026861999183893204,-0.015873000025749207
1449111472394,2,-0.06959699839353561,0.06959699839353561,-0.040293000638484955
1449111472413,2,-0.1025639995932579,0.059829000383615494,0.010989000089466572
1449111472433,2,-0.050060998648405075,0.014651999808847904,0.05128199979662895
1449111472454,2,0.010989000089466572,-0.025640999898314476,0.05616600066423416
1449111472476,2,0.026861999183893204,-0.02808300033211708,0.050060998648405075
1449111472494,2,-0.008546999655663967,0.0012209999840706587,0.03174600005149841
1449111472521,2,-0.050060998648405075,0.04395600035786629,0.013430999591946602
1449111472534,2,-0.013430999591946602,0.04395600035786629,0.026861999183893204
1449111472555,2,0.03296700119972229,-0.006105000153183937,0.02930399961769581
1449111472576,2,0.05128199979662895,-0.03907199949026108,0.010989000089466572
1449111472594,2,0.02930399961769581,-0.03418799862265587,-0.02319899946451187
1449111472616,2,-0.02319899946451187,-0.015873000025749207,-0.040293000638484955
1449111472635,2,-0.059829000383615494,-0.004883999936282635,-0.035408999770879745
1449111472655,2,-0.040293000638484955,-0.013430999591946602,-0.0378509983420372
1449111472676,2,-0.02319899946451187,0.0012209999840706587,-0.03907199949026108
1449111472697,2,-0.02808300033211708,0.010989000089466572,-0.040293000638484955
1449111472716,2,-0.03296700119972229,-0.004883999936282635,-0.01953599974513054
1449111472737,2,-0.012210000306367874,-0.0488400012254715,-0.040293000638484955
1449111472757,2,-0.02319899946451187,-0.03174600005149841,-0.025640999898314476
1449111472776,2,-0.03174600005149841,-0.00976799987256527,-0.021978000178933144
1449111472798,2,-0.008546999655663967,0.010989000089466572,-0.03418799862265587
1449111472817,2,0.017093999311327934,0.014651999808847904,-0.050060998648405075
1449111472837,2,0.01953599974513054,0.007325999904423952,-0.05128199979662895
1449111472857,2,-0.030524998903274536,0.014651999808847904,-0.014651999808847904
1449111472877,2,-0.04395600035786629,0.03174600005149841,-0.0012209999840706587
1449111472897,2,-0.054944999516010284,0.04761900007724762,0.003662999952211976
