1451578499059,1,-0.00976799987256527,0.19658099114894867,-0.03907199949026108
1451578499080,1,-0.15262499451637268,0.2441999912261963,-0.07081799954175949
1451578499098,1,-0.24053700268268585,0.22466400265693665,-0.13186800479888916
1451578499119,1,-0.24542099237442017,0.17704500257968903,-0.1892549991607666
1451578499139,1,-0.030524998903274536,0.06593400239944458,-0.20879100263118744
1451578499160,1,0.1025639995932579,-0.021978000178933144,-0.19902299344539642
1451578499181,1,0.23687399923801422,-0.1941390037536621,-0.23076899349689484
1451578499199,1,0.42002400755882263,-0.21367499232292175,-0.22344300150871277
1451578499220,1,0.4432229995727539,-0.05860799923539162,-0.1514039933681488
1451578499240,1,0.24542099237442017,0.20879100263118744,-0.2918190062046051
1451578499260,1,0.08302799612283707,0.3577530086040497,-0.36629998683929443
1451578499281,1,-0.03663000091910362,0.5738700032234192,-0.4822950065135956
1451578499300,1,-0.10500600188970566,0.659339964389801,-0.5213670134544373
1451578499320,1,-0.11721599847078323,0.7496939897537231,-0.4761900007724762
1451578499340,1,0.13308899104595184,-0.4871789813041687,1.0854690074920654
1451578499368,1,0.70940101146698,-1.3357739448547363,1.4615370035171509
1451578499381,1,0.6837599873542786,-1.1184359788894653,0.9609270095825195
1451578499405,1,0.2637360095977783,-0.23931600153446198,-0.1684979945421219
1451578499421,1,-0.34310099482536316,0.7570199966430664,-1.037850022315979
1451578499441,1,-0.9255179762840271,1.284492015838623,-0.8461529612541199
1451578499460,1,-0.5787540078163147,0.2429789900779724,0.30036598443984985
1451578499481,1,0.06715499609708786,-0.15262499451637268,0.3528690040111542
1451578499501,1,0.4102559983730316,-0.6532350182533264,0.1782660037279129
1451578499522,1,0.3638579845428467,-0.6581189632415771,0.11477399617433548
1451578499541,1,0.13308899104595184,-0.4114769995212555,0.20634900033473969
1451578499562,1,-0.1025639995932579,-0.15262499451637268,0.10622699558734894
1451578499586,1,-0.10622699558734894,-0.004883999936282635,-0.015873000025749207
1451578499606,1,-0.11111100018024445,0.22100099921226501,-0.09279599785804749
1451578499627,1,-0.12576299905776978,0.33943799138069153,-0.10134299844503403
1451578499642,1,-0.13064700365066528,0.27350398898124695,-0.08546999841928482
1451578499664,1,-0.0757019966840744,0.03418799862265587,-0.03296700119972229
1451578499682,1,-0.07326000183820724,0.03296700119972229,-0.02808300033211708
1451578499707,1,-0.09279599785804749,0.07326000183820724,-0.03907199949026108
1451578499723,1,-0.04761900007724762,0.11111100018024445,-0.06715499609708786
1451578499749,1,0.004883999936282635,0.097680002450943,-0.05128199979662895
1451578499763,1,-0.030524998903274536,0.05616600066423416,0.04639799892902374
1451578499783,1,-0.06959699839353561,0.02808300033211708,0.07326000183820724
1451578499803,1,-0.08058600127696991,0.03296700119972229,0.0866909995675087
1451578499823,1,-0.0012209999840706587,0.07448099553585052,0.09035399556159973
1451578499846,1,0.15384599566459656,0.1562879979610443,0.097680002450943
1451578499864,1,0.24053700268268585,0.13797299563884735,0.11843699961900711
1451578499884,1,-0.097680002450943,-0.03663000091910362,0.1452990025281906
1451578499904,1,-0.3308909833431244,0.04761900007724762,0.11477399617433548
1451578499929,1,-0.4285709857940674,0.23076899349689484,0.10378500074148178
1451578499945,1,-0.3724049925804138,0.39194098114967346,0.15995100140571594
1451578499968,1,-0.2979239821434021,0.38217300176620483,0.27960899472236633
1451578499984,1,-0.523809015750885,0.08302799612283707,0.4932839870452881
1451578500004,1,-0.7557989954948425,-0.004883999936282635,0.5946269631385803
1451578500032,1,-0.9474959969520569,-0.07081799954175949,0.6923069953918457
1451578500044,1,-1.0769219398498535,-0.08424899727106094,0.7997549772262573
1451578500065,1,-1.0732589960098267,-0.08546999841928482,0.9194129705429077
1451578500084,1,-0.7521359920501709,-0.015873000025749207,1.1025630235671997
1451578500105,1,-0.5213670134544373,0.06104999780654907,1.196579933166504
1451578500125,1,-0.28937700390815735,0.06593400239944458,1.2930389642715454
1451578500145,1,-0.07326000183820724,-0.01953599974513054,1.366299033164978
1451578500165,1,0.09279599785804749,-0.09279599785804749,1.347983956336975
1451578500191,1,0.1684979945421219,-0.08546999841928482,1.256408929824829
1451578500206,1,0.1575089991092682,0.01953599974513054,0.9352859854698181
1451578500226,1,0.1562879979610443,0.05250300094485283,0.7875449657440186
1451578500247,1,0.15506699681282043,0.03418799862265587,0.6788759827613831
1451578500266,1,0.11721599847078323,0.030524998903274536,0.598289966583252
1451578500286,1,0.1025639995932579,0.03663000091910362,0.5164830088615417
1451578500306,1,0.12820500135421753,0.07326000183820724,0.34310099482536316
1451578500326,1,0.1452990025281906,0.11233200132846832,0.29426100850105286
1451578500346,1,0.1355309933423996,0.14407800137996674,0.2661779820919037
1451578500366,1,0.097680002450943,0.14163599908351898,0.23931600153446198
1451578500386,1,0.06349200010299683,0.14896199107170105,0.21001200377941132
1451578500406,1,0.08302799612283707,0.12698400020599365,0.1843709945678711
1451578500426,1,0.13675199449062347,0.10866899788379669,0.17460300028324127
1451578500446,1,0.15873000025749207,0.07692299783229828,0.15384599566459656
1451578500467,1,0.10012199729681015,0.0488400012254715,0.12087900191545486
1451578500487,1,0.01831500045955181,0.05250300094485283,0.07326000183820724
1451578500513,1,-0.013430999591946602,0.06959699839353561,0.03296700119972229
1451578500527,1,0.04273499920964241,0.07936500012874603,-0.03296700119972229
1451578500547,1,0.06593400239944458,0.07081799954175949,-0.059829000383615494
1451578500567,1,0.05250300094485283,0.035408999770879745,-0.0757019966840744
1451578500593,1,0.040293000638484955,0.0,-0.09523800015449524
1451578500608,1,0.008546999655663967,-0.04639799892902374,-0.10988999903202057
1451578500630,1,0.010989000089466572,-0.059829000383615494,-0.12698400020599365
1451578500648,1,0.05250300094485283,-0.05250300094485283,-0.1294260025024414
1451578500669,1,0.06227099895477295,-0.06227099895477295,-0.13430999219417572
1451578500696,1,0.0488400012254715,-0.035408999770879745,-0.13675199449062347
1451578500709,1,0.014651999808847904,0.02319899946451187,-0.14896199107170105
1451578500735,1,0.08913300186395645,0.06837599724531174,-0.15873000025749207
1451578500749,1,0.14896199107170105,0.021978000178933144,-0.15018299221992493
1451578500769,1,0.11965800076723099,-0.04273499920964241,-0.15995100140571594
1451578500796,1,0.0378509983420372,-0.06593400239944458,-0.20268599689006805
1451578500809,1,-0.0012209999840706587,-0.06104999780654907,-0.2588520050048828
1451578500830,1,0.059829000383615494,-0.03296700119972229,-0.30036598443984985
1451578500849,1,0.3882780075073242,0.017093999311327934,-0.24786299467086792
1451578500874,1,0.46764299273490906,-0.03418799862265587,-0.21489599347114563
1451578500889,1,0.4151400029659271,-0.054944999516010284,-0.24542099237442017
1451578500913,2,0.3199020028114319,-0.0378509983420372,-0.3137969970703125
1451578500930,2,0.27350398898124695,-0.03296700119972229,-0.36629998683929443
1451578500951,2,0.38705700635910034,-0.07326000183820724,-0.3772889971733093
1451578500971,2,0.38583600521087646,-0.09890099614858627,-0.36507898569107056
1451578500992,2,0.27350398898124695,-0.13675199449062347,-0.3614159822463989
1451578501011,2,0.10988999903202057,-0.1452990025281906,-0.42490798234939575
1451578501030,2,0.014651999808847904,-0.1025639995932579,-0.5372399687767029
1451578501051,2,0.0647130012512207,0.035408999770879745,-0.6324779987335205
1451578501071,2,0.04639799892902374,0.03296700119972229,-0.5689859986305237
1451578501091,2,-0.026861999183893204,-0.025640999898314476,-0.523809015750885
1451578501111,2,-0.11111100018024445,-0.09279599785804749,-0.5103780031204224
1451578501131,2,-0.1465200036764145,-0.13430999219417572,-0.5177040100097656
1451578501152,2,-0.12698400020599365,-0.1575089991092682,-0.5091570019721985
1451578501172,2,-0.06837599724531174,-0.1623930037021637,-0.4395599961280823
1451578501192,2,-0.0757019966840744,-0.16361400485038757,-0.3894990086555481
1451578501212,2,-0.07692299783229828,-0.18803399801254272,-0.3308909833431244
1451578501231,2,-0.05616600066423416,-0.21489599347114563,-0.29426100850105286
1451578501252,2,-0.010989000089466572,-0.23687399923801422,-0.27838799357414246
1451578501272,2,-0.05616600066423416,-0.2600730061531067,-0.299144983291626
1451578501292,2,-0.08302799612283707,-0.26739898324012756,-0.3247860074043274
1451578501313,2,-0.08180700242519379,-0.23565299808979034,-0.32112300395965576
1451578501333,2,-0.097680002450943,-0.20879100263118744,-0.293040007352829
1451578501353,2,-0.10012199729681015,-0.20268599689006805,-0.27228298783302307
1451578501373,2,-0.06593400239944458,-0.1843709945678711,-0.2808299958705902
1451578501393,2,-0.026861999183893204,-0.21367499232292175,-0.27960899472236633
1451578501413,2,0.007325999904423952,-0.2490839958190918,-0.2637360095977783
1451578501433,2,0.020756999030709267,-0.27838799357414246,-0.2527469992637634
1451578501453,2,0.008546999655663967,-0.2661779820919037,-0.2490839958190918
1451578501473,2,-0.0378509983420372,-0.1892549991607666,-0.2161169946193695
1451578501496,2,-0.045176997780799866,-0.18314999341964722,-0.20634900033473969
1451578501513,2,-0.03174600005149841,-0.18803399801254272,-0.19780199229717255
1451578501534,2,0.017093999311327934,-0.21977999806404114,-0.16361400485038757
1451578501554,2,0.10500600188970566,-0.3150179982185364,-0.07326000183820724
1451578501574,2,0.195360004901886,-0.41269800066947937,0.0647130012512207
1451578501594,2,0.21855899691581726,-0.3894990086555481,0.23443199694156647
1451578501614,2,-0.8888880014419556,1.738703966140747,-1.0757009983062744
1451578501634,2,-0.7496939897537231,2.471303939819336,-0.49938899278640747
1451578501654,2,0.0378509983420372,0.8608049750328064,0.07326000183820724
1451578501675,2,0.5079360008239746,-0.8608049750328064,0.7081800103187561
1451578501695,2,-0.1562879979610443,-1.2600719928741455,0.9731369614601135
1451578501720,2,-0.45054900646209717,-0.3076919913291931,0.6349200010299683
1451578501735,2,-0.4236869812011719,0.38705700635910034,0.11111100018024445
1451578501755,2,-0.26861998438835144,0.49084198474884033,-0.2588520050048828
1451578501775,2,-0.10500600188970566,0.24053700268268585,-0.23565299808979034
1451578501796,2,0.08546999841928482,-0.1025639995932579,0.19902299344539642
1451578501820,2,0.06593400239944458,-0.0647130012512207,0.14407800137996674
1451578501836,2,0.013430999591946602,0.015873000025749207,0.0
1451578501856,2,-0.030524998903274536,0.054944999516010284,-0.07448099553585052
1451578501876,2,-0.017093999311327934,0.054944999516010284,-0.03174600005149841
1451578501902,2,0.03174600005149841,0.0012209999840706587,0.05738699808716774
1451578501916,2,0.08791200071573257,-0.004883999936282635,0.09401699900627136
1451578501936,2,0.08546999841928482,-0.054944999516010284,0.08302799612283707
1451578501956,2,0.14774100482463837,-0.1684979945421219,0.06959699839353561
1451578501977,2,0.2649570107460022,-0.2967030107975006,0.10012199729681015
1451578501996,2,0.334553986787796,-0.3577530086040497,0.13308899104595184
1451578502022,2,0.1562879979610443,-0.42490798234939575,0.15384599566459656
1451578502037,2,0.04395600035786629,-0.7924289703369141,0.10744799673557281
1451578502057,2,0.03296700119972229,-0.08791200071573257,0.11843699961900711
1451578502077,2,-0.21489599347114563,0.21733799576759338,0.14163599908351898
1451578502097,2,-0.3504270017147064,0.24053700268268585,-0.01953599974513054
1451578502117,2,-0.11233200132846832,0.18192899227142334,-0.09279599785804749
1451578502137,2,-0.012210000306367874,0.13308899104595184,-0.026861999183893204
1451578502158,2,0.030524998903274536,0.0488400012254715,0.0012209999840706587
1451578502178,2,0.05128199979662895,-0.06227099895477295,0.015873000025749207
1451578502197,2,0.06593400239944458,-0.14163599908351898,0.008546999655663967
1451578502217,2,0.07081799954175949,-0.14285700023174286,-0.00976799987256527
1451578502238,2,0.13186800479888916,0.020756999030709267,0.013430999591946602
1451578502258,2,0.1355309933423996,0.08058600127696991,0.006105000153183937
1451578502278,2,0.08791200071573257,0.10622699558734894,-0.007325999904423952
1451578502298,2,0.014651999808847904,0.06837599724531174,-0.01831500045955181
1451578502318,2,-0.03663000091910362,0.06593400239944458,-0.03663000091910362
1451578502343,2,-0.050060998648405075,0.10866899788379669,-0.04639799892902374
1451578502359,2,-0.014651999808847904,0.08424899727106094,-0.03174600005149841
1451578502379,2,0.02319899946451187,0.02442000061273575,-0.0012209999840706587
1451578502405,2,0.05738699808716774,-0.05738699808716774,0.017093999311327934
1451578502419,2,0.0866909995675087,-0.12087900191545486,0.01831500045955181
1451578502439,2,0.11477399617433548,-0.11233200132846832,-0.04151399806141853
1451578502460,2,0.08180700242519379,-0.07081799954175949,-0.05372399836778641
1451578502480,2,0.12698400020599365,-0.1245419979095459,-0.06349200010299683
1451578502500,2,0.24664199352264404,-0.21001200377941132,-0.01831500045955181
1451578502519,2,0.3296699821949005,-0.22954799234867096,0.045176997780799866
1451578502539,2,0.3296699821949005,-0.17460300028324127,0.06227099895477295
1451578502560,2,0.17582400143146515,-0.10622699558734894,-0.0024419999681413174
1451578502581,2,0.10378500074148178,-0.13919399678707123,-0.05372399836778641
1451578502600,2,0.0866909995675087,-0.1355309933423996,-0.09890099614858627
1451578502621,2,0.06349200010299683,-0.11233200132846832,-0.11111100018024445
1451578502647,2,-0.007325999904423952,-0.07326000183820724,-0.12209999561309814
1451578502662,2,-0.3406589925289154,0.3528690040111542,-0.10988999903202057
1451578502680,2,-0.6422460079193115,0.598289966583252,-0.17582400143146515
1451578502701,2,-0.8595839738845825,0.6947489976882935,-0.26129400730133057
1451578502726,2,-0.8266170024871826,0.5482289791107178,-0.2698409855365753
1451578502741,2,-0.5958479642868042,0.36629998683929443,-0.20879100263118744
1451578502763,2,-0.20268599689006805,0.10378500074148178,-0.0378509983420372
1451578502785,2,-0.026861999183893204,-0.0757019966840744,0.025640999898314476
1451578502802,2,0.19291800260543823,-0.2979239821434021,0.0757019966840744
1451578502821,2,0.40292999148368835,-0.4883999824523926,0.10134299844503403
1451578502842,2,0.5128200054168701,-0.5677649974822998,0.11599499732255936
1451578502862,2,0.514041006565094,-0.5799750089645386,0.09645900130271912
1451578502882,2,0.5433449745178223,-0.4371179938316345,-0.008546999655663967
1451578502903,2,0.4713059961795807,-0.06104999780654907,0.026861999183893204
1451578502928,2,0.26739898324012756,-0.01953599974513054,-0.021978000178933144
1451578502942,1,0.10866899788379669,0.013430999591946602,-0.10866899788379669
1451578502965,1,-0.01953599974513054,0.09401699900627136,-0.1452990025281906
1451578502982,1,-0.08058600127696991,0.07326000183820724,-0.12820500135421753
1451578503004,1,0.030524998903274536,0.004883999936282635,-0.19780199229717255
1451578503023,1,0.1294260025024414,-0.045176997780799866,-0.25641000270843506
1451578503049,1,0.17704500257968903,-0.07326000183820724,-0.3076919913291931
1451578503063,1,0.18803399801254272,-0.01831500045955181,-0.3785099983215332
1451578503083,1,0.17582400143146515,0.10988999903202057,-0.308912992477417
1451578503103,1,0.12332099676132202,0.09157499670982361,-0.211232990026474
1451578503123,1,0.05860799923539162,0.09157499670982361,-0.15018299221992493
1451578503144,1,-0.03296700119972229,0.13430999219417572,-0.11843699961900711
1451578503163,1,-0.13797299563884735,0.13797299563884735,-0.0378509983420372
1451578503184,1,-0.15506699681282043,0.10378500074148178,-0.02442000061273575
1451578503204,1,-0.11233200132846832,0.26739898324012756,0.07814399898052216
1451578503224,1,-0.19169700145721436,0.2051279991865158,0.33333298563957214
1451578503249,1,0.0378509983420372,-1.1758229732513428,1.2600719928741455
1451578503264,1,0.6312569975852966,-2.0793628692626953,1.7252730131149292
1451578503284,1,0.9352859854698181,-2.6800949573516846,1.9133069515228271
1451578503305,1,0.41391900181770325,-1.4249069690704346,0.5274720191955566
1451578503325,1,-0.24786299467086792,0.15995100140571594,-0.555554986000061
1451578503344,1,-1.0061039924621582,1.616603970527649,-1.2405359745025635
1451578503385,1,-1.531134009361267,2.1550650596618652,-1.0891319513320923
1451578503399,1,-1.4590950012207031,1.7570189237594604,-0.5958479642868042
1451578503409,1,-0.07814399898052216,0.5091570019721985,0.05372399836778641
1451578503432,1,0.33821699023246765,0.08546999841928482,-0.013430999591946602
1451578503447,1,0.38095200061798096,0.003662999952211976,-0.11599499732255936
1451578503464,1,0.22588500380516052,0.07448099553585052,-0.21001200377941132
1451578503486,1,0.04761900007724762,0.2649570107460022,-0.2649570107460022
1451578503505,1,-0.24053700268268585,0.5518919825553894,-0.2051279991865158
1451578503531,1,-0.20390699803829193,0.5201460123062134,-0.16483499109745026
1451578503546,1,-0.05250300094485283,0.36507898569107056,-0.13675199449062347
1451578503565,1,0.07203900068998337,0.06715499609708786,-0.12332099676132202
1451578503586,1,0.10134299844503403,-0.12209999561309814,-0.10988999903202057
1451578503606,1,0.0488400012254715,-0.12576299905776978,-0.10988999903202057
1451578503626,1,-0.14285700023174286,0.38583600521087646,-0.11965800076723099
1451578503646,1,-0.1941390037536621,0.6520140171051025,-0.1404149979352951
1451578503666,1,-0.1892549991607666,0.6520140171051025,-0.1355309933423996
1451578503687,1,-0.10866899788379669,0.42612898349761963,-0.10988999903202057
1451578503712,1,0.0378509983420372,0.1941390037536621,-0.1025639995932579
1451578503727,1,0.18559199571609497,0.10134299844503403,0.00976799987256527
1451578503752,1,0.1452990025281906,0.16971899569034576,0.05616600066423416
1451578503767,1,0.08913300186395645,0.1782660037279129,0.05616600066423416
1451578503787,1,0.07692299783229828,0.1245419979095459,-0.012210000306367874
1451578503808,1,0.06227099895477295,0.05860799923539162,-0.10012199729681015
1451578503828,1,-0.003662999952211976,0.10012199729681015,-0.07448099553585052
1451578503847,1,0.059829000383615494,0.059829000383615494,-0.0378509983420372
1451578503873,1,0.07448099553585052,0.08546999841928482,-0.040293000638484955
1451578503888,1,0.021978000178933144,0.1135529950261116,-0.021978000178933144
1451578503908,1,-0.0024419999681413174,0.10622699558734894,0.02319899946451187
1451578503929,1,0.04273499920964241,0.0024419999681413174,0.03907199949026108
1451578503953,1,0.10378500074148178,-0.05616600066423416,0.01953599974513054
1451578503969,1,0.04151399806141853,-0.003662999952211976,0.04639799892902374
1451578503988,1,0.08058600127696991,-0.0378509983420372,0.05616600066423416
1451578504008,1,0.2527469992637634,-0.0488400012254715,0.007325999904423952
1451578504028,1,0.3846150040626526,0.09401699900627136,-0.08058600127696991
1451578504048,1,0.7875449657440186,0.5958479642868042,-0.20757000148296356
1451578504068,1,0.8107439875602722,0.6764339804649353,-0.12209999561309814
1451578504096,1,0.3150179982185364,0.12209999561309814,0.9767999649047852
1451578504109,1,0.8925510048866272,-1.5897419452667236,1.6813169717788696
1451578504129,1,1.3699619770050049,-2.220999002456665,2.286932945251465
1451578504149,1,1.1477400064468384,-1.7851020097732544,1.636139988899231
1451578504169,1,0.2857140004634857,-0.31135499477386475,0.4981679916381836
1451578504194,1,-0.6764339804649353,1.3260059356689453,-0.3638579845428467
1451578504215,1,-1.738703966140747,2.548227071762085,-0.6727709770202637
1451578504230,1,-2.3821709156036377,2.5738680362701416,-0.3137969970703125
1451578504250,1,-1.9413899183273315,1.2918180227279663,-0.00976799987256527
1451578504271,1,0.05738699808716774,0.03174600005149841,-0.07692299783229828
1451578504291,1,0.3357749879360199,-0.3308909833431244,-0.2051279991865158
1451578504314,1,0.211232990026474,-0.45177000761032104,-0.2759459912776947
1451578504331,1,-0.008546999655663967,-0.4590959846973419,-0.299144983291626
1451578504355,1,-0.13064700365066528,-0.3235650062561035,-0.2808299958705902
1451578504371,1,-0.22954799234867096,0.19658099114894867,-0.30524998903274536
1451578504391,1,-0.27228298783302307,0.3418799936771393,-0.40415099263191223
1451578504411,1,-0.2319899946451187,0.3028079867362976,-0.4774110019207001
1451578504436,1,-0.14774100482463837,0.1843709945678711,-0.43101298809051514
1451578504452,1,-0.08180700242519379,0.021978000178933144,-0.318681001663208
1451578504471,1,-0.04273499920964241,0.22100099921226501,-0.17093999683856964
1451578504492,1,-0.06593400239944458,0.42002400755882263,-0.1684979945421219
1451578504513,1,-0.09035399556159973,0.504272997379303,-0.16605599224567413
1451578504532,1,-0.11965800076723099,0.4102559983730316,-0.1562879979610443
1451578504552,1,-0.16971899569034576,0.1892549991607666,-0.1465200036764145
1451578504577,1,-0.22344300150871277,-0.08791200071573257,-0.15384599566459656
1451578504592,1,-0.07936500012874603,-0.2551890015602112,-0.1575089991092682
1451578504616,1,0.02808300033211708,-0.16483499109745026,-0.11599499732255936
1451578504632,1,0.02442000061273575,-0.05372399836778641,-0.06715499609708786
1451578504653,1,-0.02930399961769581,0.013430999591946602,-0.05616600066423416
1451578504673,1,-0.05616600066423416,-0.003662999952211976,-0.09523800015449524
1451578504693,1,0.03907199949026108,-0.28815600275993347,-0.1404149979352951
1451578504713,1,0.12576299905776978,-0.28327199816703796,-0.1135529950261116
1451578504733,1,0.16605599224567413,-0.1452990025281906,-0.09523800015449524
1451578504758,1,0.1782660037279129,0.015873000025749207,-0.08058600127696991
1451578504773,1,0.12332099676132202,0.09035399556159973,-0.10744799673557281
1451578504794,1,-0.045176997780799866,0.0024419999681413174,-0.21245399117469788
1451578504813,1,-0.059829000383615494,-0.050060998648405075,-0.2490839958190918
1451578504834,1,-0.012210000306367874,-0.054944999516010284,-0.21855899691581726
1451578504854,1,0.04639799892902374,-0.054944999516010284,-0.12698400020599365
1451578504874,1,0.07692299783229828,-0.04273499920964241,-0.030524998903274536
1451578504894,1,0.0647130012512207,-0.11111100018024445,-0.08791200071573257
1451578504914,1,0.030524998903274536,-0.12209999561309814,-0.13430999219417572
1451578504934,1,-0.0012209999840706587,-0.10500600188970566,-0.10866899788379669
1451578504955,1,-0.00976799987256527,-0.004883999936282635,-0.03174600005149841
1451578504974,2,0.014651999808847904,0.09035399556159973,0.0647130012512207
1451578504995,2,0.06227099895477295,0.05616600066423416,0.09401699900627136
1451578505016,2,0.021978000178933144,-0.17948700487613678,0.017093999311327934
1451578505034,2,0.0024419999681413174,-0.24542099237442017,0.0012209999840706587
1451578505055,2,0.02319899946451187,-0.21977999806404114,0.050060998648405075
1451578505075,2,0.05372399836778641,-0.11599499732255936,0.12698400020599365
1451578505095,2,0.05372399836778641,-0.00976799987256527,0.16971899569034576
1451578505115,2,-0.017093999311327934,0.05128199979662895,0.08546999841928482
1451578505135,2,-0.03907199949026108,0.020756999030709267,0.040293000638484955
1451578505156,2,-0.04395600035786629,-0.01953599974513054,0.05860799923539162
1451578505175,2,-0.017093999311327934,-0.0647130012512207,0.08791200071573257
1451578505197,2,0.030524998903274536,-0.10744799673557281,0.10988999903202057
1451578505216,2,0.09401699900627136,-0.12087900191545486,0.09401699900627136
1451578505236,2,0.13430999219417572,-0.12698400020599365,0.06349200010299683
1451578505264,2,0.13430999219417572,-0.1135529950261116,0.04761900007724762
1451578505277,2,0.10500600188970566,-0.09401699900627136,0.04639799892902374
1451578505297,2,0.09279599785804749,-0.11477399617433548,0.050060998648405075
1451578505316,2,0.10134299844503403,-0.16605599224567413,0.02808300033211708
1451578505337,2,0.1135529950261116,-0.2905980050563812,-0.01831500045955181
1451578505357,2,0.10866899788379669,-0.34432199597358704,-0.054944999516010284
1451578505386,2,0.09401699900627136,-0.34432199597358704,-0.08058600127696991
1451578505396,2,0.059829000383615494,-0.2967030107975006,-0.08058600127696991
1451578505417,2,0.040293000638484955,-0.22588500380516052,-0.06349200010299683
1451578505437,2,0.025640999898314476,-0.12209999561309814,0.013430999591946602
1451578505458,2,0.03418799862265587,-0.14774100482463837,0.03418799862265587
1451578505479,2,0.045176997780799866,-0.2051279991865158,0.010989000089466572
1451578505497,2,0.07326000183820724,-0.2441999912261963,-0.030524998903274536
1451578505518,2,0.08424899727106094,-0.2698409855365753,-0.05860799923539162
1451578505538,2,0.07692299783229828,-0.43467599153518677,0.07203900068998337
1451578505558,2,0.06227099895477295,-0.5225880146026611,0.22588500380516052
1451578505580,2,0.11599499732255936,-0.514041006565094,0.41391900181770325
1451578505598,2,-0.6703289747238159,-0.21367499232292175,0.0757019966840744
1451578505618,2,-0.20268599689006805,1.6691069602966309,-0.6422460079193115
1451578505638,2,0.36019498109817505,1.256408929824829,-0.22100099921226501
1451578505659,2,0.422465980052948,-0.02930399961769581,0.1245419979095459
1451578505679,2,-0.19902299344539642,-0.8888880014419556,0.08302799612283707
1451578505698,2,-0.7057380080223083,-0.3846150040626526,0.08546999841928482
1451578505723,2,-0.8412690162658691,0.5433449745178223,0.14163599908351898
1451578505739,2,-0.5225880146026611,0.7399259805679321,0.15384599566459656
1451578505759,2,0.48351600766181946,0.0488400012254715,0.03174600005149841
1451578505784,2,0.39804598689079285,-0.05616600066423416,0.03296700119972229
1451578505799,2,0.050060998648405075,0.13064700365066528,0.010989000089466572
1451578505825,2,-0.2527469992637634,0.3736259937286377,-0.05128199979662895
1451578505839,2,-0.34798499941825867,0.5067149996757507,-0.0866909995675087
1451578505860,2,-0.10988999903202057,0.2979239821434021,0.06593400239944458
1451578505881,2,0.03174600005149841,0.17460300028324127,0.15018299221992493
1451578505901,2,0.08913300186395645,0.11599499732255936,0.18314999341964722
1451578505920,2,0.09035399556159973,0.11477399617433548,0.17948700487613678
1451578505946,2,0.04273499920964241,0.13675199449062347,0.1733819991350174
1451578505966,2,-0.02442000061273575,0.17948700487613678,0.20146499574184418
1451578505980,2,0.15262499451637268,0.3125759959220886,0.3614159822463989
1451578506005,2,0.27350398898124695,0.416361004114151,0.44566500186920166
1451578506021,2,0.31623899936676025,0.05738699808716774,0.4102559983730316
1451578506046,2,0.27838799357414246,0.3406589925289154,0.37606799602508545
1451578506061,2,-0.09401699900627136,0.5103780031204224,0.40292999148368835
1451578506081,2,-0.7106220126152039,0.7484729886054993,0.13675199449062347
1451578506106,2,-0.7374839782714844,0.8302800059318542,0.11843699961900711
1451578506122,2,-0.7387049794197083,0.7863239645957947,0.18559199571609497
1451578506142,2,-0.7741140127182007,0.6349200010299683,0.29548200964927673
1451578506163,2,-0.854699969291687,0.3150179982185364,0.42490798234939575
1451578506182,2,-0.7570199966430664,-0.390720009803772,0.555554986000061
1451578506202,2,-0.5299140214920044,-0.4395599961280823,0.6556770205497742
1451578506222,2,-0.13675199449062347,-0.24664199352264404,0.7899869680404663
1451578506242,2,0.19047600030899048,-0.11233200132846832,0.8559209704399109
1451578506263,2,0.32722800970077515,-0.19658099114894867,0.874235987663269
1451578506283,2,0.2551890015602112,-0.35531100630760193,0.8290590047836304
1451578506303,2,-0.21245399117469788,-0.4603169858455658,0.5323559641838074
1451578506323,2,-0.31746000051498413,-0.4529910087585449,0.3626369833946228
1451578506342,2,-0.2539680004119873,-0.4371179938316345,0.22832699120044708
1451578506363,2,-0.12698400020599365,-0.44566500186920166,0.16117200255393982
1451578506382,2,-0.017093999311327934,-0.44688600301742554,0.10988999903202057
1451578506403,2,0.013430999591946602,-0.44566500186920166,0.0024419999681413174
1451578506423,2,-0.03174600005149841,-0.39194098114967346,-0.07814399898052216
1451578506449,2,-0.07326000183820724,-0.293040007352829,-0.13919399678707123
1451578506463,2,-0.07203900068998337,-0.16117200255393982,-0.1782660037279129
1451578506483,2,-0.006105000153183937,-0.0378509983420372,-0.18070799112319946
1451578506504,2,0.045176997780799866,0.06104999780654907,-0.13430999219417572
1451578506524,2,0.03418799862265587,0.04273499920964241,-0.097680002450943
1451578506550,2,0.015873000025749207,-0.004883999936282635,-0.06715499609708786
1451578506564,2,0.03418799862265587,-0.03418799862265587,-0.03174600005149841
1451578506584,2,0.06593400239944458,-0.04151399806141853,0.0012209999840706587
1451578506605,2,0.08302799612283707,-0.06104999780654907,0.02930399961769581
1451578506624,2,-0.05860799923539162,-0.020756999030709267,0.05738699808716774
1451578506646,2,-0.15506699681282043,-0.050060998648405075,0.09523800015449524
1451578506664,2,-0.20146499574184418,-0.12087900191545486,0.09523800015449524
1451578506685,2,-0.2051279991865158,-0.21733799576759338,0.04639799892902374
1451578506705,2,-0.16971899569034576,-0.27228298783302307,0.0024419999681413174
1451578506725,2,-0.097680002450943,-0.17582400143146515,-0.021978000178933144
1451578506747,2,-0.16117200255393982,-0.1025639995932579,-0.05738699808716774
1451578506765,2,-0.22832699120044708,-0.14285700023174286,-0.07936500012874603
1451578506786,2,-0.18559199571609497,-0.3150179982185364,-0.14407800137996674
1451578506806,2,-0.035408999770879745,-0.6263729929924011,-0.19291800260543823
1451578506826,2,0.3150179982185364,-0.8205119967460632,-0.17460300028324127
1451578506847,2,0.26129400730133057,-0.2918190062046051,-0.2161169946193695
1451578506866,2,0.11599499732255936,0.3687419891357422,-0.2271059900522232
1451578506891,2,-0.00976799987256527,0.6556770205497742,-0.1733819991350174
1451578506906,2,-0.02930399961769581,0.40659299492836,-0.15995100140571594
1451578506932,2,0.3235650062561035,-0.19902299344539642,-0.195360004901886
1451578506947,2,0.3626369833946228,0.3150179982185364,-0.22100099921226501
1451578506966,2,0.5848590135574341,0.523809015750885,-0.0866909995675087
1451578506987,1,0.6556770205497742,0.6141629815101624,0.01831500045955181
1451578507007,1,0.6752129793167114,0.416361004114151,0.05860799923539162
1451578507028,1,0.7167270183563232,0.1623930037021637,0.08546999841928482
1451578507050,1,0.782660961151123,-0.059829000383615494,0.34798499941825867
1451578507067,1,0.7472519874572754,0.054944999516010284,0.5250300168991089
1451578507087,1,0.699633002281189,0.211232990026474,0.5543339848518372
1451578507108,1,0.6715499758720398,-0.02930399961769581,0.2637360095977783
1451578507130,1,0.6532350182533264,0.10744799673557281,-0.4713059961795807
1451578507147,1,-0.15262499451637268,0.9413909912109375,-1.0231980085372925
1451578507168,1,-0.38583600521087646,0.7399259805679321,-0.9804629683494568
1451578507189,1,-0.4334549903869629,0.2527469992637634,-0.7643460035324097
1451578507208,1,-0.27350398898124695,-0.3894990086555481,-0.42490798234939575
1451578507233,1,-0.013430999591946602,-0.9963359832763672,-0.18192899227142334
1451578507248,1,0.3724049925804138,-1.409034013748169,-0.1843709945678711
1451578507268,1,0.27838799357414246,-0.5934060215950012,-0.34920600056648254
1451578507289,1,-0.05250300094485283,-0.11233200132846832,-0.5763120055198669
1451578507309,1,-0.38217300176620483,-0.12698400020599365,-0.6752129793167114
1451578507330,1,-0.6446880102157593,-0.18681299686431885,-0.6251519918441772
1451578507348,1,-0.8070809841156006,-0.27960899472236633,-0.5897430181503296
1451578507374,1,-0.24542099237442017,-0.6666659712791443,-0.4810740053653717
1451578507389,1,0.2051279991865158,-0.721610963344574,-0.3028079867362976
1451578507409,1,0.5995109677314758,-0.8791199922561646,-0.20146499574184418
1451578507430,1,0.9511590003967285,-1.0048829317092896,-0.2637360095977783
1451578507448,1,0.9951149821281433,-0.9389489889144897,-0.2918190062046051
1451578507474,1,0.2967030107975006,-0.4554329812526703,-0.07448099553585052
1451578507489,1,-0.34920600056648254,0.12820500135421753,-0.004883999936282635
1451578507510,1,-1.0048829317092896,1.0842479467391968,-0.004883999936282635
1451578507530,1,-1.399266004562378,1.8510359525680542,-0.0866909995675087
1451578507550,1,-1.274724006652832,1.8180689811706543,-0.35531100630760193
1451578507570,1,0.07203900068998337,1.3956029415130615,-0.7118430137634277
1451578507590,1,0.44078099727630615,1.2075690031051636,-0.5396819710731506
1451578507610,1,0.4920629858970642,0.9548220038414001,-0.38095200061798096
1451578507630,1,0.3894990086555481,0.6813179850578308,-0.2332109957933426
1451578507650,1,0.3894990086555481,0.5873010158538818,-0.17704500257968903
1451578507675,1,0.22466400265693665,0.7851029634475708,-0.1025639995932579
1451578507691,1,0.3076919913291931,-0.4004879891872406,1.8229529857635498
1451578507713,1,0.3125759959220886,-0.28937700390815735,1.7350410223007202
1451578507731,1,0.09645900130271912,-0.2588520050048828,0.08913300186395645
1451578507751,1,0.09890099614858627,0.44200199842453003,-0.8534789681434631
1451578507771,1,0.08546999841928482,0.22588500380516052,-1.2429779767990112
1451578507792,1,-0.38705700635910034,-0.18070799112319946,0.5531129837036133
1451578507812,1,-0.24786299467086792,-1.0402920246124268,1.4139180183410645
1451578507831,1,0.15995100140571594,-1.41880202293396,1.3052489757537842
1451578507852,1,0.3565320074558258,-0.7582409977912903,0.6642239689826965
1451578507872,1,0.27960899472236633,-0.1025639995932579,0.10134299844503403
1451578507892,1,-0.10012199729681015,-0.05250300094485283,-0.1892549991607666
1451578507917,1,-0.22100099921226501,-0.03907199949026108,-0.003662999952211976
1451578507932,1,-0.18192899227142334,-0.1452990025281906,0.07326000183820724
1451578507952,1,-0.020756999030709267,-0.27960899472236633,-0.010989000089466572
1451578507972,1,0.1294260025024414,-0.3406589925289154,-0.10378500074148178
1451578507993,1,0.2319899946451187,-0.3455429971218109,-0.11843699961900711
1451578508013,1,0.20879100263118744,-0.16605599224567413,-0.06349200010299683
1451578508037,1,0.10622699558734894,-0.10744799673557281,0.014651999808847904
1451578508053,1,0.05616600066423416,-0.04273499920964241,0.014651999808847904
1451578508073,1,0.04395600035786629,0.04639799892902374,-0.05738699808716774
1451578508093,1,0.04761900007724762,0.08058600127696991,-0.10622699558734894
1451578508154,1,0.15995100140571594,-0.20268599689006805,-0.20390699803829193
1451578508173,1,0.20268599689006805,0.1135529950261116,-0.24542099237442017
1451578508195,1,0.15262499451637268,0.3455429971218109,-0.15506699681282043
1451578508220,1,0.2637360095977783,0.3882780075073242,-0.20390699803829193
1451578508234,1,0.2967030107975006,0.4529910087585449,-0.293040007352829
1451578508254,1,0.2527469992637634,0.5750910043716431,-0.3614159822463989
1451578508275,1,0.19902299344539642,0.7155060172080994,-0.3785099983215332
1451578508296,1,0.09035399556159973,0.9670320153236389,-0.35409000515937805
1451578508315,1,-0.15995100140571594,0.8253960013389587,1.2735029458999634
1451578508335,1,1.3137959241867065,-1.645907998085022,2.0048818588256836
1451578508355,1,1.1452980041503906,-1.8815609216690063,1.7851020097732544
1451578508376,1,0.5738700032234192,-1.1074470281600952,0.5018309950828552
1451578508395,1,-0.5616599917411804,0.1623930037021637,-0.7728930115699768
1451578508415,1,-1.5286920070648193,1.1367509365081787,-1.1477400064468384
1451578508436,1,-2.1697170734405518,0.6739919781684875,0.42490798234939575
1451578508456,1,-1.111109972000122,-0.31746000051498413,0.7594619989395142
1451578508475,1,0.003662999952211976,-0.7643460035324097,0.5811960101127625
1451578508500,1,0.5531129837036133,-0.7716720104217529,0.19047600030899048
1451578508516,1,0.45177000761032104,-0.4652009904384613,-0.11233200132846832
1451578508536,1,-0.34798499941825867,0.40903499722480774,-0.18681299686431885
1451578508556,1,-0.5372399687767029,0.5433449745178223,-0.22954799234867096
1451578508576,1,-0.4700849950313568,0.45177000761032104,-0.27350398898124695
1451578508597,1,-0.21855899691581726,0.299144983291626,-0.3040289878845215
1451578508616,1,0.03663000091910362,0.0647130012512207,-0.32234400510787964
1451578508636,1,0.17460300028324127,-0.26861998438835144,-0.31135499477386475
1451578508657,1,0.045176997780799866,-0.23687399923801422,-0.27350398898124695
1451578508677,1,-0.1684979945421219,-0.07936500012874603,-0.2588520050048828
1451578508697,1,-0.3247860074043274,0.11477399617433548,-0.2441999912261963
1451578508717,1,-0.3846150040626526,0.2429789900779724,-0.2967030107975006
1451578508738,1,-0.32112300395965576,0.18192899227142334,-0.35531100630760193
1451578508758,1,0.21855899691581726,-0.0866909995675087,-0.32234400510787964
1451578508778,1,0.3772889971733093,-0.05738699808716774,-0.2698409855365753
1451578508797,1,0.4017089903354645,0.07814399898052216,-0.12820500135421753
1451578508818,1,0.3797309994697571,0.10866899788379669,0.0757019966840744
1451578508838,1,0.34432199597358704,-0.05250300094485283,0.2332109957933426
1451578508858,1,0.31135499477386475,-0.4883999824523926,0.2539680004119873
1451578508880,1,0.2905980050563812,-0.6446880102157593,0.07326000183820724
1451578508899,1,0.2161169946193695,-0.2759459912776947,-0.09157499670982361
1451578508918,1,0.03907199949026108,-0.02930399961769581,-0.1782660037279129
1451578508939,1,-0.045176997780799866,0.1514039933681488,-0.1452990025281906
1451578508959,1,0.06593400239944458,0.0866909995675087,-0.006105000153183937
1451578508980,1,0.13675199449062347,0.06593400239944458,-0.003662999952211976
1451578508999,2,0.16483499109745026,0.012210000306367874,-0.03296700119972229
1451578509019,2,0.13919399678707123,-0.04395600035786629,-0.04395600035786629
1451578509039,2,0.07936500012874603,-0.1135529950261116,-0.07692299783229828
1451578509070,2,-0.015873000025749207,-0.19169700145721436,-0.10744799673557281
1451578509079,2,-0.12209999561309814,-0.308912992477417,-0.17460300028324127
1451578509099,2,-0.07814399898052216,-0.27838799357414246,-0.20268599689006805
1451578509120,2,-0.004883999936282635,-0.21855899691581726,-0.20879100263118744
1451578509140,2,0.02930399961769581,-0.16483499109745026,-0.1782660037279129
1451578509162,2,0.025640999898314476,-0.1404149979352951,-0.1404149979352951
1451578509181,2,-0.026861999183893204,-0.012210000306367874,-0.12698400020599365
1451578509200,2,-0.03907199949026108,0.06837599724531174,-0.13064700365066528
1451578509221,2,-0.01831500045955181,0.09890099614858627,-0.1623930037021637
1451578509241,2,0.017093999311327934,0.12209999561309814,-0.17216099798679352
1451578509263,2,0.030524998903274536,0.11721599847078323,-0.12332099676132202
1451578509281,2,0.04761900007724762,-0.02930399961769581,-0.11965800076723099
1451578509301,2,0.03663000091910362,-0.03907199949026108,-0.1575089991092682
1451578509321,2,-0.003662999952211976,-0.02930399961769581,-0.1465200036764145
1451578509341,2,-0.026861999183893204,-0.045176997780799866,-0.12209999561309814
1451578509362,2,-0.03418799862265587,-0.04273499920964241,-0.08180700242519379
1451578509381,2,-0.017093999311327934,-0.0488400012254715,-0.04273499920964241
1451578509401,2,-0.003662999952211976,-0.01953599974513054,-0.04151399806141853
1451578509422,2,-0.007325999904423952,0.004883999936282635,-0.04395600035786629
1451578509441,2,-0.013430999591946602,0.006105000153183937,-0.02930399961769581
1451578509462,2,-0.010989000089466572,-0.035408999770879745,-0.010989000089466572
1451578509482,2,0.017093999311327934,-0.07936500012874603,0.013430999591946602
1451578509502,2,0.14774100482463837,-0.17093999683856964,0.0757019966840744
1451578509523,2,0.20268599689006805,-0.2222220003604889,0.097680002450943
1451578509542,2,0.2380950003862381,-0.2490839958190918,0.09523800015449524
1451578509564,2,0.2649570107460022,-0.24786299467086792,0.09035399556159973
1451578509582,2,0.2539680004119873,-0.21855899691581726,0.097680002450943
1451578509602,2,0.24542099237442017,-0.27838799357414246,0.1514039933681488
1451578509622,2,0.24175800383090973,-0.3137969970703125,0.19780199229717255
1451578509643,2,0.25152599811553955,-0.34310099482536316,0.29548200964927673
1451578509662,2,0.32112300395965576,-0.3846150040626526,0.42002400755882263
1451578509683,2,0.32844898104667664,-2.0720369815826416,1.4749679565429688
1451578509708,2,-0.3992669880390167,1.902318000793457,-0.06715499609708786
1451578509724,2,0.23565299808979034,0.5286930203437805,0.2380950003862381
1451578509743,2,0.6715499758720398,-0.16117200255393982,0.05372399836778641
1451578509765,2,0.5384609699249268,-0.8485949635505676,-0.23443199694156647
1451578509784,2,-0.07448099553585052,-0.45177000761032104,-0.2918190062046051
1451578509804,2,-0.5970689654350281,0.608057975769043,-0.2051279991865158
1451578509824,2,-0.3748469948768616,0.44688600301742554,0.012210000306367874
1451578509847,2,0.15506699681282043,0.02442000061273575,-0.0012209999840706587
1451578509864,2,0.33821699023246765,-0.15873000025749207,-0.04395600035786629
1451578509884,2,0.1294260025024414,0.0024419999681413174,-0.08424899727106094
1451578509904,2,-0.20146499574184418,0.33943799138069153,-0.14285700023174286
1451578509925,2,-0.31135499477386475,0.47863200306892395,-0.13308899104595184
1451578509945,2,-0.09401699900627136,0.299144983291626,-0.05128199979662895
1451578509965,2,0.08546999841928482,0.14896199107170105,0.03907199949026108
1451578509985,2,0.16117200255393982,0.097680002450943,0.06227099895477295
1451578510005,2,0.1733819991350174,0.1465200036764145,0.006105000153183937
1451578510025,2,0.08058600127696991,0.2551890015602112,-0.06837599724531174
1451578510045,2,-0.1575089991092682,0.35409000515937805,-0.02930399961769581
1451578510065,2,-0.19658099114894867,0.293040007352829,0.017093999311327934
1451578510085,2,-0.2002439945936203,0.20146499574184418,0.06104999780654907
1451578510106,2,-0.21977999806404114,0.08791200071573257,0.09401699900627136
1451578510126,2,-0.2527469992637634,-0.01953599974513054,0.14163599908351898
1451578510146,2,-0.27228298783302307,-0.09645900130271912,0.29426100850105286
1451578510166,2,-0.24664199352264404,-0.097680002450943,0.36629998683929443
1451578510186,2,-0.25763100385665894,-0.050060998648405075,0.43467599153518677
1451578510207,2,-0.33333298563957214,-0.012210000306367874,0.5030519962310791
1451578510227,2,-0.38705700635910034,0.03296700119972229,0.5775330066680908
1451578510248,2,-0.3846150040626526,0.03296700119972229,0.6324779987335205
1451578510267,2,-0.38583600521087646,-0.02930399961769581,0.6703289747238159
1451578510287,2,-0.42979198694229126,-0.097680002450943,0.731378972530365
1451578510307,2,-0.4615379869937897,-0.1245419979095459,0.7887659668922424
1451578510327,2,-0.37606799602508545,-0.18070799112319946,0.8095229864120483
1451578510347,2,0.13675199449062347,-0.03296700119972229,0.7118430137634277
1451578510367,2,0.30036598443984985,0.003662999952211976,0.6324779987335205
1451578510387,2,0.3235650062561035,-0.06104999780654907,0.5824170112609863
1451578510407,2,0.2747249901294708,-0.09890099614858627,0.4920629858970642
1451578510429,2,0.25152599811553955,-0.1245419979095459,0.3772889971733093
1451578510453,2,0.2869350016117096,-0.09035399556159973,0.2503049969673157
1451578510468,2,0.28449299931526184,-0.03907199949026108,0.026861999183893204
1451578510488,2,0.24053700268268585,-0.00976799987256527,-0.0378509983420372
1451578510513,2,0.1941390037536621,-0.006105000153183937,-0.08302799612283707
1451578510534,2,0.16117200255393982,-0.017093999311327934,-0.11111100018024445
1451578510548,2,0.13430999219417572,-0.0378509983420372,-0.11111100018024445
1451578510573,2,0.06349200010299683,-0.030524998903274536,-0.10866899788379669
1451578510589,2,0.021978000178933144,0.00976799987256527,-0.10378500074148178
1451578510617,2,-0.0012209999840706587,0.0378509983420372,-0.08058600127696991
1451578510628,2,-0.03174600005149841,0.01953599974513054,-0.04151399806141853
1451578510649,2,-0.059829000383615494,-0.03174600005149841,-0.0024419999681413174
1451578510669,2,-0.09035399556159973,-0.06349200010299683,0.04395600035786629
1451578510689,2,-0.13430999219417572,-0.030524998903274536,0.07326000183820724
1451578510710,2,-0.1733819991350174,-0.012210000306367874,0.10134299844503403
1451578510729,2,-0.1514039933681488,-0.0012209999840706587,0.11843699961900711
1451578510754,2,-0.10134299844503403,-0.020756999030709267,0.1514039933681488
1451578510775,2,-0.05616600066423416,-0.025640999898314476,0.15995100140571594
1451578510790,2,-0.12698400020599365,-0.008546999655663967,0.10866899788379669
1451578510810,2,-0.17948700487613678,-0.015873000025749207,0.07936500012874603
1451578510830,2,-0.1941390037536621,-0.02808300033211708,0.050060998648405075
1451578510850,2,-0.16605599224567413,-0.03296700119972229,0.040293000638484955
1451578510870,2,-0.10500600188970566,-0.008546999655663967,0.040293000638484955
1451578510890,2,-0.03418799862265587,0.07203900068998337,0.035408999770879745
1451578510916,2,-0.017093999311327934,0.04761900007724762,0.02930399961769581
1451578510936,2,-0.01953599974513054,-0.0012209999840706587,0.010989000089466572
1451578510950,2,-0.030524998903274536,-0.035408999770879745,-0.006105000153183937
1451578510974,2,-0.017093999311327934,-0.03907199949026108,-0.014651999808847904
1451578510990,2,0.07326000183820724,0.040293000638484955,-0.03418799862265587
1451578511011,2,0.07936500012874603,0.045176997780799866,-0.03174600005149841
