1449239095294,1,-0.12698400020599365,0.015873000025749207,-0.07081799954175949
1449239095314,1,-0.07814399898052216,0.07692299783229828,-0.07448099553585052
1449239095334,1,-0.02808300033211708,0.09645900130271912,-0.07692299783229828
1449239095355,1,-0.012210000306367874,0.15018299221992493,-0.08791200071573257
1449239095376,1,0.02808300033211708,0.10500600188970566,-0.11599499732255936
1449239095394,1,0.03296700119972229,0.06715499609708786,-0.16361400485038757
1449239095415,1,0.08302799612283707,0.1404149979352951,-0.195360004901886
1449239095435,1,0.11477399617433548,0.12209999561309814,-0.1575089991092682
1449239095455,1,0.36629998683929443,0.2857140004634857,-0.3455429971218109
1449239095475,1,1.0012199878692627,0.44200199842453003,-0.7631250023841858
1449239095494,1,1.2344310283660889,0.34920600056648254,-0.9304019808769226
1449239095515,1,0.9829049706459045,0.09523800015449524,-0.7374839782714844
1449239095535,1,1.3321110010147095,-1.2869340181350708,0.4053719937801361
1449239095555,1,1.0842479467391968,-1.1172150373458862,0.25641000270843506
1449239095575,1,-0.09523800015449524,0.39316198229789734,-0.41391900181770325
1449239095595,1,-1.1526240110397339,1.5457860231399536,-0.5091570019721985
1449239095616,1,-1.8253949880599976,2.3321099281311035,0.2490839958190918
1449239095641,1,-2.180706024169922,2.2918169498443604,0.894993007183075
1449239095656,1,-0.39804598689079285,-0.2490839958190918,0.16361400485038757
1449239095676,1,0.44200199842453003,-0.8876670002937317,-0.09157499670982361
1449239095696,1,0.4700849950313568,-1.0146509408950806,0.045176997780799866
1449239095717,1,0.20634900033473969,-0.6556770205497742,0.16605599224567413
1449239095744,1,-0.09645900130271912,-0.3150179982185364,0.12820500135421753
1449239095763,1,-0.31746000051498413,0.22100099921226501,-0.06593400239944458
1449239095777,1,-0.17460300028324127,0.17460300028324127,-0.12209999561309814
1449239095797,1,0.054944999516010284,0.07936500012874603,-0.11843699961900711
1449239095817,1,0.26129400730133057,0.02808300033211708,-0.08424899727106094
1449239095837,1,0.22588500380516052,-0.05738699808716774,-0.03296700119972229
1449239095857,1,0.06959699839353561,0.02930399961769581,0.0012209999840706587
1449239095876,1,-0.1355309933423996,0.026861999183893204,-0.03296700119972229
1449239095898,1,-0.06227099895477295,0.017093999311327934,-0.02930399961769581
1449239095917,1,0.017093999311327934,-0.09645900130271912,0.008546999655663967
1449239095938,1,0.030524998903274536,-0.12576299905776978,0.04273499920964241
1449239095964,1,0.0012209999840706587,-0.08913300186395645,0.045176997780799866
1449239095978,1,-0.09035399556159973,-0.03907199949026108,0.014651999808847904
1449239095997,1,-0.05372399836778641,-0.013430999591946602,0.013430999591946602
1449239096018,1,-0.021978000178933144,-0.06593400239944458,0.013430999591946602
1449239096038,1,0.03907199949026108,-0.059829000383615494,-0.01953599974513054
1449239096058,1,0.07936500012874603,-0.03907199949026108,-0.04761900007724762
1449239096078,1,-0.05372399836778641,0.05128199979662895,-0.025640999898314476
1449239096098,1,-0.05616600066423416,0.04273499920964241,-0.02930399961769581
1449239096119,1,-0.09401699900627136,-0.020756999030709267,0.01831500045955181
1449239096138,1,-0.09401699900627136,-0.050060998648405075,0.04395600035786629
1449239096160,1,-0.03907199949026108,-0.12087900191545486,0.012210000306367874
1449239096179,1,-0.026861999183893204,-0.07326000183820724,-0.030524998903274536
1449239096199,1,-0.10988999903202057,0.12576299905776978,-0.05128199979662895
1449239096219,1,-0.18681299686431885,0.10988999903202057,-0.19780199229717255
1449239096240,1,-0.16361400485038757,0.24542099237442017,-0.15995100140571594
1449239096258,1,-0.1575089991092682,0.18681299686431885,-0.045176997780799866
1449239096279,1,-0.13797299563884735,0.24175800383090973,-0.045176997780799866
1449239096299,1,-0.08180700242519379,0.12209999561309814,-0.06227099895477295
1449239096320,1,-0.07692299783229828,0.07936500012874603,-0.04761900007724762
1449239096340,1,-0.0647130012512207,0.013430999591946602,-0.02442000061273575
1449239096359,1,0.02930399961769581,-0.04273499920964241,-0.004883999936282635
1449239096383,1,0.12698400020599365,-0.1465200036764145,0.014651999808847904
1449239096400,1,0.11599499732255936,-0.12332099676132202,0.03174600005149841
1449239096420,1,0.06837599724531174,-0.15018299221992493,0.01953599974513054
1449239096442,1,0.0488400012254715,-0.12576299905776978,0.026861999183893204
1449239096462,1,0.07203900068998337,-0.11599499732255936,0.035408999770879745
1449239096481,1,0.07203900068998337,-0.12087900191545486,0.05738699808716774
1449239096501,1,0.05128199979662895,-0.015873000025749207,0.06104999780654907
1449239096521,1,-0.11599499732255936,0.017093999311327934,0.03296700119972229
1449239096543,1,-0.04273499920964241,0.05738699808716774,0.007325999904423952
1449239096561,1,0.006105000153183937,-0.02319899946451187,-0.0024419999681413174
1449239096581,1,-0.04639799892902374,-0.035408999770879745,0.010989000089466572
1449239096601,1,-0.05128199979662895,0.012210000306367874,-0.006105000153183937
1449239096622,1,-0.21733799576759338,-0.01831500045955181,0.03296700119972229
1449239096642,1,-0.17093999683856964,-0.04761900007724762,0.04273499920964241
1449239096662,1,-0.11233200132846832,-0.11233200132846832,0.04273499920964241
1449239096681,1,-0.025640999898314476,-0.15018299221992493,0.017093999311327934
1449239096701,1,0.05250300094485283,-0.2759459912776947,-0.07448099553585052
1449239096722,1,0.03296700119972229,-0.21001200377941132,-0.09035399556159973
1449239096742,1,-0.06593400239944458,0.02319899946451187,0.03663000091910362
1449239096762,1,-0.13064700365066528,0.19902299344539642,0.09645900130271912
1449239096782,1,-0.195360004901886,0.3369959890842438,0.06227099895477295
1449239096802,1,-0.10134299844503403,0.2918190062046051,0.0
1449239096823,1,-0.04761900007724762,0.03663000091910362,-0.020756999030709267
1449239096844,1,0.06227099895477295,-0.12576299905776978,-0.021978000178933144
1449239096862,1,0.07081799954175949,0.014651999808847904,-0.003662999952211976
1449239096883,1,0.05860799923539162,0.24053700268268585,-0.01831500045955181
1449239096903,1,0.07203900068998337,0.33211198449134827,-0.0012209999840706587
1449239096923,1,0.12698400020599365,0.43101298809051514,-0.02930399961769581
1449239096944,1,0.22100099921226501,-0.19902299344539642,-0.1025639995932579
1449239096963,1,0.4175820052623749,-0.18681299686431885,-0.15506699681282043
1449239096983,1,0.34310099482536316,-0.19047600030899048,-0.05616600066423416
1449239097004,1,0.10744799673557281,0.03296700119972229,0.05860799923539162
1449239097026,1,0.04151399806141853,0.3247860074043274,0.026861999183893204
1449239097044,1,0.017093999311327934,-0.2698409855365753,0.007325999904423952
1449239097063,1,0.34310099482536316,-0.6800969839096069,-0.020756999030709267
1449239097084,1,0.3199020028114319,-0.8485949635505676,0.07936500012874603
1449239097103,1,0.293040007352829,-0.6349200010299683,0.0378509983420372
1449239097126,1,0.2002439945936203,-0.3308909833431244,-0.06349200010299683
1449239097145,2,-0.04639799892902374,-0.2002439945936203,-0.030524998903274536
1449239097164,2,-0.006105000153183937,0.1355309933423996,-0.05738699808716774
1449239097184,2,-0.04151399806141853,0.08058600127696991,0.015873000025749207
1449239097204,2,-0.004883999936282635,0.013430999591946602,0.012210000306367874
1449239097229,2,0.020756999030709267,0.006105000153183937,0.045176997780799866
1449239097244,2,-0.00976799987256527,0.02930399961769581,0.08546999841928482
1449239097265,2,0.003662999952211976,0.040293000638484955,0.05616600066423416
1449239097285,2,-0.02319899946451187,-0.003662999952211976,0.04395600035786629
1449239097305,2,-0.0024419999681413174,-0.012210000306367874,0.04151399806141853
1449239097325,2,0.045176997780799866,0.030524998903274536,0.05250300094485283
1449239097345,2,-0.01831500045955181,0.004883999936282635,0.0757019966840744
1449239097365,2,-0.045176997780799866,0.08913300186395645,-0.1245419979095459
1449239097386,2,-0.09523800015449524,0.010989000089466572,-0.12087900191545486
1449239097406,2,-0.040293000638484955,-0.04151399806141853,-0.09401699900627136
1449239097425,2,0.05616600066423416,-0.0757019966840744,-0.05372399836778641
1449239097446,2,0.054944999516010284,-0.06227099895477295,0.007325999904423952
1449239097466,2,0.02442000061273575,0.07692299783229828,-0.03418799862265587
1449239097486,2,-0.09401699900627136,-0.012210000306367874,-0.14896199107170105
1449239097506,2,0.00976799987256527,-0.05860799923539162,-0.097680002450943
1449239097526,2,0.05860799923539162,-0.10134299844503403,0.00976799987256527
1449239097545,2,0.0488400012254715,-0.040293000638484955,0.013430999591946602
1449239097571,2,0.008546999655663967,0.035408999770879745,-0.09035399556159973
1449239097587,2,0.025640999898314476,-0.03418799862265587,-0.18559199571609497
1449239097608,2,0.03418799862265587,-0.10988999903202057,-0.11965800076723099
1449239097627,2,0.012210000306367874,-0.11599499732255936,-0.07936500012874603
1449239097647,2,-0.05860799923539162,-0.04273499920964241,-0.08791200071573257
1449239097667,2,-0.12698400020599365,0.035408999770879745,-0.10744799673557281
1449239097687,2,-0.07081799954175949,-0.02808300033211708,-0.11721599847078323
1449239097708,2,-0.0012209999840706587,-0.11965800076723099,-0.05616600066423416
1449239097727,2,0.02930399961769581,-0.12332099676132202,0.06837599724531174
1449239097747,2,0.05372399836778641,-0.013430999591946602,0.18681299686431885
1449239097768,2,0.04151399806141853,0.04151399806141853,0.27228298783302307
1449239097787,2,-0.32722800970077515,1.2490830421447754,-0.36629998683929443
1449239097812,2,-1.0988999605178833,1.9865670204162598,-0.4395599961280823
1449239097827,2,-0.6068369746208191,0.47863200306892395,-0.39194098114967346
1449239097848,2,0.03907199949026108,-1.1355299949645996,-0.42002400755882263
1449239097868,2,0.4212450087070465,-1.761902928352356,-0.33943799138069153
1449239097889,2,0.5921850204467773,-1.1892539262771606,-0.18803399801254272
1449239097909,2,0.12698400020599365,0.23443199694156647,0.2051279991865158
1449239097928,2,-0.11721599847078323,0.432233989238739,0.25152599811553955
1449239097949,2,-0.05128199979662895,0.3504270017147064,0.26129400730133057
1449239097969,2,0.02442000061273575,0.015873000025749207,0.31746000051498413
1449239097989,2,0.18314999341964722,-0.15262499451637268,0.29426100850105286
1449239098009,2,0.18681299686431885,-0.12698400020599365,0.10012199729681015
1449239098029,2,0.04639799892902374,0.05738699808716774,0.02319899946451187
1449239098049,2,-0.017093999311327934,0.13797299563884735,0.007325999904423952
1449239098069,2,-0.1135529950261116,0.02442000061273575,0.026861999183893204
1449239098089,2,-0.03907199949026108,0.01831500045955181,-0.02319899946451187
1449239098109,2,0.0024419999681413174,0.014651999808847904,-0.05616600066423416
1449239098129,2,-0.006105000153183937,0.06349200010299683,-0.05616600066423416
1449239098150,2,0.03418799862265587,0.04273499920964241,-0.020756999030709267
1449239098169,2,0.015873000025749207,-0.01831500045955181,0.0
1449239098190,2,0.09645900130271912,0.07203900068998337,-0.01831500045955181
1449239098209,2,0.0866909995675087,0.09523800015449524,0.003662999952211976
1449239098229,2,0.03663000091910362,0.02930399961769581,0.05250300094485283
1449239098250,2,0.04273499920964241,0.008546999655663967,0.0757019966840744
1449239098270,2,-0.007325999904423952,-0.003662999952211976,0.08791200071573257
1449239098292,2,0.014651999808847904,0.054944999516010284,0.07692299783229828
1449239098311,2,0.0,0.015873000025749207,0.07081799954175949
1449239098330,2,0.06837599724531174,0.006105000153183937,0.04639799892902374
1449239098351,2,0.00976799987256527,-0.03907199949026108,0.06227099895477295
1449239098371,2,-0.015873000025749207,-0.012210000306367874,0.02930399961769581
1449239098392,2,0.012210000306367874,0.040293000638484955,-0.013430999591946602
1449239098411,2,-0.04761900007724762,0.004883999936282635,0.0024419999681413174
1449239098431,2,-0.01831500045955181,0.008546999655663967,0.004883999936282635
1449239098456,2,-0.00976799987256527,-0.0024419999681413174,0.01953599974513054
1449239098472,2,-0.008546999655663967,0.00976799987256527,0.007325999904423952
1449239098492,2,0.0012209999840706587,0.014651999808847904,-0.012210000306367874
1449239098511,2,-0.03907199949026108,-0.04761900007724762,-0.010989000089466572
1449239098532,2,0.02442000061273575,0.003662999952211976,-0.015873000025749207
1449239098552,2,-0.05128199979662895,-0.0866909995675087,0.02930399961769581
1449239098572,2,-0.021978000178933144,-0.05250300094485283,0.0024419999681413174
1449239098592,2,0.017093999311327934,0.013430999591946602,0.0
1449239098612,2,-0.012210000306367874,0.008546999655663967,0.03663000091910362
1449239098632,2,0.06104999780654907,0.025640999898314476,0.05616600066423416
1449239098652,2,0.06715499609708786,0.004883999936282635,-0.017093999311327934
1449239098673,2,0.06227099895477295,0.10134299844503403,-0.04395600035786629
1449239098692,2,0.00976799987256527,0.08424899727106094,-0.03296700119972229
1449239098717,2,-0.026861999183893204,0.01831500045955181,-0.008546999655663967
1449239098733,2,0.05860799923539162,0.0012209999840706587,0.014651999808847904
1449239098753,2,-0.059829000383615494,-0.15262499451637268,0.01953599974513054
1449239098773,2,0.08546999841928482,0.08180700242519379,-0.08058600127696991
1449239098793,2,-0.06593400239944458,0.02319899946451187,-0.0012209999840706587
1449239098818,2,-0.09523800015449524,0.006105000153183937,0.050060998648405075
1449239098834,2,0.1404149979352951,0.050060998648405075,0.014651999808847904
1449239098854,2,-0.00976799987256527,-0.1404149979352951,0.045176997780799866
1449239098875,2,0.13797299563884735,0.097680002450943,-0.05250300094485283
1449239098893,2,-0.06837599724531174,0.003662999952211976,0.006105000153183937
1449239098933,2,0.015873000025749207,0.06349200010299683,-0.017093999311327934
1449239098938,2,0.054944999516010284,-0.02319899946451187,-0.014651999808847904
1449239098954,2,-0.0866909995675087,-0.12209999561309814,-0.012210000306367874
1449239098975,2,-0.04273499920964241,0.02808300033211708,-0.01953599974513054
1449239098994,2,-0.09279599785804749,-0.030524998903274536,0.010989000089466572
1449239099015,2,0.045176997780799866,-0.0012209999840706587,-0.01831500045955181
1449239099035,2,0.01831500045955181,-0.07203900068998337,0.012210000306367874
1449239099055,2,0.02319899946451187,-0.04151399806141853,0.004883999936282635
1449239099076,2,0.08791200071573257,0.05250300094485283,-0.003662999952211976
1449239099094,2,0.09890099614858627,0.035408999770879745,0.01953599974513054
1449239099115,2,0.09645900130271912,-0.03174600005149841,0.045176997780799866
1449239099135,2,0.02930399961769581,-0.11965800076723099,0.05616600066423416
1449239099156,2,-0.00976799987256527,-0.14774100482463837,0.02930399961769581
1449239099178,1,-0.020756999030709267,-0.09523800015449524,0.0012209999840706587
1449239099196,1,-0.05128199979662895,-0.08913300186395645,0.04273499920964241
1449239099217,1,0.030524998903274536,-0.1684979945421219,0.05250300094485283
1449239099236,1,-0.04639799892902374,0.03296700119972229,0.0012209999840706587
1449239099256,1,-0.3076919913291931,0.36019498109817505,-0.06837599724531174
1449239099282,1,-0.5213670134544373,0.4969469904899597,-0.09279599785804749
1449239099295,1,-0.293040007352829,-0.00976799987256527,-0.03418799862265587
1449239099317,1,-0.17093999683856964,-0.1465200036764145,-0.03418799862265587
1449239099336,1,-0.10134299844503403,-0.09157499670982361,-0.10622699558734894
1449239099361,1,-0.07692299783229828,-0.01831500045955181,-0.211232990026474
1449239099376,1,-0.08791200071573257,0.11599499732255936,-0.25763100385665894
1449239099397,1,0.0866909995675087,0.045176997780799866,-0.1452990025281906
1449239099417,1,0.07326000183820724,-0.0378509983420372,-0.0488400012254715
1449239099437,1,0.03907199949026108,-0.035408999770879745,-0.05250300094485283
1449239099463,1,0.003662999952211976,0.014651999808847904,-0.08180700242519379
1449239099477,1,-0.008546999655663967,0.09523800015449524,-0.09890099614858627
1449239099497,1,0.050060998648405075,0.09523800015449524,-0.04395600035786629
1449239099517,1,0.09523800015449524,0.0647130012512207,0.010989000089466572
1449239099538,1,0.11965800076723099,0.10500600188970566,-0.06227099895477295
1449239099559,1,0.4273499846458435,0.18681299686431885,-0.2698409855365753
1449239099577,1,0.7325999736785889,0.4969469904899597,-0.44688600301742554
1449239099598,1,0.514041006565094,0.9133079648017883,-0.20879100263118744
1449239099618,1,1.3699619770050049,-1.3345530033111572,1.540902018547058
1449239099638,1,1.6141619682312012,-1.5372389554977417,1.42979097366333
1449239099659,1,1.2576299905776978,-1.153844952583313,0.5579969882965088
1449239099678,1,0.2551890015602112,-0.15873000025749207,-0.33821699023246765
1449239099698,1,-0.6336989998817444,0.8632469773292542,-0.5006099939346313
1449239099718,1,-1.336995005607605,1.4249069690704346,0.3247860074043274
1449239099738,1,-1.318679928779602,0.514041006565094,0.8021969795227051
1449239099759,1,-0.8192909955978394,-0.4371179938316345,0.46764299273490906
1449239099778,1,-0.25641000270843506,-0.6642239689826965,-0.12332099676132202
1449239099799,1,-0.06349200010299683,-0.5470079779624939,-0.40292999148368835
1449239099820,1,-0.1452990025281906,-0.33211198449134827,-0.33821699023246765
1449239099839,1,-0.1562879979610443,-0.020756999030709267,-0.12087900191545486
1449239099863,1,-0.02442000061273575,0.030524998903274536,-0.1404149979352951
1449239099878,1,0.09157499670982361,0.008546999655663967,-0.20268599689006805
1449239099899,1,0.1575089991092682,0.05738699808716774,-0.2222220003604889
1449239099919,1,0.19169700145721436,0.1465200036764145,-0.1892549991607666
1449239099939,1,0.07936500012874603,0.09401699900627136,0.04395600035786629
1449239099959,1,-0.012210000306367874,-0.021978000178933144,0.06349200010299683
1449239099979,1,-0.008546999655663967,-0.003662999952211976,-0.06104999780654907
1449239100000,1,-0.054944999516010284,0.017093999311327934,-0.13186800479888916
1449239100020,1,-0.07936500012874603,0.03418799862265587,-0.09279599785804749
1449239100043,1,-0.1245419979095459,-0.14896199107170105,0.05616600066423416
1449239100060,1,-0.14285700023174286,-0.14407800137996674,0.06959699839353561
1449239100084,1,-0.017093999311327934,-0.13797299563884735,-0.01831500045955181
1449239100101,1,0.07081799954175949,0.030524998903274536,-0.08302799612283707
1449239100120,1,0.13064700365066528,0.22466400265693665,-0.08913300186395645
1449239100142,1,0.17093999683856964,0.20268599689006805,-0.0488400012254715
1449239100160,1,0.12209999561309814,-0.10866899788379669,-0.0012209999840706587
1449239100181,1,0.06349200010299683,-0.13430999219417572,-0.04639799892902374
1449239100201,1,0.012210000306367874,0.05250300094485283,-0.054944999516010284
1449239100221,1,0.07081799954175949,0.1294260025024414,-0.05616600066423416
1449239100241,1,0.20268599689006805,0.0024419999681413174,0.02442000061273575
1449239100261,1,0.22832699120044708,-0.14896199107170105,0.025640999898314476
1449239100281,1,0.06715499609708786,-0.013430999591946602,-0.035408999770879745
1449239100302,1,-0.0647130012512207,0.10866899788379669,-0.02808300033211708
1449239100322,1,-0.08546999841928482,0.11599499732255936,0.015873000025749207
1449239100349,1,-0.0378509983420372,0.007325999904423952,0.05616600066423416
1449239100362,1,0.021978000178933144,-0.1025639995932579,0.0012209999840706587
1449239100386,1,-0.059829000383615494,0.059829000383615494,-0.07081799954175949
1449239100402,1,-0.16361400485038757,0.15018299221992493,-0.07081799954175949
1449239100422,1,-0.18314999341964722,0.11477399617433548,-0.013430999591946602
1449239100449,1,-0.13064700365066528,0.017093999311327934,0.008546999655663967
1449239100462,1,-0.07448099553585052,-0.11111100018024445,0.02808300033211708
1449239100482,1,0.1025639995932579,-0.08302799612283707,-0.017093999311327934
1449239100503,1,0.035408999770879745,0.01831500045955181,-0.01831500045955181
1449239100523,1,-0.07326000183820724,0.06959699839353561,-0.0378509983420372
1449239100543,1,0.05738699808716774,0.19169700145721436,-0.09157499670982361
1449239100567,1,0.05860799923539162,0.07814399898052216,-0.00976799987256527
1449239100583,1,0.004883999936282635,-0.1452990025281906,-0.03418799862265587
1449239100604,1,0.0012209999840706587,-0.1135529950261116,-0.050060998648405075
1449239100624,1,-0.10744799673557281,-0.05250300094485283,-0.007325999904423952
1449239100643,1,0.020756999030709267,0.1245419979095459,-0.03296700119972229
1449239100664,1,-0.003662999952211976,0.05372399836778641,0.01953599974513054
1449239100684,1,0.12332099676132202,0.02442000061273575,0.0024419999681413174
1449239100704,1,0.004883999936282635,-0.06349200010299683,0.04151399806141853
1449239100724,1,-0.11233200132846832,-0.0378509983420372,-0.0012209999840706587
1449239100744,1,-0.07692299783229828,0.06349200010299683,-0.06104999780654907
1449239100763,1,-0.14285700023174286,0.0,-0.02442000061273575
1449239100784,1,-0.0866909995675087,-0.03174600005149841,0.003662999952211976
1449239100804,1,0.1025639995932579,-0.0378509983420372,-0.0024419999681413174
1449239100824,1,0.10622699558734894,0.03296700119972229,-0.026861999183893204
1449239100845,1,0.008546999655663967,0.006105000153183937,-0.01953599974513054
1449239100864,1,-0.07936500012874603,-0.003662999952211976,-0.026861999183893204
1449239100885,1,-0.06593400239944458,0.0024419999681413174,-0.017093999311327934
1449239100905,1,0.04395600035786629,-0.059829000383615494,0.045176997780799866
1449239100927,1,0.10012199729681015,-0.0378509983420372,0.012210000306367874
1449239100944,1,0.06104999780654907,-0.0012209999840706587,-0.014651999808847904
1449239100965,1,-0.004883999936282635,0.040293000638484955,-0.03418799862265587
1449239100985,1,-0.0757019966840744,0.02442000061273575,-0.02808300033211708
1449239101006,1,-0.06959699839353561,-0.02319899946451187,-0.025640999898314476
1449239101026,1,-0.09157499670982361,-0.11599499732255936,-0.01953599974513054
1449239101045,1,-0.02930399961769581,-0.06593400239944458,-0.045176997780799866
1449239101070,1,0.012210000306367874,0.026861999183893204,-0.04639799892902374
1449239101086,1,-0.008546999655663967,0.08180700242519379,-0.014651999808847904
1449239101106,1,0.004883999936282635,0.10378500074148178,-0.02442000061273575
1449239101127,1,-0.09279599785804749,-0.015873000025749207,-0.08424899727106094
1449239101146,1,-0.0647130012512207,-0.03174600005149841,-0.09523800015449524
1449239101167,1,-0.05616600066423416,-0.010989000089466572,-0.06715499609708786
1449239101187,1,-0.05738699808716774,-0.02442000061273575,-0.035408999770879745
1449239101207,2,0.0378509983420372,0.004883999936282635,-0.03174600005149841
1449239101228,2,0.11843699961900711,-0.02930399961769581,-0.004883999936282635
1449239101248,2,0.1294260025024414,0.026861999183893204,-0.035408999770879745
1449239101267,2,-0.0024419999681413174,-0.0024419999681413174,-0.035408999770879745
1449239101287,2,-0.12332099676132202,-0.04395600035786629,-0.015873000025749207
1449239101307,2,-0.10622699558734894,-0.07326000183820724,-0.003662999952211976
1449239101326,2,-0.004883999936282635,-0.09401699900627136,-0.0012209999840706587
1449239101348,2,0.0488400012254715,-0.04761900007724762,-0.012210000306367874
1449239101367,2,0.04273499920964241,0.02442000061273575,-0.03296700119972229
1449239101387,2,-0.012210000306367874,0.08058600127696991,-0.035408999770879745
1449239101409,2,-0.0866909995675087,0.015873000025749207,-0.00976799987256527
1449239101427,2,-0.12332099676132202,-0.09401699900627136,0.010989000089466572
1449239101447,2,-0.05860799923539162,-0.17093999683856964,-0.045176997780799866
1449239101468,2,0.021978000178933144,-0.07326000183820724,-0.07081799954175949
1449239101488,2,0.021978000178933144,0.030524998903274536,-0.06715499609708786
1449239101508,2,-0.03418799862265587,0.04395600035786629,-0.09401699900627136
1449239101528,2,-0.02319899946451187,0.026861999183893204,-0.13675199449062347
1449239101548,2,-0.01831500045955181,-0.08546999841928482,-0.11843699961900711
1449239101569,2,-0.04639799892902374,-0.15384599566459656,-0.15018299221992493
1449239101589,2,-0.07814399898052216,-0.14407800137996674,-0.1892549991607666
1449239101610,2,-0.12087900191545486,-0.08913300186395645,-0.17948700487613678
1449239101629,2,-0.17093999683856964,-0.06715499609708786,-0.1514039933681488
1449239101649,2,-0.12209999561309814,-0.13797299563884735,-0.13919399678707123
1449239101670,2,-0.059829000383615494,-0.17460300028324127,-0.09890099614858627
1449239101690,2,-0.026861999183893204,-0.17216099798679352,-0.05616600066423416
1449239101709,2,-0.021978000178933144,-0.12087900191545486,-0.054944999516010284
1449239101729,2,-0.04395600035786629,-0.05128199979662895,-0.06349200010299683
1449239101750,2,-0.003662999952211976,0.01953599974513054,-0.08424899727106094
1449239101770,2,0.006105000153183937,-0.06104999780654907,-0.04761900007724762
1449239101793,2,-0.015873000025749207,-0.11599499732255936,-0.0378509983420372
1449239101809,2,-0.02930399961769581,-0.0866909995675087,-0.0378509983420372
1449239101830,2,-0.07203900068998337,-0.08546999841928482,-0.004883999936282635
1449239101850,2,-0.00976799987256527,-0.08546999841928482,0.03663000091910362
1449239101871,2,0.12698400020599365,-0.11843699961900711,0.08180700242519379
1449239101893,2,0.04639799892902374,0.19902299344539642,0.13308899104595184
1449239101910,2,-0.16117200255393982,1.409034013748169,-0.5824170112609863
1449239101930,2,-0.39194098114967346,1.192916989326477,0.0647130012512207
1449239101951,2,-0.07448099553585052,0.6959699988365173,0.12332099676132202
1449239101971,2,0.6214889883995056,-0.9584850072860718,0.015873000025749207
1449239101994,2,0.4822950065135956,-0.7582409977912903,0.1025639995932579
1449239102010,2,0.20757000148296356,-0.26861998438835144,0.13186800479888916
1449239102031,2,-0.08058600127696991,0.19291800260543823,0.13186800479888916
1449239102052,2,-0.2588520050048828,0.32600700855255127,0.11965800076723099
1449239102072,2,-0.20757000148296356,0.1562879979610443,0.07936500012874603
1449239102092,2,-0.03663000091910362,-0.2649570107460022,0.004883999936282635
1449239102111,2,0.014651999808847904,-0.14163599908351898,-0.05128199979662895
1449239102132,2,-0.017093999311327934,0.02930399961769581,-0.07936500012874603
1449239102152,2,-0.008546999655663967,0.13797299563884735,-0.08913300186395645
1449239102172,2,-0.004883999936282635,0.08791200071573257,-0.09645900130271912
1449239102197,2,0.09035399556159973,0.021978000178933144,-0.08302799612283707
1449239102212,2,0.08791200071573257,0.040293000638484955,-0.03296700119972229
1449239102232,2,-0.040293000638484955,-0.050060998648405075,-0.007325999904423952
1449239102253,2,-0.012210000306367874,0.015873000025749207,-0.054944999516010284
1449239102273,2,0.03174600005149841,0.08302799612283707,-0.02930399961769581
1449239102293,2,-0.10866899788379669,-0.11477399617433548,0.06104999780654907
1449239102312,2,0.03174600005149841,-0.05860799923539162,0.030524998903274536
1449239102333,2,-0.050060998648405075,-0.1135529950261116,0.05860799923539162
1449239102353,2,0.03663000091910362,0.0378509983420372,0.012210000306367874
1449239102373,2,0.08180700242519379,0.09035399556159973,-0.008546999655663967
1449239102397,2,-0.04761900007724762,0.02442000061273575,0.004883999936282635
1449239102412,2,0.06104999780654907,0.0757019966840744,-0.02808300033211708
1449239102433,2,-0.017093999311327934,0.0012209999840706587,0.0
1449239102454,2,0.00976799987256527,0.0024419999681413174,0.0
1449239102474,2,-0.014651999808847904,-0.004883999936282635,0.01953599974513054
1449239102497,2,-0.014651999808847904,-0.007325999904423952,0.04761900007724762
1449239102513,2,0.04761900007724762,0.04273499920964241,0.0866909995675087
1449239102534,2,0.00976799987256527,0.08913300186395645,0.040293000638484955
1449239102554,2,-0.02319899946451187,0.0866909995675087,-0.014651999808847904
1449239102574,2,0.0012209999840706587,0.07326000183820724,-0.026861999183893204
1449239102596,2,0.035408999770879745,0.025640999898314476,0.0024419999681413174
1449239102615,2,0.04273499920964241,-0.012210000306367874,0.02808300033211708
1449239102635,2,0.003662999952211976,-0.0012209999840706587,0.004883999936282635
1449239102655,2,-0.021978000178933144,0.04761900007724762,-0.02930399961769581
1449239102677,2,-0.02319899946451187,0.0488400012254715,-0.04273499920964241
1449239102695,2,-0.02319899946451187,0.021978000178933144,-0.020756999030709267
1449239102715,2,0.02319899946451187,-0.007325999904423952,-0.07448099553585052
1449239102735,2,0.11721599847078323,0.03663000091910362,-0.0866909995675087
1449239102755,2,0.06715499609708786,0.05128199979662895,-0.0866909995675087
1449239102775,2,0.007325999904423952,0.0757019966840744,-0.07814399898052216
1449239102799,2,-0.003662999952211976,0.07326000183820724,-0.04273499920964241
1449239102816,2,0.013430999591946602,0.010989000089466572,0.02930399961769581
1449239102836,2,0.04151399806141853,-0.06349200010299683,0.03663000091910362
1449239102856,2,-0.035408999770879745,-0.0012209999840706587,0.0012209999840706587
1449239102877,2,-0.08913300186395645,0.040293000638484955,-0.00976799987256527
1449239102896,2,-0.11233200132846832,-0.01953599974513054,0.010989000089466572
1449239102917,2,-0.05860799923539162,-0.04273499920964241,0.02319899946451187
1449239102944,2,0.07203900068998337,-0.007325999904423952,0.01831500045955181
1449239102959,2,0.03418799862265587,0.007325999904423952,-0.02442000061273575
1449239102978,2,-0.006105000153183937,0.026861999183893204,-0.07326000183820724
1449239102997,2,-0.01831500045955181,0.04761900007724762,-0.07692299783229828
1449239103017,2,0.03174600005149841,0.03663000091910362,-0.04639799892902374
1449239103036,2,0.06349200010299683,-0.010989000089466572,0.013430999591946602
1449239103057,2,0.06349200010299683,-0.021978000178933144,-0.01831500045955181
1449239103078,2,-0.003662999952211976,-0.004883999936282635,-0.05616600066423416
1449239103096,2,-0.008546999655663967,0.04761900007724762,-0.07081799954175949
1449239103121,2,-0.021978000178933144,0.004883999936282635,-0.02808300033211708
1449239103138,2,0.017093999311327934,-0.03418799862265587,0.012210000306367874
1449239103160,2,0.010989000089466572,-0.0378509983420372,0.008546999655663967
1449239103177,2,-0.025640999898314476,-0.0024419999681413174,-0.04151399806141853
1449239103197,2,-0.04395600035786629,0.04273499920964241,-0.02930399961769581
1449239103218,2,-0.01831500045955181,0.013430999591946602,0.014651999808847904
1449239103237,1,0.05860799923539162,-0.006105000153183937,0.05372399836778641
1449239103259,1,-0.01953599974513054,-0.08058600127696991,0.05372399836778641
1449239103278,1,-0.08180700242519379,-0.06349200010299683,-0.020756999030709267
1449239103298,1,-0.08913300186395645,0.0012209999840706587,-0.05860799923539162
1449239103318,1,-0.050060998648405075,0.026861999183893204,-0.0378509983420372
1449239103338,1,0.04273499920964241,0.02930399961769581,-0.00976799987256527
1449239103360,1,0.07203900068998337,-0.007325999904423952,-0.007325999904423952
1449239103378,1,0.014651999808847904,0.021978000178933144,-0.03174600005149841
1449239103399,1,-0.008546999655663967,0.09645900130271912,-0.12576299905776978
1449239103419,1,-0.013430999591946602,0.1684979945421219,-0.2527469992637634
1449239103439,1,-0.045176997780799866,0.37118399143218994,-0.21367499232292175
1449239103460,1,-0.17704500257968903,0.5335769653320313,-0.03296700119972229
1449239103479,1,-0.19902299344539642,0.11721599847078323,0.10378500074148178
1449239103499,1,-0.09401699900627136,-0.11599499732255936,-0.05860799923539162
1449239103519,1,-0.08058600127696991,-0.004883999936282635,-0.20146499574184418
1449239103540,1,-0.19658099114894867,0.18681299686431885,-0.17093999683856964
1449239103564,1,-0.27228298783302307,0.18070799112319946,-0.08180700242519379
1449239103579,1,-0.18314999341964722,0.06593400239944458,-0.10988999903202057
1449239103599,1,-0.014651999808847904,-0.09279599785804749,-0.0866909995675087
1449239103619,1,0.04273499920964241,-0.11843699961900711,-0.008546999655663967
1449239103640,1,0.09890099614858627,-0.035408999770879745,0.03174600005149841
1449239103660,1,0.10500600188970566,0.020756999030709267,-0.007325999904423952
1449239103680,1,0.040293000638484955,0.0647130012512207,-0.03418799862265587
1449239103701,1,0.025640999898314476,-0.004883999936282635,-0.040293000638484955
1449239103721,1,0.013430999591946602,0.012210000306367874,0.003662999952211976
1449239103741,1,0.06349200010299683,-0.014651999808847904,0.05128199979662895
1449239103761,1,0.06593400239944458,-0.02808300033211708,0.07692299783229828
1449239103781,1,0.18314999341964722,-0.02930399961769581,0.014651999808847904
1449239103801,1,0.5934060215950012,0.47252699732780457,-0.2918190062046051
1449239103821,1,0.6483510136604309,-0.3199020028114319,0.4798530042171478
1449239103843,1,1.420022964477539,-1.2393150329589844,1.1367509365081787
1449239103863,1,1.6910849809646606,-1.6678860187530518,1.5799739360809326
1449239103881,1,1.471305012702942,-1.0598280429840088,1.1037839651107788
1449239103902,1,-0.7655670046806335,1.264955997467041,-0.5274720191955566
1449239103922,1,-1.2722820043563843,2.086688995361328,-0.46275898814201355
1449239103944,1,-1.3540890216827393,1.7411459684371948,0.04761900007724762
1449239103963,1,-0.9426119923591614,0.6532350182533264,0.45177000761032104
1449239103981,1,-0.1025639995932579,-0.36629998683929443,0.2869350016117096
1449239104002,1,0.05616600066423416,-1.0268609523773193,-0.32234400510787964
1449239104022,1,-0.14774100482463837,-0.4603169858455658,-0.36019498109817505
1449239104043,1,-0.390720009803772,-0.1843709945678711,-0.2600730061531067
1449239104061,1,-0.3357749879360199,0.12087900191545486,-0.20146499574184418
1449239104083,1,-0.10988999903202057,-0.01831500045955181,-0.17704500257968903
1449239104103,1,0.003662999952211976,-0.17704500257968903,-0.1782660037279129
1449239104123,1,0.14285700023174286,-0.07203900068998337,-0.1465200036764145
1449239104142,1,0.06715499609708786,-0.014651999808847904,-0.04395600035786629
1449239104164,1,0.07081799954175949,0.08058600127696991,-0.021978000178933144
1449239104187,1,0.030524998903274536,-0.03296700119972229,0.01953599974513054
1449239104203,1,-0.0647130012512207,-0.06959699839353561,0.03296700119972229
1449239104224,1,-0.07203900068998337,-0.07326000183820724,0.030524998903274536
1449239104243,1,-0.06349200010299683,-0.10744799673557281,0.05616600066423416
1449239104264,1,-0.03174600005149841,-0.12332099676132202,0.03907199949026108
1449239104284,1,0.008546999655663967,-0.02442000061273575,-0.04395600035786629
1449239104304,1,-0.02808300033211708,0.0,-0.06349200010299683
1449239104326,1,0.0024419999681413174,0.04151399806141853,-0.059829000383615494
1449239104343,1,0.03418799862265587,-0.0378509983420372,-0.06349200010299683
1449239104363,1,0.021978000178933144,-0.04151399806141853,-0.07448099553585052
1449239104384,1,0.03296700119972229,-0.06227099895477295,-0.08424899727106094
1449239104410,1,-0.026861999183893204,-0.06959699839353561,-0.09401699900627136
1449239104424,1,-0.06837599724531174,0.030524998903274536,-0.03296700119972229
1449239104445,1,0.04151399806141853,-0.010989000089466572,0.010989000089466572
1449239104464,1,0.09279599785804749,0.035408999770879745,-0.01831500045955181
1449239104485,1,0.035408999770879745,0.05738699808716774,-0.02930399961769581
1449239104505,1,-0.08302799612283707,0.06227099895477295,-0.015873000025749207
1449239104526,1,-0.14896199107170105,0.04761900007724762,0.01831500045955181
1449239104545,1,-0.18070799112319946,-0.05128199979662895,0.02930399961769581
1449239104565,1,-0.1782660037279129,-0.054944999516010284,-0.004883999936282635
1449239104586,1,-0.1355309933423996,-0.0378509983420372,-0.045176997780799866
1449239104605,1,-0.004883999936282635,-0.010989000089466572,-0.045176997780799866
1449239104626,1,0.08546999841928482,-0.004883999936282635,-0.003662999952211976
1449239104645,1,0.10012199729681015,0.06593400239944458,-0.06104999780654907
1449239104666,1,0.03663000091910362,0.059829000383615494,-0.06227099895477295
1449239104686,1,-0.035408999770879745,0.00976799987256527,-0.030524998903274536
1449239104706,1,-0.06837599724531174,-0.06104999780654907,-0.006105000153183937
1449239104726,1,-0.06593400239944458,-0.05372399836778641,-0.02442000061273575
1449239104747,1,-0.08546999841928482,-0.021978000178933144,-0.035408999770879745
1449239104770,1,-0.10012199729681015,0.04761900007724762,-0.003662999952211976
1449239104786,1,-0.008546999655663967,0.015873000025749207,0.017093999311327934
1449239104807,1,0.01831500045955181,-0.02442000061273575,0.03418799862265587
1449239104826,1,0.02442000061273575,0.0,0.017093999311327934
1449239104846,1,0.008546999655663967,0.04273499920964241,-0.006105000153183937
1449239104871,1,0.012210000306367874,0.017093999311327934,0.04273499920964241
1449239104887,1,0.013430999591946602,-0.059829000383615494,0.0378509983420372
1449239104907,1,-0.03418799862265587,-0.040293000638484955,-0.014651999808847904
1449239104928,1,-0.007325999904423952,0.030524998903274536,-0.0757019966840744
1449239104947,1,0.013430999591946602,-0.030524998903274536,-0.08302799612283707
1449239104972,1,0.050060998648405075,0.05616600066423416,-0.02930399961769581
1449239104988,1,0.02930399961769581,-0.021978000178933144,-0.05128199979662895
1449239105007,1,-0.03907199949026108,0.030524998903274536,-0.04151399806141853
1449239105027,1,0.035408999770879745,0.02808300033211708,-0.06593400239944458
1449239105048,1,0.02930399961769581,-0.04273499920964241,-0.07448099553585052
1449239105068,1,0.02808300033211708,0.03296700119972229,-0.07203900068998337
1449239105089,1,0.021978000178933144,-0.045176997780799866,-0.06715499609708786
1449239105108,1,-0.05372399836778641,0.02442000061273575,-0.02319899946451187
1449239105128,1,-0.017093999311327934,-0.03296700119972229,-0.017093999311327934
1449239105149,1,-0.054944999516010284,-0.05860799923539162,0.0024419999681413174
1449239105168,1,-0.025640999898314476,0.03907199949026108,0.003662999952211976
1449239105189,1,-0.02808300033211708,0.003662999952211976,-0.021978000178933144
1449239105210,1,0.02808300033211708,0.0757019966840744,-0.04151399806141853
1449239105229,1,0.05860799923539162,-0.0024419999681413174,-0.04395600035786629
1449239105249,2,-0.003662999952211976,-0.04273499920964241,-0.04639799892902374
1449239105277,2,-0.03174600005149841,-0.015873000025749207,-0.09157499670982361
1449239105291,2,-0.05860799923539162,-0.013430999591946602,-0.10988999903202057
1449239105311,2,-0.0378509983420372,0.007325999904423952,-0.06715499609708786
1449239105329,2,-0.02930399961769581,-0.07448099553585052,-0.06227099895477295
1449239105349,2,-0.09890099614858627,-0.08546999841928482,-0.097680002450943
1449239105370,2,-0.11233200132846832,-0.07936500012874603,-0.17093999683856964
1449239105393,2,-0.10744799673557281,-0.10988999903202057,-0.23443199694156647
1449239105409,2,-0.013430999591946602,-0.07203900068998337,-0.19780199229717255
1449239105429,2,0.02319899946451187,-0.10744799673557281,-0.10012199729681015
1449239105450,2,0.008546999655663967,-0.050060998648405075,-0.02319899946451187
1449239105469,2,0.06959699839353561,0.004883999936282635,-0.026861999183893204
1449239105490,2,-0.04151399806141853,-0.14285700023174286,-0.07936500012874603
1449239105514,2,0.08180700242519379,0.09890099614858627,-0.12209999561309814
1449239105530,2,0.040293000638484955,-0.11111100018024445,-0.045176997780799866
1449239105551,2,-0.13675199449062347,-0.0488400012254715,0.025640999898314476
1449239105570,2,0.015873000025749207,0.010989000089466572,0.003662999952211976
1449239105590,2,-0.007325999904423952,-0.15262499451637268,-0.05250300094485283
1449239105610,2,0.07814399898052216,0.0757019966840744,-0.08180700242519379
1449239105630,2,-0.007325999904423952,-0.08302799612283707,-0.07692299783229828
1449239105651,2,-0.1025639995932579,0.11599499732255936,-0.06349200010299683
1449239105671,2,-0.012210000306367874,-0.007325999904423952,-0.050060998648405075
1449239105691,2,-0.08180700242519379,-0.17704500257968903,-0.0378509983420372
1449239105717,2,-0.05128199979662895,-0.01953599974513054,-0.03418799862265587
1449239105731,2,-0.03663000091910362,-0.07448099553585052,-0.030524998903274536
1449239105752,2,-0.03907199949026108,0.025640999898314476,0.004883999936282635
1449239105772,2,0.03663000091910362,-0.05250300094485283,0.01953599974513054
1449239105792,2,-0.010989000089466572,-0.08058600127696991,0.02930399961769581
1449239105812,2,-0.02319899946451187,-0.03296700119972229,0.03907199949026108
1449239105837,2,-0.00976799987256527,-0.00976799987256527,0.04639799892902374
1449239105852,2,-0.020756999030709267,0.021978000178933144,0.09401699900627136
1449239105873,2,0.013430999591946602,-0.010989000089466572,0.12332099676132202
1449239105899,2,0.00976799987256527,-0.03418799862265587,0.12332099676132202
1449239105912,2,0.1465200036764145,-1.0781430006027222,0.6214889883995056
1449239105933,2,-0.2490839958190918,0.6556770205497742,-0.30647099018096924
1449239105953,2,-0.3626369833946228,0.38217300176620483,-0.11721599847078323
1449239105976,2,-0.3369959890842438,-0.3528690040111542,0.06104999780654907
1449239105994,2,-0.09890099614858627,-0.7802190184593201,-0.12087900191545486
1449239106013,2,0.14774100482463837,-0.647130012512207,-0.25152599811553955
1449239106038,2,0.27228298783302307,-0.11721599847078323,-0.11599499732255936
1449239106053,2,0.34310099482536316,0.45665398240089417,0.16971899569034576
1449239106074,2,0.21855899691581726,0.4590959846973419,0.19780199229717255
1449239106093,2,0.11965800076723099,0.3137969970703125,0.1465200036764145
1449239106114,2,0.06349200010299683,0.1782660037279129,0.07936500012874603
1449239106134,2,0.04395600035786629,0.0866909995675087,0.00976799987256527
1449239106154,2,-0.03663000091910362,0.020756999030709267,-0.09401699900627136
1449239106174,2,-0.02442000061273575,0.01831500045955181,-0.10012199729681015
1449239106194,2,-0.02930399961769581,0.014651999808847904,-0.06349200010299683
1449239106218,2,0.054944999516010284,0.040293000638484955,-0.03418799862265587
1449239106234,2,0.04151399806141853,-0.07203900068998337,-0.020756999030709267
1449239106255,2,0.06715499609708786,0.045176997780799866,-0.10134299844503403
1449239106275,2,0.03663000091910362,-0.026861999183893204,-0.09645900130271912
1449239106294,2,0.03907199949026108,0.05738699808716774,-0.06593400239944458
1449239106315,2,0.12332099676132202,-0.020756999030709267,-0.04395600035786629
1449239106335,2,0.013430999591946602,-0.11721599847078323,-0.004883999936282635
1449239106355,2,-0.04639799892902374,-0.020756999030709267,0.0024419999681413174
1449239106375,2,-0.10622699558734894,0.004883999936282635,-0.04395600035786629
1449239106396,2,-0.05616600066423416,0.10500600188970566,-0.017093999311327934
1449239106415,2,0.030524998903274536,-0.017093999311327934,0.021978000178933144
1449239106435,2,-0.02930399961769581,-0.050060998648405075,0.040293000638484955
1449239106456,2,-0.010989000089466572,-0.004883999936282635,0.030524998903274536
1449239106477,2,-0.02319899946451187,0.03296700119972229,-0.008546999655663967
1449239106495,2,0.01953599974513054,0.1025639995932579,0.0024419999681413174
1449239106515,2,0.09401699900627136,0.05128199979662895,0.020756999030709267
1449239106536,2,0.06837599724531174,0.003662999952211976,0.045176997780799866
1449239106556,2,-0.006105000153183937,0.007325999904423952,0.06837599724531174
1449239106581,2,-0.059829000383615494,-0.026861999183893204,-0.10378500074148178
1449239106596,2,-0.07081799954175949,-0.008546999655663967,-0.097680002450943
1449239106616,2,-0.06349200010299683,-0.1025639995932579,-0.05250300094485283
1449239106637,2,-0.05860799923539162,-0.07081799954175949,-0.015873000025749207
1449239106657,2,0.01831500045955181,-0.0012209999840706587,0.0024419999681413174
1449239106677,2,0.05738699808716774,-0.007325999904423952,0.0012209999840706587
1449239106696,2,0.09279599785804749,0.09645900130271912,-0.050060998648405075
1449239106717,2,0.06227099895477295,0.09279599785804749,-0.04395600035786629
1449239106738,2,0.017093999311327934,0.05860799923539162,0.02442000061273575
1449239106757,2,0.02930399961769581,-0.05616600066423416,0.06837599724531174
1449239106777,2,-0.013430999591946602,-0.12332099676132202,0.04395600035786629
1449239106797,2,-0.05738699808716774,0.0012209999840706587,-0.05250300094485283
1449239106818,2,-0.08424899727106094,0.0012209999840706587,-0.050060998648405075
1449239106838,2,0.006105000153183937,0.03663000091910362,-0.02930399961769581
1449239106860,2,0.07081799954175949,-0.02319899946451187,-0.0024419999681413174
1449239106877,2,0.015873000025749207,-0.06715499609708786,0.03296700119972229
1449239106897,2,0.007325999904423952,0.035408999770879745,-0.02808300033211708
1449239106918,2,0.01831500045955181,0.05372399836778641,-0.003662999952211976
1449239106939,2,0.03907199949026108,0.012210000306367874,0.03907199949026108
1449239106959,2,0.025640999898314476,-0.04395600035786629,0.03907199949026108
1449239106978,2,-0.05250300094485283,-0.05250300094485283,0.010989000089466572
1449239106999,2,-0.025640999898314476,-0.03418799862265587,0.02808300033211708
1449239107019,2,-0.01953599974513054,-0.045176997780799866,0.020756999030709267
1449239107039,2,0.07081799954175949,0.07326000183820724,-0.04273499920964241
1449239107061,2,0.09157499670982361,-0.015873000025749207,-0.050060998648405075
1449239107079,2,-0.08058600127696991,-0.0012209999840706587,0.026861999183893204
1449239107099,2,0.003662999952211976,0.06593400239944458,0.035408999770879745
1449239107119,2,-0.040293000638484955,-0.0024419999681413174,0.007325999904423952
1449239107139,2,0.006105000153183937,0.021978000178933144,0.008546999655663967
1449239107161,2,-0.09401699900627136,-0.09523800015449524,0.02319899946451187
1449239107179,2,-0.1562879979610443,0.040293000638484955,0.025640999898314476
1449239107200,2,0.014651999808847904,-0.008546999655663967,0.010989000089466572
1449239107219,2,0.08180700242519379,0.09157499670982361,-0.014651999808847904
1449239107240,2,0.10622699558734894,0.021978000178933144,-0.02319899946451187
