1451266851659,1,-0.11111100018024445,0.1465200036764145,-0.03418799862265587
1451266851679,1,-0.10622699558734894,0.07448099553585052,-0.030524998903274536
1451266851699,1,-0.10744799673557281,-0.014651999808847904,-0.02808300033211708
1451266851719,1,-0.11965800076723099,-0.11721599847078323,-0.040293000638484955
1451266851743,1,-0.15506699681282043,-0.28815600275993347,-0.08546999841928482
1451266851760,1,-0.18070799112319946,-0.40292999148368835,-0.11111100018024445
1451266851780,1,-0.22588500380516052,-0.39682498574256897,-0.0866909995675087
1451266851802,1,-0.2967030107975006,-0.26861998438835144,-0.08424899727106094
1451266851819,1,-0.15995100140571594,-0.3076919913291931,-0.08424899727106094
1451266851840,1,0.01953599974513054,-0.3687419891357422,-0.04151399806141853
1451266851860,1,0.12820500135421753,-0.33943799138069153,-0.004883999936282635
1451266851880,1,0.15873000025749207,-0.26129400730133057,0.0012209999840706587
1451266851902,1,0.26739898324012756,-0.17948700487613678,-0.08302799612283707
1451266851920,1,0.38583600521087646,-0.17460300028324127,-0.11111100018024445
1451266851940,1,0.39682498574256897,-0.01953599974513054,-0.11599499732255936
1451266851961,1,0.2490839958190918,0.2002439945936203,-0.07814399898052216
1451266851981,1,0.11721599847078323,0.2918190062046051,-0.01953599974513054
1451266852002,1,0.2319899946451187,0.13430999219417572,-0.020756999030709267
1451266852024,1,0.2551890015602112,0.10744799673557281,-0.04639799892902374
1451266852041,1,0.14774100482463837,0.09157499670982361,-0.06104999780654907
1451266852060,1,0.015873000025749207,0.05372399836778641,-0.0488400012254715
1451266852081,1,-0.007325999904423952,0.006105000153183937,-0.05128199979662895
1451266852101,1,-0.02808300033211708,-0.004883999936282635,-0.0866909995675087
1451266852120,1,-0.19780199229717255,0.04761900007724762,-0.08180700242519379
1451266852141,1,-0.19902299344539642,0.05372399836778641,-0.08058600127696991
1451266852162,1,-0.11233200132846832,0.04151399806141853,-0.08180700242519379
1451266852182,1,-0.020756999030709267,0.004883999936282635,-0.08180700242519379
1451266852202,1,0.02319899946451187,0.003662999952211976,-0.08302799612283707
1451266852221,1,0.015873000025749207,0.05128199979662895,-0.0757019966840744
1451266852241,1,0.03418799862265587,0.025640999898314476,-0.07081799954175949
1451266852262,1,0.050060998648405075,0.040293000638484955,-0.06349200010299683
1451266852281,1,0.11721599847078323,0.11965800076723099,-0.07814399898052216
1451266852305,1,0.2857140004634857,0.18192899227142334,-0.09645900130271912
1451266852321,1,0.5335769653320313,0.30158698558807373,-0.07814399898052216
1451266852342,1,0.08302799612283707,0.24542099237442017,0.025640999898314476
1451266852361,1,-0.13919399678707123,-0.4175820052623749,0.782660961151123
1451266852383,1,0.5750910043716431,-1.1428560018539429,0.9804629683494568
1451266852402,1,0.7399259805679321,-1.0061039924621582,0.7692300081253052
1451266852422,1,0.43101298809051514,-0.5225880146026611,0.29426100850105286
1451266852449,1,-0.5543339848518372,0.3943829834461212,-0.45177000761032104
1451266852462,1,-0.8583629727363586,0.40292999148368835,-0.22588500380516052
1451266852486,1,-0.8217329978942871,0.026861999183893204,0.21245399117469788
1451266852502,1,-0.4017089903354645,-0.3467639982700348,0.4114769995212555
1451266852524,1,0.15873000025749207,-0.4810740053653717,0.32844898104667664
1451266852544,1,0.3638579845428467,-0.08058600127696991,0.03907199949026108
1451266852564,1,0.03663000091910362,0.15384599566459656,-0.07326000183820724
1451266852584,1,-0.23076899349689484,0.24542099237442017,-0.1733819991350174
1451266852605,1,-0.308912992477417,0.18559199571609497,-0.2161169946193695
1451266852628,1,-0.23076899349689484,0.03296700119972229,-0.20390699803829193
1451266852644,1,0.12209999561309814,-0.17216099798679352,-0.07081799954175949
1451266852664,1,0.1733819991350174,-0.10622699558734894,-0.0488400012254715
1451266852684,1,0.07203900068998337,0.0024419999681413174,-0.045176997780799866
1451266852705,1,-0.07936500012874603,0.05128199979662895,-0.0378509983420372
1451266852725,1,-0.17582400143146515,0.010989000089466572,-0.017093999311327934
1451266852745,1,-0.2051279991865158,-0.12332099676132202,0.007325999904423952
1451266852765,1,-0.13675199449062347,-0.21367499232292175,-0.007325999904423952
1451266852784,1,-0.15018299221992493,-0.07203900068998337,-0.07203900068998337
1451266852808,1,-0.18192899227142334,0.008546999655663967,-0.0866909995675087
1451266852829,1,-0.18314999341964722,-0.025640999898314476,-0.03296700119972229
1451266852846,1,-0.13186800479888916,-0.14896199107170105,0.035408999770879745
1451266852866,1,-0.03174600005149841,-0.3247860074043274,-0.04151399806141853
1451266852884,1,-0.008546999655663967,-0.2441999912261963,-0.1245419979095459
1451266852904,1,0.007325999904423952,-0.10988999903202057,-0.1733819991350174
1451266852929,1,-0.0024419999681413174,-0.02319899946451187,-0.1562879979610443
1451266852946,1,-0.04151399806141853,-0.04395600035786629,-0.097680002450943
1451266852966,1,-0.12698400020599365,-0.24542099237442017,-0.050060998648405075
1451266852985,1,-0.13308899104595184,-0.1465200036764145,-0.00976799987256527
1451266853006,1,-0.08546999841928482,-0.003662999952211976,0.18559199571609497
1451266853026,1,0.0757019966840744,0.09523800015449524,0.20879100263118744
1451266853047,1,0.16605599224567413,0.09401699900627136,0.13919399678707123
1451266853067,1,0.09523800015449524,0.06104999780654907,0.08546999841928482
1451266853086,1,-0.12087900191545486,-0.09157499670982361,-0.09890099614858627
1451266853106,1,-0.14285700023174286,-0.15018299221992493,-0.12698400020599365
1451266853128,1,-0.13797299563884735,-0.13430999219417572,-0.06227099895477295
1451266853148,1,-0.08180700242519379,-0.1025639995932579,0.030524998903274536
1451266853169,1,0.03663000091910362,-0.11599499732255936,0.07448099553585052
1451266853186,1,0.07081799954175949,0.17582400143146515,-0.006105000153183937
1451266853208,1,-0.0488400012254715,0.4371179938316345,-0.07326000183820724
1451266853228,1,-0.09035399556159973,0.5030519962310791,-0.07203900068998337
1451266853248,1,-0.06227099895477295,0.46275898814201355,-0.03907199949026108
1451266853267,1,0.02319899946451187,0.3833940029144287,0.012210000306367874
1451266853286,1,0.23076899349689484,0.35897400975227356,0.03418799862265587
1451266853307,1,0.293040007352829,0.36996299028396606,0.01953599974513054
1451266853328,1,0.30647099018096924,0.390720009803772,-0.010989000089466572
1451266853348,1,0.2527469992637634,0.45665398240089417,0.0
1451266853368,1,0.1684979945421219,0.4761900007724762,0.03418799862265587
1451266853387,1,0.14285700023174286,0.38583600521087646,0.08791200071573257
1451266853408,1,0.15384599566459656,0.06593400239944458,0.10988999903202057
1451266853428,1,0.07203900068998337,0.012210000306367874,0.06227099895477295
1451266853448,1,-0.08058600127696991,0.06593400239944458,0.015873000025749207
1451266853468,1,-0.16605599224567413,0.15995100140571594,0.01831500045955181
1451266853488,1,-0.18803399801254272,0.21977999806404114,0.01953599974513054
1451266853509,2,-0.20634900033473969,0.24053700268268585,-0.050060998648405075
1451266853529,2,-0.20634900033473969,0.1782660037279129,-0.0866909995675087
1451266853559,2,-0.16361400485038757,0.10500600188970566,-0.08913300186395645
1451266853569,2,-0.1135529950261116,0.04151399806141853,-0.05616600066423416
1451266853589,2,-0.050060998648405075,-0.015873000025749207,-0.013430999591946602
1451266853609,2,-0.020756999030709267,-0.04761900007724762,-0.003662999952211976
1451266853630,2,-0.05128199979662895,-0.09401699900627136,-0.025640999898314476
1451266853650,2,-0.054944999516010284,-0.12576299905776978,-0.045176997780799866
1451266853670,2,-0.059829000383615494,-0.13064700365066528,-0.05250300094485283
1451266853689,2,-0.05250300094485283,-0.10622699558734894,-0.035408999770879745
1451266853711,2,-0.045176997780799866,-0.09035399556159973,0.0
1451266853730,2,-0.007325999904423952,-0.13308899104595184,0.040293000638484955
1451266853749,2,-0.0012209999840706587,-0.13675199449062347,-0.003662999952211976
1451266853770,2,-0.04395600035786629,-0.08913300186395645,-0.06104999780654907
1451266853790,2,-0.10866899788379669,-0.0378509983420372,-0.07692299783229828
1451266853810,2,-0.11111100018024445,-0.04151399806141853,-0.05738699808716774
1451266853831,2,-0.008546999655663967,-0.16361400485038757,0.004883999936282635
1451266853856,2,0.008546999655663967,-0.2051279991865158,-0.015873000025749207
1451266853870,2,-0.01831500045955181,-0.1941390037536621,-0.05128199979662895
1451266853891,2,-0.07814399898052216,-0.14774100482463837,-0.0757019966840744
1451266853911,2,-0.11721599847078323,-0.12209999561309814,-0.07326000183820724
1451266853931,2,-0.025640999898314476,-0.16605599224567413,-0.06227099895477295
1451266853952,2,0.0012209999840706587,-0.195360004901886,-0.08791200071573257
1451266853970,2,-0.02930399961769581,-0.19902299344539642,-0.10622699558734894
1451266853992,2,-0.06837599724531174,-0.17093999683856964,-0.08424899727106094
1451266854011,2,-0.07081799954175949,-0.1465200036764145,-0.050060998648405075
1451266854031,2,-0.0378509983420372,-0.1452990025281906,-0.006105000153183937
1451266854053,2,0.006105000153183937,-0.13064700365066528,-0.045176997780799866
1451266854072,2,-0.012210000306367874,-0.10134299844503403,-0.06593400239944458
1451266854092,2,-0.01953599974513054,-0.06593400239944458,-0.04273499920964241
1451266854112,2,0.0024419999681413174,-0.05128199979662895,0.015873000025749207
1451266854132,2,0.03174600005149841,-0.04395600035786629,0.0647130012512207
1451266854153,2,0.020756999030709267,-0.06959699839353561,0.02930399961769581
1451266854172,2,0.006105000153183937,-0.0866909995675087,-0.010989000089466572
1451266854194,2,0.02808300033211708,-0.0866909995675087,-0.01953599974513054
1451266854213,2,0.045176997780799866,-0.06715499609708786,0.00976799987256527
1451266854233,2,0.03907199949026108,-0.059829000383615494,0.035408999770879745
1451266854254,2,0.05372399836778641,-0.15384599566459656,0.04395600035786629
1451266854272,2,0.06349200010299683,-0.17704500257968903,0.013430999591946602
1451266854298,2,0.01953599974513054,-0.1355309933423996,-0.026861999183893204
1451266854314,2,-0.01831500045955181,-0.06959699839353561,-0.05738699808716774
1451266854333,2,-0.013430999591946602,-0.025640999898314476,-0.06227099895477295
1451266854353,2,0.012210000306367874,-0.10500600188970566,-0.026861999183893204
1451266854375,2,0.04761900007724762,-0.1782660037279129,-0.026861999183893204
1451266854394,2,0.06593400239944458,-0.23565299808979034,-0.003662999952211976
1451266854413,2,0.08058600127696991,-0.2661779820919037,0.0488400012254715
1451266854434,2,0.11233200132846832,-0.30036598443984985,0.12209999561309814
1451266854454,2,0.20757000148296356,-0.2490839958190918,-0.1294260025024414
1451266854473,2,-0.30647099018096924,1.6739909648895264,-0.12209999561309814
1451266854499,2,-0.22954799234867096,1.5299129486083984,0.10378500074148178
1451266854515,2,-0.025640999898314476,0.6947489976882935,0.22588500380516052
1451266854536,2,0.050060998648405075,-0.6398040056228638,0.4053719937801361
1451266854554,2,0.06349200010299683,-1.810742974281311,0.1404149979352951
1451266854576,2,0.097680002450943,-0.9548220038414001,-0.21733799576759338
1451266854596,2,0.0,-0.040293000638484955,-0.1135529950261116
1451266854616,2,-0.03907199949026108,0.48473697900772095,-0.01953599974513054
1451266854635,2,-0.025640999898314476,0.5347979664802551,0.04395600035786629
1451266854656,2,-0.026861999183893204,0.3137969970703125,0.0866909995675087
1451266854674,2,0.008546999655663967,-0.09645900130271912,0.09890099614858627
1451266854696,2,0.09523800015449524,-0.10622699558734894,0.07448099553585052
1451266854716,2,0.14163599908351898,-0.02442000061273575,0.05738699808716774
1451266854735,2,0.11233200132846832,0.040293000638484955,0.03418799862265587
1451266854755,2,0.02442000061273575,0.05372399836778641,-0.014651999808847904
1451266854779,2,-0.06349200010299683,0.02319899946451187,-0.06715499609708786
1451266854796,2,-0.08546999841928482,-0.012210000306367874,-0.0488400012254715
1451266854815,2,-0.01953599974513054,-0.03418799862265587,0.0012209999840706587
1451266854840,2,0.0378509983420372,-0.06104999780654907,0.01831500045955181
1451266854856,2,0.05372399836778641,-0.06349200010299683,-0.004883999936282635
1451266854877,2,0.020756999030709267,-0.020756999030709267,-0.05250300094485283
1451266854897,2,-0.05616600066423416,0.07326000183820724,-0.06959699839353561
1451266854916,2,-0.026861999183893204,0.05860799923539162,-0.007325999904423952
1451266854935,2,0.020756999030709267,0.0,0.05128199979662895
1451266854956,2,0.04151399806141853,-0.03418799862265587,0.04761900007724762
1451266854977,2,0.02319899946451187,-0.02442000061273575,0.00976799987256527
1451266854997,2,-0.05372399836778641,0.054944999516010284,-0.04761900007724762
1451266855017,2,-0.035408999770879745,0.040293000638484955,-0.030524998903274536
1451266855041,2,0.014651999808847904,0.010989000089466572,0.015873000025749207
1451266855058,2,0.04761900007724762,-0.01953599974513054,0.02319899946451187
1451266855077,2,0.04761900007724762,-0.059829000383615494,-0.007325999904423952
1451266855097,2,0.035408999770879745,-0.054944999516010284,-0.05128199979662895
1451266855117,2,-0.020756999030709267,0.02808300033211708,-0.06349200010299683
1451266855138,2,-0.003662999952211976,0.020756999030709267,-0.04761900007724762
1451266855158,2,0.00976799987256527,-0.004883999936282635,-0.00976799987256527
1451266855179,2,-0.02442000061273575,-0.004883999936282635,0.014651999808847904
1451266855199,2,-0.05860799923539162,-0.003662999952211976,0.013430999591946602
1451266855218,2,-0.06959699839353561,0.07692299783229828,-0.08546999841928482
1451266855238,2,-0.054944999516010284,0.06837599724531174,-0.11233200132846832
1451266855259,2,-0.06593400239944458,0.054944999516010284,-0.08791200071573257
1451266855280,2,-0.08180700242519379,0.050060998648405075,-0.0488400012254715
1451266855299,2,-0.10378500074148178,0.0378509983420372,-0.00976799987256527
1451266855318,2,-0.10988999903202057,-0.0012209999840706587,0.021978000178933144
1451266855339,2,-0.0866909995675087,-0.013430999591946602,-0.006105000153183937
1451266855360,2,-0.06837599724531174,0.03296700119972229,-0.020756999030709267
1451266855380,2,-0.06837599724531174,0.05616600066423416,-0.021978000178933144
1451266855400,2,-0.0378509983420372,0.045176997780799866,-0.008546999655663967
1451266855419,2,0.003662999952211976,0.03418799862265587,-0.008546999655663967
1451266855440,2,0.02930399961769581,0.00976799987256527,0.030524998903274536
1451266855459,2,0.00976799987256527,0.006105000153183937,0.045176997780799866
1451266855481,2,-0.007325999904423952,-0.012210000306367874,0.04761900007724762
1451266855505,2,-0.010989000089466572,-0.02808300033211708,0.035408999770879745
1451266855523,1,-0.015873000025749207,-0.02319899946451187,0.013430999591946602
1451266855540,1,-0.01953599974513054,0.006105000153183937,0.006105000153183937
1451266855560,1,-0.01831500045955181,-0.0012209999840706587,0.026861999183893204
1451266855581,1,-0.035408999770879745,-0.013430999591946602,0.045176997780799866
1451266855605,1,-0.06227099895477295,-0.03663000091910362,0.059829000383615494
1451266855620,1,-0.03663000091910362,-0.05250300094485283,0.020756999030709267
1451266855641,1,0.02319899946451187,0.006105000153183937,-0.04639799892902374
1451266855661,1,0.03418799862265587,0.03174600005149841,-0.026861999183893204
1451266855680,1,0.030524998903274536,0.01953599974513054,0.010989000089466572
1451266855700,1,0.021978000178933144,-0.026861999183893204,0.02442000061273575
1451266855720,1,0.00976799987256527,-0.02930399961769581,0.008546999655663967
1451266855745,1,-0.003662999952211976,0.0,-0.020756999030709267
1451266855761,1,0.03418799862265587,0.012210000306367874,-0.04639799892902374
1451266855782,1,0.05616600066423416,0.013430999591946602,-0.03174600005149841
1451266855802,1,0.06959699839353561,-0.01953599974513054,-0.004883999936282635
1451266855821,1,0.07814399898052216,-0.05372399836778641,-0.003662999952211976
1451266855843,1,0.06837599724531174,-0.04639799892902374,-0.03663000091910362
1451266855862,1,-0.007325999904423952,0.02319899946451187,-0.04639799892902374
1451266855883,1,-0.020756999030709267,0.008546999655663967,-0.03174600005149841
1451266855903,1,-0.003662999952211976,-0.02930399961769581,-0.030524998903274536
1451266855925,1,0.003662999952211976,-0.05860799923539162,-0.03418799862265587
1451266855943,1,-0.0012209999840706587,-0.0488400012254715,-0.025640999898314476
1451266855963,1,-0.025640999898314476,0.0,-0.05250300094485283
1451266855983,1,-0.026861999183893204,-0.0012209999840706587,-0.05860799923539162
1451266856002,1,-0.045176997780799866,0.010989000089466572,-0.03296700119972229
1451266856024,1,-0.054944999516010284,0.01953599974513054,-0.008546999655663967
1451266856044,1,-0.05128199979662895,0.010989000089466572,0.02808300033211708
1451266856064,1,-0.05372399836778641,-0.015873000025749207,0.0757019966840744
1451266856084,1,-0.03296700119972229,-0.06593400239944458,0.08424899727106094
1451266856104,1,-0.0488400012254715,0.013430999591946602,0.02442000061273575
1451266856123,1,-0.07936500012874603,0.07448099553585052,0.01831500045955181
1451266856143,1,-0.03663000091910362,0.03663000091910362,0.04639799892902374
1451266856163,1,0.16117200255393982,0.06715499609708786,0.045176997780799866
1451266856184,1,0.16605599224567413,0.13919399678707123,0.48351600766181946
1451266856204,1,0.15506699681282043,-0.7985339760780334,1.4981670379638672
1451266856223,1,1.0317449569702148,-1.379729986190796,1.5335760116577148
1451266856245,1,1.0976790189743042,-0.6361410021781921,1.6813169717788696
1451266856265,1,0.2869350016117096,0.32600700855255127,1.1257619857788086
1451266856284,1,-0.16117200255393982,0.7338209748268127,-0.3724049925804138
1451266856304,1,-0.43467599153518677,0.7899869680404663,-0.27960899472236633
1451266856325,1,-0.6459090113639832,0.6483510136604309,0.09157499670982361
1451266856346,1,-0.6043949723243713,0.2637360095977783,0.29426100850105286
1451266856366,1,-0.33333298563957214,-0.16605599224567413,0.2869350016117096
1451266856386,1,0.03296700119972229,-0.46886399388313293,0.12209999561309814
1451266856406,1,0.2661779820919037,-0.2649570107460022,-0.18803399801254272
1451266856426,1,0.05738699808716774,-0.030524998903274536,-0.2503049969673157
1451266856446,1,-0.1514039933681488,0.14407800137996674,-0.2698409855365753
1451266856472,1,-0.2698409855365753,0.17460300028324127,-0.2820509970188141
1451266856486,1,-0.2698409855365753,0.10988999903202057,-0.3235650062561035
1451266856506,1,-0.01953599974513054,0.07448099553585052,-0.4151400029659271
1451266856525,1,0.0488400012254715,0.1294260025024414,-0.3687419891357422
1451266856545,1,0.01953599974513054,0.1514039933681488,-0.25763100385665894
1451266856565,1,-0.026861999183893204,0.09035399556159973,-0.1514039933681488
1451266856586,1,-0.03907199949026108,0.020756999030709267,-0.10988999903202057
1451266856606,1,0.0378509983420372,0.0,-0.21245399117469788
1451266856626,1,0.030524998903274536,0.08058600127696991,-0.24664199352264404
1451266856646,1,-0.0378509983420372,0.167276993393898,-0.21977999806404114
1451266856666,1,-0.11599499732255936,0.17093999683856964,-0.1575089991092682
1451266856686,1,-0.1245419979095459,0.10500600188970566,-0.13186800479888916
1451266856706,1,-0.1135529950261116,0.06837599724531174,-0.13308899104595184
1451266856727,1,-0.07814399898052216,0.08180700242519379,-0.1514039933681488
1451266856747,1,-0.06715499609708786,0.07081799954175949,-0.1245419979095459
1451266856769,1,-0.04151399806141853,0.020756999030709267,-0.0866909995675087
1451266856787,1,0.00976799987256527,-0.02442000061273575,-0.06837599724531174
1451266856807,1,0.05128199979662895,-0.050060998648405075,-0.06837599724531174
1451266856828,1,0.035408999770879745,0.003662999952211976,-0.09157499670982361
1451266856848,1,0.013430999591946602,0.014651999808847904,-0.08180700242519379
1451266856869,1,0.008546999655663967,0.00976799987256527,-0.05372399836778641
1451266856888,1,0.0,-0.045176997780799866,-0.008546999655663967
1451266856908,1,0.01953599974513054,-0.08791200071573257,0.0012209999840706587
1451266856929,1,0.010989000089466572,-0.0024419999681413174,-0.05250300094485283
1451266856948,1,-0.007325999904423952,0.030524998903274536,-0.07081799954175949
1451266856968,1,-0.02808300033211708,0.03418799862265587,-0.05860799923539162
1451266856987,1,-0.04639799892902374,-0.003662999952211976,-0.007325999904423952
1451266857009,1,-0.050060998648405075,-0.05616600066423416,0.03418799862265587
1451266857029,1,-0.015873000025749207,-0.06837599724531174,0.021978000178933144
1451266857049,1,0.02319899946451187,0.013430999591946602,-0.02442000061273575
1451266857069,1,0.01831500045955181,0.014651999808847904,0.0012209999840706587
1451266857089,1,0.021978000178933144,-0.01953599974513054,0.021978000178933144
1451266857110,1,0.020756999030709267,-0.0488400012254715,0.02808300033211708
1451266857130,1,0.017093999311327934,-0.040293000638484955,0.013430999591946602
1451266857156,1,-0.014651999808847904,0.00976799987256527,0.00976799987256527
1451266857174,1,-0.03418799862265587,0.010989000089466572,0.015873000025749207
1451266857194,1,-0.04639799892902374,-0.015873000025749207,0.015873000025749207
1451266857210,1,-0.0647130012512207,-0.02319899946451187,0.0012209999840706587
1451266857231,1,-0.08180700242519379,-0.012210000306367874,-0.010989000089466572
1451266857250,1,-0.08058600127696991,-0.014651999808847904,-0.00976799987256527
1451266857275,1,-0.05128199979662895,-0.03663000091910362,-0.0012209999840706587
1451266857290,1,-0.013430999591946602,-0.06227099895477295,-0.013430999591946602
1451266857310,1,-0.017093999311327934,-0.03663000091910362,-0.030524998903274536
1451266857330,1,-0.03907199949026108,0.017093999311327934,-0.03418799862265587
1451266857350,1,-0.05128199979662895,0.03418799862265587,-0.026861999183893204
1451266857369,1,-0.04761900007724762,-0.010989000089466572,0.017093999311327934
1451266857390,1,-0.03174600005149841,-0.06104999780654907,0.01831500045955181
1451266857411,1,-0.017093999311327934,-0.10500600188970566,-0.004883999936282635
1451266857431,1,-0.008546999655663967,-0.1245419979095459,-0.01831500045955181
1451266857454,1,0.012210000306367874,-0.12209999561309814,-0.03663000091910362
1451266857471,1,-0.026861999183893204,0.008546999655663967,-0.059829000383615494
1451266857494,1,-0.045176997780799866,0.02808300033211708,-0.05128199979662895
1451266857514,1,-0.02319899946451187,0.007325999904423952,-0.0378509983420372
1451266857536,2,-0.013430999591946602,-0.09401699900627136,0.04151399806141853
1451266857553,2,0.04395600035786629,-0.14774100482463837,0.10988999903202057
1451266857575,2,0.03663000091910362,-0.0488400012254715,0.054944999516010284
1451266857594,2,0.03174600005149841,0.025640999898314476,0.003662999952211976
1451266857614,2,0.02442000061273575,0.05616600066423416,0.0024419999681413174
1451266857634,2,0.017093999311327934,0.040293000638484955,0.025640999898314476
1451266857654,2,0.09157499670982361,-0.03174600005149841,0.014651999808847904
1451266857674,2,0.08791200071573257,-0.0012209999840706587,-0.003662999952211976
1451266857698,2,0.06959699839353561,0.0378509983420372,-0.012210000306367874
1451266857715,2,0.0488400012254715,0.054944999516010284,-0.017093999311327934
1451266857734,2,0.021978000178933144,0.040293000638484955,-0.017093999311327934
1451266857755,2,0.003662999952211976,-0.02930399961769581,-0.008546999655663967
1451266857775,2,-0.0012209999840706587,-0.025640999898314476,-0.010989000089466572
1451266857795,2,0.013430999591946602,-0.01831500045955181,-0.01831500045955181
1451266857815,2,0.02319899946451187,0.013430999591946602,-0.020756999030709267
1451266857835,2,0.0024419999681413174,0.008546999655663967,-0.014651999808847904
1451266857875,2,0.013430999591946602,-0.02319899946451187,-0.006105000153183937
1451266857900,2,0.021978000178933144,-0.008546999655663967,-0.013430999591946602
1451266857923,2,0.017093999311327934,0.01953599974513054,-0.01953599974513054
1451266857938,2,0.021978000178933144,0.030524998903274536,-0.007325999904423952
1451266857959,2,0.026861999183893204,0.012210000306367874,0.013430999591946602
1451266857980,2,-0.0012209999840706587,-0.021978000178933144,0.026861999183893204
1451266858000,2,-0.025640999898314476,-0.006105000153183937,0.0012209999840706587
1451266858019,2,-0.035408999770879745,0.015873000025749207,-0.026861999183893204
1451266858039,2,-0.0378509983420372,0.03296700119972229,-0.02319899946451187
1451266858060,2,-0.02808300033211708,0.01953599974513054,0.008546999655663967
1451266858080,2,0.013430999591946602,-0.05128199979662895,0.06593400239944458
1451266858100,2,0.02442000061273575,-0.07814399898052216,0.07203900068998337
1451266858120,2,0.015873000025749207,-0.0488400012254715,0.0647130012512207
1451266858141,2,0.007325999904423952,-0.01953599974513054,0.09035399556159973
1451266858164,2,0.012210000306367874,-0.02319899946451187,0.15384599566459656
1451266858181,2,0.04151399806141853,-0.03418799862265587,0.24175800383090973
1451266858200,2,-0.4212450087070465,0.4529910087585449,-0.7289369702339172
1451266858220,2,-0.4383389949798584,0.7765560150146484,0.09401699900627136
1451266858240,2,-0.10622699558734894,0.21367499232292175,0.4102559983730316
1451266858261,2,0.2710619866847992,-0.43589699268341064,0.3369959890842438
1451266858280,2,0.3357749879360199,-0.8473739624023438,0.16971899569034576
1451266858300,2,-0.0012209999840706587,-0.20634900033473969,-0.07936500012874603
1451266858320,2,-0.05250300094485283,0.23443199694156647,-0.10622699558734894
1451266858340,2,0.06715499609708786,0.36996299028396606,-0.09157499670982361
1451266858362,2,0.21855899691581726,0.2808299958705902,-0.020756999030709267
1451266858382,2,0.30036598443984985,0.1025639995932579,0.04761900007724762
1451266858402,2,0.13186800479888916,-0.10012199729681015,0.05616600066423416
1451266858422,2,0.04761900007724762,-0.07936500012874603,0.006105000153183937
1451266858442,2,0.050060998648405075,0.012210000306367874,-0.030524998903274536
1451266858462,2,0.059829000383615494,0.09401699900627136,-0.026861999183893204
1451266858483,2,0.05128199979662895,0.06715499609708786,-0.007325999904423952
1451266858503,2,0.045176997780799866,-0.03174600005149841,-0.014651999808847904
1451266858522,2,-0.017093999311327934,-0.09279599785804749,-0.03296700119972229
1451266858542,2,-0.07448099553585052,-0.01831500045955181,-0.040293000638484955
1451266858562,2,-0.10500600188970566,0.040293000638484955,-0.04151399806141853
1451266858589,2,-0.08058600127696991,0.01831500045955181,-0.030524998903274536
1451266858602,2,-0.01953599974513054,-0.0488400012254715,-0.007325999904423952
1451266858626,2,0.05128199979662895,-0.06349200010299683,0.02319899946451187
1451266858643,2,0.05372399836778641,-0.012210000306367874,0.010989000089466572
1451266858663,2,0.015873000025749207,0.05616600066423416,-0.00976799987256527
1451266858683,2,-0.015873000025749207,0.06715499609708786,-0.004883999936282635
1451266858703,2,-0.021978000178933144,0.020756999030709267,-0.0024419999681413174
1451266858722,2,0.02319899946451187,-0.06349200010299683,0.01953599974513054
1451266858742,2,0.020756999030709267,-0.050060998648405075,0.015873000025749207
1451266858762,2,-0.020756999030709267,-0.01953599974513054,0.017093999311327934
1451266858783,2,-0.05860799923539162,-0.003662999952211976,0.008546999655663967
1451266858803,2,-0.06593400239944458,-0.015873000025749207,0.01831500045955181
1451266858823,2,-0.04151399806141853,-0.03296700119972229,0.04273499920964241
1451266858843,2,-0.0024419999681413174,-0.01831500045955181,0.050060998648405075
1451266858864,2,-0.003662999952211976,-0.0024419999681413174,0.03663000091910362
1451266858886,2,-0.007325999904423952,0.0024419999681413174,0.02319899946451187
1451266858903,2,-0.003662999952211976,0.00976799987256527,0.01831500045955181
1451266858923,2,0.010989000089466572,0.006105000153183937,0.01831500045955181
1451266858945,2,0.02808300033211708,0.0024419999681413174,0.030524998903274536
1451266858963,2,0.004883999936282635,-0.010989000089466572,0.021978000178933144
1451266858983,2,-0.008546999655663967,-0.021978000178933144,0.0024419999681413174
1451266859004,2,-0.00976799987256527,-0.01953599974513054,-0.010989000089466572
1451266859025,2,-0.020756999030709267,-0.017093999311327934,-0.004883999936282635
1451266859044,2,-0.01953599974513054,-0.02319899946451187,0.007325999904423952
1451266859071,2,-0.01831500045955181,-0.012210000306367874,-0.004883999936282635
1451266859086,2,-0.02930399961769581,-0.007325999904423952,-0.008546999655663967
1451266859104,2,-0.03296700119972229,0.0,-0.0012209999840706587
1451266859126,2,-0.014651999808847904,0.0024419999681413174,0.012210000306367874
1451266859145,2,-0.007325999904423952,0.003662999952211976,0.030524998903274536
1451266859167,2,-0.0024419999681413174,0.008546999655663967,0.03418799862265587
1451266859191,2,0.003662999952211976,0.01953599974513054,0.03174600005149841
1451266859211,2,0.004883999936282635,0.026861999183893204,0.03174600005149841
1451266859227,2,0.014651999808847904,0.030524998903274536,0.04273499920964241
1451266859247,2,0.02319899946451187,0.004883999936282635,0.045176997780799866
1451266859269,2,0.030524998903274536,-0.035408999770879745,0.02319899946451187
1451266859287,2,0.0024419999681413174,-0.012210000306367874,-0.004883999936282635
1451266859306,2,-0.025640999898314476,0.0024419999681413174,-0.010989000089466572
1451266859327,2,-0.04395600035786629,-0.014651999808847904,-0.007325999904423952
1451266859347,2,-0.03907199949026108,-0.03174600005149841,-0.004883999936282635
1451266859369,2,-0.050060998648405075,-0.007325999904423952,-0.008546999655663967
1451266859386,2,-0.05128199979662895,0.045176997780799866,-0.03663000091910362
1451266859407,2,-0.059829000383615494,0.06227099895477295,-0.07692299783229828
1451266859428,2,-0.014651999808847904,0.02930399961769581,-0.026861999183893204
1451266859447,2,0.017093999311327934,0.02808300033211708,-0.015873000025749207
1451266859467,2,-0.13186800479888916,0.18314999341964722,-0.020756999030709267
1451266859487,2,-0.15873000025749207,0.11233200132846832,-0.03296700119972229
1451266859507,2,-0.09890099614858627,-0.0012209999840706587,-0.10378500074148178
1451266859532,2,-0.020756999030709267,-0.010989000089466572,-0.16971899569034576
1451266859548,2,-0.0012209999840706587,0.01953599974513054,-0.1733819991350174
1451266859569,1,-0.015873000025749207,0.0012209999840706587,-0.12332099676132202
1451266859588,1,0.05128199979662895,-0.08302799612283707,-0.030524998903274536
1451266859608,1,0.05372399836778641,-0.11477399617433548,-0.02930399961769581
1451266859629,1,0.050060998648405075,-0.1025639995932579,-0.0378509983420372
1451266859649,1,0.03418799862265587,-0.06349200010299683,-0.035408999770879745
1451266859669,1,0.0012209999840706587,-0.017093999311327934,-0.013430999591946602
1451266859688,1,-0.01953599974513054,-0.02808300033211708,0.025640999898314476
1451266859713,1,-0.004883999936282635,-0.003662999952211976,0.02442000061273575
1451266859729,1,-0.017093999311327934,0.02442000061273575,0.04761900007724762
1451266859750,1,-0.014651999808847904,0.006105000153183937,0.07936500012874603
1451266859775,1,0.006105000153183937,0.0,0.06104999780654907
1451266859790,1,-0.014651999808847904,-0.0012209999840706587,0.054944999516010284
1451266859810,1,0.0012209999840706587,-0.02808300033211708,0.02319899946451187
1451266859830,1,0.012210000306367874,-0.006105000153183937,-0.010989000089466572
1451266859850,1,-0.0012209999840706587,-0.0024419999681413174,-0.03418799862265587
1451266859869,1,-0.02319899946451187,0.010989000089466572,-0.04273499920964241
1451266859890,1,-0.045176997780799866,0.0024419999681413174,-0.035408999770879745
1451266859910,1,-0.014651999808847904,-0.04761900007724762,-0.09279599785804749
1451266859930,1,0.01953599974513054,-0.02930399961769581,-0.1452990025281906
1451266859950,1,0.02808300033211708,-0.0012209999840706587,-0.15384599566459656
1451266859969,1,0.003662999952211976,0.03296700119972229,-0.10622699558734894
1451266859990,1,-0.03296700119972229,0.017093999311327934,-0.05128199979662895
1451266860010,1,-0.11111100018024445,0.004883999936282635,-0.021978000178933144
1451266860030,1,-0.07936500012874603,0.01831500045955181,-0.0488400012254715
1451266860052,1,-0.007325999904423952,0.02930399961769581,-0.09279599785804749
1451266860070,1,0.0488400012254715,0.054944999516010284,-0.09401699900627136
1451266860092,1,0.06104999780654907,0.03907199949026108,-0.02442000061273575
1451266860111,1,0.054944999516010284,-0.08058600127696991,0.021978000178933144
1451266860132,1,0.040293000638484955,-0.04395600035786629,-0.014651999808847904
1451266860153,1,-0.003662999952211976,0.014651999808847904,-0.013430999591946602
1451266860170,1,-0.007325999904423952,0.026861999183893204,0.004883999936282635
1451266860192,1,0.09523800015449524,-0.020756999030709267,-0.05128199979662895
1451266860212,1,0.36019498109817505,0.025640999898314476,-0.1562879979610443
1451266860232,1,0.2527469992637634,0.28937700390815735,0.18803399801254272
1451266860255,1,-0.017093999311327934,-0.40903499722480774,1.0146509408950806
1451266860271,1,0.4212450087070465,-1.5848579406738281,1.1477400064468384
1451266860291,1,0.9316229820251465,-1.366299033164978,0.9511590003967285
1451266860311,1,0.3296699821949005,0.08302799612283707,0.11843699961900711
1451266860332,1,-0.9474959969520569,1.612941026687622,-0.8144069910049438
1451266860352,1,-1.1367509365081787,1.505492925643921,-0.40292999148368835
1451266860372,1,-0.9597060084342957,0.6813179850578308,0.02442000061273575
1451266860393,1,-0.47374799847602844,-0.17704500257968903,0.2698409855365753
1451266860413,1,-0.003662999952211976,-0.6849809885025024,0.3040289878845215
1451266860433,1,0.30158698558807373,-0.536018967628479,0.059829000383615494
1451266860452,1,0.1684979945421219,-0.28449299931526184,-0.03907199949026108
1451266860473,1,-0.03418799862265587,-0.04151399806141853,-0.12209999561309814
1451266860494,1,-0.19902299344539642,0.1514039933681488,-0.1782660037279129
1451266860513,1,-0.20268599689006805,0.19658099114894867,-0.1733819991350174
1451266860533,1,-0.08913300186395645,0.08180700242519379,-0.1135529950261116
1451266860553,1,0.20757000148296356,-0.13430999219417572,-0.004883999936282635
1451266860574,1,0.18681299686431885,-0.04273499920964241,0.014651999808847904
1451266860594,1,0.09645900130271912,0.03174600005149841,0.007325999904423952
1451266860614,1,0.004883999936282635,0.07326000183820724,-0.0024419999681413174
1451266860641,1,-0.07203900068998337,0.06715499609708786,0.01953599974513054
1451266860653,1,-0.09279599785804749,-0.035408999770879745,0.04273499920964241
1451266860675,1,-0.050060998648405075,-0.017093999311327934,0.007325999904423952
1451266860695,1,-0.013430999591946602,0.054944999516010284,0.0
1451266860715,1,-0.02808300033211708,0.05738699808716774,0.030524998903274536
1451266860736,1,-0.014651999808847904,-0.015873000025749207,0.0378509983420372
1451266860754,1,0.004883999936282635,-0.02319899946451187,0.025640999898314476
1451266860775,1,0.0,-0.014651999808847904,0.02319899946451187
1451266860796,1,-0.0024419999681413174,0.014651999808847904,0.017093999311327934
1451266860816,1,-0.017093999311327934,0.02930399961769581,0.006105000153183937
1451266860842,1,0.0,0.03296700119972229,-0.0012209999840706587
1451266860855,1,0.020756999030709267,-0.003662999952211976,0.0
1451266860875,1,0.05860799923539162,-0.059829000383615494,0.00976799987256527
1451266860895,1,0.020756999030709267,-0.054944999516010284,0.03174600005149841
1451266860915,1,-0.004883999936282635,-0.04273499920964241,0.020756999030709267
1451266860940,1,-0.004883999936282635,-0.021978000178933144,-0.004883999936282635
1451266860955,1,-0.00976799987256527,0.008546999655663967,-0.004883999936282635
1451266860980,1,-0.021978000178933144,0.008546999655663967,0.03174600005149841
1451266860995,1,-0.003662999952211976,-0.01953599974513054,0.026861999183893204
1451266861016,1,0.035408999770879745,-0.05128199979662895,0.0024419999681413174
1451266861035,1,0.07081799954175949,-0.0488400012254715,-0.01953599974513054
1451266861056,1,0.054944999516010284,-0.012210000306367874,-0.013430999591946602
1451266861076,1,0.007325999904423952,0.05250300094485283,0.010989000089466572
1451266861096,1,-0.003662999952211976,0.05372399836778641,0.014651999808847904
1451266861116,1,0.006105000153183937,-0.004883999936282635,0.02319899946451187
1451266861136,1,0.02808300033211708,-0.06715499609708786,0.014651999808847904
1451266861156,1,0.014651999808847904,-0.04273499920964241,-0.00976799987256527
1451266861177,1,-0.030524998903274536,0.026861999183893204,-0.026861999183893204
1451266861197,1,-0.03296700119972229,0.012210000306367874,-0.015873000025749207
1451266861217,1,-0.0012209999840706587,-0.00976799987256527,-0.015873000025749207
1451266861236,1,-0.008546999655663967,-0.013430999591946602,0.0
1451266861258,1,-0.021978000178933144,-0.007325999904423952,0.00976799987256527
1451266861277,1,-0.03418799862265587,0.010989000089466572,0.008546999655663967
1451266861298,1,-0.01831500045955181,0.0378509983420372,0.0024419999681413174
1451266861319,1,0.0012209999840706587,0.026861999183893204,0.01953599974513054
1451266861336,1,0.03296700119972229,0.00976799987256527,0.02319899946451187
1451266861363,1,0.035408999770879745,-0.01831500045955181,0.01953599974513054
1451266861379,1,0.026861999183893204,-0.02930399961769581,0.00976799987256527
1451266861399,1,-0.04273499920964241,-0.017093999311327934,-0.013430999591946602
1451266861425,1,-0.05738699808716774,-0.015873000025749207,-0.02319899946451187
1451266861437,1,-0.05372399836778641,-0.007325999904423952,-0.013430999591946602
1451266861459,1,-0.017093999311327934,-0.007325999904423952,-0.0012209999840706587
1451266861479,1,0.007325999904423952,-0.00976799987256527,-0.0024419999681413174
1451266861499,1,0.01953599974513054,-0.02442000061273575,0.0012209999840706587
1451266861521,1,0.0024419999681413174,0.021978000178933144,0.010989000089466572
1451266861543,1,0.007325999904423952,0.025640999898314476,0.010989000089466572
1451266861559,1,0.01953599974513054,0.006105000153183937,0.014651999808847904
1451266861580,1,0.03296700119972229,0.0,0.02442000061273575
1451266861600,2,0.04151399806141853,-0.004883999936282635,0.012210000306367874
1451266861620,2,-0.003662999952211976,0.0,-0.00976799987256527
1451266861639,2,-0.02808300033211708,-0.02442000061273575,-0.02442000061273575
1451266861660,2,-0.04639799892902374,-0.030524998903274536,-0.02808300033211708
1451266861680,2,-0.0488400012254715,-0.03174600005149841,-0.017093999311327934
1451266861700,2,-0.040293000638484955,-0.015873000025749207,-0.020756999030709267
1451266861724,2,-0.03418799862265587,0.02319899946451187,-0.02319899946451187
1451266861740,2,-0.030524998903274536,0.021978000178933144,-0.013430999591946602
1451266861764,2,-0.012210000306367874,0.0,0.00976799987256527
1451266861781,2,0.008546999655663967,-0.030524998903274536,0.03907199949026108
1451266861803,2,0.025640999898314476,-0.02442000061273575,0.04639799892902374
1451266861820,2,0.025640999898314476,0.007325999904423952,0.03663000091910362
1451266861840,2,0.020756999030709267,0.013430999591946602,0.02930399961769581
1451266861861,2,0.025640999898314476,-0.01831500045955181,0.040293000638484955
1451266861881,2,0.026861999183893204,-0.04761900007724762,0.0378509983420372
1451266861903,2,0.026861999183893204,-0.07081799954175949,0.02808300033211708
1451266861920,2,0.03296700119972229,-0.12820500135421753,0.013430999591946602
1451266861941,2,0.0012209999840706587,-0.0866909995675087,-0.02808300033211708
1451266861962,2,-0.025640999898314476,-0.003662999952211976,-0.05250300094485283
1451266861982,2,-0.05250300094485283,0.017093999311327934,-0.0488400012254715
1451266862003,2,-0.045176997780799866,-0.006105000153183937,-0.02808300033211708
1451266862023,2,-0.0012209999840706587,-0.035408999770879745,-0.02319899946451187
1451266862042,2,-0.030524998903274536,0.007325999904423952,-0.008546999655663967
1451266862061,2,-0.054944999516010284,0.02808300033211708,0.01831500045955181
1451266862083,2,-0.04395600035786629,0.015873000025749207,0.03418799862265587
1451266862102,2,-0.010989000089466572,0.0012209999840706587,0.03663000091910362
1451266862122,2,0.006105000153183937,0.013430999591946602,0.04273499920964241
1451266862143,2,0.0024419999681413174,0.04273499920964241,0.07448099553585052
1451266862163,2,0.054944999516010284,-0.07081799954175949,0.1294260025024414
1451266862182,2,0.17582400143146515,-0.2429789900779724,0.23687399923801422
1451266862203,2,0.32722800970077515,-0.44078099727630615,0.3467639982700348
1451266862223,2,0.20634900033473969,-1.183148980140686,-0.4859579801559448
1451266862243,2,0.3235650062561035,2.271059989929199,-1.3748459815979004
1451266862263,2,-0.5323559641838074,1.6300349235534668,-0.1294260025024414
1451266862283,2,-0.18192899227142334,0.05616600066423416,0.390720009803772
1451266862304,2,0.15262499451637268,-1.2014639377593994,0.6349200010299683
1451266862322,2,0.3418799936771393,-1.809522032737732,0.48473697900772095
1451266862344,2,0.3467639982700348,-1.6202670335769653,0.09401699900627136
1451266862365,2,-0.09035399556159973,0.4932839870452881,-0.059829000383615494
1451266862384,2,-0.13430999219417572,0.8302800059318542,0.045176997780799866
1451266862404,2,-0.0024419999681413174,0.5518919825553894,0.12820500135421753
1451266862425,2,0.13919399678707123,0.09890099614858627,0.17216099798679352
1451266862445,2,0.17582400143146515,-0.17216099798679352,0.1892549991607666
1451266862465,2,0.12698400020599365,-0.12087900191545486,0.0488400012254715
1451266862487,2,-0.04761900007724762,0.017093999311327934,-0.040293000638484955
1451266862504,2,-0.08791200071573257,0.08913300186395645,-0.07814399898052216
1451266862524,2,-0.09401699900627136,0.059829000383615494,-0.08424899727106094
1451266862545,2,-0.08791200071573257,-0.02930399961769581,-0.07814399898052216
1451266862565,2,-0.07692299783229828,-0.05738699808716774,-0.06349200010299683
1451266862586,2,-0.0378509983420372,0.00976799987256527,-0.05372399836778641
1451266862604,2,-0.01831500045955181,0.02930399961769581,-0.04395600035786629
1451266862625,2,0.0012209999840706587,0.01953599974513054,-0.04395600035786629
1451266862645,2,0.03174600005149841,-0.014651999808847904,-0.04273499920964241
1451266862665,2,0.04761900007724762,-0.01831500045955181,-0.02442000061273575
1451266862685,2,0.05372399836778641,0.017093999311327934,0.013430999591946602
1451266862705,2,0.0378509983420372,-0.003662999952211976,0.021978000178933144
1451266862725,2,-0.0024419999681413174,-0.03174600005149841,0.006105000153183937
1451266862746,2,-0.03418799862265587,-0.03663000091910362,-0.020756999030709267
1451266862767,2,-0.0647130012512207,-0.015873000025749207,-0.02930399961769581
1451266862786,2,-0.05738699808716774,0.02930399961769581,0.014651999808847904
1451266862805,2,-0.01831500045955181,0.0,0.03296700119972229
1451266862827,2,0.030524998903274536,-0.03296700119972229,0.017093999311327934
1451266862846,2,0.04639799892902374,-0.03418799862265587,0.003662999952211976
1451266862867,2,0.014651999808847904,0.013430999591946602,0.006105000153183937
1451266862886,2,-0.02808300033211708,0.04395600035786629,-0.0012209999840706587
1451266862907,2,0.008546999655663967,0.050060998648405075,0.00976799987256527
1451266862927,2,0.03418799862265587,0.02319899946451187,0.021978000178933144
1451266862948,2,0.04151399806141853,-0.008546999655663967,0.021978000178933144
1451266862969,2,0.02808300033211708,-0.025640999898314476,0.0024419999681413174
1451266862987,2,-0.008546999655663967,-0.017093999311327934,-0.026861999183893204
1451266863007,2,-0.0757019966840744,0.02442000061273575,-0.02808300033211708
1451266863028,2,-0.03418799862265587,0.003662999952211976,-0.010989000089466572
1451266863047,2,0.0024419999681413174,-0.004883999936282635,0.0
1451266863069,2,0.013430999591946602,-0.003662999952211976,0.013430999591946602
1451266863087,2,-0.0012209999840706587,-0.008546999655663967,0.02319899946451187
1451266863107,2,-0.02808300033211708,0.008546999655663967,0.02808300033211708
1451266863128,2,-0.0012209999840706587,0.0,0.03663000091910362
1451266863148,2,0.02319899946451187,-0.008546999655663967,0.03663000091910362
1451266863170,2,0.020756999030709267,0.006105000153183937,0.04639799892902374
1451266863188,2,0.012210000306367874,0.0024419999681413174,0.04761900007724762
1451266863208,2,0.0,-0.012210000306367874,0.03174600005149841
1451266863229,2,-0.012210000306367874,-0.035408999770879745,-0.017093999311327934
1451266863248,2,-0.03663000091910362,-0.02808300033211708,-0.02930399961769581
1451266863269,2,-0.06349200010299683,-0.00976799987256527,-0.021978000178933144
1451266863288,2,-0.07081799954175949,-0.014651999808847904,-0.012210000306367874
1451266863309,2,-0.045176997780799866,-0.030524998903274536,-0.015873000025749207
1451266863330,2,-0.026861999183893204,0.008546999655663967,-0.03663000091910362
1451266863350,2,-0.04273499920964241,0.021978000178933144,-0.02319899946451187
1451266863370,2,-0.0378509983420372,0.01831500045955181,-0.003662999952211976
1451266863390,2,-0.012210000306367874,0.01831500045955181,0.00976799987256527
1451266863410,2,0.015873000025749207,0.007325999904423952,0.017093999311327934
1451266863430,2,0.04151399806141853,0.0012209999840706587,0.012210000306367874
1451266863451,2,0.04151399806141853,0.0024419999681413174,0.015873000025749207
1451266863470,2,0.045176997780799866,-0.004883999936282635,0.012210000306367874
1451266863490,2,0.03174600005149841,-0.0012209999840706587,0.00976799987256527
1451266863509,2,0.01831500045955181,-0.020756999030709267,0.013430999591946602
1451266863530,2,0.007325999904423952,-0.04639799892902374,-0.006105000153183937
1451266863549,2,-0.02808300033211708,-0.04151399806141853,-0.01831500045955181
1451266863573,2,-0.025640999898314476,-0.01831500045955181,-0.026861999183893204
1451266863590,2,-0.017093999311327934,0.003662999952211976,-0.025640999898314476
