1451311342165,1,1.0757009983062744,0.21367499232292175,-0.565322995185852
1451311342176,1,1.1123310327529907,0.07692299783229828,-0.2600730061531067
1451311342196,1,0.3638579845428467,-0.30036598443984985,0.13675199449062347
1451311342217,1,0.09279599785804749,-0.12820500135421753,0.14896199107170105
1451311342239,1,-0.05128199979662895,-0.007325999904423952,0.13430999219417572
1451311342258,1,-0.06837599724531174,0.07203900068998337,0.16361400485038757
1451311342279,1,-0.01831500045955181,0.16605599224567413,0.31013399362564087
1451311342297,1,-0.1294260025024414,0.13186800479888916,0.45177000761032104
1451311342318,1,0.06349200010299683,0.21489599347114563,0.4444440007209778
1451311342343,1,0.3040289878845215,0.33211198449134827,0.37118399143218994
1451311342358,1,0.432233989238739,0.35409000515937805,0.32844898104667664
1451311342377,1,0.43101298809051514,0.3638579845428467,0.33333298563957214
1451311342444,1,0.09157499670982361,1.7106209993362427,0.18070799112319946
1451311342466,1,0.05128199979662895,1.6019519567489624,0.3028079867362976
1451311342479,1,0.15995100140571594,1.2039059400558472,0.34432199597358704
1451311342499,1,0.36629998683929443,0.731378972530365,0.21977999806404114
1451311342519,1,0.7875449657440186,0.39194098114967346,-0.23931600153446198
1451311342540,1,0.7252739667892456,0.44566500186920166,-0.41269800066947937
1451311342560,1,0.5885220170021057,0.6483510136604309,-0.3308909833431244
1451311342579,1,0.3516480028629303,0.8974350094795227,-0.1404149979352951
1451311342604,1,0.11599499732255936,0.9743579626083374,-0.05738699808716774
1451311342620,1,-0.1025639995932579,0.8705729842185974,-0.22344300150871277
1451311342641,1,-0.10134299844503403,0.7985339760780334,-0.31623899936676025
1451311342660,1,-0.04273499920964241,0.5811960101127625,-0.24542099237442017
1451311342680,1,0.015873000025749207,0.24664199352264404,0.02442000061273575
1451311342700,1,-0.097680002450943,0.22832699120044708,0.3675209879875183
1451311342721,1,-0.6056159734725952,0.15384599566459656,0.4981679916381836
1451311342742,1,0.03296700119972229,-1.6727700233459473,1.490841031074524
1451311342761,1,0.7264949679374695,-1.814405918121338,1.1648340225219727
1451311342787,1,0.45177000761032104,-1.130645990371704,0.24664199352264404
1451311342801,1,-0.7496939897537231,-0.16483499109745026,-0.2637360095977783
1451311342821,1,-1.562880039215088,0.15506699681282043,-0.07448099553585052
1451311342842,1,-0.6971909999847412,0.3833940029144287,0.2698409855365753
1451311342861,1,0.15995100140571594,0.1623930037021637,0.18559199571609497
1451311342882,1,0.6837599873542786,-0.05250300094485283,0.02442000061273575
1451311342901,1,0.7802190184593201,-0.1782660037279129,-0.03296700119972229
1451311342923,1,0.5689859986305237,-0.24053700268268585,0.0012209999840706587
1451311342943,1,-0.04761900007724762,-0.390720009803772,0.1465200036764145
1451311342963,1,-0.20268599689006805,-0.5006099939346313,0.11965800076723099
1451311342982,1,-0.21001200377941132,-0.5128200054168701,0.01831500045955181
1451311343003,1,-0.16483499109745026,-0.4590959846973419,-0.08058600127696991
1451311343022,1,-0.1575089991092682,-0.334553986787796,-0.13308899104595184
1451311343042,1,-0.2319899946451187,-0.21367499232292175,-0.11721599847078323
1451311343062,1,-0.4236869812011719,-0.0488400012254715,-0.19169700145721436
1451311343082,1,-0.4395599961280823,-0.014651999808847904,-0.2905980050563812
1451311343102,1,-0.43467599153518677,0.021978000178933144,-0.38583600521087646
1451311343123,1,-0.2869350016117096,-0.1684979945421219,-0.40415099263191223
1451311343143,1,-0.1892549991607666,-0.2967030107975006,-0.2600730061531067
1451311343167,1,-0.26739898324012756,0.06104999780654907,0.21367499232292175
1451311343183,1,0.0,-0.02319899946451187,0.24542099237442017
1451311343203,1,0.24786299467086792,-0.2771669924259186,0.11477399617433548
1451311343223,1,0.27228298783302307,-0.5421239733695984,-0.04639799892902374
1451311343244,1,0.15262499451637268,-0.5470079779624939,-0.1404149979352951
1451311343263,1,0.035408999770879745,-0.422465980052948,-0.19169700145721436
1451311343283,1,-0.02319899946451187,-0.21855899691581726,-0.15873000025749207
1451311343308,1,-0.026861999183893204,-0.22344300150871277,-0.1404149979352951
1451311343325,1,0.030524998903274536,-0.20634900033473969,-0.07203900068998337
1451311343344,1,-0.02319899946451187,-0.1575089991092682,-0.0024419999681413174
1451311343365,1,-0.1025639995932579,0.010989000089466572,0.004883999936282635
1451311343384,1,-0.5274720191955566,1.202684998512268,0.003662999952211976
1451311343405,1,-0.6288149952888489,1.235651969909668,0.07081799954175949
1451311343426,1,-0.4883999824523926,0.7521359920501709,-0.04273499920964241
1451311343451,1,-0.1733819991350174,0.16483499109745026,-0.2649570107460022
1451311343465,1,0.13797299563884735,-0.03663000091910362,-0.4017089903354645
1451311343486,1,0.15506699681282043,-0.1941390037536621,-0.31013399362564087
1451311343506,1,0.097680002450943,-0.20268599689006805,-0.25763100385665894
1451311343526,1,0.007325999904423952,0.10866899788379669,-0.2222220003604889
1451311343544,1,0.0024419999681413174,0.17948700487613678,-0.25763100385665894
1451311343565,1,-0.12087900191545486,0.21733799576759338,-0.21733799576759338
1451311343586,1,-0.07692299783229828,0.08913300186395645,-0.04395600035786629
1451311343607,1,-0.0012209999840706587,-0.04273499920964241,-0.008546999655663967
1451311343626,1,-0.030524998903274536,-0.09279599785804749,0.004883999936282635
1451311343645,1,-0.07814399898052216,-0.13186800479888916,-0.04639799892902374
1451311343666,1,-0.08791200071573257,-0.1733819991350174,-0.05860799923539162
1451311343687,1,-0.05738699808716774,-0.24053700268268585,0.05860799923539162
1451311343708,1,0.02319899946451187,-0.3247860074043274,0.14407800137996674
1451311343735,1,0.03663000091910362,-0.2637360095977783,0.1941390037536621
1451311343746,1,0.05738699808716774,-0.19780199229717255,0.17582400143146515
1451311343767,1,0.06227099895477295,-0.12087900191545486,0.09279599785804749
1451311343788,1,0.0866909995675087,-0.18070799112319946,0.0866909995675087
1451311343806,1,0.15873000025749207,-0.2551890015602112,0.10500600188970566
1451311343828,1,0.1941390037536621,-0.22954799234867096,0.10988999903202057
1451311343846,1,0.1684979945421219,-0.1514039933681488,0.09035399556159973
1451311343867,1,0.11111100018024445,-0.12209999561309814,0.08058600127696991
1451311343887,1,0.05616600066423416,-0.1135529950261116,0.06104999780654907
1451311343907,1,0.05372399836778641,-0.13308899104595184,0.07692299783229828
1451311343927,1,0.06593400239944458,-0.10012199729681015,0.07814399898052216
1451311343947,1,0.05128199979662895,-0.07448099553585052,0.0757019966840744
1451311343967,1,0.02442000061273575,-0.09401699900627136,0.05250300094485283
1451311343989,1,-0.020756999030709267,-0.12087900191545486,0.03663000091910362
1451311344009,1,-0.08058600127696991,-0.14896199107170105,0.02319899946451187
1451311344031,2,-0.10866899788379669,-0.13186800479888916,0.021978000178933144
1451311344047,2,-0.13797299563884735,-0.08180700242519379,0.01831500045955181
1451311344069,2,-0.13430999219417572,-0.06593400239944458,0.015873000025749207
1451311344090,2,-0.12209999561309814,-0.08913300186395645,-0.006105000153183937
1451311344109,2,-0.14285700023174286,-0.11233200132846832,-0.03907199949026108
1451311344129,2,-0.15995100140571594,-0.11965800076723099,-0.030524998903274536
1451311344150,2,-0.1294260025024414,-0.11965800076723099,-0.010989000089466572
1451311344169,2,-0.08913300186395645,-0.09523800015449524,0.02319899946451187
1451311344189,2,-0.050060998648405075,-0.05738699808716774,0.03663000091910362
1451311344214,2,-0.01953599974513054,-0.030524998903274536,0.03296700119972229
1451311344229,2,-0.02930399961769581,0.0024419999681413174,0.02442000061273575
1451311344249,2,-0.05738699808716774,0.02442000061273575,0.021978000178933144
1451311344271,2,-0.05616600066423416,0.021978000178933144,0.020756999030709267
1451311344291,2,-0.017093999311327934,0.015873000025749207,0.03907199949026108
1451311344311,2,0.02930399961769581,0.00976799987256527,0.06349200010299683
1451311344329,2,0.0647130012512207,-0.035408999770879745,0.035408999770879745
1451311344351,2,0.06227099895477295,-0.03907199949026108,-0.00976799987256527
1451311344372,2,0.08791200071573257,-0.04395600035786629,-0.03907199949026108
1451311344391,2,0.11599499732255936,-0.03663000091910362,-0.05860799923539162
1451311344413,2,0.13675199449062347,-0.026861999183893204,-0.05860799923539162
1451311344429,2,0.1452990025281906,-0.045176997780799866,-0.045176997780799866
1451311344455,2,0.10134299844503403,-0.1135529950261116,-0.01831500045955181
1451311344476,2,0.06349200010299683,-0.11111100018024445,-0.00976799987256527
1451311344491,2,0.0488400012254715,-0.07936500012874603,0.003662999952211976
1451311344511,2,0.05860799923539162,-0.07081799954175949,0.02442000061273575
1451311344531,2,0.10988999903202057,-0.10378500074148178,0.07936500012874603
1451311344552,2,0.195360004901886,-0.2820509970188141,0.24053700268268585
1451311344571,2,0.19169700145721436,-0.35531100630760193,0.3137969970703125
1451311344592,2,0.1575089991092682,-0.37118399143218994,0.37118399143218994
1451311344616,2,0.1514039933681488,-0.33333298563957214,0.4493280053138733
1451311344631,2,-0.8901090025901794,-0.38705700635910034,-2.615381956100464
1451311344652,2,-0.21733799576759338,2.0695948600769043,0.3833940029144287
1451311344672,2,0.22954799234867096,0.3247860074043274,1.1184359788894653
1451311344692,2,0.5409029722213745,-1.7777760028839111,1.1746020317077637
1451311344712,2,0.11843699961900711,-2.3003640174865723,1.0061039924621582
1451311344732,2,-0.5396819710731506,-1.144076943397522,0.47374799847602844
1451311344754,2,-0.9767999649047852,0.11843699961900711,-0.20634900033473969
1451311344774,2,-0.8852249979972839,0.936506986618042,-0.7545779943466187
1451311344793,2,-0.4822950065135956,0.9242969751358032,-0.49084198474884033
1451311344813,2,-0.23076899349689484,0.7692300081253052,-0.27960899472236633
1451311344833,2,-0.08791200071573257,0.514041006565094,-0.11233200132846832
1451311344854,2,-0.008546999655663967,0.2222220003604889,-0.05372399836778641
1451311344874,2,0.18681299686431885,-0.2161169946193695,-0.0378509983420372
1451311344894,2,0.26251500844955444,-0.2161169946193695,-0.02808300033211708
1451311344914,2,0.3040289878845215,-0.21733799576759338,-0.059829000383615494
1451311344934,2,0.32600700855255127,-0.32600700855255127,-0.11599499732255936
1451311344955,2,0.2771669924259186,-0.4432229995727539,-0.23565299808979034
1451311344975,2,0.10500600188970566,-0.1684979945421219,-0.308912992477417
1451311344994,2,0.05250300094485283,0.020756999030709267,-0.308912992477417
1451311345014,2,0.013430999591946602,0.2429789900779724,-0.2857140004634857
1451311345035,2,-0.03418799862265587,0.33943799138069153,-0.22344300150871277
1451311345055,2,-0.045176997780799866,0.3076919913291931,-0.1623930037021637
1451311345075,2,-0.05128199979662895,0.06837599724531174,-0.12576299905776978
1451311345095,2,-0.06227099895477295,-0.5726490020751953,-0.07936500012874603
1451311345114,2,-0.1733819991350174,-0.5018309950828552,-0.08302799612283707
1451311345135,2,-0.7387049794197083,0.894993007183075,0.14896199107170105
1451311345155,2,-0.8107439875602722,0.7155060172080994,0.34310099482536316
1451311345175,2,-0.7387049794197083,0.34432199597358704,0.47863200306892395
1451311345195,2,0.14407800137996674,0.23565299808979034,0.4774110019207001
1451311345215,2,0.40415099263191223,-0.026861999183893204,0.28327199816703796
1451311345236,2,0.5067149996757507,-0.1465200036764145,0.05372399836778641
1451311345257,2,0.4871789813041687,-0.18681299686431885,-0.07448099553585052
1451311345277,2,0.42612898349761963,-0.23687399923801422,-0.08302799612283707
1451311345296,2,0.21001200377941132,-0.24542099237442017,-0.025640999898314476
1451311345317,2,0.10744799673557281,-0.1514039933681488,-0.00976799987256527
1451311345337,2,0.026861999183893204,-0.08546999841928482,-0.008546999655663967
1451311345357,2,0.014651999808847904,-0.04151399806141853,0.030524998903274536
1451311345379,2,-0.040293000638484955,-0.02319899946451187,0.097680002450943
1451311345396,2,-0.08180700242519379,-0.07203900068998337,0.167276993393898
1451311345417,2,-0.017093999311327934,-0.24053700268268585,0.21489599347114563
1451311345436,2,0.10500600188970566,-0.27838799357414246,0.18070799112319946
1451311345457,2,0.18559199571609497,-0.2380950003862381,0.15262499451637268
1451311345478,2,0.20757000148296356,-0.11843699961900711,0.15995100140571594
1451311345496,2,0.18681299686431885,-0.02930399961769581,0.17948700487613678
1451311345517,2,0.12087900191545486,-0.012210000306367874,0.09645900130271912
1451311345537,2,0.10622699558734894,-0.004883999936282635,0.03907199949026108
1451311345557,2,0.10378500074148178,0.03907199949026108,0.004883999936282635
1451311345578,2,0.11233200132846832,0.10500600188970566,0.014651999808847904
1451311345597,2,0.09157499670982361,0.14896199107170105,0.0488400012254715
1451311345617,2,-0.0488400012254715,0.07203900068998337,0.03174600005149841
1451311345638,2,-0.1355309933423996,-0.015873000025749207,-0.045176997780799866
1451311345658,2,-0.19291800260543823,-0.01953599974513054,-0.10378500074148178
1451311345678,2,-0.19902299344539642,0.0647130012512207,-0.07448099553585052
1451311345698,2,-0.15262499451637268,0.14163599908351898,-0.008546999655663967
1451311345718,2,-0.09157499670982361,0.12576299905776978,0.05372399836778641
1451311345739,2,0.026861999183893204,-0.03907199949026108,0.1452990025281906
1451311345760,2,0.04151399806141853,-0.09890099614858627,0.1514039933681488
1451311345819,2,0.27960899472236633,-0.05250300094485283,0.12698400020599365
1451311345838,2,0.32844898104667664,-0.006105000153183937,0.08791200071573257
1451311345859,2,0.2429789900779724,-0.006105000153183937,0.07936500012874603
1451311345878,2,0.13308899104595184,-0.040293000638484955,0.08424899727106094
1451311345898,2,0.11843699961900711,-0.04151399806141853,0.03663000091910362
1451311345918,2,0.1355309933423996,-0.02319899946451187,-0.006105000153183937
1451311345940,2,0.10500600188970566,0.01953599974513054,-0.01831500045955181
1451311345959,2,0.11111100018024445,0.006105000153183937,0.010989000089466572
1451311345979,2,0.13308899104595184,-0.05250300094485283,0.02930399961769581
1451311345999,2,0.12576299905776978,-0.097680002450943,0.04395600035786629
1451311346020,2,0.08913300186395645,-0.11477399617433548,0.0488400012254715
1451311346041,2,0.14774100482463837,-0.097680002450943,0.003662999952211976
1451311346060,1,0.29426100850105286,0.01953599974513054,0.0
1451311346080,1,0.27350398898124695,0.045176997780799866,0.0
1451311346101,1,0.2271059900522232,0.04395600035786629,0.01831500045955181
1451311346121,1,0.18681299686431885,-0.006105000153183937,0.045176997780799866
1451311346141,1,0.13919399678707123,-0.06593400239944458,0.06715499609708786
1451311346161,1,-0.054944999516010284,-0.006105000153183937,0.054944999516010284
1451311346180,1,-0.10012199729681015,0.05372399836778641,0.025640999898314476
1451311346201,1,-0.04395600035786629,0.06593400239944458,0.05738699808716774
1451311346221,1,0.003662999952211976,0.06349200010299683,0.1135529950261116
1451311346241,1,0.010989000089466572,0.040293000638484955,0.1562879979610443
1451311346261,1,0.0488400012254715,-0.010989000089466572,0.02930399961769581
1451311346281,1,0.08913300186395645,0.00976799987256527,-0.1025639995932579
1451311346302,1,0.15018299221992493,0.08302799612283707,-0.18681299686431885
1451311346322,1,0.21489599347114563,0.18559199571609497,-0.22466400265693665
1451311346342,1,0.2380950003862381,0.22954799234867096,-0.22832699120044708
1451311346368,1,0.15018299221992493,0.2820509970188141,-0.2441999912261963
1451311346382,1,0.08180700242519379,0.293040007352829,-0.21489599347114563
1451311346407,1,0.020756999030709267,0.36629998683929443,-0.15018299221992493
1451311346422,1,0.11233200132846832,0.3894990086555481,0.006105000153183937
1451311346443,1,0.30524998903274536,0.5323559641838074,0.1941390037536621
1451311346462,1,0.09035399556159973,0.586080014705658,0.5421239733695984
1451311346483,1,0.37118399143218994,-1.2197790145874023,1.5958470106124878
1451311346503,1,1.737483024597168,-2.1672749519348145,1.9365060329437256
1451311346523,1,2.0036609172821045,-2.4651989936828613,2.2173359394073486
1451311346543,1,1.810742974281311,-1.9230749607086182,1.6935269832611084
1451311346563,1,0.8180699944496155,-0.6056159734725952,0.4761900007724762
1451311346583,1,-2.180706024169922,2.2332088947296143,-1.08058500289917
1451311346604,1,-2.9987759590148926,2.0512800216674805,-0.4749689996242523
1451311346624,1,-2.5750889778137207,1.390718936920166,-0.05250300094485283
1451311346644,1,-1.1770440340042114,0.70940101146698,-0.03418799862265587
1451311346663,1,0.2271059900522232,0.10744799673557281,-0.15995100140571594
1451311346684,1,1.0525020360946655,-0.47252699732780457,-0.2600730061531067
1451311346704,1,0.5811960101127625,-0.3797309994697571,-0.1941390037536621
1451311346725,1,-0.015873000025749207,-0.15506699681282043,-0.12209999561309814
1451311346743,1,-0.44200199842453003,0.04395600035786629,-0.16483499109745026
1451311346763,1,-0.5531129837036133,0.11721599847078323,-0.3076919913291931
1451311346785,1,-0.3736259937286377,0.08180700242519379,-0.43467599153518677
1451311346805,1,-0.017093999311327934,0.008546999655663967,-0.3296699821949005
1451311346825,1,-0.02808300033211708,-0.026861999183893204,-0.16971899569034576
1451311346847,1,-0.1245419979095459,-0.09401699900627136,-0.0647130012512207
1451311346864,1,-0.19902299344539642,-0.1684979945421219,-0.05616600066423416
1451311346886,1,-0.17216099798679352,-0.1892549991607666,-0.12698400020599365
1451311346904,1,-0.0647130012512207,-0.02442000061273575,-0.19291800260543823
1451311346926,1,-0.07936500012874603,0.040293000638484955,-0.10622699558734894
1451311346947,1,-0.08546999841928482,0.04151399806141853,-0.02319899946451187
1451311346965,1,-0.06104999780654907,0.030524998903274536,-0.004883999936282635
1451311346986,1,-0.059829000383615494,0.012210000306367874,-0.015873000025749207
1451311347005,1,0.045176997780799866,-0.01831500045955181,-0.04761900007724762
1451311347026,1,0.1025639995932579,-0.05250300094485283,-0.03418799862265587
1451311347046,1,0.10866899788379669,-0.04395600035786629,-0.01953599974513054
1451311347067,1,0.07448099553585052,-0.026861999183893204,-0.00976799987256527
1451311347085,1,0.03296700119972229,-0.03663000091910362,-0.008546999655663967
1451311347106,1,0.006105000153183937,-0.07936500012874603,-0.03296700119972229
1451311347126,1,-0.0024419999681413174,-0.2637360095977783,-0.10744799673557281
1451311347146,1,0.06959699839353561,-0.43589699268341064,-0.19291800260543823
1451311347166,1,0.07692299783229828,-0.4053719937801361,-0.23687399923801422
1451311347188,1,-0.1782660037279129,0.02808300033211708,-0.05250300094485283
1451311347208,1,-0.10866899788379669,0.2600730061531067,0.10744799673557281
1451311347227,1,0.2771669924259186,-0.2588520050048828,-0.1733819991350174
1451311347252,1,0.299144983291626,-0.627593994140625,-0.2600730061531067
1451311347267,1,0.3150179982185364,-0.9499379992485046,-0.3028079867362976
1451311347288,1,0.26739898324012756,-0.9133079648017883,-0.3882780075073242
1451311347308,1,-0.030524998903274536,-0.0378509983420372,-0.3235650062561035
1451311347329,1,0.03174600005149841,0.4236869812011719,-0.1135529950261116
1451311347347,1,0.2808299958705902,0.1733819991350174,-0.12209999561309814
1451311347368,1,0.24786299467086792,-0.1733819991350174,-0.09523800015449524
1451311347389,1,-0.03174600005149841,-0.22344300150871277,-0.1135529950261116
1451311347408,1,-0.3687419891357422,0.04395600035786629,-0.13919399678707123
1451311347429,1,-0.5250300168991089,0.2905980050563812,-0.1623930037021637
1451311347448,1,-0.4004879891872406,0.2002439945936203,-0.09890099614858627
1451311347468,1,-0.2051279991865158,0.03418799862265587,-0.06837599724531174
1451311347496,1,0.008546999655663967,-0.08546999841928482,-0.07814399898052216
1451311347509,1,0.15384599566459656,-0.10500600188970566,-0.08546999841928482
1451311347529,1,0.13308899104595184,-0.09279599785804749,-0.08302799612283707
1451311347549,1,-0.05250300094485283,-0.020756999030709267,-0.08058600127696991
1451311347569,1,-0.11477399617433548,0.00976799987256527,-0.10866899788379669
1451311347589,1,-0.14285700023174286,0.050060998648405075,-0.10744799673557281
1451311347609,1,-0.13186800479888916,0.08302799612283707,-0.08180700242519379
1451311347629,1,-0.09645900130271912,0.059829000383615494,-0.040293000638484955
1451311347649,1,0.0024419999681413174,-0.02808300033211708,-0.01831500045955181
1451311347669,1,-0.020756999030709267,-0.003662999952211976,-0.012210000306367874
1451311347690,1,-0.08546999841928482,0.02319899946451187,0.00976799987256527
1451311347709,1,-0.13797299563884735,0.01831500045955181,0.014651999808847904
1451311347729,1,-0.12820500135421753,0.01953599974513054,0.004883999936282635
1451311347749,1,-0.06593400239944458,0.0012209999840706587,-0.003662999952211976
1451311347771,1,0.021978000178933144,0.0024419999681413174,0.02319899946451187
1451311347790,1,-0.004883999936282635,-0.014651999808847904,0.054944999516010284
1451311347810,1,-0.06227099895477295,-0.04273499920964241,0.054944999516010284
1451311347835,1,-0.1514039933681488,-0.0757019966840744,0.025640999898314476
1451311347850,1,-0.22344300150871277,-0.1135529950261116,0.0012209999840706587
1451311347870,1,-0.13797299563884735,-0.05128199979662895,-0.021978000178933144
1451311347892,1,-0.03174600005149841,-0.004883999936282635,-0.012210000306367874
1451311347910,1,0.03296700119972229,0.007325999904423952,0.02442000061273575
1451311347930,1,0.0488400012254715,0.007325999904423952,0.05250300094485283
1451311347952,1,0.06593400239944458,0.008546999655663967,0.05128199979662895
1451311347972,1,0.05372399836778641,0.00976799987256527,0.020756999030709267
1451311347992,1,0.01953599974513054,0.004883999936282635,0.003662999952211976
1451311348011,1,-0.007325999904423952,-0.015873000025749207,-0.0012209999840706587
1451311348031,1,-0.013430999591946602,-0.01953599974513054,-0.0012209999840706587
1451311348051,1,0.006105000153183937,-0.013430999591946602,0.017093999311327934
1451311348074,2,0.040293000638484955,0.0,0.04151399806141853
1451311348093,2,0.06715499609708786,-0.004883999936282635,0.026861999183893204
1451311348113,2,0.014651999808847904,-0.0012209999840706587,0.0
1451311348131,2,-0.03418799862265587,0.014651999808847904,-0.00976799987256527
1451311348156,2,-0.03907199949026108,0.020756999030709267,-0.0012209999840706587
1451311348173,2,-0.020756999030709267,0.021978000178933144,0.015873000025749207
1451311348193,2,0.05616600066423416,0.026861999183893204,0.01953599974513054
1451311348212,2,0.0647130012512207,0.013430999591946602,0.03174600005149841
1451311348236,2,0.03296700119972229,-0.0024419999681413174,0.03907199949026108
1451311348253,2,-0.003662999952211976,-0.013430999591946602,0.04761900007724762
1451311348273,2,-0.013430999591946602,-0.01831500045955181,0.04395600035786629
1451311348293,2,-0.0024419999681413174,-0.008546999655663967,0.03296700119972229
1451311348313,2,0.040293000638484955,0.007325999904423952,0.03418799862265587
1451311348333,2,0.08546999841928482,0.008546999655663967,0.03663000091910362
1451311348354,2,0.09890099614858627,-0.007325999904423952,0.021978000178933144
1451311348374,2,0.07814399898052216,-0.008546999655663967,-0.006105000153183937
1451311348394,2,0.03907199949026108,0.006105000153183937,0.012210000306367874
1451311348413,2,0.004883999936282635,0.003662999952211976,0.020756999030709267
1451311348435,2,0.02808300033211708,0.017093999311327934,0.0024419999681413174
1451311348454,2,0.02319899946451187,0.013430999591946602,0.003662999952211976
1451311348475,2,0.0024419999681413174,-0.008546999655663967,0.026861999183893204
1451311348496,2,-0.02442000061273575,-0.015873000025749207,0.040293000638484955
1451311348513,2,-0.03174600005149841,-0.006105000153183937,0.05616600066423416
1451311348539,2,-0.03907199949026108,0.004883999936282635,0.06959699839353561
1451311348556,2,-0.054944999516010284,0.02442000061273575,0.07203900068998337
1451311348575,2,-0.08913300186395645,0.017093999311327934,0.10134299844503403
1451311348596,2,-0.11843699961900711,0.0,0.23931600153446198
1451311348614,2,-0.8534789681434631,1.6971899271011353,-1.7851020097732544
1451311348636,2,-0.6837599873542786,0.9340649843215942,-0.3943829834461212
1451311348655,2,-0.21245399117469788,-0.08791200071573257,0.25152599811553955
1451311348675,2,-0.05250300094485283,-0.7387049794197083,0.6544560194015503
1451311348697,2,-0.14774100482463837,-0.6263729929924011,0.7399259805679321
1451311348715,2,-0.34432199597358704,0.19047600030899048,0.05738699808716774
1451311348735,2,-0.13186800479888916,0.20879100263118744,-0.22344300150871277
1451311348755,2,0.04761900007724762,0.10134299844503403,-0.19291800260543823
1451311348777,2,0.13430999219417572,0.059829000383615494,0.020756999030709267
1451311348795,2,0.1623930037021637,0.026861999183893204,0.13430999219417572
1451311348816,2,0.14896199107170105,0.00976799987256527,0.08424899727106094
1451311348836,2,0.030524998903274536,-0.013430999591946602,-0.03174600005149841
1451311348856,2,-0.007325999904423952,-0.0012209999840706587,-0.010989000089466572
1451311348878,2,-0.0024419999681413174,0.0012209999840706587,0.02442000061273575
1451311348897,2,0.03296700119972229,-0.008546999655663967,0.0378509983420372
1451311348916,2,0.08180700242519379,-0.02319899946451187,0.017093999311327934
1451311348938,2,0.1025639995932579,-0.04761900007724762,-0.014651999808847904
1451311348957,2,0.08180700242519379,-0.0378509983420372,0.010989000089466572
1451311348977,2,0.07326000183820724,-0.01953599974513054,0.040293000638484955
1451311348996,2,0.09035399556159973,-0.017093999311327934,0.06593400239944458
1451311349018,2,0.09157499670982361,-0.02319899946451187,0.09035399556159973
1451311349042,2,0.02442000061273575,-0.05860799923539162,0.05372399836778641
1451311349058,2,0.007325999904423952,-0.05738699808716774,0.006105000153183937
1451311349079,2,-0.01953599974513054,-0.05616600066423416,-0.006105000153183937
1451311349097,2,-0.02808300033211708,-0.054944999516010284,0.026861999183893204
1451311349117,2,-0.014651999808847904,-0.04273499920964241,0.05738699808716774
1451311349138,2,0.017093999311327934,-0.02319899946451187,0.054944999516010284
1451311349158,2,0.01953599974513054,-0.007325999904423952,0.004883999936282635
1451311349178,2,-0.014651999808847904,-0.008546999655663967,-0.006105000153183937
1451311349199,2,-0.040293000638484955,-0.004883999936282635,-0.0024419999681413174
1451311349219,2,-0.04151399806141853,-0.008546999655663967,0.012210000306367874
1451311349237,2,-0.03663000091910362,-0.014651999808847904,0.021978000178933144
1451311349258,2,-0.035408999770879745,0.004883999936282635,0.012210000306367874
1451311349280,2,-0.04151399806141853,0.0,-0.007325999904423952
1451311349299,2,-0.021978000178933144,0.006105000153183937,-0.017093999311327934
1451311349319,2,-0.01831500045955181,0.004883999936282635,-0.013430999591946602
1451311349339,2,-0.02808300033211708,-0.004883999936282635,0.008546999655663967
1451311349361,2,-0.010989000089466572,-0.050060998648405075,0.026861999183893204
1451311349380,2,-0.008546999655663967,-0.054944999516010284,0.035408999770879745
1451311349399,2,-0.01831500045955181,-0.03418799862265587,0.03907199949026108
1451311349419,2,-0.02808300033211708,0.012210000306367874,0.040293000638484955
1451311349440,2,-0.0012209999840706587,0.02808300033211708,0.05372399836778641
1451311349461,2,0.021978000178933144,0.026861999183893204,0.07814399898052216
1451311349480,2,0.12332099676132202,-0.045176997780799866,0.13308899104595184
1451311349500,2,0.14407800137996674,-0.07448099553585052,0.14163599908351898
1451311349521,2,0.11721599847078323,-0.06837599724531174,0.12332099676132202
1451311349541,2,0.06715499609708786,-0.01831500045955181,0.10744799673557281
1451311349561,2,0.045176997780799866,0.03296700119972229,0.08791200071573257
1451311349580,2,0.07814399898052216,0.09401699900627136,0.040293000638484955
1451311349602,2,0.08546999841928482,0.08791200071573257,0.026861999183893204
1451311349620,2,0.09645900130271912,0.05372399836778641,0.035408999770879745
1451311349641,2,0.10134299844503403,0.017093999311327934,0.02930399961769581
1451311349661,2,0.09523800015449524,-0.004883999936282635,0.015873000025749207
1451311349681,2,0.06349200010299683,0.025640999898314476,-0.030524998903274536
1451311349701,2,0.04273499920964241,0.05250300094485283,-0.06227099895477295
1451311349721,2,0.01831500045955181,0.0647130012512207,-0.09279599785804749
1451311349748,2,-0.026861999183893204,0.059829000383615494,-0.10012199729681015
1451311349761,2,-0.04761900007724762,0.021978000178933144,-0.09645900130271912
1451311349782,2,-0.06593400239944458,0.0012209999840706587,-0.08058600127696991
1451311349802,2,-0.1135529950261116,0.0488400012254715,-0.05738699808716774
1451311349823,2,-0.1684979945421219,0.07081799954175949,-0.03663000091910362
1451311349843,2,-0.19780199229717255,0.06959699839353561,-0.02319899946451187
1451311349863,2,-0.18681299686431885,0.05738699808716774,-0.025640999898314476
1451311349887,2,-0.15873000025749207,0.01831500045955181,-0.01831500045955181
1451311349904,2,-0.13430999219417572,0.04395600035786629,-0.03296700119972229
1451311349923,2,-0.1452990025281906,0.08058600127696991,-0.04151399806141853
1451311349945,2,-0.12698400020599365,0.07692299783229828,-0.03174600005149841
1451311349963,2,-0.09279599785804749,0.03418799862265587,-0.02808300033211708
1451311349982,2,-0.03907199949026108,-0.015873000025749207,-0.02930399961769581
1451311350004,2,0.020756999030709267,-0.040293000638484955,-0.04151399806141853
1451311350024,2,0.03418799862265587,0.0024419999681413174,-0.03907199949026108
1451311350045,2,0.021978000178933144,0.007325999904423952,-0.017093999311327934
1451311350063,2,0.007325999904423952,-0.026861999183893204,-0.007325999904423952
1451311350083,2,-0.0488400012254715,-0.050060998648405075,-0.013430999591946602
1451311350103,1,-0.07692299783229828,-0.04151399806141853,-0.01831500045955181
1451311350125,1,-0.040293000638484955,0.040293000638484955,0.0
1451311350146,1,-0.01953599974513054,0.06715499609708786,0.01831500045955181
1451311350164,1,0.02930399961769581,0.03296700119972229,0.050060998648405075
1451311350185,1,0.06349200010299683,-0.01953599974513054,0.06104999780654907
1451311350204,1,0.0757019966840744,-0.025640999898314476,0.054944999516010284
1451311350225,1,-0.00976799987256527,0.04639799892902374,0.05738699808716774
1451311350244,1,-0.07936500012874603,0.09401699900627136,0.08424899727106094
1451311350264,1,-0.09279599785804749,0.10012199729681015,0.097680002450943
1451311350284,1,-0.0488400012254715,0.07814399898052216,0.0757019966840744
1451311350305,1,0.026861999183893204,0.04151399806141853,0.054944999516010284
1451311350325,1,0.020756999030709267,0.04639799892902374,0.040293000638484955
1451311350345,1,-0.030524998903274536,0.05860799923539162,0.059829000383615494
1451311350365,1,-0.05616600066423416,0.05372399836778641,0.06959699839353561
1451311350386,1,-0.007325999904423952,0.004883999936282635,0.05860799923539162
1451311350407,1,0.10866899788379669,-0.07936500012874603,0.05250300094485283
1451311350427,1,0.2271059900522232,-0.05738699808716774,0.05616600066423416
1451311350447,1,0.2332109957933426,0.003662999952211976,0.09035399556159973
1451311350467,1,0.2222220003604889,-0.010989000089466572,0.09401699900627136
1451311350486,1,0.22832699120044708,-0.10378500074148178,0.11233200132846832
1451311350507,1,0.2600730061531067,-0.14774100482463837,0.11233200132846832
1451311350525,1,0.2490839958190918,-0.07203900068998337,0.01953599974513054
1451311350546,1,0.11477399617433548,0.15873000025749207,-0.1452990025281906
1451311350571,1,0.1245419979095459,0.13919399678707123,-0.16361400485038757
1451311350586,1,0.20268599689006805,0.097680002450943,-0.16605599224567413
1451311350607,1,0.2747249901294708,0.07326000183820724,-0.20757000148296356
1451311350629,1,0.2820509970188141,0.13430999219417572,-0.2918190062046051
1451311350651,1,0.02930399961769581,0.3614159822463989,-0.4493280053138733
1451311350667,1,-0.14163599908351898,0.3992669880390167,-0.4981679916381836
1451311350688,1,-0.2771669924259186,0.44566500186920166,-0.5347979664802551
1451311350708,1,-0.3296699821949005,0.35531100630760193,-0.4664219915866852
1451311350728,1,-0.18314999341964722,0.19780199229717255,-0.29426100850105286
1451311350753,1,-0.11599499732255936,-0.11721599847078323,0.24786299467086792
1451311350767,1,-0.5030519962310791,-1.2991440296173096,1.2637349367141724
1451311350789,1,0.27228298783302307,-1.62637197971344,1.4371169805526733
1451311350808,1,0.5494499802589417,-1.1269829273223877,1.1050050258636475
1451311350830,1,0.3687419891357422,-0.49938899278640747,0.16117200255393982
1451311350847,1,-0.1465200036764145,0.14285700023174286,-0.7020750045776367
1451311350874,1,-1.3064700365066528,0.8583629727363586,-0.5616599917411804
1451311350889,1,-1.2197790145874023,0.26739898324012756,0.1404149979352951
1451311350909,1,-0.5885220170021057,-0.3040289878845215,0.46275898814201355
1451311350928,1,0.11721599847078323,-0.5641019940376282,0.4590959846973419
1451311350948,1,0.5604389905929565,-0.43589699268341064,0.2820509970188141
1451311350974,1,0.43101298809051514,-0.035408999770879745,-0.0647130012512207
1451311350989,1,0.17216099798679352,0.14896199107170105,-0.07081799954175949
1451311351010,1,-0.026861999183893204,0.23687399923801422,-0.021978000178933144
1451311351030,1,-0.1025639995932579,0.18192899227142334,0.008546999655663967
1451311351054,1,-0.07203900068998337,0.06227099895477295,-0.008546999655663967
1451311351070,1,-0.012210000306367874,-0.05860799923539162,0.006105000153183937
1451311351091,1,-0.008546999655663967,-0.035408999770879745,0.0378509983420372
1451311351109,1,0.007325999904423952,-0.0024419999681413174,0.054944999516010284
1451311351129,1,-0.008546999655663967,0.007325999904423952,0.0488400012254715
1451311351149,1,-0.01953599974513054,0.006105000153183937,0.026861999183893204
1451311351170,1,-0.06349200010299683,-0.03663000091910362,0.007325999904423952
1451311351191,1,-0.12576299905776978,-0.017093999311327934,0.013430999591946602
1451311351211,1,-0.1465200036764145,-0.03663000091910362,0.026861999183893204
1451311351231,1,-0.0757019966840744,-0.021978000178933144,0.03418799862265587
1451311351255,1,0.003662999952211976,-0.026861999183893204,0.04395600035786629
1451311351271,1,0.026861999183893204,-0.07814399898052216,0.06104999780654907
1451311351292,1,0.013430999591946602,-0.05860799923539162,0.0378509983420372
1451311351315,1,-0.0024419999681413174,-0.05250300094485283,0.0378509983420372
1451311351334,1,-0.006105000153183937,-0.05860799923539162,0.03907199949026108
1451311351351,1,-0.021978000178933144,-0.0866909995675087,0.045176997780799866
1451311351371,1,-0.01953599974513054,-0.09401699900627136,0.040293000638484955
1451311351392,1,-0.021978000178933144,-0.10012199729681015,-0.012210000306367874
1451311351413,1,-0.04639799892902374,-0.08913300186395645,-0.03296700119972229
1451311351431,1,-0.07203900068998337,-0.0866909995675087,-0.05128199979662895
1451311351452,1,-0.0866909995675087,-0.0647130012512207,-0.054944999516010284
1451311351473,1,-0.09279599785804749,-0.0378509983420372,-0.05616600066423416
1451311351493,1,-0.08546999841928482,-0.03663000091910362,-0.04761900007724762
1451311351511,1,-0.03907199949026108,-0.09279599785804749,-0.05372399836778641
1451311351532,1,-0.02442000061273575,-0.10866899788379669,-0.06593400239944458
1451311351551,1,-0.04151399806141853,-0.09890099614858627,-0.06837599724531174
1451311351573,1,-0.06593400239944458,-0.06349200010299683,-0.06593400239944458
1451311351594,1,-0.11965800076723099,-0.02808300033211708,-0.050060998648405075
1451311351612,1,-0.11599499732255936,-0.013430999591946602,-0.035408999770879745
1451311351633,1,-0.05250300094485283,-0.015873000025749207,-0.035408999770879745
1451311351653,1,-0.02808300033211708,-0.035408999770879745,-0.014651999808847904
1451311351673,1,-0.0378509983420372,-0.04761900007724762,0.0
1451311351692,1,-0.054944999516010284,-0.026861999183893204,-0.020756999030709267
1451311351713,1,-0.06593400239944458,0.026861999183893204,-0.02930399961769581
1451311351737,1,-0.04151399806141853,-0.004883999936282635,0.006105000153183937
1451311351753,1,-0.013430999591946602,-0.015873000025749207,0.02930399961769581
1451311351775,1,0.0024419999681413174,-0.026861999183893204,0.02808300033211708
1451311351794,1,0.007325999904423952,-0.0012209999840706587,0.0012209999840706587
1451311351814,1,-0.02442000061273575,0.01953599974513054,-0.0024419999681413174
1451311351835,1,-0.010989000089466572,0.03663000091910362,0.045176997780799866
1451311351855,1,0.020756999030709267,0.017093999311327934,0.05128199979662895
1451311351875,1,0.04273499920964241,-0.012210000306367874,0.04395600035786629
1451311351902,1,0.0488400012254715,-0.021978000178933144,0.02808300033211708
1451311351914,1,0.03663000091910362,-0.020756999030709267,0.03907199949026108
1451311351934,1,0.006105000153183937,0.020756999030709267,0.03907199949026108
1451311351956,1,0.0024419999681413174,0.02808300033211708,0.015873000025749207
1451311351976,1,-0.0012209999840706587,0.020756999030709267,-0.003662999952211976
1451311351995,1,0.007325999904423952,0.010989000089466572,-0.014651999808847904
1451311352014,1,0.006105000153183937,0.006105000153183937,-0.012210000306367874
1451311352039,1,0.02319899946451187,0.02930399961769581,-0.025640999898314476
1451311352057,1,0.03418799862265587,0.03418799862265587,-0.02442000061273575
1451311352077,1,0.026861999183893204,0.02930399961769581,-0.02442000061273575
1451311352095,1,0.0,0.03907199949026108,-0.03663000091910362
1451311352115,2,-0.026861999183893204,0.04151399806141853,-0.025640999898314476
1451311352136,2,-0.014651999808847904,0.04639799892902374,-0.014651999808847904
1451311352157,2,0.025640999898314476,0.04151399806141853,-0.007325999904423952
1451311352176,2,0.025640999898314476,0.02442000061273575,-0.013430999591946602
1451311352197,2,0.021978000178933144,0.02442000061273575,-0.030524998903274536
1451311352220,2,0.0012209999840706587,0.02442000061273575,-0.04151399806141853
1451311352237,2,-0.021978000178933144,0.02319899946451187,-0.040293000638484955
1451311352257,2,0.008546999655663967,-0.05372399836778641,-0.007325999904423952
1451311352277,2,0.026861999183893204,-0.06349200010299683,0.0024419999681413174
1451311352297,2,0.010989000089466572,-0.02930399961769581,-0.010989000089466572
1451311352321,2,-0.014651999808847904,0.0378509983420372,-0.035408999770879745
1451311352338,2,-0.03296700119972229,0.05616600066423416,-0.05128199979662895
1451311352358,2,-0.008546999655663967,-0.00976799987256527,-0.04761900007724762
1451311352377,2,-0.007325999904423952,-0.02319899946451187,-0.05372399836778641
1451311352398,2,-0.02442000061273575,0.0,-0.06715499609708786
1451311352418,2,-0.04273499920964241,0.04273499920964241,-0.08058600127696991
1451311352438,2,-0.05128199979662895,0.06837599724531174,-0.08546999841928482
1451311352458,2,-0.04639799892902374,0.05372399836778641,-0.09157499670982361
1451311352479,2,0.004883999936282635,-0.010989000089466572,-0.0866909995675087
1451311352497,2,0.014651999808847904,-0.04273499920964241,-0.10378500074148178
1451311352519,2,0.013430999591946602,-0.04395600035786629,-0.13064700365066528
1451311352539,2,-0.012210000306367874,-0.0488400012254715,-0.12332099676132202
1451311352558,2,-0.03174600005149841,-0.05738699808716774,-0.10622699558734894
1451311352578,2,-0.0488400012254715,-0.09523800015449524,-0.11599499732255936
1451311352597,2,-0.05616600066423416,-0.11233200132846832,-0.12209999561309814
1451311352618,2,-0.050060998648405075,-0.09401699900627136,-0.12576299905776978
1451311352638,2,-0.0488400012254715,-0.07326000183820724,-0.10134299844503403
1451311352659,2,-0.05616600066423416,-0.05250300094485283,-0.09645900130271912
1451311352678,2,-0.14407800137996674,-0.035408999770879745,0.03418799862265587
1451311352698,2,-0.21367499232292175,-0.059829000383615494,0.2161169946193695
1451311352718,2,-0.6495720148086548,-0.4432229995727539,-2.4102540016174316
1451311352740,2,-0.4859579801559448,1.9426109790802002,-1.1294249296188354
1451311352759,2,-0.5347979664802551,1.029302954673767,0.021978000178933144
1451311352785,2,-0.03418799862265587,-0.04395600035786629,0.9279599785804749
1451311352800,2,-0.17704500257968903,-1.1416349411010742,1.144076943397522
1451311352820,2,-0.3638579845428467,-0.617825984954834,0.9157499670982361
1451311352840,2,-0.34310099482536316,-0.14774100482463837,0.308912992477417
1451311352860,2,-0.23443199694156647,0.18070799112319946,-0.22344300150871277
1451311352881,2,-0.1684979945421219,0.2637360095977783,-0.23443199694156647
1451311352900,2,0.04273499920964241,-0.013430999591946602,0.1452990025281906
1451311352920,2,0.1465200036764145,-0.11599499732255936,0.12087900191545486
1451311352940,2,0.12332099676132202,-0.11477399617433548,0.008546999655663967
1451311352961,2,0.02319899946451187,-0.02319899946451187,-0.08424899727106094
1451311352980,2,-0.059829000383615494,0.03907199949026108,-0.09279599785804749
1451311353001,2,0.004883999936282635,-0.0024419999681413174,-0.007325999904423952
1451311353026,2,0.097680002450943,-0.050060998648405075,0.014651999808847904
1451311353041,2,0.1684979945421219,-0.05128199979662895,0.017093999311327934
1451311353063,2,0.1843709945678711,-0.030524998903274536,0.021978000178933144
1451311353084,2,0.18192899227142334,0.004883999936282635,0.04151399806141853
1451311353100,2,0.15873000025749207,0.04151399806141853,0.08302799612283707
1451311353122,2,0.09035399556159973,0.014651999808847904,0.10134299844503403
1451311353142,2,0.050060998648405075,-0.03907199949026108,0.11843699961900711
1451311353162,2,0.01831500045955181,-0.08913300186395645,0.10134299844503403
1451311353185,2,0.0024419999681413174,-0.08791200071573257,0.06837599724531174
1451311353202,2,-0.008546999655663967,-0.054944999516010284,0.045176997780799866
1451311353221,2,0.021978000178933144,0.003662999952211976,0.1135529950261116
1451311353242,2,0.10012199729681015,0.017093999311327934,0.14774100482463837
1451311353261,2,0.17093999683856964,0.017093999311327934,0.14896199107170105
1451311353282,2,0.20879100263118744,0.004883999936282635,0.1355309933423996
1451311353303,2,0.21245399117469788,0.010989000089466572,0.10500600188970566
1451311353323,2,0.25763100385665894,0.07203900068998337,0.01831500045955181
1451311353347,2,0.2771669924259186,0.08058600127696991,0.010989000089466572
1451311353362,2,0.26251500844955444,0.07326000183820724,0.006105000153183937
1451311353382,2,0.21245399117469788,0.03907199949026108,0.003662999952211976
1451311353403,2,0.1355309933423996,-0.0012209999840706587,-0.025640999898314476
1451311353424,2,0.02319899946451187,-0.013430999591946602,-0.09035399556159973
1451311353448,2,0.006105000153183937,-0.01953599974513054,-0.09645900130271912
1451311353463,2,-0.013430999591946602,-0.02319899946451187,-0.08058600127696991
1451311353484,2,-0.021978000178933144,-0.02808300033211708,-0.06959699839353561
1451311353504,2,-0.03663000091910362,-0.03174600005149841,-0.05616600066423416
1451311353524,2,-0.06349200010299683,-0.026861999183893204,-0.04395600035786629
1451311353546,2,-0.13186800479888916,-0.06593400239944458,-0.003662999952211976
1451311353569,2,-0.13675199449062347,-0.06593400239944458,0.004883999936282635
1451311353585,2,-0.09645900130271912,-0.040293000638484955,0.010989000089466572
1451311353604,2,0.004883999936282635,-0.0024419999681413174,0.025640999898314476
1451311353624,2,0.09890099614858627,0.004883999936282635,0.040293000638484955
1451311353644,2,0.06104999780654907,-0.06593400239944458,0.0866909995675087
1451311353664,2,-0.040293000638484955,-0.0647130012512207,0.07448099553585052
1451311353683,2,-0.11111100018024445,-0.054944999516010284,0.03418799862265587
1451311353704,2,-0.12332099676132202,-0.05738699808716774,-0.010989000089466572
1451311353725,2,-0.097680002450943,-0.05250300094485283,-0.04395600035786629
1451311353747,2,-0.0024419999681413174,-0.02442000061273575,0.01831500045955181
1451311353764,2,0.03174600005149841,0.006105000153183937,0.05250300094485283
1451311353791,2,0.06227099895477295,0.02930399961769581,0.06959699839353561
1451311353805,2,0.06227099895477295,0.03174600005149841,0.07081799954175949
1451311353826,2,0.03296700119972229,0.013430999591946602,0.06837599724531174
1451311353845,2,-0.013430999591946602,-0.006105000153183937,0.06104999780654907
1451311353866,2,-0.06349200010299683,-0.03907199949026108,0.05860799923539162
1451311353887,2,-0.059829000383615494,-0.02319899946451187,0.06227099895477295
1451311353907,2,-0.05860799923539162,0.003662999952211976,0.06104999780654907
1451311353927,2,-0.06837599724531174,0.008546999655663967,0.04761900007724762
1451311353946,2,-0.05128199979662895,0.0012209999840706587,0.05250300094485283
1451311353966,2,-0.02808300033211708,0.01953599974513054,0.07203900068998337
1451311353987,2,-0.035408999770879745,0.025640999898314476,0.07081799954175949
1451311354007,2,-0.035408999770879745,0.054944999516010284,0.07203900068998337
1451311354027,2,-0.013430999591946602,0.07814399898052216,0.07326000183820724
1451311354046,2,-0.003662999952211976,0.07203900068998337,0.08791200071573257
1451311354068,2,-0.010989000089466572,0.06593400239944458,0.10012199729681015
1451311354088,2,-0.013430999591946602,0.06959699839353561,0.07814399898052216
1451311354107,2,-0.025640999898314476,0.06593400239944458,0.059829000383615494
1451311354127,2,-0.050060998648405075,0.06593400239944458,0.04395600035786629
