1451311430698,1,-0.15995100140571594,-0.08791200071573257,-0.16117200255393982
1451311430719,1,-0.08302799612283707,0.01831500045955181,-0.22954799234867096
1451311430736,1,0.003662999952211976,0.11599499732255936,-0.32112300395965576
1451311430764,1,0.015873000025749207,0.017093999311327934,-0.39194098114967346
1451311430778,1,-0.003662999952211976,-0.05616600066423416,-0.4615379869937897
1451311430798,1,0.05372399836778641,-0.36507898569107056,-0.19047600030899048
1451311430818,1,0.2332109957933426,-0.5482289791107178,-0.015873000025749207
1451311430837,1,0.3772889971733093,-0.536018967628479,0.05616600066423416
1451311430858,1,0.40415099263191223,-0.3687419891357422,-0.014651999808847904
1451311430878,1,0.36996299028396606,-0.18803399801254272,-0.10988999903202057
1451311430900,1,0.28327199816703796,-0.17948700487613678,0.00976799987256527
1451311430918,1,0.05738699808716774,-0.1514039933681488,0.05616600066423416
1451311430948,1,0.06593400239944458,0.026861999183893204,0.0647130012512207
1451311430958,1,0.14774100482463837,0.23076899349689484,0.04761900007724762
1451311430978,1,0.2698409855365753,0.3675209879875183,0.008546999655663967
1451311431000,1,0.36019498109817505,0.38705700635910034,-0.05128199979662895
1451311431024,1,0.2319899946451187,0.4004879891872406,-0.2380950003862381
1451311431039,1,0.08058600127696991,0.5433449745178223,-0.26251500844955444
1451311431062,1,-0.013430999591946602,0.8412690162658691,-0.32234400510787964
1451311431082,1,0.0488400012254715,0.8632469773292542,-0.2637360095977783
1451311431103,1,0.08424899727106094,0.6739919781684875,-0.23687399923801422
1451311431120,1,0.659339964389801,-1.235651969909668,1.4444429874420166
1451311431139,1,1.1282039880752563,-1.4664210081100464,1.6410239934921265
1451311431160,1,0.7960919737815857,-0.7545779943466187,0.8021969795227051
1451311431180,1,0.24664199352264404,0.2380950003862381,-0.5128200054168701
1451311431201,1,-0.35409000515937805,0.7582409977912903,-1.0354080200195313
1451311431223,1,-0.9938939809799194,0.4236869812011719,0.5579969882965088
1451311431239,1,-0.7289369702339172,-0.2503049969673157,1.0879110097885132
1451311431261,1,-0.11843699961900711,-0.8156279921531677,0.8522579669952393
1451311431281,1,0.42490798234939575,-0.9426119923591614,0.2161169946193695
1451311431301,1,0.5433449745178223,-0.7851029634475708,-0.21855899691581726
1451311431320,1,0.2979239821434021,-0.4236869812011719,-0.2747249901294708
1451311431340,1,-0.34920600056648254,0.1404149979352951,-0.12209999561309814
1451311431365,1,-0.5006099939346313,0.14774100482463837,-0.18559199571609497
1451311431381,1,-0.45054900646209717,0.05372399836778641,-0.32112300395965576
1451311431401,1,-0.2490839958190918,-0.035408999770879745,-0.3833940029144287
1451311431423,1,-0.050060998648405075,-0.14407800137996674,-0.29426100850105286
1451311431441,1,0.097680002450943,-0.33333298563957214,-0.004883999936282635
1451311431461,1,0.04273499920964241,-0.3516480028629303,0.02930399961769581
1451311431481,1,-0.054944999516010284,-0.27228298783302307,-0.02319899946451187
1451311431501,1,-0.16483499109745026,-0.07203900068998337,-0.09890099614858627
1451311431522,1,-0.2271059900522232,0.1733819991350174,-0.14163599908351898
1451311431542,1,-0.2490839958190918,0.3467639982700348,-0.167276993393898
1451311431563,1,-0.23076899349689484,0.27960899472236633,-0.19291800260543823
1451311431583,1,-0.27350398898124695,0.1135529950261116,-0.2967030107975006
1451311431606,1,-0.47863200306892395,0.09279599785804749,-0.4652009904384613
1451311431622,1,-0.5018309950828552,0.13308899104595184,-0.47374799847602844
1451311431643,1,-0.3846150040626526,0.010989000089466572,-0.39804598689079285
1451311431664,1,0.059829000383615494,0.08180700242519379,-0.035408999770879745
1451311431684,1,0.07936500012874603,0.021978000178933144,0.16483499109745026
1451311431704,1,0.05616600066423416,-0.1623930037021637,0.167276993393898
1451311431722,1,-0.050060998648405075,-0.28937700390815735,0.08302799612283707
1451311431743,1,-0.25763100385665894,-0.09645900130271912,-0.015873000025749207
1451311431762,1,-0.34798499941825867,0.598289966583252,-0.05128199979662895
1451311431783,1,-0.1025639995932579,0.536018967628479,-0.015873000025749207
1451311431809,1,0.22100099921226501,0.1684979945421219,0.054944999516010284
1451311431823,1,0.3943829834461212,-0.23687399923801422,0.10622699558734894
1451311431849,1,0.3614159822463989,-0.3418799936771393,0.10744799673557281
1451311431863,1,-0.015873000025749207,-0.003662999952211976,-0.008546999655663967
1451311431884,1,-0.15262499451637268,-0.02442000061273575,-0.0866909995675087
1451311431907,1,-0.20268599689006805,-0.06959699839353561,-0.16605599224567413
1451311431924,1,-0.18314999341964722,-0.11233200132846832,-0.21367499232292175
1451311431945,1,-0.1404149979352951,-0.08302799612283707,-0.20390699803829193
1451311431965,1,-0.08424899727106094,-0.026861999183893204,-0.13430999219417572
1451311431990,1,-0.07692299783229828,0.026861999183893204,-0.004883999936282635
1451311432006,1,-0.06593400239944458,0.015873000025749207,0.020756999030709267
1451311432029,1,-0.017093999311327934,-0.020756999030709267,0.021978000178933144
1451311432044,1,0.04761900007724762,-0.05250300094485283,0.05860799923539162
1451311432064,1,0.14774100482463837,-0.03296700119972229,0.11965800076723099
1451311432085,1,0.22588500380516052,0.02808300033211708,0.20757000148296356
1451311432110,1,0.1452990025281906,0.02442000061273575,0.19780199229717255
1451311432125,1,0.03174600005149841,0.010989000089466572,0.17704500257968903
1451311432146,1,-0.07692299783229828,0.02808300033211708,0.1465200036764145
1451311432167,1,-0.17704500257968903,0.10744799673557281,0.13919399678707123
1451311432187,1,-0.18314999341964722,0.2380950003862381,0.1941390037536621
1451311432207,1,-0.07203900068998337,0.20757000148296356,0.20879100263118744
1451311432226,1,0.012210000306367874,0.12576299905776978,0.21367499232292175
1451311432247,1,0.02442000061273575,0.06959699839353561,0.18681299686431885
1451311432267,1,-0.05128199979662895,0.09279599785804749,0.13308899104595184
1451311432292,1,-0.1575089991092682,0.16483499109745026,0.10866899788379669
1451311432306,1,-0.10500600188970566,0.10744799673557281,0.08913300186395645
1451311432328,1,-0.006105000153183937,0.04273499920964241,0.08058600127696991
1451311432348,1,0.05738699808716774,-0.014651999808847904,0.07203900068998337
1451311432368,1,0.059829000383615494,-0.06837599724531174,0.0757019966840744
1451311432388,1,0.026861999183893204,-0.11599499732255936,0.06959699839353561
1451311432407,1,-0.013430999591946602,-0.12087900191545486,0.02442000061273575
1451311432428,1,-0.01953599974513054,-0.0647130012512207,-0.006105000153183937
1451311432448,1,-0.014651999808847904,-0.013430999591946602,-0.025640999898314476
1451311432468,1,-0.0024419999681413174,-0.040293000638484955,-0.040293000638484955
1451311432488,1,0.017093999311327934,-0.09035399556159973,-0.03907199949026108
1451311432508,1,0.0866909995675087,-0.19902299344539642,-0.03663000091910362
1451311432529,1,0.11111100018024445,-0.2319899946451187,-0.0012209999840706587
1451311432549,1,0.13675199449062347,-0.23931600153446198,0.025640999898314476
1451311432569,2,0.1452990025281906,-0.21855899691581726,0.02930399961769581
1451311432589,2,0.11965800076723099,-0.1843709945678711,0.020756999030709267
1451311432609,2,0.05738699808716774,-0.1575089991092682,-0.006105000153183937
1451311432630,2,-0.04273499920964241,-0.1025639995932579,-0.04761900007724762
1451311432648,2,-0.06715499609708786,-0.06104999780654907,-0.07081799954175949
1451311432669,2,-0.06349200010299683,-0.015873000025749207,-0.07081799954175949
1451311432689,2,-0.06715499609708786,0.015873000025749207,-0.05372399836778641
1451311432708,2,-0.08180700242519379,-0.006105000153183937,-0.04151399806141853
1451311432729,2,-0.035408999770879745,-0.07814399898052216,-0.02808300033211708
1451311432749,2,-0.004883999936282635,-0.0378509983420372,-0.010989000089466572
1451311432770,2,0.01831500045955181,0.01831500045955181,-0.003662999952211976
1451311432793,2,0.01831500045955181,0.050060998648405075,0.007325999904423952
1451311432810,2,0.00976799987256527,0.06959699839353561,-0.007325999904423952
1451311432830,2,-0.010989000089466572,0.02930399961769581,-0.020756999030709267
1451311432851,2,0.008546999655663967,-0.03418799862265587,-0.013430999591946602
1451311432871,2,0.015873000025749207,-0.07081799954175949,-0.01831500045955181
1451311432890,2,-0.014651999808847904,-0.06837599724531174,-0.04151399806141853
1451311432911,2,-0.0488400012254715,-0.04273499920964241,-0.05128199979662895
1451311432932,2,-0.014651999808847904,-0.040293000638484955,-0.0647130012512207
1451311432951,2,0.015873000025749207,-0.054944999516010284,-0.0757019966840744
1451311432970,2,0.02319899946451187,-0.05616600066423416,-0.06959699839353561
1451311432995,2,0.01953599974513054,-0.06227099895477295,-0.06227099895477295
1451311433011,2,0.006105000153183937,-0.07814399898052216,-0.05738699808716774
1451311433032,2,0.0,-0.1135529950261116,-0.04395600035786629
1451311433052,2,-0.017093999311327934,-0.21367499232292175,0.021978000178933144
1451311433073,2,0.05250300094485283,-0.2820509970188141,0.10378500074148178
1451311433092,2,0.1843709945678711,-0.334553986787796,0.2161169946193695
1451311433111,2,0.2600730061531067,-0.3040289878845215,0.3235650062561035
1451311433132,2,0.1245419979095459,-0.7228319644927979,-3.0586049556732178
1451311433152,2,-0.4444440007209778,0.7899869680404663,-0.299144983291626
1451311433172,2,0.46764299273490906,-0.27350398898124695,0.11843699961900711
1451311433192,2,0.4432229995727539,-0.6654449701309204,0.5873010158538818
1451311433213,2,-0.06715499609708786,-0.4542119801044464,0.9511590003967285
1451311433236,2,-0.3675209879875183,0.14774100482463837,0.6581189632415771
1451311433252,2,-0.04395600035786629,0.211232990026474,-0.42612898349761963
1451311433273,2,0.09401699900627136,-0.010989000089466572,-0.3137969970703125
1451311433292,2,0.1355309933423996,-0.12698400020599365,-0.05372399836778641
1451311433317,2,0.11721599847078323,-0.08791200071573257,0.013430999591946602
1451311433333,2,0.03418799862265587,0.07203900068998337,-0.06837599724531174
1451311433354,2,-0.04151399806141853,0.1892549991607666,-0.1245419979095459
1451311433374,2,0.003662999952211976,0.07692299783229828,-0.007325999904423952
1451311433393,2,0.06227099895477295,0.030524998903274536,0.04395600035786629
1451311433414,2,0.09157499670982361,0.03418799862265587,0.0378509983420372
1451311433435,2,0.0866909995675087,0.06593400239944458,0.007325999904423952
1451311433454,2,0.09279599785804749,0.07203900068998337,0.010989000089466572
1451311433475,2,0.15873000025749207,0.04273499920964241,0.06349200010299683
1451311433493,2,0.1941390037536621,0.09035399556159973,0.05616600066423416
1451311433514,2,0.18192899227142334,0.18314999341964722,0.04151399806141853
1451311433533,2,0.14896199107170105,0.2222220003604889,0.05250300094485283
1451311433554,2,0.11477399617433548,0.1941390037536621,0.06959699839353561
1451311433578,2,0.16361400485038757,0.07081799954175949,0.05128199979662895
1451311433593,2,0.19047600030899048,0.08913300186395645,0.02808300033211708
1451311433614,2,0.18681299686431885,0.1843709945678711,0.012210000306367874
1451311433640,2,0.15018299221992493,0.24786299467086792,-0.012210000306367874
1451311433654,2,0.11477399617433548,0.21855899691581726,-0.007325999904423952
1451311433674,2,0.08791200071573257,0.13675199449062347,0.014651999808847904
1451311433694,2,-0.003662999952211976,-0.045176997780799866,0.004883999936282635
1451311433716,2,-0.06349200010299683,-0.017093999311327934,-0.020756999030709267
1451311433736,2,-0.11599499732255936,0.045176997780799866,-0.040293000638484955
1451311433757,2,-0.13675199449062347,0.09645900130271912,-0.04395600035786629
1451311433775,2,-0.1465200036764145,0.1025639995932579,-0.04273499920964241
1451311433796,2,-0.16483499109745026,-0.03174600005149841,-0.02442000061273575
1451311433817,2,-0.13064700365066528,-0.08546999841928482,-0.006105000153183937
1451311433837,2,-0.09279599785804749,-0.10134299844503403,0.0
1451311433857,2,-0.07203900068998337,-0.10988999903202057,0.020756999030709267
1451311433876,2,-0.04639799892902374,-0.09645900130271912,0.04639799892902374
1451311433897,2,0.08180700242519379,-0.026861999183893204,0.01831500045955181
1451311433916,2,0.10012199729681015,0.01953599974513054,-0.010989000089466572
1451311433935,2,0.05372399836778641,0.007325999904423952,-0.012210000306367874
1451311433956,2,0.004883999936282635,-0.04151399806141853,-0.02442000061273575
1451311433978,2,-0.003662999952211976,-0.07692299783229828,-0.03907199949026108
1451311433998,2,0.01953599974513054,-0.07081799954175949,-0.02808300033211708
1451311434017,2,0.07203900068998337,0.0024419999681413174,-0.04151399806141853
1451311434037,2,0.035408999770879745,0.008546999655663967,-0.05250300094485283
1451311434057,2,-0.013430999591946602,-0.025640999898314476,-0.05250300094485283
1451311434076,2,0.004883999936282635,-0.06715499609708786,-0.04151399806141853
1451311434098,2,0.08180700242519379,-0.11233200132846832,-0.02319899946451187
1451311434119,2,0.19902299344539642,-0.06349200010299683,0.05128199979662895
1451311434138,2,0.18070799112319946,0.0012209999840706587,0.03907199949026108
1451311434164,2,0.08058600127696991,0.01953599974513054,0.004883999936282635
1451311434179,2,-0.04151399806141853,0.01953599974513054,-0.03174600005149841
1451311434199,2,-0.10622699558734894,-0.04273499920964241,-0.04761900007724762
1451311434219,2,-0.08180700242519379,-0.04761900007724762,0.012210000306367874
1451311434240,2,-0.05860799923539162,-0.030524998903274536,0.0378509983420372
1451311434259,2,-0.0024419999681413174,-0.03907199949026108,0.04273499920964241
1451311434280,2,0.09035399556159973,-0.06349200010299683,0.06593400239944458
1451311434299,2,0.17948700487613678,-0.07936500012874603,0.10012199729681015
1451311434320,2,0.211232990026474,-0.05738699808716774,0.11965800076723099
1451311434340,2,0.08302799612283707,0.07448099553585052,0.11477399617433548
1451311434363,2,0.045176997780799866,0.11721599847078323,0.1294260025024414
1451311434380,2,0.025640999898314476,0.11111100018024445,0.17460300028324127
1451311434400,2,0.02930399961769581,0.09401699900627136,0.18803399801254272
1451311434419,2,0.05616600066423416,0.04639799892902374,0.16605599224567413
1451311434444,2,0.21855899691581726,-0.1684979945421219,0.13919399678707123
1451311434459,2,0.2271059900522232,-0.13919399678707123,0.09157499670982361
1451311434480,2,0.12576299905776978,0.006105000153183937,0.04639799892902374
1451311434501,2,-0.02808300033211708,0.16361400485038757,0.0024419999681413174
1451311434520,2,-0.12087900191545486,0.19047600030899048,-0.03907199949026108
1451311434539,2,-0.07814399898052216,0.007325999904423952,-0.04639799892902374
1451311434563,2,-0.026861999183893204,-0.17216099798679352,-0.015873000025749207
1451311434581,1,-0.017093999311327934,-0.22832699120044708,-0.012210000306367874
1451311434601,1,-0.0757019966840744,-0.16117200255393982,-0.0488400012254715
1451311434624,1,-0.12087900191545486,-0.08913300186395645,-0.07081799954175949
1451311434641,1,0.03907199949026108,-0.03296700119972229,-0.0024419999681413174
1451311434661,1,0.18803399801254272,0.017093999311327934,0.04151399806141853
1451311434682,1,0.2380950003862381,0.06715499609708786,0.06104999780654907
1451311434702,1,0.1733819991350174,0.08058600127696991,0.035408999770879745
1451311434723,1,0.050060998648405075,0.045176997780799866,-0.00976799987256527
1451311434741,1,0.00976799987256527,0.010989000089466572,-0.04151399806141853
1451311434762,1,0.1245419979095459,-0.013430999591946602,-0.045176997780799866
1451311434782,1,0.18070799112319946,0.007325999904423952,-0.06104999780654907
1451311434802,1,0.20634900033473969,0.08302799612283707,-0.09523800015449524
1451311434823,1,0.17460300028324127,0.15018299221992493,-0.09279599785804749
1451311434843,1,0.0866909995675087,0.13186800479888916,-0.04761900007724762
1451311434862,1,0.05738699808716774,0.13675199449062347,-0.03418799862265587
1451311434883,1,0.04639799892902374,0.18803399801254272,-0.08546999841928482
1451311434902,1,0.17216099798679352,0.4590959846973419,-0.11843699961900711
1451311434924,1,0.09523800015449524,0.9682530164718628,-0.0647130012512207
1451311434942,1,-0.2979239821434021,0.8827829957008362,0.5946269631385803
1451311434962,1,0.36996299028396606,-0.13797299563884735,1.8778979778289795
1451311434983,1,0.4798530042171478,-0.11233200132846832,1.28815495967865
1451311435004,1,0.3199020028114319,0.006105000153183937,0.32722800970077515
1451311435023,1,0.03663000091910362,0.0012209999840706587,-0.5323559641838074
1451311435043,1,-0.21733799576759338,-0.09523800015449524,-0.7423679828643799
1451311435064,1,-0.5164830088615417,-0.15506699681282043,-0.390720009803772
1451311435085,1,-0.669107973575592,-0.7496939897537231,0.25763100385665894
1451311435107,1,-0.31746000051498413,-0.7875449657440186,0.16605599224567413
1451311435124,1,0.04273499920964241,-0.4175820052623749,-0.11599499732255936
1451311435149,1,0.167276993393898,-0.04761900007724762,-0.31623899936676025
1451311435165,1,0.06349200010299683,0.1135529950261116,-0.33943799138069153
1451311435185,1,-0.17460300028324127,0.08058600127696991,-0.195360004901886
1451311435205,1,-0.1355309933423996,-0.03907199949026108,-0.17216099798679352
1451311435224,1,-0.04761900007724762,-0.11477399617433548,-0.17704500257968903
1451311435246,1,0.040293000638484955,-0.11721599847078323,-0.19780199229717255
1451311435265,1,0.10744799673557281,-0.020756999030709267,-0.17582400143146515
1451311435285,1,0.04639799892902374,0.05860799923539162,0.02442000061273575
1451311435305,1,0.00976799987256527,-0.04639799892902374,0.08058600127696991
1451311435325,1,0.01953599974513054,-0.11599499732255936,0.026861999183893204
1451311435345,1,-0.006105000153183937,-0.07692299783229828,-0.07081799954175949
1451311435365,1,-0.10500600188970566,-0.006105000153183937,-0.10744799673557281
1451311435393,1,-0.17948700487613678,0.03418799862265587,-0.06959699839353561
1451311435407,1,-0.11843699961900711,-0.04273499920964241,-0.0012209999840706587
1451311435425,1,-0.06837599724531174,-0.06715499609708786,-0.012210000306367874
1451311435447,1,-0.0647130012512207,-0.012210000306367874,-0.054944999516010284
1451311435467,1,-0.11843699961900711,0.054944999516010284,-0.09157499670982361
1451311435487,1,-0.18803399801254272,0.08424899727106094,-0.10744799673557281
1451311435507,1,-0.18070799112319946,0.02808300033211708,-0.12209999561309814
1451311435527,1,-0.04395600035786629,-0.050060998648405075,-0.11965800076723099
1451311435552,1,0.07692299783229828,-0.026861999183893204,-0.13675199449062347
1451311435567,1,0.06715499609708786,0.059829000383615494,-0.14896199107170105
1451311435587,1,-0.03907199949026108,0.1245419979095459,-0.14163599908351898
1451311435607,1,-0.21855899691581726,0.09157499670982361,-0.11477399617433548
1451311435626,1,-0.21001200377941132,0.004883999936282635,-0.09401699900627136
1451311435648,1,-0.11111100018024445,-0.02319899946451187,-0.08424899727106094
1451311435668,1,0.012210000306367874,-0.007325999904423952,-0.07692299783229828
1451311435687,1,0.06837599724531174,0.0,-0.050060998648405075
1451311435707,1,0.05250300094485283,0.010989000089466572,-0.02930399961769581
1451311435728,1,0.01831500045955181,-0.0012209999840706587,-0.040293000638484955
1451311435748,1,0.010989000089466572,-0.020756999030709267,-0.07448099553585052
1451311435768,1,0.013430999591946602,-0.05738699808716774,-0.09279599785804749
1451311435788,1,0.02930399961769581,-0.05860799923539162,-0.07814399898052216
1451311435811,1,0.08424899727106094,-0.06227099895477295,-0.05738699808716774
1451311435828,1,0.12332099676132202,0.013430999591946602,-0.06715499609708786
1451311435849,1,0.07448099553585052,0.014651999808847904,-0.09035399556159973
1451311435869,1,0.030524998903274536,0.02319899946451187,-0.1135529950261116
1451311435888,1,0.003662999952211976,0.03907199949026108,-0.10866899788379669
1451311435908,1,0.007325999904423952,0.01953599974513054,-0.05372399836778641
1451311435928,1,0.03907199949026108,-0.04639799892902374,0.03907199949026108
1451311435949,1,0.03418799862265587,-0.06104999780654907,0.05128199979662895
1451311435969,1,0.03296700119972229,-0.0488400012254715,0.035408999770879745
1451311435989,1,0.04639799892902374,-0.0024419999681413174,0.02930399961769581
1451311436009,1,0.040293000638484955,0.006105000153183937,0.05372399836778641
1451311436029,1,0.026861999183893204,-0.026861999183893204,0.050060998648405075
1451311436049,1,-0.025640999898314476,-0.08913300186395645,0.012210000306367874
1451311436070,1,-0.03663000091910362,-0.05860799923539162,-0.01953599974513054
1451311436089,1,-0.03907199949026108,0.0,-0.01953599974513054
1451311436109,1,-0.03174600005149841,0.02442000061273575,0.020756999030709267
1451311436130,1,-0.0012209999840706587,0.05372399836778641,0.06715499609708786
1451311436150,1,0.02930399961769581,0.06104999780654907,0.07081799954175949
1451311436171,1,0.026861999183893204,0.06104999780654907,0.01953599974513054
1451311436190,1,-0.013430999591946602,0.09279599785804749,-0.015873000025749207
1451311436209,1,-0.050060998648405075,0.09279599785804749,-0.007325999904423952
1451311436235,1,-0.05860799923539162,0.0757019966840744,0.01831500045955181
1451311436251,1,0.010989000089466572,-0.015873000025749207,0.04273499920964241
1451311436275,1,0.05860799923539162,-0.02319899946451187,0.026861999183893204
1451311436290,1,0.06227099895477295,0.025640999898314476,0.025640999898314476
1451311436312,1,0.04395600035786629,0.0378509983420372,0.05128199979662895
1451311436331,1,0.040293000638484955,0.01831500045955181,0.07692299783229828
1451311436352,1,-0.008546999655663967,-0.040293000638484955,0.014651999808847904
1451311436370,1,-0.05860799923539162,-0.01831500045955181,-0.05860799923539162
1451311436390,1,-0.12698400020599365,0.007325999904423952,-0.07814399898052216
1451311436412,1,-0.14285700023174286,0.007325999904423952,-0.06104999780654907
1451311436432,1,-0.10744799673557281,-0.013430999591946602,-0.030524998903274536
1451311436453,1,-0.05860799923539162,-0.0378509983420372,-0.0012209999840706587
1451311436472,1,0.02442000061273575,0.008546999655663967,-0.0012209999840706587
1451311436492,1,-0.003662999952211976,0.04761900007724762,-0.013430999591946602
1451311436513,1,-0.03296700119972229,0.03418799862265587,-0.003662999952211976
1451311436533,1,-0.01831500045955181,-0.004883999936282635,0.003662999952211976
1451311436553,1,0.008546999655663967,-0.050060998648405075,-0.0012209999840706587
1451311436574,1,0.030524998903274536,-0.004883999936282635,-0.03907199949026108
1451311436601,2,0.02442000061273575,0.05250300094485283,-0.05372399836778641
1451311436612,2,0.01831500045955181,0.050060998648405075,-0.05738699808716774
1451311436633,2,0.04639799892902374,-0.025640999898314476,-0.04639799892902374
1451311436654,2,0.0757019966840744,-0.12698400020599365,-0.03418799862265587
1451311436673,2,0.020756999030709267,-0.14407800137996674,-0.02319899946451187
1451311436693,2,-0.04761900007724762,-0.04151399806141853,-0.0378509983420372
1451311436713,2,-0.08302799612283707,0.04395600035786629,-0.045176997780799866
1451311436733,2,-0.05128199979662895,0.05372399836778641,-0.02442000061273575
1451311436753,2,0.02930399961769581,0.017093999311327934,0.0012209999840706587
1451311436773,2,0.08424899727106094,-0.010989000089466572,0.030524998903274536
1451311436794,2,0.06715499609708786,-0.007325999904423952,0.09157499670982361
1451311436813,2,0.025640999898314476,0.014651999808847904,0.09279599785804749
1451311436834,2,-0.006105000153183937,0.030524998903274536,0.08424899727106094
1451311436854,2,-0.021978000178933144,0.035408999770879745,0.050060998648405075
1451311436874,2,-0.020756999030709267,0.017093999311327934,0.03174600005149841
1451311436894,2,0.017093999311327934,-0.09035399556159973,0.10012199729681015
1451311436914,2,0.02808300033211708,-0.16361400485038757,0.15262499451637268
1451311436935,2,0.025640999898314476,-0.2332109957933426,0.21245399117469788
1451311436957,2,-0.43589699268341064,1.1575080156326294,-3.0586049556732178
1451311436974,2,-0.9938939809799194,2.1660540103912354,-1.336995005607605
1451311436995,2,0.2771669924259186,0.24175800383090973,0.05250300094485283
1451311437016,2,0.26739898324012756,-1.3247849941253662,0.4969469904899597
1451311437036,2,-0.6202679872512817,-1.9963350296020508,0.9841259717941284
1451311437057,2,-1.1880329847335815,-0.9572640061378479,1.0109879970550537
1451311437079,2,-1.0439549684524536,-0.3736259937286377,0.5250300168991089
1451311437096,2,-0.40292999148368835,0.15018299221992493,-0.20757000148296356
1451311437117,2,0.23565299808979034,0.35897400975227356,-0.2441999912261963
1451311437136,2,0.25763100385665894,0.195360004901886,0.12087900191545486
1451311437162,2,0.29548200964927673,-0.007325999904423952,0.2539680004119873
1451311437175,2,0.3199020028114319,-0.07326000183820724,0.17582400143146515
1451311437197,2,0.2918190062046051,-0.0866909995675087,0.06715499609708786
1451311437217,2,0.1575089991092682,-0.18070799112319946,0.0012209999840706587
1451311437237,2,0.13797299563884735,-0.20757000148296356,0.03174600005149841
1451311437257,2,0.1514039933681488,-0.1892549991607666,0.05128199979662895
1451311437276,2,0.13675199449062347,-0.16971899569034576,0.06104999780654907
1451311437297,2,0.12576299905776978,-0.16971899569034576,0.035408999770879745
1451311437318,2,0.10866899788379669,-0.004883999936282635,-0.03907199949026108
1451311437337,2,0.045176997780799866,0.05128199979662895,-0.008546999655663967
1451311437357,2,0.03296700119972229,0.035408999770879745,0.04761900007724762
1451311437377,2,0.08913300186395645,-0.01831500045955181,0.10012199729681015
1451311437398,2,0.16117200255393982,-0.11111100018024445,0.1294260025024414
1451311437418,2,0.22466400265693665,-0.11233200132846832,0.10500600188970566
1451311437440,2,0.1575089991092682,0.08180700242519379,-0.015873000025749207
1451311437457,2,0.14407800137996674,0.11111100018024445,-0.02808300033211708
1451311437479,2,0.20268599689006805,0.054944999516010284,-0.003662999952211976
1451311437499,2,0.31623899936676025,0.0012209999840706587,0.02808300033211708
1451311437519,2,0.3943829834461212,0.06227099895477295,0.035408999770879745
1451311437539,2,0.1684979945421219,0.20634900033473969,0.035408999770879745
1451311437564,2,0.003662999952211976,0.19047600030899048,0.02930399961769581
1451311437579,2,-0.13675199449062347,0.14774100482463837,0.021978000178933144
1451311437599,2,-0.1843709945678711,0.014651999808847904,0.0024419999681413174
1451311437620,2,-0.08791200071573257,-0.07692299783229828,-0.0488400012254715
1451311437640,2,0.07814399898052216,-0.0866909995675087,-0.04273499920964241
1451311437658,2,0.059829000383615494,0.045176997780799866,0.013430999591946602
1451311437680,2,-0.02808300033211708,0.1025639995932579,0.08913300186395645
1451311437701,2,-0.1465200036764145,0.014651999808847904,0.16117200255393982
1451311437719,2,-0.23076899349689484,-0.012210000306367874,0.167276993393898
1451311437740,2,-0.308912992477417,-0.09523800015449524,0.1025639995932579
1451311437759,2,0.004883999936282635,-0.22832699120044708,-0.03174600005149841
1451311437779,2,0.035408999770879745,0.07448099553585052,-0.09401699900627136
1451311437800,2,-0.0488400012254715,0.15384599566459656,-0.035408999770879745
1451311437820,2,-0.04273499920964241,0.07692299783229828,0.03663000091910362
1451311437840,2,0.06227099895477295,-0.04761900007724762,0.0647130012512207
1451311437860,2,0.097680002450943,-0.07326000183820724,0.02442000061273575
1451311437880,2,0.008546999655663967,0.0,-0.012210000306367874
1451311437901,2,-0.050060998648405075,0.04639799892902374,-0.03174600005149841
1451311437921,2,-0.04395600035786629,0.05128199979662895,-0.02442000061273575
1451311437946,2,0.00976799987256527,-0.00976799987256527,0.006105000153183937
1451311437965,2,0.03418799862265587,-0.06227099895477295,0.03663000091910362
1451311437982,2,-0.04395600035786629,-0.0488400012254715,0.017093999311327934
1451311438002,2,-0.10866899788379669,-0.00976799987256527,-0.008546999655663967
1451311438029,2,-0.11721599847078323,0.006105000153183937,-0.013430999591946602
1451311438041,2,-0.09523800015449524,-0.0012209999840706587,0.012210000306367874
1451311438066,2,-0.007325999904423952,-0.020756999030709267,0.014651999808847904
1451311438082,2,0.02442000061273575,0.003662999952211976,-0.004883999936282635
1451311438103,2,0.10622699558734894,-0.040293000638484955,0.0012209999840706587
1451311438122,2,0.24053700268268585,-0.010989000089466572,0.0024419999681413174
1451311438141,2,0.33211198449134827,0.026861999183893204,0.02930399961769581
1451311438162,2,0.43101298809051514,-0.01831500045955181,0.045176997780799866
1451311438182,2,0.4114769995212555,-0.14407800137996674,-0.06104999780654907
1451311438202,2,0.2490839958190918,-0.09890099614858627,-0.08424899727106094
1451311438222,2,0.08791200071573257,-0.021978000178933144,-0.04151399806141853
1451311438242,2,0.01831500045955181,0.026861999183893204,0.02319899946451187
1451311438262,2,0.0866909995675087,0.05250300094485283,0.06104999780654907
1451311438284,2,0.06349200010299683,0.15384599566459656,-0.006105000153183937
1451311438304,2,-0.08180700242519379,0.15384599566459656,-0.03663000091910362
1451311438323,2,-0.15873000025749207,0.097680002450943,0.0024419999681413174
1451311438342,2,-0.03907199949026108,-0.010989000089466572,0.09523800015449524
1451311438364,2,0.15995100140571594,-0.003662999952211976,0.15873000025749207
1451311438384,2,0.1562879979610443,0.20634900033473969,0.10622699558734894
1451311438404,2,0.021978000178933144,0.2051279991865158,0.02319899946451187
1451311438425,2,-0.12209999561309814,0.10378500074148178,-0.045176997780799866
1451311438444,2,-0.2429789900779724,-0.04273499920964241,-0.07448099553585052
1451311438465,2,-0.28327199816703796,-0.1514039933681488,-0.08791200071573257
1451311438484,2,-0.22466400265693665,-0.10012199729681015,-0.09645900130271912
1451311438504,2,-0.10134299844503403,0.12576299905776978,-0.05738699808716774
1451311438524,2,-0.040293000638484955,0.10378500074148178,-0.017093999311327934
1451311438544,2,0.017093999311327934,0.02930399961769581,0.00976799987256527
1451311438569,2,0.05250300094485283,-0.03296700119972229,0.03174600005149841
1451311438585,2,0.06104999780654907,-0.014651999808847904,0.050060998648405075
1451311438608,1,0.03663000091910362,-0.14896199107170105,0.06349200010299683
1451311438631,1,0.07448099553585052,-1.072037935256958,-0.03663000091910362
1451311438645,1,0.20879100263118744,-0.7032960057258606,-0.0012209999840706587
1451311438666,1,0.13308899104595184,-0.5787540078163147,0.11965800076723099
1451311438687,1,-0.07203900068998337,-0.3943829834461212,0.025640999898314476
1451311438707,1,-0.3357749879360199,0.06104999780654907,-0.05616600066423416
1451311438726,1,-0.2332109957933426,0.003662999952211976,-0.025640999898314476
1451311438746,1,-0.01953599974513054,-0.1452990025281906,-0.054944999516010284
1451311438765,1,0.15018299221992493,-0.26739898324012756,-0.06593400239944458
1451311438786,1,0.2551890015602112,-0.27960899472236633,-0.010989000089466572
1451311438807,1,0.32600700855255127,-0.22344300150871277,0.025640999898314476
1451311438830,1,0.16605599224567413,0.2747249901294708,0.06104999780654907
1451311438847,1,-0.003662999952211976,0.3504270017147064,-0.017093999311327934
1451311438867,1,-0.06349200010299683,0.432233989238739,-0.09157499670982361
1451311438887,1,-0.05616600066423416,0.40659299492836,-0.10744799673557281
1451311438907,1,-0.014651999808847904,0.3418799936771393,-0.09035399556159973
1451311438926,1,-0.035408999770879745,0.16117200255393982,-0.017093999311327934
1451311438946,1,-0.0378509983420372,0.04761900007724762,-0.021978000178933144
1451311438968,1,-0.012210000306367874,0.0,-0.06959699839353561
1451311438987,1,-0.025640999898314476,0.035408999770879745,-0.1135529950261116
1451311439008,1,-0.09401699900627136,0.07936500012874603,-0.11843699961900711
1451311439027,1,-0.09279599785804749,0.14285700023174286,-0.03296700119972229
1451311439049,1,0.1135529950261116,0.07448099553585052,0.09890099614858627
1451311439068,1,0.24664199352264404,0.23565299808979034,0.27350398898124695
1451311439088,1,0.014651999808847904,0.14163599908351898,0.5372399687767029
1451311439107,1,-0.2869350016117096,-0.36507898569107056,1.3003649711608887
1451311439128,1,-0.1355309933423996,-1.0024409294128418,1.8229529857635498
1451311439150,1,-0.5518919825553894,-0.14896199107170105,0.2649570107460022
1451311439169,1,-0.7301579713821411,0.4810740053653717,-0.9255179762840271
1451311439188,1,-0.5470079779624939,0.2857140004634857,-1.173380970954895
1451311439207,1,-0.09890099614858627,-0.12576299905776978,-0.6361410021781921
1451311439229,1,0.26861998438835144,-0.39682498574256897,0.07936500012874603
1451311439249,1,0.669107973575592,-0.008546999655663967,0.28449299931526184
1451311439270,1,0.5470079779624939,0.1404149979352951,-0.08058600127696991
1451311439291,1,0.30524998903274536,0.3833940029144287,-0.33333298563957214
1451311439308,1,0.07081799954175949,0.46764299273490906,-0.35531100630760193
1451311439330,1,-0.017093999311327934,0.28449299931526184,-0.2380950003862381
1451311439350,1,0.14896199107170105,-0.11721599847078323,-0.040293000638484955
1451311439370,1,0.15506699681282043,-0.18803399801254272,-0.09279599785804749
1451311439390,1,0.08302799612283707,-0.14774100482463837,-0.18803399801254272
1451311439409,1,-0.007325999904423952,-0.07081799954175949,-0.2490839958190918
1451311439430,1,-0.06349200010299683,-0.026861999183893204,-0.24664199352264404
1451311439450,1,-0.08791200071573257,0.006105000153183937,-0.07081799954175949
1451311439471,1,-0.07203900068998337,-0.06593400239944458,0.02808300033211708
1451311439490,1,-0.06715499609708786,-0.14163599908351898,0.05128199979662895
1451311439510,1,-0.025640999898314476,-0.17093999683856964,-0.008546999655663967
1451311439531,1,0.0,0.006105000153183937,-0.12332099676132202
1451311439551,1,-0.054944999516010284,0.167276993393898,-0.13919399678707123
1451311439571,1,-0.04639799892902374,0.10866899788379669,0.03907199949026108
1451311439596,1,0.05372399836778641,-0.006105000153183937,0.06715499609708786
1451311439611,1,0.10134299844503403,-0.02930399961769581,0.03174600005149841
1451311439631,1,0.02930399961769581,0.007325999904423952,-0.006105000153183937
1451311439651,1,-0.08546999841928482,0.04395600035786629,-0.015873000025749207
1451311439671,1,-0.10988999903202057,0.020756999030709267,-0.040293000638484955
1451311439692,1,-0.04639799892902374,0.050060998648405075,-0.050060998648405075
1451311439712,1,-0.004883999936282635,0.0757019966840744,-0.035408999770879745
1451311439732,1,0.007325999904423952,0.05860799923539162,-0.013430999591946602
1451311439752,1,0.015873000025749207,0.03296700119972229,0.007325999904423952
1451311439774,1,0.010989000089466572,0.05372399836778641,-0.020756999030709267
1451311439795,1,-0.007325999904423952,0.05372399836778641,-0.02319899946451187
1451311439813,1,0.010989000089466572,0.0378509983420372,-0.012210000306367874
1451311439833,1,0.02442000061273575,0.01831500045955181,-0.003662999952211976
1451311439852,1,0.026861999183893204,0.03174600005149841,0.01953599974513054
1451311439874,1,0.030524998903274536,0.02808300033211708,0.03418799862265587
1451311439892,1,0.025640999898314476,0.03418799862265587,0.02319899946451187
1451311439913,1,0.010989000089466572,0.040293000638484955,0.003662999952211976
1451311439934,1,0.003662999952211976,0.017093999311327934,0.0024419999681413174
1451311439954,1,0.012210000306367874,0.007325999904423952,0.006105000153183937
1451311439973,1,0.01953599974513054,0.003662999952211976,0.014651999808847904
1451311439993,1,-0.014651999808847904,0.035408999770879745,-0.021978000178933144
1451311440013,1,-0.06227099895477295,0.015873000025749207,-0.017093999311327934
1451311440033,1,-0.09645900130271912,0.004883999936282635,-0.025640999898314476
1451311440054,1,-0.11721599847078323,-0.004883999936282635,-0.040293000638484955
1451311440079,1,-0.09035399556159973,-0.010989000089466572,-0.050060998648405075
1451311440099,1,-0.026861999183893204,0.0,-0.020756999030709267
1451311440114,1,-0.010989000089466572,-0.017093999311327934,0.013430999591946602
1451311440135,1,-0.0012209999840706587,-0.01953599974513054,0.01953599974513054
1451311440157,1,-0.02930399961769581,-0.02808300033211708,0.014651999808847904
1451311440180,1,-0.03907199949026108,-0.05128199979662895,0.008546999655663967
1451311440195,1,-0.035408999770879745,-0.0378509983420372,-0.012210000306367874
1451311440215,1,-0.08302799612283707,-0.020756999030709267,-0.015873000025749207
1451311440234,1,-0.07814399898052216,-0.006105000153183937,-0.017093999311327934
1451311440255,1,-0.07081799954175949,-0.010989000089466572,-0.00976799987256527
1451311440274,1,-0.05738699808716774,-0.030524998903274536,-0.007325999904423952
1451311440296,1,-0.03174600005149841,-0.02930399961769581,-0.014651999808847904
1451311440316,1,-0.0488400012254715,-0.03174600005149841,-0.03907199949026108
1451311440336,1,-0.05860799923539162,-0.008546999655663967,-0.04761900007724762
1451311440358,1,-0.04761900007724762,0.0,-0.025640999898314476
1451311440375,1,-0.030524998903274536,-0.003662999952211976,0.00976799987256527
1451311440397,1,-0.017093999311327934,-0.00976799987256527,0.02319899946451187
1451311440416,1,0.008546999655663967,0.017093999311327934,0.008546999655663967
1451311440437,1,0.01831500045955181,0.03418799862265587,0.003662999952211976
1451311440458,1,0.020756999030709267,0.03174600005149841,0.008546999655663967
1451311440476,1,0.020756999030709267,0.004883999936282635,0.006105000153183937
1451311440495,1,0.013430999591946602,0.0,-0.012210000306367874
1451311440516,1,0.010989000089466572,0.013430999591946602,-0.03663000091910362
1451311440537,1,0.014651999808847904,0.02442000061273575,-0.045176997780799866
1451311440561,1,0.0012209999840706587,-0.00976799987256527,-0.02808300033211708
1451311440576,1,-0.04395600035786629,-0.0378509983420372,-0.021978000178933144
1451311440597,1,-0.07448099553585052,-0.04395600035786629,-0.05128199979662895
1451311440618,1,-0.08180700242519379,-0.0012209999840706587,-0.07203900068998337
1451311440638,2,-0.00976799987256527,0.008546999655663967,-0.007325999904423952
1451311440657,2,0.026861999183893204,-0.01831500045955181,0.006105000153183937
1451311440677,2,0.020756999030709267,-0.03418799862265587,-0.00976799987256527
1451311440698,2,-0.010989000089466572,-0.008546999655663967,-0.04761900007724762
1451311440719,2,-0.04273499920964241,0.008546999655663967,-0.04639799892902374
1451311440737,2,-0.02930399961769581,-0.030524998903274536,-0.007325999904423952
1451311440757,2,-0.015873000025749207,-0.045176997780799866,-0.0024419999681413174
1451311440777,2,-0.01831500045955181,-0.035408999770879745,-0.0024419999681413174
1451311440798,2,-0.05250300094485283,-0.01831500045955181,-0.013430999591946602
1451311440818,2,-0.05738699808716774,-0.021978000178933144,-0.010989000089466572
1451311440838,2,-0.03296700119972229,-0.04639799892902374,0.003662999952211976
1451311440858,2,-0.006105000153183937,-0.02442000061273575,-0.02442000061273575
1451311440879,2,-0.03663000091910362,-0.02930399961769581,-0.03174600005149841
1451311440899,2,-0.05128199979662895,-0.0488400012254715,-0.010989000089466572
1451311440919,2,-0.04761900007724762,-0.059829000383615494,0.003662999952211976
1451311440938,2,-0.008546999655663967,-0.07936500012874603,0.013430999591946602
1451311440959,2,0.06104999780654907,-0.06227099895477295,0.014651999808847904
1451311440980,2,0.035408999770879745,-0.02319899946451187,0.00976799987256527
1451311440999,2,0.014651999808847904,0.01953599974513054,-0.015873000025749207
1451311441020,2,0.007325999904423952,0.030524998903274536,-0.02808300033211708
1451311441040,2,0.021978000178933144,-0.00976799987256527,-0.013430999591946602
1451311441059,2,0.012210000306367874,-0.03174600005149841,-0.017093999311327934
1451311441081,2,0.007325999904423952,0.020756999030709267,-0.03663000091910362
1451311441101,2,-0.0012209999840706587,0.05128199979662895,-0.02319899946451187
1451311441120,2,0.0024419999681413174,0.05738699808716774,0.003662999952211976
1451311441141,2,0.007325999904423952,0.021978000178933144,0.01953599974513054
1451311441160,2,0.008546999655663967,-0.007325999904423952,0.003662999952211976
1451311441181,2,-0.02319899946451187,-0.00976799987256527,-0.003662999952211976
1451311441201,2,-0.01831500045955181,-0.003662999952211976,0.00976799987256527
1451311441227,2,0.0012209999840706587,0.008546999655663967,0.0024419999681413174
1451311441240,2,0.01953599974513054,0.02319899946451187,-0.006105000153183937
1451311441260,2,0.02808300033211708,0.00976799987256527,-0.008546999655663967
1451311441280,2,-0.012210000306367874,-0.06349200010299683,-0.007325999904423952
1451311441302,2,-0.0647130012512207,-0.08058600127696991,-0.02319899946451187
1451311441321,2,-0.097680002450943,-0.08546999841928482,0.0024419999681413174
1451311441341,2,-0.09401699900627136,-0.10378500074148178,0.06959699839353561
1451311441361,2,-0.030524998903274536,-0.13308899104595184,0.19291800260543823
1451311441382,2,-0.10988999903202057,2.7277140617370605,-1.3833929300308228
1451311441402,2,-0.19658099114894867,1.4212440252304077,-0.19291800260543823
1451311441423,2,0.2332109957933426,0.06715499609708786,0.3137969970703125
1451311441441,2,0.26129400730133057,-1.1269829273223877,0.6984120011329651
1451311441463,2,-0.195360004901886,-1.471305012702942,0.9670320153236389
1451311441482,2,-0.4590959846973419,-0.19780199229717255,-0.02808300033211708
1451311441503,2,-0.15995100140571594,0.2857140004634857,-0.5628809928894043
1451311441524,2,-0.09035399556159973,0.4151400029659271,-0.49084198474884033
1451311441542,2,-0.07081799954175949,0.28449299931526184,-0.14896199107170105
1451311441562,2,-0.017093999311327934,0.015873000025749207,0.04273499920964241
1451311441583,2,0.05128199979662895,-0.07814399898052216,0.00976799987256527
1451311441603,2,-0.03296700119972229,-0.008546999655663967,-0.11965800076723099
1451311441623,2,-0.09890099614858627,0.03663000091910362,-0.06837599724531174
1451311441642,2,-0.08180700242519379,0.045176997780799866,0.0
1451311441664,2,0.003662999952211976,0.03663000091910362,0.02808300033211708
1451311441683,2,0.08424899727106094,0.007325999904423952,0.006105000153183937
1451311441704,2,0.09035399556159973,-0.017093999311327934,-0.04395600035786629
1451311441728,2,0.04639799892902374,0.02442000061273575,-0.050060998648405075
1451311441747,2,0.020756999030709267,0.03418799862265587,-0.017093999311327934
1451311441765,2,0.035408999770879745,0.012210000306367874,0.01953599974513054
1451311441785,2,0.050060998648405075,-0.02808300033211708,0.02808300033211708
1451311441804,2,-0.006105000153183937,-0.006105000153183937,-0.05372399836778641
1451311441824,2,-0.05860799923539162,-0.00976799987256527,-0.07081799954175949
1451311441845,2,-0.045176997780799866,0.017093999311327934,-0.06104999780654907
1451311441865,2,-0.006105000153183937,0.04151399806141853,-0.030524998903274536
1451311441885,2,0.02930399961769581,0.04273499920964241,0.00976799987256527
1451311441907,2,0.06959699839353561,0.02930399961769581,0.04273499920964241
1451311441924,2,0.03296700119972229,0.01831500045955181,0.03418799862265587
1451311441946,2,0.021978000178933144,0.035408999770879745,0.01953599974513054
1451311441966,2,0.014651999808847904,0.04395600035786629,0.00976799987256527
1451311441986,2,0.015873000025749207,0.026861999183893204,0.014651999808847904
1451311442007,2,0.02930399961769581,0.008546999655663967,0.03174600005149841
1451311442025,2,0.040293000638484955,-0.012210000306367874,0.03663000091910362
1451311442046,2,0.01953599974513054,-0.025640999898314476,0.03174600005149841
1451311442065,2,-0.012210000306367874,-0.03174600005149841,0.02442000061273575
1451311442086,2,-0.03174600005149841,-0.02808300033211708,0.003662999952211976
1451311442105,2,-0.014651999808847904,-0.015873000025749207,0.0012209999840706587
1451311442125,2,0.04639799892902374,-0.015873000025749207,0.014651999808847904
1451311442145,2,0.054944999516010284,-0.0024419999681413174,0.014651999808847904
1451311442167,2,0.050060998648405075,-0.004883999936282635,0.010989000089466572
1451311442190,2,0.059829000383615494,0.0012209999840706587,-0.004883999936282635
1451311442212,2,0.054944999516010284,-0.014651999808847904,-0.026861999183893204
1451311442226,2,0.035408999770879745,-0.02319899946451187,-0.04151399806141853
1451311442248,2,0.02319899946451187,-0.021978000178933144,-0.03174600005149841
1451311442268,2,0.020756999030709267,-0.004883999936282635,-0.035408999770879745
1451311442286,2,0.00976799987256527,-0.0024419999681413174,-0.020756999030709267
1451311442307,2,-0.006105000153183937,-0.02442000061273575,-0.01831500045955181
1451311442328,2,-0.00976799987256527,-0.02930399961769581,-0.03296700119972229
1451311442348,2,-0.014651999808847904,0.0,-0.04151399806141853
1451311442367,2,-0.015873000025749207,-0.010989000089466572,-0.03907199949026108
1451311442388,2,-0.013430999591946602,-0.03418799862265587,-0.0378509983420372
1451311442407,2,-0.007325999904423952,-0.050060998648405075,-0.0378509983420372
1451311442428,2,-0.003662999952211976,-0.04761900007724762,-0.030524998903274536
1451311442448,2,-0.025640999898314476,0.00976799987256527,-0.0378509983420372
1451311442468,2,-0.030524998903274536,-0.0012209999840706587,-0.021978000178933144
1451311442488,2,-0.026861999183893204,-0.021978000178933144,-0.00976799987256527
1451311442508,2,-0.012210000306367874,-0.02319899946451187,-0.0012209999840706587
1451311442529,2,0.004883999936282635,-0.015873000025749207,0.00976799987256527
1451311442550,2,0.02319899946451187,0.014651999808847904,0.007325999904423952
1451311442569,2,-0.02442000061273575,0.010989000089466572,-0.0378509983420372
1451311442591,2,-0.04395600035786629,-0.03418799862265587,-0.025640999898314476
1451311442608,2,-0.05128199979662895,-0.04639799892902374,-0.007325999904423952
1451311442632,2,-0.035408999770879745,-0.02442000061273575,0.00976799987256527
1451311442650,2,-0.01953599974513054,0.006105000153183937,0.004883999936282635
