1451504439631,1,-0.23931600153446198,-1.327226996421814,0.035408999770879745
1451504439652,1,-0.31746000051498413,-1.8449310064315796,0.28327199816703796
1451504439671,1,-0.854699969291687,-0.6068369746208191,0.2869350016117096
1451504439690,1,-0.7155060172080994,-0.28937700390815735,-0.11599499732255936
1451504439711,1,-0.4432229995727539,-0.11599499732255936,-0.4212450087070465
1451504439731,1,-0.05250300094485283,0.23931600153446198,-0.39682498574256897
1451504439757,1,0.2380950003862381,0.06715499609708786,-0.05616600066423416
1451504439771,1,0.46886399388313293,-0.5787540078163147,0.15262499451637268
1451504439790,1,0.598289966583252,-0.5677649974822998,0.24664199352264404
1451504439812,1,0.6324779987335205,-0.6349200010299683,0.2222220003604889
1451504439831,1,0.5726490020751953,-0.565322995185852,0.11111100018024445
1451504439852,1,0.4236869812011719,-0.34920600056648254,0.013430999591946602
1451504439871,1,0.2771669924259186,-0.10012199729681015,-0.02808300033211708
1451504439892,1,0.299144983291626,-0.0024419999681413174,-0.026861999183893204
1451504439912,1,0.31746000051498413,-0.06227099895477295,-0.008546999655663967
1451504439933,1,0.31135499477386475,-0.11477399617433548,0.02930399961769581
1451504439958,1,0.2820509970188141,-0.14407800137996674,0.004883999936282635
1451504439972,1,0.2808299958705902,-0.06715499609708786,-0.06349200010299683
1451504439993,1,0.2271059900522232,0.07936500012874603,-0.04639799892902374
1451504440013,1,0.20757000148296356,0.11233200132846832,0.007325999904423952
1451504440033,1,0.21001200377941132,0.14407800137996674,0.03907199949026108
1451504440054,1,0.2710619866847992,0.15506699681282043,0.07326000183820724
1451504440073,1,0.6849809885025024,0.20146499574184418,0.07448099553585052
1451504440093,1,1.0683749914169312,0.9792419672012329,0.24664199352264404
1451504440114,1,0.7997549772262573,-0.19291800260543823,1.1501820087432861
1451504440134,1,0.8095229864120483,-1.0976790189743042,1.5299129486083984
1451504440154,1,0.6788759827613831,-1.6727700233459473,1.6239299774169922
1451504440173,1,0.4236869812011719,-1.183148980140686,0.9377279877662659
1451504440198,1,0.0024419999681413174,-0.2429789900779724,0.18803399801254272
1451504440214,1,-1.0256400108337402,1.2185579538345337,-0.6910859942436218
1451504440235,1,-1.109889030456543,1.162392020225525,-0.44200199842453003
1451504440253,1,-0.946274995803833,0.4529910087585449,-0.10500600188970566
1451504440273,1,-0.3626369833946228,-0.22588500380516052,0.02442000061273575
1451504440294,1,0.19780199229717255,-0.5274720191955566,-0.0488400012254715
1451504440315,1,0.3137969970703125,-0.16971899569034576,-0.19169700145721436
1451504440335,1,0.12209999561309814,0.12332099676132202,-0.22832699120044708
1451504440354,1,-0.00976799987256527,0.22588500380516052,-0.2539680004119873
1451504440374,1,-0.05250300094485283,0.21733799576759338,-0.2588520050048828
1451504440395,1,-0.01831500045955181,0.1294260025024414,-0.22954799234867096
1451504440415,1,0.1892549991607666,-0.03174600005149841,-0.20146499574184418
1451504440435,1,0.17216099798679352,0.03663000091910362,-0.195360004901886
1451504440456,1,0.06837599724531174,0.14774100482463837,-0.1684979945421219
1451504440475,1,-0.03663000091910362,0.18192899227142334,-0.10744799673557281
1451504440495,1,-0.10622699558734894,0.040293000638484955,-0.03663000091910362
1451504440515,1,-0.11233200132846832,-0.19780199229717255,-0.08791200071573257
1451504440538,1,-0.06349200010299683,-0.2857140004634857,-0.11721599847078323
1451504440555,1,-0.12087900191545486,-0.2051279991865158,-0.13430999219417572
1451504440576,1,-0.21855899691581726,0.09279599785804749,-0.12576299905776978
1451504440596,1,-0.22588500380516052,0.2490839958190918,-0.05738699808716774
1451504440616,1,-0.08913300186395645,0.2637360095977783,-0.06227099895477295
1451504440638,1,0.1404149979352951,0.025640999898314476,-0.08913300186395645
1451504440656,1,0.13675199449062347,-0.19658099114894867,-0.09157499670982361
1451504440677,1,0.0866909995675087,-0.3418799936771393,-0.13308899104595184
1451504440697,1,0.02808300033211708,-0.44200199842453003,-0.16971899569034576
1451504440717,1,0.004883999936282635,-0.24175800383090973,-0.14285700023174286
1451504440737,1,0.02930399961769581,0.09645900130271912,-0.11965800076723099
1451504440756,1,0.07936500012874603,0.0378509983420372,-0.20634900033473969
1451504440777,1,0.09157499670982361,-0.01953599974513054,-0.23565299808979034
1451504440798,1,0.17582400143146515,-0.18314999341964722,-0.21733799576759338
1451504440820,1,0.2588520050048828,-0.24542099237442017,-0.2271059900522232
1451504440837,1,0.35409000515937805,-0.26861998438835144,-0.20879100263118744
1451504440858,1,0.21855899691581726,-0.06227099895477295,-0.18070799112319946
1451504440877,1,0.06715499609708786,0.11233200132846832,-0.17216099798679352
1451504440898,1,0.025640999898314476,0.06959699839353561,-0.1355309933423996
1451504440918,1,0.07936500012874603,-0.04395600035786629,-0.0757019966840744
1451504440938,1,0.10134299844503403,-0.04639799892902374,-0.02808300033211708
1451504440958,1,-0.059829000383615494,0.17460300028324127,-0.012210000306367874
1451504440978,1,-0.11843699961900711,0.24786299467086792,-0.050060998648405075
1451504440998,1,-0.10744799673557281,0.11599499732255936,-0.09035399556159973
1451504441019,1,-0.035408999770879745,-0.14774100482463837,-0.1025639995932579
1451504441043,1,0.01831500045955181,-0.21367499232292175,-0.09890099614858627
1451504441058,1,0.06227099895477295,0.06715499609708786,-0.021978000178933144
1451504441079,1,0.026861999183893204,0.1562879979610443,0.0024419999681413174
1451504441099,1,0.02930399961769581,0.1025639995932579,0.026861999183893204
1451504441119,1,0.05738699808716774,0.015873000025749207,0.04395600035786629
1451504441143,1,0.1025639995932579,-0.05616600066423416,0.05128199979662895
1451504441159,1,0.12332099676132202,0.05372399836778641,0.07203900068998337
1451504441180,1,0.13308899104595184,0.0647130012512207,0.07326000183820724
1451504441200,1,0.18803399801254272,-0.012210000306367874,0.07203900068998337
1451504441221,1,0.21855899691581726,-0.05128199979662895,0.06959699839353561
1451504441239,1,0.2222220003604889,-0.007325999904423952,0.07692299783229828
1451504441260,1,0.20757000148296356,0.04151399806141853,0.0866909995675087
1451504441280,1,0.24664199352264404,-0.09157499670982361,0.12332099676132202
1451504441300,1,0.2002439945936203,-0.1733819991350174,0.10378500074148178
1451504441322,1,0.08546999841928482,-0.16483499109745026,0.05128199979662895
1451504441340,1,0.02808300033211708,-0.12209999561309814,0.004883999936282635
1451504441361,1,0.021978000178933144,-0.097680002450943,-0.030524998903274536
1451504441380,1,0.06104999780654907,-0.010989000089466572,-0.012210000306367874
1451504441400,1,0.013430999591946602,0.03418799862265587,-0.025640999898314476
1451504441421,1,-0.004883999936282635,-0.008546999655663967,-0.05250300094485283
1451504441440,1,0.03663000091910362,-0.10134299844503403,-0.06593400239944458
1451504441461,2,0.13308899104595184,-0.2002439945936203,-0.03296700119972229
1451504441481,2,0.24175800383090973,-0.19047600030899048,0.04395600035786629
1451504441502,2,0.12820500135421753,-0.10134299844503403,0.03174600005149841
1451504441524,2,-0.017093999311327934,0.01831500045955181,-0.015873000025749207
1451504441542,2,-0.06715499609708786,0.03907199949026108,-0.045176997780799866
1451504441562,2,-0.017093999311327934,-0.03907199949026108,-0.04395600035786629
1451504441582,2,0.07326000183820724,-0.15384599566459656,-0.021978000178933144
1451504441602,2,0.11233200132846832,-0.167276993393898,0.017093999311327934
1451504441622,2,0.05860799923539162,-0.08913300186395645,0.02930399961769581
1451504441641,2,0.030524998903274536,-0.02930399961769581,0.04151399806141853
1451504441662,2,0.020756999030709267,-0.03907199949026108,0.03174600005149841
1451504441682,2,-0.0024419999681413174,-0.07203900068998337,-0.008546999655663967
1451504441702,2,0.02808300033211708,-0.11233200132846832,-0.05738699808716774
1451504441724,2,0.06227099895477295,-0.13797299563884735,-0.045176997780799866
1451504441742,2,0.11477399617433548,-0.1623930037021637,-0.04395600035786629
1451504441763,2,0.1575089991092682,-0.14774100482463837,-0.030524998903274536
1451504441783,2,0.10500600188970566,-0.06959699839353561,-0.05372399836778641
1451504441804,2,0.0024419999681413174,0.025640999898314476,-0.10134299844503403
1451504441823,2,0.07326000183820724,-0.03174600005149841,-0.04395600035786629
1451504441844,2,0.16483499109745026,-0.13064700365066528,0.04639799892902374
1451504441864,2,0.22466400265693665,-0.22832699120044708,0.12332099676132202
1451504441883,2,0.25763100385665894,-0.2271059900522232,0.17582400143146515
1451504441904,2,0.20390699803829193,-0.1245419979095459,0.19658099114894867
1451504441923,2,0.12332099676132202,0.00976799987256527,0.2918190062046051
1451504441943,2,0.17460300028324127,0.007325999904423952,0.34798499941825867
1451504441964,2,-0.9816839694976807,1.072037935256958,-0.05250300094485283
1451504441984,2,-0.731378972530365,2.181926965713501,0.013430999591946602
1451504442005,2,-0.13430999219417572,0.7240529656410217,0.14774100482463837
1451504442024,2,0.6923069953918457,-1.709399938583374,0.13186800479888916
1451504442045,2,0.27838799357414246,-1.6495709419250488,0.05128199979662895
1451504442065,2,0.09645900130271912,-0.5335769653320313,-0.0488400012254715
1451504442085,2,0.050060998648405075,0.2490839958190918,-0.10378500074148178
1451504442105,2,0.07081799954175949,0.4822950065135956,-0.06837599724531174
1451504442125,2,0.3894990086555481,-0.20390699803829193,0.1135529950261116
1451504442145,2,0.4542119801044464,-0.3199020028114319,0.1782660037279129
1451504442166,2,0.38583600521087646,-0.2661779820919037,0.21367499232292175
1451504442186,2,0.2332109957933426,-0.03907199949026108,0.1355309933423996
1451504442206,2,0.10744799673557281,0.11233200132846832,0.04761900007724762
1451504442225,2,0.05128199979662895,0.13797299563884735,-0.010989000089466572
1451504442246,2,0.03174600005149841,-0.10622699558734894,-0.050060998648405075
1451504442266,2,0.07203900068998337,-0.21001200377941132,-0.04151399806141853
1451504442286,2,0.1245419979095459,-0.23443199694156647,-0.01953599974513054
1451504442312,2,0.10866899788379669,-0.13308899104595184,-0.035408999770879745
1451504442326,2,0.06104999780654907,0.02442000061273575,-0.10500600188970566
1451504442346,2,0.06593400239944458,-0.08058600127696991,-0.13919399678707123
1451504442367,2,0.12698400020599365,-0.14285700023174286,-0.11111100018024445
1451504442388,2,0.1562879979610443,-0.1514039933681488,-0.06227099895477295
1451504442407,2,0.16971899569034576,-0.09523800015449524,-0.015873000025749207
1451504442426,2,0.14163599908351898,0.0378509983420372,-0.020756999030709267
1451504442447,2,-0.07081799954175949,0.33821699023246765,-0.030524998903274536
1451504442467,2,0.008546999655663967,0.22588500380516052,-0.010989000089466572
1451504442487,2,0.09035399556159973,0.02808300033211708,-0.02319899946451187
1451504442508,2,0.11599499732255936,-0.09279599785804749,-0.03418799862265587
1451504442527,2,0.10866899788379669,-0.0866909995675087,-0.010989000089466572
1451504442547,2,0.08913300186395645,-0.0012209999840706587,0.06715499609708786
1451504442568,2,0.08180700242519379,0.06227099895477295,0.07203900068998337
1451504442588,2,0.08302799612283707,0.0024419999681413174,0.045176997780799866
1451504442608,2,0.1135529950261116,-0.06104999780654907,0.013430999591946602
1451504442628,2,0.12087900191545486,-0.035408999770879745,-0.00976799987256527
1451504442649,2,0.11599499732255936,0.02930399961769581,0.003662999952211976
1451504442668,2,0.07203900068998337,0.0488400012254715,0.06104999780654907
1451504442689,2,0.035408999770879745,-0.01953599974513054,0.03174600005149841
1451504442709,2,0.02442000061273575,-0.06837599724531174,0.0
1451504442728,2,0.03174600005149841,-0.04395600035786629,-0.00976799987256527
1451504442749,2,0.01831500045955181,0.030524998903274536,0.01831500045955181
1451504442769,2,0.040293000638484955,-0.06715499609708786,0.1025639995932579
1451504442789,2,0.08180700242519379,-0.1941390037536621,0.07692299783229828
1451504442809,2,0.11721599847078323,-0.3626369833946228,-0.015873000025749207
1451504442829,2,0.11477399617433548,-0.5103780031204224,-0.09890099614858627
1451504442849,2,0.04639799892902374,-0.4053719937801361,-0.15018299221992493
1451504442869,2,0.021978000178933144,0.2747249901294708,0.05372399836778641
1451504442890,2,0.03174600005149841,0.6031739711761475,0.05860799923539162
1451504442909,2,0.08546999841928482,0.6654449701309204,0.008546999655663967
1451504442929,2,0.13675199449062347,0.48962098360061646,-0.007325999904423952
1451504442950,2,0.13919399678707123,0.2710619866847992,-0.004883999936282635
1451504442970,2,0.1404149979352951,0.13308899104595184,-0.008546999655663967
1451504442990,2,0.10134299844503403,0.04639799892902374,-0.03174600005149841
1451504443010,2,0.07814399898052216,0.0012209999840706587,-0.0647130012512207
1451504443030,2,0.11599499732255936,-0.01831500045955181,-0.08180700242519379
1451504443051,2,0.17216099798679352,-0.09157499670982361,-0.07081799954175949
1451504443071,2,0.1843709945678711,-0.1404149979352951,-0.0647130012512207
1451504443092,2,0.09890099614858627,0.03418799862265587,0.02930399961769581
1451504443115,2,0.03907199949026108,0.08913300186395645,0.04273499920964241
1451504443131,2,0.035408999770879745,0.01953599974513054,0.01953599974513054
1451504443151,2,0.097680002450943,-0.11477399617433548,0.021978000178933144
1451504443172,2,0.13430999219417572,-0.21001200377941132,0.01953599974513054
1451504443192,2,0.04761900007724762,-0.05128199979662895,-0.015873000025749207
1451504443211,2,0.04273499920964241,0.004883999936282635,-0.017093999311327934
1451504443232,2,0.06104999780654907,-0.026861999183893204,-0.02930399961769581
1451504443252,2,0.12087900191545486,-0.12087900191545486,-0.02319899946451187
1451504443272,2,0.14285700023174286,-0.1941390037536621,-0.010989000089466572
1451504443292,2,0.09035399556159973,-0.21733799576759338,0.007325999904423952
1451504443317,2,-0.007325999904423952,-0.03907199949026108,-0.04151399806141853
1451504443332,2,0.05250300094485283,0.097680002450943,-0.07326000183820724
1451504443352,2,0.15018299221992493,0.15384599566459656,-0.040293000638484955
1451504443372,2,0.20268599689006805,0.16971899569034576,0.03296700119972229
1451504443397,2,0.17460300028324127,0.2051279991865158,0.09035399556159973
1451504443412,2,0.008546999655663967,0.20757000148296356,-0.008546999655663967
1451504443433,2,0.012210000306367874,0.059829000383615494,-0.06104999780654907
1451504443453,2,0.09157499670982361,-0.13430999219417572,-0.045176997780799866
1451504443473,2,0.19047600030899048,-0.17948700487613678,0.03907199949026108
1451504443494,1,0.1843709945678711,-0.09279599785804749,0.09035399556159973
1451504443513,1,0.08546999841928482,0.050060998648405075,0.035408999770879745
1451504443534,1,0.07081799954175949,0.05128199979662895,0.007325999904423952
1451504443554,1,0.09890099614858627,0.010989000089466572,0.03418799862265587
1451504443574,1,0.11477399617433548,-0.0012209999840706587,0.07326000183820724
1451504443593,1,0.12698400020599365,0.03663000091910362,0.0866909995675087
1451504443613,1,0.13430999219417572,0.06349200010299683,0.06837599724531174
1451504443634,1,0.1514039933681488,-0.040293000638484955,0.06959699839353561
1451504443654,1,0.17093999683856964,-0.14285700023174286,0.04639799892902374
1451504443679,1,0.20757000148296356,-0.2332109957933426,-0.008546999655663967
1451504443694,1,0.23687399923801422,-0.211232990026474,-0.08913300186395645
1451504443714,1,0.2051279991865158,-0.09279599785804749,-0.15018299221992493
1451504443734,1,0.0757019966840744,0.1684979945421219,-0.11965800076723099
1451504443755,1,0.017093999311327934,0.16483499109745026,0.11111100018024445
1451504443776,1,0.03174600005149841,0.05250300094485283,0.35409000515937805
1451504443794,1,0.12820500135421753,-0.24175800383090973,0.4383389949798584
1451504443815,1,0.23565299808979034,-0.6190469861030579,0.3772889971733093
1451504443835,1,0.30524998903274536,-0.5750910043716431,0.24542099237442017
1451504443856,1,0.30158698558807373,-0.19169700145721436,0.1892549991607666
1451504443877,1,0.2380950003862381,0.12209999561309814,0.11233200132846832
1451504443895,1,0.17582400143146515,0.7997549772262573,0.006105000153183937
1451504443915,1,0.013430999591946602,1.5714269876480103,-0.2588520050048828
1451504443936,1,-0.10988999903202057,2.1697170734405518,-0.5115990042686462
1451504443956,1,-0.10866899788379669,2.5641000270843506,-0.5433449745178223
1451504443977,1,0.2918190062046051,2.210010051727295,-0.4383389949798584
1451504443996,1,0.9706949591636658,1.6678860187530518,-0.17093999683856964
1451504444016,1,1.747251033782959,1.0402920246124268,0.19902299344539642
1451504444036,1,2.1672749519348145,0.6336989998817444,0.36996299028396606
1451504444057,1,0.4053719937801361,-0.8583629727363586,2.8253939151763916
1451504444078,1,0.1465200036764145,-1.7106209993362427,2.8620240688323975
1451504444096,1,0.025640999898314476,-1.9682519435882568,1.616603970527649
1451504444117,1,-0.32844898104667664,-1.471305012702942,0.13064700365066528
1451504444137,1,-0.8620259761810303,-0.45787498354911804,-0.5067149996757507
1451504444157,1,-1.0757009983062744,-0.17582400143146515,-0.4285709857940674
1451504444178,1,-0.5164830088615417,-0.6056159734725952,-0.11233200132846832
1451504444202,1,-0.17093999683856964,-0.4639799892902374,0.2380950003862381
1451504444218,1,-0.09035399556159973,0.17460300028324127,0.19169700145721436
1451504444238,1,0.07326000183820724,0.4981679916381836,-0.03907199949026108
1451504444258,1,0.16483499109745026,0.48473697900772095,-0.17704500257968903
1451504444278,1,0.05372399836778641,0.03418799862265587,-0.2698409855365753
1451504444298,1,-0.02808300033211708,-0.3748469948768616,-0.16483499109745026
1451504444318,1,0.026861999183893204,-0.8766779899597168,-0.08424899727106094
1451504444338,1,0.11233200132846832,-1.1941379308700562,-0.16605599224567413
1451504444359,1,0.10744799673557281,-1.0659329891204834,-0.26251500844955444
1451504444379,1,-0.20757000148296356,-0.4151400029659271,-0.21733799576759338
1451504444399,1,-0.25641000270843506,-0.3675209879875183,-0.18681299686431885
1451504444418,1,-0.195360004901886,-0.504272997379303,-0.15384599566459656
1451504444448,1,-0.1135529950261116,-0.7191689610481262,-0.0647130012512207
1451504444459,1,-0.07203900068998337,-0.9755789637565613,0.08913300186395645
1451504444485,1,-0.1843709945678711,-0.8315010070800781,0.17460300028324127
1451504444499,1,-0.1562879979610443,-0.4664219915866852,0.13186800479888916
1451504444519,1,-0.03663000091910362,-0.12209999561309814,0.10012199729681015
1451504444540,1,-0.05372399836778641,0.04273499920964241,0.08424899727106094
1451504444567,1,-0.11111100018024445,0.03296700119972229,-0.010989000089466572
1451504444579,1,-0.07814399898052216,0.3369959890842438,-0.26251500844955444
1451504444600,1,-0.07936500012874603,0.689864993095398,-0.211232990026474
1451504444620,1,-0.007325999904423952,0.7643460035324097,-0.11111100018024445
1451504444640,1,0.12820500135421753,0.42612898349761963,-0.06104999780654907
1451504444662,1,0.2905980050563812,0.025640999898314476,-0.05738699808716774
1451504444680,1,0.34798499941825867,-0.28327199816703796,-0.08546999841928482
1451504444700,1,0.25152599811553955,-0.30524998903274536,-0.02808300033211708
1451504444721,1,0.2661779820919037,-0.18803399801254272,0.07326000183820724
1451504444741,1,0.299144983291626,-0.03296700119972229,0.08180700242519379
1451504444762,1,0.30524998903274536,0.2441999912261963,0.03663000091910362
1451504444781,1,0.3687419891357422,0.2698409855365753,0.010989000089466572
1451504444801,1,0.5604389905929565,-0.1514039933681488,0.13430999219417572
1451504444821,1,0.5775330066680908,-0.3125759959220886,0.17460300028324127
1451504444841,1,0.37606799602508545,-0.23687399923801422,0.13186800479888916
1451504444861,1,0.12820500135421753,0.05372399836778641,0.10378500074148178
1451504444881,1,0.0012209999840706587,0.2967030107975006,0.11721599847078323
1451504444906,1,0.4004879891872406,0.5177040100097656,0.4664219915866852
1451504444923,1,0.770451009273529,0.6007319688796997,0.5934060215950012
1451504444941,1,0.9963359832763672,0.5470079779624939,0.6092789769172668
1451504444963,1,0.956043004989624,0.43589699268341064,0.39804598689079285
1451504444982,1,0.6715499758720398,0.32112300395965576,0.16361400485038757
1451504445002,1,0.36507898569107056,0.422465980052948,0.02808300033211708
1451504445023,1,0.3247860074043274,0.42979198694229126,-0.008546999655663967
1451504445042,1,0.4798530042171478,0.22344300150871277,-0.035408999770879745
1451504445063,1,0.5775330066680908,-0.05128199979662895,-0.06104999780654907
1451504445082,1,0.523809015750885,-0.1733819991350174,-0.07203900068998337
1451504445103,1,0.36507898569107056,-0.059829000383615494,-0.06959699839353561
1451504445123,1,-0.020756999030709267,0.299144983291626,-0.2967030107975006
1451504445143,1,-0.17582400143146515,0.46275898814201355,-0.36629998683929443
1451504445164,1,-0.30158698558807373,0.36507898569107056,-0.3418799936771393
1451504445183,1,-0.3528690040111542,0.05738699808716774,-0.34310099482536316
1451504445204,1,-0.42490798234939575,-0.30647099018096924,-0.2808299958705902
1451504445223,1,-0.3565320074558258,-1.2893760204315186,0.05616600066423416
1451504445244,1,-0.18070799112319946,-1.120877981185913,0.19291800260543823
1451504445263,1,-0.15018299221992493,-0.8180699944496155,0.16361400485038757
1451504445283,1,-0.17460300028324127,-0.4481070041656494,0.10134299844503403
1451504445303,1,-0.20634900033473969,-0.167276993393898,0.06715499609708786
1451504445324,1,-0.20390699803829193,0.13186800479888916,0.07203900068998337
1451504445347,1,-0.10988999903202057,0.5018309950828552,0.15262499451637268
1451504445364,1,-0.06349200010299683,0.4432229995727539,0.10988999903202057
1451504445384,1,0.007325999904423952,0.211232990026474,0.04273499920964241
1451504445404,1,0.11721599847078323,0.1514039933681488,0.06349200010299683
1451504445424,1,0.22100099921226501,0.2588520050048828,0.13308899104595184
1451504445446,1,0.3040289878845215,-0.012210000306367874,0.15018299221992493
1451504445464,1,0.27228298783302307,-0.41269800066947937,0.10744799673557281
1451504445485,1,0.1733819991350174,-0.5164830088615417,0.097680002450943
1451504445505,1,0.017093999311327934,-0.2319899946451187,0.10622699558734894
1451504445525,2,-0.04273499920964241,0.07326000183820724,0.1245419979095459
1451504445547,2,0.21367499232292175,-0.13186800479888916,0.21855899691581726
1451504445565,2,0.23931600153446198,-0.24175800383090973,0.12209999561309814
1451504445586,2,0.17582400143146515,-0.14285700023174286,0.021978000178933144
1451504445605,2,0.04151399806141853,0.0488400012254715,-0.04151399806141853
1451504445625,2,-0.059829000383615494,0.11477399617433548,-0.054944999516010284
1451504445646,2,-0.020756999030709267,-0.03174600005149841,-0.07692299783229828
1451504445666,2,0.1245419979095459,-0.3028079867362976,-0.2332109957933426
1451504445686,2,0.07448099553585052,-0.2222220003604889,-0.27228298783302307
1451504445706,2,0.08791200071573257,-0.09279599785804749,-0.23443199694156647
1451504445727,2,0.15506699681282043,-0.04151399806141853,-0.1733819991350174
1451504445747,2,0.23565299808979034,-0.23565299808979034,-0.167276993393898
1451504445766,2,0.15506699681282043,-0.70940101146698,-0.3894990086555481
1451504445787,2,0.02442000061273575,-0.7289369702339172,-0.416361004114151
1451504445807,2,-0.11233200132846832,-0.504272997379303,-0.4114769995212555
1451504445827,2,-0.18314999341964722,-0.2698409855365753,-0.38583600521087646
1451504445848,2,-0.2527469992637634,-0.08302799612283707,-0.36019498109817505
1451504445867,2,-0.3504270017147064,0.04151399806141853,-0.20146499574184418
1451504445887,2,-0.3724049925804138,0.012210000306367874,-0.27838799357414246
1451504445908,2,-0.22344300150871277,-0.07814399898052216,-0.3833940029144287
1451504445928,2,-0.03296700119972229,0.07326000183820724,-0.38217300176620483
1451504445948,2,0.06593400239944458,0.4212450087070465,-0.2503049969673157
1451504445973,2,0.10378500074148178,0.6446880102157593,-0.12087900191545486
1451504445988,2,0.1733819991350174,-0.021978000178933144,-0.16361400485038757
1451504446008,2,0.195360004901886,-0.5921850204467773,-0.2918190062046051
1451504446028,2,0.17216099798679352,-0.9536010026931763,-0.31746000051498413
1451504446048,2,0.15506699681282043,-0.9413909912109375,-0.19780199229717255
1451504446068,2,0.12087900191545486,-0.4639799892902374,-0.10622699558734894
1451504446088,2,-0.09157499670982361,0.3150179982185364,-0.05372399836778641
1451504446109,2,0.035408999770879745,-0.16361400485038757,0.05738699808716774
1451504446132,2,0.3467639982700348,-0.9438329935073853,0.27838799357414246
1451504446149,2,0.6092789769172668,-1.3296689987182617,0.5347979664802551
1451504446174,2,-0.555554986000061,4.401704788208008,1.59340500831604
1451504446189,2,-1.4517689943313599,1.965809941291809,2.942610025405884
1451504446209,2,0.026861999183893204,-0.5824170112609863,1.008545994758606
1451504446229,2,0.7155060172080994,-1.6910849809646606,0.3833940029144287
1451504446254,2,0.70940101146698,-1.2625139951705933,-0.09279599785804749
1451504446269,2,0.4920629858970642,-0.33821699023246765,-0.36019498109817505
1451504446290,2,0.17216099798679352,0.416361004114151,-0.4700849950313568
1451504446310,2,0.3577530086040497,0.0012209999840706587,-0.6104999780654907
1451504446331,2,0.4981679916381836,-0.5421239733695984,-0.5103780031204224
1451504446356,2,0.293040007352829,-0.2747249901294708,-0.18559199571609497
1451504446370,2,0.045176997780799866,0.43589699268341064,0.10866899788379669
1451504446390,2,-0.02442000061273575,0.8888880014419556,0.2661779820919037
1451504446410,2,0.097680002450943,0.24664199352264404,-0.08058600127696991
1451504446433,2,0.16605599224567413,-0.2649570107460022,-0.19047600030899048
1451504446454,2,0.19780199229717255,-0.5335769653320313,-0.2002439945936203
1451504446471,2,0.23931600153446198,-0.5115990042686462,-0.1245419979095459
1451504446492,2,0.18803399801254272,-0.299144983291626,-0.008546999655663967
1451504446511,2,0.007325999904423952,-0.00976799987256527,0.06227099895477295
1451504446532,2,0.015873000025749207,-0.021978000178933144,0.003662999952211976
1451504446551,2,0.003662999952211976,-0.1892549991607666,-0.04761900007724762
1451504446572,2,0.025640999898314476,-0.3199020028114319,-0.01831500045955181
1451504446591,2,-0.054944999516010284,-0.167276993393898,0.05738699808716774
1451504446612,2,-0.16483499109745026,0.3833940029144287,0.09890099614858627
1451504446633,2,-0.09157499670982361,0.3076919913291931,0.097680002450943
1451504446652,2,-0.07448099553585052,0.16605599224567413,0.11111100018024445
1451504446671,2,-0.14774100482463837,0.1404149979352951,0.2527469992637634
1451504446696,2,-0.2649570107460022,0.11477399617433548,0.3247860074043274
1451504446732,2,-0.3247860074043274,0.21367499232292175,0.3235650062561035
1451504446749,2,-0.23931600153446198,0.1892549991607666,0.09401699900627136
1451504446754,2,-0.059829000383615494,0.1733819991350174,-0.05860799923539162
1451504446773,2,0.07936500012874603,0.14285700023174286,-0.08546999841928482
1451504446793,2,0.13308899104595184,0.059829000383615494,-0.08913300186395645
1451504446813,2,0.1514039933681488,-0.003662999952211976,-0.07081799954175949
1451504446839,2,0.13430999219417572,-0.021978000178933144,0.1025639995932579
1451504446853,2,0.0757019966840744,-0.012210000306367874,0.14163599908351898
1451504446873,2,0.10500600188970566,-0.17582400143146515,0.10866899788379669
1451504446894,2,0.167276993393898,-0.2820509970188141,0.06349200010299683
1451504446913,2,0.6227099895477295,0.390720009803772,-0.38217300176620483
1451504446933,2,0.5335769653320313,0.17216099798679352,-0.26739898324012756
1451504446953,2,0.3418799936771393,0.19780199229717255,0.08302799612283707
1451504446973,2,0.42612898349761963,0.7387049794197083,-0.10744799673557281
1451504446994,2,0.4395599961280823,0.8046389818191528,-0.40292999148368835
1451504447014,2,0.30036598443984985,0.48962098360061646,-0.5286930203437805
1451504447034,2,0.19291800260543823,0.5091570019721985,-0.5763120055198669
1451504447054,2,0.12209999561309814,1.0048829317092896,-0.4432229995727539
1451504447075,2,0.06715499609708786,1.1074470281600952,-0.13430999219417572
1451504447095,2,0.02319899946451187,1.08058500289917,0.04761900007724762
1451504447120,2,0.13797299563884735,0.7069590091705322,-0.004883999936282635
1451504447134,2,0.3296699821949005,0.18681299686431885,-0.07448099553585052
1451504447155,2,0.25152599811553955,-0.13919399678707123,-0.11599499732255936
1451504447175,2,0.13064700365066528,-0.19169700145721436,-0.10012199729681015
1451504447195,2,0.15506699681282043,-0.39804598689079285,-0.0488400012254715
1451504447217,2,0.22954799234867096,-0.6776549816131592,-0.02442000061273575
1451504447235,2,0.3296699821949005,-0.7728930115699768,-0.08424899727106094
1451504447255,2,0.26129400730133057,-0.30158698558807373,-0.09645900130271912
1451504447276,2,0.20390699803829193,-0.0866909995675087,-0.06715499609708786
1451504447296,2,0.12576299905776978,-0.01953599974513054,-0.03907199949026108
1451504447318,2,0.0488400012254715,-0.10012199729681015,-0.03907199949026108
1451504447340,2,0.02442000061273575,-0.24786299467086792,-0.07936500012874603
1451504447357,2,0.008546999655663967,-0.2808299958705902,-0.10134299844503403
1451504447377,2,0.1355309933423996,0.026861999183893204,0.01953599974513054
1451504447397,2,0.13308899104595184,0.06959699839353561,0.05372399836778641
1451504447424,2,0.0866909995675087,0.03418799862265587,0.050060998648405075
1451504447436,2,0.03663000091910362,0.07692299783229828,-0.007325999904423952
1451504447457,2,0.017093999311327934,0.1355309933423996,-0.02930399961769581
1451504447477,2,0.08180700242519379,0.20757000148296356,0.12209999561309814
1451504447497,2,0.09890099614858627,0.36019498109817505,0.25641000270843506
1451504447517,2,0.14285700023174286,0.39316198229789734,0.32112300395965576
1451504447537,1,0.167276993393898,0.33821699023246765,0.32722800970077515
1451504447558,1,0.14407800137996674,0.2661779820919037,0.2503049969673157
1451504447578,1,0.12332099676132202,0.32722800970077515,-0.008546999655663967
1451504447598,1,0.12332099676132202,0.4383389949798584,0.030524998903274536
1451504447621,1,0.19780199229717255,0.504272997379303,0.15018299221992493
1451504447643,1,0.24542099237442017,0.6251519918441772,0.17216099798679352
1451504447658,1,0.21977999806404114,0.7020750045776367,0.2637360095977783
1451504447677,1,0.22100099921226501,0.5628809928894043,0.40292999148368835
1451504447698,1,0.4481070041656494,0.01831500045955181,0.2918190062046051
1451504447718,1,0.5347979664802551,-0.09890099614858627,0.23443199694156647
1451504447738,1,0.5518919825553894,-0.12820500135421753,0.23565299808979034
1451504447758,1,0.5103780031204224,-0.02319899946451187,0.2222220003604889
1451504447778,1,0.4383389949798584,0.054944999516010284,0.15506699681282043
1451504447799,1,0.3040289878845215,0.13919399678707123,0.017093999311327934
1451504447820,1,0.2332109957933426,0.1782660037279129,-0.008546999655663967
1451504447838,1,0.1562879979610443,0.14163599908351898,-0.021978000178933144
1451504447859,1,0.09890099614858627,0.1294260025024414,-0.08180700242519379
1451504447880,1,0.054944999516010284,0.1452990025281906,-0.18803399801254272
1451504447900,1,-0.0488400012254715,0.3308909833431244,-0.4175820052623749
1451504447919,1,-0.1514039933681488,0.536018967628479,-0.34432199597358704
1451504447940,1,-0.2490839958190918,0.6532350182533264,-0.1562879979610443
1451504447960,1,-0.21977999806404114,0.5494499802589417,-0.06227099895477295
1451504447980,1,0.13186800479888916,0.7667880058288574,-0.0024419999681413174
1451504448000,1,0.4004879891872406,1.327226996421814,0.211232990026474
1451504448019,1,0.4395599961280823,0.5677649974822998,0.5873010158538818
1451504448040,1,0.6043949723243713,-0.6459090113639832,0.4371179938316345
1451504448060,1,0.5311350226402283,-1.297922968864441,0.299144983291626
1451504448080,1,0.24053700268268585,-1.0463969707489014,0.02808300033211708
1451504448100,1,-0.2698409855365753,-0.6935279965400696,0.008546999655663967
1451504448121,1,-0.5018309950828552,-0.8876670002937317,0.33333298563957214
1451504448140,1,-0.40903499722480774,-0.8705729842185974,0.3516480028629303
1451504448161,1,-0.026861999183893204,-0.8388270139694214,0.24175800383090973
1451504448181,1,0.32600700855255127,-0.4774110019207001,0.0866909995675087
1451504448202,1,0.38217300176620483,0.04273499920964241,0.167276993393898
1451504448226,1,0.4371179938316345,0.17704500257968903,0.27228298783302307
1451504448242,1,0.5299140214920044,-0.050060998648405075,0.12820500135421753
1451504448262,1,0.5531129837036133,-0.13186800479888916,0.03296700119972229
1451504448282,1,0.47252699732780457,-0.025640999898314476,-0.014651999808847904
1451504448304,1,0.37118399143218994,0.040293000638484955,-0.045176997780799866
1451504448321,1,0.4285709857940674,0.020756999030709267,-0.34798499941825867
1451504448342,1,0.3675209879875183,0.3785099983215332,-0.2918190062046051
1451504448362,1,0.2698409855365753,0.4432229995727539,-0.17704500257968903
1451504448383,1,0.25641000270843506,0.36629998683929443,-0.1782660037279129
1451504448403,1,0.4151400029659271,0.4883999824523926,-0.2222220003604889
1451504448426,1,0.586080014705658,0.7887659668922424,-0.12087900191545486
1451504448447,1,0.5897430181503296,1.748471975326538,-0.30524998903274536
1451504448463,1,0.9010980129241943,-0.26129400730133057,1.0952370166778564
1451504448483,1,1.3455419540405273,-2.115993022918701,2.0439538955688477
1451504448503,1,1.80097496509552,-3.927957057952881,2.192915916442871
1451504448523,1,1.9328429698944092,-4.656893730163574,1.656896948814392
1451504448543,1,-0.9670320153236389,0.003662999952211976,-0.3748469948768616
1451504448563,1,-2.3589720726013184,2.355309009552002,-1.061048984527588
1451504448583,1,-3.0439529418945313,3.8168458938598633,-0.9645900130271912
1451504448604,1,-3.4493248462677,3.3650760650634766,-0.15506699681282043
1451504448628,1,-2.3137948513031006,1.400486946105957,0.05250300094485283
1451504448643,1,0.8681309819221497,-0.7179480195045471,0.06715499609708786
1451504448664,1,0.9926729798316956,-0.5763120055198669,0.20146499574184418
1451504448684,1,0.6678869724273682,-0.17216099798679352,0.08302799612283707
1451504448704,1,0.26251500844955444,0.18192899227142334,-0.1452990025281906
1451504448724,1,-0.04639799892902374,0.318681001663208,-0.2319899946451187
1451504448744,1,-0.15506699681282043,0.23931600153446198,-0.18070799112319946
1451504448765,1,0.20390699803829193,-0.20146499574184418,-0.12209999561309814
1451504448794,1,0.30036598443984985,-0.08913300186395645,-0.14774100482463837
1451504448805,1,0.22466400265693665,0.07814399898052216,-0.08913300186395645
1451504448825,1,0.1404149979352951,0.10012199729681015,-0.03296700119972229
1451504448844,1,0.045176997780799866,0.05128199979662895,-0.014651999808847904
1451504448865,1,-0.09523800015449524,-0.07448099553585052,-0.003662999952211976
1451504448887,1,-0.06593400239944458,-0.12576299905776978,-0.02442000061273575
1451504448904,1,0.05372399836778641,-0.15873000025749207,-0.02808300033211708
1451504448925,1,0.1355309933423996,-0.1733819991350174,0.013430999591946602
1451504448945,1,0.16605599224567413,-0.15506699681282043,0.02808300033211708
1451504448965,1,0.003662999952211976,-0.059829000383615494,0.026861999183893204
1451504448996,1,-0.12209999561309814,-0.08058600127696991,0.06837599724531174
1451504449008,1,-0.2271059900522232,-0.15384599566459656,0.08180700242519379
1451504449025,1,-0.15262499451637268,-0.2527469992637634,0.0488400012254715
1451504449046,1,0.04639799892902374,-0.299144983291626,-0.01831500045955181
1451504449072,1,0.15873000025749207,-0.2503049969673157,-0.02319899946451187
1451504449088,1,-0.054944999516010284,0.13919399678707123,0.026861999183893204
1451504449106,1,-0.33333298563957214,0.27838799357414246,-0.0024419999681413174
1451504449127,1,-0.5885220170021057,0.32722800970077515,-0.0488400012254715
1451504449147,1,-0.7069590091705322,0.36629998683929443,-0.11599499732255936
1451504449167,1,-0.7179480195045471,0.31746000051498413,-0.17704500257968903
1451504449188,1,-0.38583600521087646,0.15506699681282043,-0.2637360095977783
1451504449207,1,-0.2441999912261963,0.013430999591946602,-0.293040007352829
1451504449228,1,-0.21733799576759338,-0.3150179982185364,-0.30524998903274536
1451504449248,1,-0.2967030107975006,-0.6654449701309204,-0.27350398898124695
1451504449268,1,-0.40903499722480774,-0.8095229864120483,-0.2710619866847992
1451504449294,1,-0.27838799357414246,-0.2588520050048828,-0.3369959890842438
1451504449308,1,-0.1843709945678711,0.014651999808847904,-0.2698409855365753
1451504449328,1,-0.04639799892902374,-0.00976799987256527,-0.20268599689006805
1451504449348,1,0.08058600127696991,-0.14774100482463837,-0.19291800260543823
1451504449368,1,0.1575089991092682,-0.34798499941825867,-0.21977999806404114
1451504449403,1,0.1843709945678711,-0.4639799892902374,-0.2551890015602112
1451504449412,1,-0.08180700242519379,-0.42612898349761963,-0.11965800076723099
1451504449430,1,-0.2002439945936203,-0.2429789900779724,-0.06104999780654907
1451504449470,1,-0.21245399117469788,-0.08546999841928482,-0.03663000091910362
1451504449485,1,-0.13186800479888916,0.1135529950261116,-0.021978000178933144
1451504449504,1,-0.07203900068998337,0.33943799138069153,0.02442000061273575
1451504449522,1,-0.1465200036764145,0.5225880146026611,0.19902299344539642
1451504449543,1,-0.11965800076723099,0.721610963344574,0.18192899227142334
1451504449567,1,-0.013430999591946602,0.5995109677314758,0.11111100018024445
1451504449580,1,0.1452990025281906,0.26129400730133057,-0.02442000061273575
1451504449602,1,0.2979239821434021,-0.05738699808716774,-0.08546999841928482
1451504449614,1,0.4810740053653717,-0.45665398240089417,0.030524998903274536
1451504449635,1,0.5372399687767029,-0.3833940029144287,0.10622699558734894
1451504449649,1,0.5763120055198669,-0.17704500257968903,0.10012199729681015
1451504449671,2,0.5286930203437805,-0.11233200132846832,0.0757019966840744
1451504449690,2,0.5018309950828552,-0.00976799987256527,0.12698400020599365
1451504449710,2,0.5189250111579895,0.05860799923539162,0.2161169946193695
1451504449732,2,0.47863200306892395,0.02319899946451187,0.1684979945421219
1451504449750,2,0.4542119801044464,0.0,0.014651999808847904
1451504449771,2,0.4664219915866852,-0.14163599908351898,-0.15873000025749207
1451504449790,2,0.4859579801559448,-0.2661779820919037,-0.2551890015602112
1451504449810,2,0.42490798234939575,-0.3040289878845215,-0.21001200377941132
1451504449830,2,0.059829000383615494,-0.2222220003604889,0.017093999311327934
1451504449862,2,-0.13675199449062347,-0.1135529950261116,-0.008546999655663967
1451504449871,2,-0.2967030107975006,0.03174600005149841,-0.06227099895477295
1451504449890,2,-0.3125759959220886,0.12820500135421753,-0.08424899727106094
1451504449911,2,-0.22588500380516052,0.13797299563884735,-0.07692299783229828
1451504449931,2,-0.004883999936282635,0.09523800015449524,0.00976799987256527
1451504449951,2,0.05616600066423416,-0.01831500045955181,0.020756999030709267
1451504449972,2,0.06104999780654907,-0.1404149979352951,0.008546999655663967
1451504449992,2,0.03174600005149841,-0.16605599224567413,0.0
1451504450012,2,-0.01953599974513054,-0.13797299563884735,-0.003662999952211976
1451504450032,2,-0.017093999311327934,-0.09279599785804749,0.015873000025749207
1451504450052,2,0.04273499920964241,-0.007325999904423952,-0.010989000089466572
1451504450073,2,0.02319899946451187,0.03296700119972229,-0.010989000089466572
1451504450097,2,0.026861999183893204,-0.0012209999840706587,0.03174600005149841
1451504450117,2,0.10866899788379669,-0.08424899727106094,0.08180700242519379
1451504450132,2,0.20879100263118744,-0.18559199571609497,0.1135529950261116
1451504450153,2,0.2051279991865158,-0.18192899227142334,0.07936500012874603
1451504450174,2,0.0647130012512207,-0.07814399898052216,0.04761900007724762
1451504450192,2,-0.04395600035786629,-0.04273499920964241,0.04395600035786629
1451504450213,2,0.0,-0.03907199949026108,0.07081799954175949
1451504450233,2,0.11599499732255936,-0.11111100018024445,0.1025639995932579
1451504450253,2,0.15262499451637268,-0.2002439945936203,0.10012199729681015
1451504450274,2,0.05738699808716774,-0.16361400485038757,0.12576299905776978
1451504450293,2,0.025640999898314476,-0.1135529950261116,0.1892549991607666
1451504450313,2,0.3455429971218109,1.304028034210205,-1.8034169673919678
1451504450334,2,-0.43467599153518677,1.647128939628601,-1.7338199615478516
1451504450354,2,-0.08791200071573257,0.22344300150871277,0.04273499920964241
1451504450382,2,0.4432229995727539,-0.29548200964927673,0.14896199107170105
1451504450394,2,0.33333298563957214,-0.9413909912109375,0.3638579845428467
1451504450419,2,0.06593400239944458,-0.7167270183563232,0.35531100630760193
1451504450435,2,-0.05250300094485283,-0.23565299808979034,0.06959699839353561
1451504450455,2,0.06715499609708786,0.08913300186395645,-0.16971899569034576
1451504450475,2,0.3894990086555481,0.3369959890842438,-0.0024419999681413174
1451504450496,2,0.4285709857940674,0.21977999806404114,0.15873000025749207
1451504450515,2,0.4285709857940674,0.0866909995675087,0.21977999806404114
1451504450535,2,0.32600700855255127,0.03663000091910362,0.15995100140571594
1451504450555,2,0.14163599908351898,0.08424899727106094,0.08180700242519379
1451504450575,2,0.012210000306367874,0.1623930037021637,-0.010989000089466572
1451504450600,2,0.11843699961900711,0.12576299905776978,0.0012209999840706587
1451504450615,2,0.18314999341964722,0.054944999516010284,0.03418799862265587
1451504450636,2,0.1892549991607666,0.020756999030709267,0.0647130012512207
1451504450658,2,0.1452990025281906,0.030524998903274536,0.06227099895477295
1451504450680,2,0.09279599785804749,0.07081799954175949,-0.007325999904423952
1451504450697,2,0.13430999219417572,0.09890099614858627,-0.02808300033211708
1451504450716,2,0.19169700145721436,0.12087900191545486,-0.013430999591946602
1451504450736,2,0.22954799234867096,0.06959699839353561,0.03174600005149841
1451504450756,2,0.24664199352264404,0.015873000025749207,0.06593400239944458
1451504450776,2,0.21733799576759338,-0.0024419999681413174,0.05616600066423416
1451504450796,2,0.05738699808716774,0.1135529950261116,-0.01831500045955181
1451504450817,2,0.0378509983420372,0.1294260025024414,-0.00976799987256527
1451504450837,2,0.08180700242519379,0.06837599724531174,0.008546999655663967
1451504450857,2,0.1404149979352951,-0.0012209999840706587,0.02442000061273575
1451504450877,2,0.15384599566459656,-0.030524998903274536,0.03418799862265587
1451504450897,2,0.08424899727106094,0.03418799862265587,0.05250300094485283
1451504450917,2,0.05616600066423416,0.05250300094485283,0.06349200010299683
1451504450938,2,0.054944999516010284,0.054944999516010284,0.06837599724531174
1451504450957,2,0.08546999841928482,0.050060998648405075,0.05128199979662895
1451504450977,2,0.10500600188970566,0.013430999591946602,0.030524998903274536
1451504450998,2,0.1514039933681488,-0.030524998903274536,0.006105000153183937
1451504451018,2,0.14163599908351898,0.01831500045955181,0.02319899946451187
1451504451038,2,0.09890099614858627,0.08913300186395645,0.045176997780799866
1451504451059,2,0.04639799892902374,0.13064700365066528,0.0647130012512207
1451504451078,2,0.04151399806141853,0.11233200132846832,0.05860799923539162
1451504451099,2,0.06959699839353561,0.06104999780654907,0.03418799862265587
1451504451119,2,0.08791200071573257,0.0024419999681413174,0.021978000178933144
1451504451139,2,0.07203900068998337,0.04761900007724762,0.0378509983420372
1451504451159,2,0.030524998903274536,0.07448099553585052,0.02808300033211708
1451504451178,2,0.007325999904423952,0.08424899727106094,0.01831500045955181
1451504451199,2,0.006105000153183937,0.059829000383615494,0.0012209999840706587
1451504451219,2,0.12209999561309814,-0.059829000383615494,-0.0012209999840706587
1451504451240,2,0.13797299563884735,-0.08546999841928482,0.06104999780654907
1451504451260,2,0.1355309933423996,-0.08791200071573257,0.13064700365066528
1451504451280,2,0.09401699900627136,-0.07692299783229828,0.1245419979095459
1451504451300,2,0.04151399806141853,-0.1245419979095459,0.04273499920964241
1451504451320,2,0.19902299344539642,-0.842490017414093,-0.11233200132846832
1451504451340,2,0.23565299808979034,-0.874235987663269,-0.1562879979610443
1451504451360,2,0.17948700487613678,-0.6568979620933533,-0.20879100263118744
1451504451380,2,0.10988999903202057,-0.565322995185852,-0.10744799673557281
1451504451400,2,-0.03418799862265587,-0.4053719937801361,-0.09523800015449524
1451504451420,2,-0.19780199229717255,-0.2429789900779724,-0.13308899104595184
1451504451440,2,-0.18070799112319946,-0.2747249901294708,-0.2759459912776947
1451504451460,2,0.01953599974513054,-0.4334549903869629,-0.3772889971733093
1451504451481,2,0.13430999219417572,-0.7570199966430664,-0.3956039845943451
1451504451501,2,0.13186800479888916,-0.9181919693946838,-0.34432199597358704
1451504451521,2,0.10622699558734894,-0.8974350094795227,-0.26251500844955444
1451504451541,2,0.2918190062046051,-0.5811960101127625,-0.10866899788379669
1451504451566,2,0.010989000089466572,-0.4334549903869629,0.2539680004119873
1451504451585,2,-0.2380950003862381,0.04273499920964241,0.39194098114967346
1451504451602,2,-0.39804598689079285,0.18192899227142334,0.3199020028114319
1451504451622,2,-0.4444440007209778,0.2429789900779724,0.3040289878845215
1451504451644,2,0.0024419999681413174,0.06349200010299683,0.27350398898124695
1451504451661,2,0.3125759959220886,0.03296700119972229,0.26739898324012756
1451504451682,2,0.3565320074558258,0.1404149979352951,0.3894990086555481
