1451575604193,1,0.0024419999681413174,0.006105000153183937,-0.035408999770879745
1451575604210,1,0.003662999952211976,-0.03296700119972229,-0.003662999952211976
1451575604232,1,-0.007325999904423952,-0.07326000183820724,0.01831500045955181
1451575604252,1,-0.008546999655663967,-0.07203900068998337,0.030524998903274536
1451575604271,1,0.07936500012874603,-0.06104999780654907,0.07081799954175949
1451575604299,1,0.17704500257968903,-0.06104999780654907,0.12576299905776978
1451575604311,1,0.26129400730133057,-0.01953599974513054,0.18559199571609497
1451575604335,1,0.2857140004634857,0.02442000061273575,0.21977999806404114
1451575604352,1,0.2588520050048828,0.004883999936282635,0.2271059900522232
1451575604372,1,0.2857140004634857,0.195360004901886,0.2649570107460022
1451575604391,1,0.38095200061798096,0.4664219915866852,0.39316198229789734
1451575604412,1,0.4883999824523926,0.6678869724273682,0.5433449745178223
1451575604432,1,0.5506709814071655,0.7545779943466187,0.536018967628479
1451575604452,1,0.5409029722213745,0.6800969839096069,0.2979239821434021
1451575604472,1,-0.05738699808716774,0.2979239821434021,-0.6507930159568787
1451575604493,1,-0.4920629858970642,0.3125759959220886,-0.9487169981002808
1451575604512,1,-0.7460309863090515,0.30036598443984985,-1.0048829317092896
1451575604533,1,-0.7423679828643799,0.4395599961280823,-0.7533569931983948
1451575604554,1,-0.44688600301742554,0.19047600030899048,-0.45787498354911804
1451575604574,1,0.33333298563957214,-0.6544560194015503,-0.38095200061798096
1451575604593,1,1.6959689855575562,-0.030524998903274536,-0.4639799892902374
1451575604613,1,1.428570032119751,0.4175820052623749,-0.18559199571609497
1451575604634,1,1.0012199878692627,0.3675209879875183,-0.04395600035786629
1451575604654,1,0.6764339804649353,0.06715499609708786,-0.05128199979662895
1451575604676,1,0.44200199842453003,-0.22832699120044708,-0.015873000025749207
1451575604694,1,-0.08546999841928482,-0.4542119801044464,0.030524998903274536
1451575604713,1,-0.19047600030899048,-0.38095200061798096,-0.006105000153183937
1451575604734,1,-0.2051279991865158,-0.21733799576759338,-0.15262499451637268
1451575604754,1,-0.2429789900779724,-0.15506699681282043,-0.3992669880390167
1451575604776,1,-0.30647099018096924,-0.00976799987256527,-0.6202679872512817
1451575604794,1,-0.44688600301742554,0.3846150040626526,-0.47252699732780457
1451575604815,1,-0.31623899936676025,0.3797309994697571,-0.15995100140571594
1451575604835,1,-0.1452990025281906,0.4822950065135956,0.13308899104595184
1451575604856,1,-0.1575089991092682,0.28449299931526184,0.48473697900772095
1451575604877,1,-0.12209999561309814,-0.8815619945526123,2.0036609172821045
1451575604895,1,0.30524998903274536,-1.544564962387085,2.3125739097595215
1451575604915,1,0.6715499758720398,-0.598289966583252,0.17948700487613678
1451575604936,1,0.2551890015602112,-0.1623930037021637,-0.8986560106277466
1451575604955,1,-0.11233200132846832,0.04761900007724762,-1.1404139995574951
1451575604976,1,-0.4017089903354645,0.21733799576759338,-0.7753350138664246
1451575604996,1,-0.7789980173110962,0.20757000148296356,-0.09279599785804749
1451575605017,1,-0.5641019940376282,-0.36996299028396606,0.40903499722480774
1451575605036,1,-0.2710619866847992,-0.2649570107460022,0.1135529950261116
1451575605057,1,-0.13919399678707123,-0.22344300150871277,-0.13186800479888916
1451575605077,1,-0.2051279991865158,-0.21489599347114563,-0.1733819991350174
1451575605096,1,-0.3296699821949005,-0.11599499732255936,-0.0488400012254715
1451575605117,1,-0.4713059961795807,-0.15262499451637268,0.08058600127696991
1451575605136,1,-0.4529910087585449,-0.2161169946193695,-0.012210000306367874
1451575605157,1,-0.3565320074558258,-0.19169700145721436,-0.1465200036764145
1451575605181,1,-0.27228298783302307,-0.09645900130271912,-0.25641000270843506
1451575605196,1,-0.2539680004119873,-0.006105000153183937,-0.3235650062561035
1451575605217,1,-0.2637360095977783,0.054944999516010284,-0.2319899946451187
1451575605238,1,-0.211232990026474,0.0866909995675087,-0.16483499109745026
1451575605258,1,-0.14774100482463837,0.16361400485038757,-0.11843699961900711
1451575605278,1,-0.12209999561309814,0.19658099114894867,-0.13430999219417572
1451575605298,1,-0.1514039933681488,0.24175800383090973,-0.1782660037279129
1451575605319,1,-0.25641000270843506,0.21245399117469788,-0.19658099114894867
1451575605339,1,-0.3137969970703125,0.14896199107170105,-0.07203900068998337
1451575605360,1,-0.2271059900522232,-0.2429789900779724,0.03663000091910362
1451575605378,1,-0.11477399617433548,-0.5665439963340759,0.07203900068998337
1451575605406,1,-0.050060998648405075,-0.7264949679374695,0.020756999030709267
1451575605420,1,0.04761900007724762,-0.7301579713821411,0.007325999904423952
1451575605439,1,-0.0647130012512207,-0.7643460035324097,-0.05738699808716774
1451575605466,1,-0.2332109957933426,-0.059829000383615494,0.03418799862265587
1451575605478,1,-0.33211198449134827,0.45787498354911804,0.12332099676132202
1451575605500,1,-0.27960899472236633,0.5811960101127625,0.1684979945421219
1451575605518,1,-0.299144983291626,0.4822950065135956,0.08058600127696991
1451575605539,1,-0.22954799234867096,0.21733799576759338,0.035408999770879745
1451575605559,1,-0.11599499732255936,0.14285700023174286,0.0647130012512207
1451575605579,1,-0.0024419999681413174,0.10988999903202057,0.05616600066423416
1451575605600,1,0.08791200071573257,0.12332099676132202,0.014651999808847904
1451575605620,1,0.13919399678707123,0.13675199449062347,0.0
1451575605641,1,0.1892549991607666,0.09645900130271912,0.0378509983420372
1451575605661,1,0.3199020028114319,0.06227099895477295,0.20390699803829193
1451575605680,1,0.33333298563957214,-0.08424899727106094,0.17093999683856964
1451575605701,1,0.2771669924259186,-0.21855899691581726,0.11111100018024445
1451575605720,1,0.19780199229717255,-0.2503049969673157,0.07448099553585052
1451575605747,1,0.1623930037021637,-0.19169700145721436,0.09157499670982361
1451575605760,1,0.1941390037536621,-0.03296700119972229,0.18192899227142334
1451575605784,1,0.15384599566459656,-0.06349200010299683,0.13308899104595184
1451575605801,1,0.04395600035786629,-0.10744799673557281,0.03174600005149841
1451575605821,1,-0.08058600127696991,-0.11843699961900711,-0.0757019966840744
1451575605843,1,-0.15262499451637268,-0.1135529950261116,-0.13064700365066528
1451575605861,1,-0.08058600127696991,-0.04761900007724762,-0.035408999770879745
1451575605880,1,0.003662999952211976,-0.026861999183893204,0.0488400012254715
1451575605902,1,0.05738699808716774,-0.02808300033211708,0.08791200071573257
1451575605922,1,0.06715499609708786,-0.02808300033211708,0.08424899727106094
1451575605942,1,0.054944999516010284,-0.040293000638484955,0.06837599724531174
1451575605961,1,0.05616600066423416,-0.06349200010299683,0.05738699808716774
1451575605982,1,0.05738699808716774,-0.05860799923539162,0.00976799987256527
1451575606003,1,0.04151399806141853,-0.02808300033211708,-0.008546999655663967
1451575606022,1,0.03907199949026108,0.003662999952211976,0.00976799987256527
1451575606046,2,0.05128199979662895,-0.03663000091910362,0.02442000061273575
1451575606062,2,0.05616600066423416,-0.06959699839353561,0.050060998648405075
1451575606083,2,0.026861999183893204,-0.030524998903274536,0.020756999030709267
1451575606103,2,-0.0024419999681413174,0.021978000178933144,-0.014651999808847904
1451575606126,2,-0.013430999591946602,0.0488400012254715,-0.04395600035786629
1451575606144,2,-0.012210000306367874,0.04761900007724762,-0.054944999516010284
1451575606162,2,-0.021978000178933144,0.01831500045955181,-0.05860799923539162
1451575606183,2,-0.04273499920964241,-0.05128199979662895,-0.045176997780799866
1451575606203,2,-0.04395600035786629,-0.06593400239944458,-0.03907199949026108
1451575606223,2,-0.017093999311327934,-0.04151399806141853,-0.030524998903274536
1451575606244,2,0.025640999898314476,-0.03296700119972229,-0.02442000061273575
1451575606263,2,0.02808300033211708,-0.01831500045955181,-0.03418799862265587
1451575606284,2,0.0024419999681413174,0.03418799862265587,-0.050060998648405075
1451575606303,2,0.02442000061273575,-0.054944999516010284,-0.03418799862265587
1451575606323,2,0.02930399961769581,-0.06593400239944458,-0.0378509983420372
1451575606344,2,0.017093999311327934,-0.04639799892902374,-0.05372399836778641
1451575606364,2,-0.004883999936282635,-0.05372399836778641,-0.08424899727106094
1451575606385,2,-0.02319899946451187,-0.06837599724531174,-0.09401699900627136
1451575606405,2,0.004883999936282635,-0.12209999561309814,-0.03418799862265587
1451575606427,2,0.02442000061273575,-0.17948700487613678,-0.00976799987256527
1451575606447,2,0.02930399961769581,-0.211232990026474,0.010989000089466572
1451575606465,2,0.050060998648405075,-0.24053700268268585,0.03663000091910362
1451575606484,2,0.0757019966840744,-0.2503049969673157,0.08302799612283707
1451575606505,2,0.18070799112319946,2.462756872177124,-1.7106209993362427
1451575606527,2,-0.6483510136604309,1.666664958000183,-0.3076919913291931
1451575606544,2,-0.13430999219417572,0.18803399801254272,-0.39682498574256897
1451575606564,2,0.39804598689079285,-0.7484729886054993,0.06837599724531174
1451575606584,2,0.2771669924259186,-0.8730149865150452,0.6910859942436218
1451575606605,2,0.10866899788379669,-0.750914990901947,0.689864993095398
1451575606627,2,-0.12087900191545486,-0.06715499609708786,0.07203900068998337
1451575606644,2,0.0024419999681413174,0.03418799862265587,-0.0647130012512207
1451575606665,2,0.16605599224567413,-0.007325999904423952,-0.06837599724531174
1451575606686,2,0.2222220003604889,-0.045176997780799866,-0.0024419999681413174
1451575606705,2,0.15018299221992493,-0.035408999770879745,0.0488400012254715
1451575606726,2,-0.05860799923539162,0.059829000383615494,0.0488400012254715
1451575606746,2,-0.06837599724531174,0.017093999311327934,0.05250300094485283
1451575606771,2,-0.03663000091910362,-0.04395600035786629,0.08302799612283707
1451575606787,2,0.017093999311327934,-0.07448099553585052,0.10744799673557281
1451575606807,2,0.1135529950261116,-0.10012199729681015,0.11477399617433548
1451575606827,2,0.2222220003604889,0.021978000178933144,0.06349200010299683
1451575606847,2,0.1575089991092682,0.06349200010299683,0.04761900007724762
1451575606868,2,0.07326000183820724,0.050060998648405075,0.026861999183893204
1451575606888,2,-0.00976799987256527,-0.0024419999681413174,-0.008546999655663967
1451575606907,2,-0.020756999030709267,-0.04273499920964241,-0.025640999898314476
1451575606927,2,0.02442000061273575,-0.05372399836778641,-0.013430999591946602
1451575606946,2,0.09035399556159973,0.03174600005149841,-0.004883999936282635
1451575606973,2,0.07326000183820724,0.05860799923539162,-0.0012209999840706587
1451575606988,2,0.03907199949026108,0.03663000091910362,0.010989000089466572
1451575607011,2,0.017093999311327934,-0.017093999311327934,0.01953599974513054
1451575607033,2,0.026861999183893204,-0.03174600005149841,0.015873000025749207
1451575607049,2,0.025640999898314476,-0.004883999936282635,-0.0024419999681413174
1451575607068,2,0.0012209999840706587,0.030524998903274536,0.003662999952211976
1451575607088,2,-0.015873000025749207,0.0488400012254715,0.012210000306367874
1451575607110,2,-0.03418799862265587,0.04639799892902374,-0.008546999655663967
1451575607127,2,-0.04761900007724762,0.02808300033211708,-0.030524998903274536
1451575607148,2,0.0024419999681413174,0.030524998903274536,-0.0024419999681413174
1451575607168,2,0.025640999898314476,0.05372399836778641,0.00976799987256527
1451575607189,2,0.03174600005149841,0.05128199979662895,0.01831500045955181
1451575607208,2,0.03296700119972229,0.021978000178933144,0.020756999030709267
1451575607228,2,0.03296700119972229,0.0024419999681413174,0.021978000178933144
1451575607249,2,0.05738699808716774,0.010989000089466572,0.0378509983420372
1451575607269,2,0.0757019966840744,-0.013430999591946602,0.05616600066423416
1451575607289,2,0.04761900007724762,-0.021978000178933144,0.06349200010299683
1451575607308,2,-0.007325999904423952,-0.054944999516010284,0.04395600035786629
1451575607336,2,-0.0488400012254715,-0.03296700119972229,0.004883999936282635
1451575607349,2,-0.054944999516010284,0.04639799892902374,-0.0012209999840706587
1451575607371,2,0.02930399961769581,0.1465200036764145,-0.03907199949026108
1451575607391,2,0.05616600066423416,0.050060998648405075,-0.06349200010299683
1451575607411,2,0.045176997780799866,-0.059829000383615494,-0.14774100482463837
1451575607430,2,-0.06349200010299683,-0.13186800479888916,-0.13308899104595184
1451575607450,2,-0.1135529950261116,0.12820500135421753,0.05616600066423416
1451575607470,2,-0.021978000178933144,0.6910859942436218,0.2319899946451187
1451575607491,2,0.02808300033211708,0.5604389905929565,0.13186800479888916
1451575607511,2,-0.06104999780654907,0.33211198449134827,-0.09645900130271912
1451575607530,2,-0.21733799576759338,0.4114769995212555,-0.24664199352264404
1451575607552,2,-0.3638579845428467,0.4529910087585449,-0.31746000051498413
1451575607572,2,-0.24664199352264404,0.10866899788379669,-0.3516480028629303
1451575607593,2,-0.20146499574184418,0.013430999591946602,-0.3687419891357422
1451575607610,2,-0.3137969970703125,0.012210000306367874,-0.38583600521087646
1451575607632,2,-0.422465980052948,0.02930399961769581,-0.3565320074558258
1451575607652,2,-0.38583600521087646,0.08546999841928482,-0.2905980050563812
1451575607672,2,-0.18070799112319946,0.1623930037021637,-0.16971899569034576
1451575607692,2,0.32722800970077515,0.16483499109745026,0.054944999516010284
1451575607711,2,0.26861998438835144,-0.2808299958705902,0.12698400020599365
1451575607731,2,0.08058600127696991,-0.6153839826583862,0.06349200010299683
1451575607752,2,-0.040293000638484955,-0.555554986000061,-0.10134299844503403
1451575607773,2,-0.10622699558734894,0.17704500257968903,-0.21489599347114563
1451575607794,2,-0.0488400012254715,0.4969469904899597,-0.04151399806141853
1451575607811,2,-0.1135529950261116,0.3626369833946228,0.1355309933423996
1451575607832,2,-0.23931600153446198,0.010989000089466572,0.20146499574184418
1451575607853,2,-0.29426100850105286,-0.4932839870452881,0.21367499232292175
1451575607873,2,-0.20634900033473969,-0.9450539946556091,0.19291800260543823
1451575607893,2,0.3418799936771393,-1.830278992652893,0.42490798234939575
1451575607913,2,0.45665398240089417,-1.873013973236084,0.6227099895477295
1451575607933,2,0.3772889971733093,-1.7362619638442993,0.6300359964370728
1451575607954,2,0.28937700390815735,-1.6239299774169922,0.3943829834461212
1451575607974,2,0.2551890015602112,-1.4029289484024048,0.17704500257968903
1451575607995,2,0.22344300150871277,-1.0659329891204834,0.06104999780654907
1451575608013,2,-0.07081799954175949,-1.0158720016479492,0.017093999311327934
1451575608034,2,-0.11233200132846832,-0.946274995803833,0.09279599785804749
1451575608054,2,0.026861999183893204,-0.4615379869937897,0.06959699839353561
1451575608077,2,0.2759459912776947,0.08791200071573257,0.06349200010299683
1451575608094,1,0.2905980050563812,0.29548200964927673,-0.11965800076723099
1451575608114,1,0.2918190062046051,0.4700849950313568,-0.30524998903274536
1451575608134,1,0.4542119801044464,0.9719159603118896,-1.2576299905776978
1451575608155,1,1.0634909868240356,0.81318598985672,-1.4554319381713867
1451575608177,1,1.622709035873413,0.8021969795227051,-1.2283259630203247
1451575608194,1,1.6483500003814697,0.5750910043716431,-0.8363850116729736
1451575608215,1,0.7374839782714844,0.5103780031204224,0.021978000178933144
1451575608236,1,0.26129400730133057,0.24053700268268585,0.06593400239944458
1451575608256,1,-0.06227099895477295,0.07936500012874603,-0.07448099553585052
1451575608276,1,-0.334553986787796,0.5433449745178223,-0.21001200377941132
1451575608295,1,-0.3797309994697571,0.782660961151123,-0.36019498109817505
1451575608316,1,-0.18070799112319946,0.6788759827613831,-0.3577530086040497
1451575608336,1,0.09890099614858627,0.31623899936676025,0.03418799862265587
1451575608356,1,0.11965800076723099,0.19780199229717255,-0.05128199979662895
1451575608377,1,0.05860799923539162,0.12087900191545486,-0.3418799936771393
1451575608400,1,-0.0378509983420372,0.16117200255393982,-0.5115990042686462
1451575608417,1,-0.15018299221992493,0.5079360008239746,-0.3846150040626526
1451575608437,1,-0.04761900007724762,1.5470069646835327,0.2979239821434021
1451575608457,1,0.4017089903354645,2.006103038787842,0.6459090113639832
1451575608477,1,0.5152620077133179,1.946273922920227,0.28937700390815735
1451575608497,1,0.21489599347114563,0.6349200010299683,-0.41880300641059875
1451575608517,1,0.6715499758720398,-1.3577519655227661,1.2918180227279663
1451575608537,1,1.264955997467041,-3.323561906814575,1.5677639245986938
1451575608557,1,0.3028079867362976,-2.007323980331421,0.334553986787796
1451575608578,1,-1.0891319513320923,-0.7167270183563232,-0.6263729929924011
1451575608596,1,-1.925516963005066,0.0647130012512207,-0.6642239689826965
1451575608617,1,-2.1306450366973877,0.9682530164718628,0.097680002450943
1451575608637,1,-1.3199009895324707,1.0854690074920654,0.6153839826583862
1451575608658,1,0.3956039845943451,0.43101298809051514,0.4212450087070465
1451575608676,1,0.4859579801559448,0.11843699961900711,0.10134299844503403
1451575608697,1,0.23443199694156647,0.0,-0.12332099676132202
1451575608717,1,-0.04761900007724762,-0.06959699839353561,-0.18314999341964722
1451575608738,1,-0.18559199571609497,-0.2380950003862381,-0.050060998648405075
1451575608761,1,0.15506699681282043,-0.7716720104217529,0.24542099237442017
1451575608778,1,0.3357749879360199,-0.8144069910049438,0.11843699961900711
1451575608798,1,0.318681001663208,-0.6056159734725952,-0.07326000183820724
1451575608819,1,0.1892549991607666,-0.3406589925289154,-0.1843709945678711
1451575608838,1,0.08913300186395645,-0.23443199694156647,-0.17948700487613678
1451575608860,1,0.11233200132846832,-0.5702069997787476,-0.1135529950261116
1451575608878,1,0.07448099553585052,-0.8608049750328064,-0.13919399678707123
1451575608899,1,-0.1941390037536621,-0.8864459991455078,-0.1514039933681488
1451575608920,1,-0.18803399801254272,-0.8864459991455078,-0.1245419979095459
1451575608940,1,-0.23443199694156647,-0.4883999824523926,-0.04273499920964241
1451575608960,1,-0.3467639982700348,-0.10378500074148178,-0.010989000089466572
1451575608979,1,-0.12698400020599365,0.3296699821949005,-0.07814399898052216
1451575609004,1,0.0378509983420372,0.4212450087070465,-0.007325999904423952
1451575609020,1,0.008546999655663967,0.35531100630760193,-0.017093999311327934
1451575609041,1,-0.22588500380516052,0.15018299221992493,-0.14285700023174286
1451575609061,1,-0.4017089903354645,-0.06959699839353561,-0.20879100263118744
1451575609079,1,-0.3308909833431244,-0.12087900191545486,-0.1623930037021637
1451575609101,1,-0.2588520050048828,-0.02319899946451187,-0.11721599847078323
1451575609121,1,-0.33943799138069153,0.10744799673557281,-0.09890099614858627
1451575609147,1,-0.4871789813041687,0.21977999806404114,-0.05372399836778641
1451575609159,1,-0.6336989998817444,0.308912992477417,-0.02319899946451187
1451575609181,1,-0.5811960101127625,0.2332109957933426,0.03296700119972229
1451575609201,1,-0.4017089903354645,0.2820509970188141,0.19902299344539642
1451575609221,1,-0.2441999912261963,0.24542099237442017,0.38705700635910034
1451575609241,1,-0.03174600005149841,0.19047600030899048,0.5335769653320313
1451575609260,1,0.3516480028629303,0.18559199571609497,0.5445659756660461
1451575609280,1,0.6959699988365173,0.3736259937286377,0.7631250023841858
1451575609302,1,0.832722008228302,0.44688600301742554,0.6227099895477295
1451575609321,1,0.40903499722480774,0.4798530042171478,0.4920629858970642
1451575609341,1,0.04151399806141853,0.7545779943466187,0.26251500844955444
1451575609361,1,0.059829000383615494,0.8144069910049438,-0.020756999030709267
1451575609381,1,0.08058600127696991,0.5934060215950012,-0.19780199229717255
1451575609405,1,0.05616600066423416,-0.33211198449134827,-0.3577530086040497
1451575609422,1,0.26861998438835144,-0.11965800076723099,-0.17216099798679352
1451575609444,1,0.293040007352829,0.09890099614858627,0.02319899946451187
1451575609463,1,0.2759459912776947,0.2539680004119873,0.08546999841928482
1451575609483,1,0.10988999903202057,0.21977999806404114,-0.007325999904423952
1451575609502,1,0.07814399898052216,-0.14774100482463837,-0.22588500380516052
1451575609524,1,0.1684979945421219,-0.32234400510787964,-0.1465200036764145
1451575609544,1,0.24786299467086792,-0.3418799936771393,0.03418799862265587
1451575609563,1,0.2332109957933426,-0.293040007352829,0.09401699900627136
1451575609584,1,0.10866899788379669,-0.33333298563957214,-0.10378500074148178
1451575609604,1,-0.025640999898314476,-0.45177000761032104,-0.4102559983730316
1451575609624,1,-0.05128199979662895,-0.48351600766181946,-0.27960899472236633
1451575609644,1,0.0757019966840744,-0.5054939985275269,-0.04761900007724762
1451575609663,1,0.06715499609708786,-0.09157499670982361,0.00976799987256527
1451575609683,1,0.04761900007724762,0.334553986787796,-0.11721599847078323
1451575609703,1,0.013430999591946602,0.3247860074043274,-0.20268599689006805
1451575609723,1,-0.08424899727106094,-0.13064700365066528,-0.16605599224567413
1451575609751,1,0.014651999808847904,-0.40292999148368835,-0.1135529950261116
1451575609763,1,0.13430999219417572,-0.3040289878845215,-0.09279599785804749
1451575609785,1,0.1575089991092682,-0.09279599785804749,-0.06837599724531174
1451575609805,1,0.1562879979610443,0.00976799987256527,-0.07936500012874603
1451575609824,1,0.11843699961900711,0.012210000306367874,0.010989000089466572
1451575609850,1,0.09279599785804749,-0.10134299844503403,0.02808300033211708
1451575609864,1,0.08058600127696991,-0.21489599347114563,-0.02442000061273575
1451575609885,1,0.05738699808716774,-0.27960899472236633,-0.05616600066423416
1451575609906,1,0.0,-0.2222220003604889,-0.05738699808716774
1451575609930,1,-0.04273499920964241,0.1892549991607666,0.017093999311327934
1451575609946,1,-0.006105000153183937,0.211232990026474,0.06715499609708786
1451575609965,1,-0.012210000306367874,0.21001200377941132,0.07814399898052216
1451575609986,1,-0.025640999898314476,0.20390699803829193,0.07326000183820724
1451575610006,1,-0.00976799987256527,0.06715499609708786,0.09279599785804749
1451575610032,1,0.014651999808847904,0.08546999841928482,0.059829000383615494
1451575610049,1,-0.050060998648405075,0.25641000270843506,-0.0866909995675087
1451575610067,1,-0.11477399617433548,0.37606799602508545,-0.10744799673557281
1451575610086,1,-0.1294260025024414,0.3516480028629303,-0.10744799673557281
1451575610107,1,-0.07081799954175949,0.21489599347114563,-0.10134299844503403
1451575610128,2,-0.012210000306367874,0.167276993393898,-0.12576299905776978
1451575610152,2,-0.014651999808847904,0.06837599724531174,-0.10866899788379669
1451575610166,2,-0.07814399898052216,0.08424899727106094,-0.195360004901886
1451575610194,2,-0.08546999841928482,0.02442000061273575,-0.23931600153446198
1451575610212,2,-0.050060998648405075,-0.13064700365066528,-0.21855899691581726
1451575610226,2,0.020756999030709267,-0.1782660037279129,-0.13797299563884735
1451575610247,2,0.0024419999681413174,-0.07326000183820724,-0.05860799923539162
1451575610267,2,-0.021978000178933144,-0.16483499109745026,-0.09279599785804749
1451575610288,2,0.007325999904423952,-0.2429789900779724,-0.1025639995932579
1451575610308,2,0.0012209999840706587,-0.19902299344539642,-0.0647130012512207
1451575610327,2,-0.02930399961769581,-0.1733819991350174,-0.045176997780799866
1451575610347,2,-0.03174600005149841,-0.15995100140571594,-0.05372399836778641
1451575610372,2,0.0024419999681413174,-0.05128199979662895,-0.007325999904423952
1451575610387,2,0.020756999030709267,-0.11599499732255936,-0.040293000638484955
1451575610408,2,0.02808300033211708,-0.18070799112319946,-0.08302799612283707
1451575610427,2,0.050060998648405075,-0.1782660037279129,-0.08791200071573257
1451575610449,2,0.13308899104595184,-0.31623899936676025,-0.03296700119972229
1451575610467,2,0.3675209879875183,-1.6862009763717651,0.5213670134544373
1451575610489,2,0.18070799112319946,-1.7570189237594604,0.5470079779624939
1451575610510,2,-1.4444429874420166,0.9999989867210388,1.3528679609298706
1451575610528,2,-1.2918180227279663,1.9133069515228271,0.8840039968490601
1451575610548,2,0.08180700242519379,0.4871789813041687,0.6923069953918457
1451575610569,2,1.2246630191802979,-1.0964579582214355,0.01953599974513054
1451575610590,2,0.9438329935073853,-1.09157395362854,-0.2551890015602112
1451575610610,2,0.4114769995212555,-0.9499379992485046,-0.3894990086555481
1451575610628,2,0.06593400239944458,-0.760683000087738,-0.5067149996757507
1451575610650,2,-0.27838799357414246,0.00976799987256527,-0.4529910087585449
1451575610669,2,-0.2527469992637634,0.7081800103187561,-0.4383389949798584
1451575610689,2,0.2051279991865158,0.025640999898314476,-0.13186800479888916
1451575610710,2,0.12698400020599365,-0.12820500135421753,-0.11965800076723099
1451575610729,2,-0.06959699839353561,-0.1135529950261116,-0.07326000183820724
1451575610749,2,-0.22832699120044708,0.050060998648405075,-0.07814399898052216
1451575610769,2,-0.1562879979610443,0.17704500257968903,-0.07448099553585052
1451575610789,2,-0.07326000183820724,-0.06593400239944458,-0.040293000638484955
1451575610810,2,0.007325999904423952,-0.26739898324012756,-0.0488400012254715
1451575610834,2,0.10012199729681015,-0.37606799602508545,-0.05128199979662895
1451575610851,2,0.11111100018024445,-0.35531100630760193,-0.020756999030709267
1451575610875,2,0.050060998648405075,-0.15506699681282043,0.008546999655663967
1451575610891,2,-0.08058600127696991,0.18559199571609497,0.05128199979662895
1451575610916,2,-0.06715499609708786,0.12820500135421753,0.02930399961769581
1451575610931,2,-0.0024419999681413174,-0.00976799987256527,0.006105000153183937
1451575610950,2,0.03418799862265587,-0.04395600035786629,-0.017093999311327934
1451575610970,2,0.030524998903274536,0.01953599974513054,-0.035408999770879745
1451575610991,2,-0.026861999183893204,0.05738699808716774,-0.040293000638484955
1451575611010,2,-0.03418799862265587,-0.1025639995932579,-0.05860799923539162
1451575611032,2,0.02442000061273575,-0.19780199229717255,-0.06837599724531174
1451575611052,2,0.09401699900627136,-0.20879100263118744,-0.01831500045955181
1451575611072,2,0.12698400020599365,-0.04761900007724762,0.014651999808847904
1451575611094,2,0.08546999841928482,0.13675199449062347,-0.007325999904423952
1451575611111,2,-0.05860799923539162,0.12332099676132202,-0.045176997780799866
1451575611132,2,-0.04273499920964241,0.0488400012254715,-0.03907199949026108
1451575611152,2,-0.014651999808847904,0.05250300094485283,-0.012210000306367874
1451575611172,2,0.021978000178933144,0.06593400239944458,0.03418799862265587
1451575611194,2,0.0647130012512207,0.03174600005149841,0.0647130012512207
1451575611212,2,0.020756999030709267,0.0378509983420372,-0.007325999904423952
1451575611232,2,-0.03296700119972229,0.021978000178933144,-0.030524998903274536
1451575611254,2,-0.04761900007724762,-0.02319899946451187,-0.02319899946451187
1451575611273,2,-0.03418799862265587,-0.06593400239944458,-0.01831500045955181
1451575611293,2,0.010989000089466572,-0.06104999780654907,-0.007325999904423952
1451575611314,2,0.03663000091910362,-0.003662999952211976,0.007325999904423952
1451575611333,2,0.012210000306367874,0.025640999898314476,-0.008546999655663967
1451575611353,2,-0.014651999808847904,0.0024419999681413174,-0.040293000638484955
1451575611375,2,-0.021978000178933144,-0.01953599974513054,-0.045176997780799866
1451575611394,2,0.0,-0.045176997780799866,-0.030524998903274536
1451575611414,2,0.026861999183893204,-0.167276993393898,-0.00976799987256527
1451575611434,2,-0.04639799892902374,-0.25641000270843506,-0.0378509983420372
1451575611455,2,-0.08058600127696991,-0.1782660037279129,-0.04273499920964241
1451575611475,2,-0.11843699961900711,-0.03296700119972229,-0.08180700242519379
1451575611494,2,-0.16117200255393982,0.008546999655663967,-0.10378500074148178
1451575611514,2,-0.1843709945678711,-0.010989000089466572,-0.10622699558734894
1451575611535,2,0.0024419999681413174,0.07936500012874603,0.03418799862265587
1451575611555,2,0.13675199449062347,-0.02808300033211708,0.06104999780654907
1451575611574,2,0.15018299221992493,-0.0866909995675087,0.04639799892902374
1451575611593,2,0.09645900130271912,-0.09035399556159973,0.059829000383615494
1451575611615,2,0.026861999183893204,0.004883999936282635,0.08180700242519379
1451575611636,2,0.01831500045955181,0.05738699808716774,0.05738699808716774
1451575611655,2,-0.0024419999681413174,0.09890099614858627,0.04151399806141853
1451575611675,2,-0.03418799862265587,0.08180700242519379,0.025640999898314476
1451575611695,2,-0.08058600127696991,0.06837599724531174,-0.00976799987256527
1451575611715,2,-0.14407800137996674,0.07814399898052216,-0.03907199949026108
1451575611736,2,-0.15506699681282043,0.09645900130271912,-0.06227099895477295
1451575611756,2,-0.07448099553585052,0.13675199449062347,-0.03663000091910362
1451575611776,2,-0.030524998903274536,0.07814399898052216,0.030524998903274536
1451575611795,2,0.020756999030709267,-0.04395600035786629,0.07814399898052216
1451575611822,2,0.06715499609708786,-0.16117200255393982,0.06715499609708786
1451575611835,2,0.07326000183820724,-0.18803399801254272,0.015873000025749207
1451575611864,2,-0.03296700119972229,0.02930399961769581,-0.008546999655663967
1451575611878,2,-0.054944999516010284,0.08302799612283707,0.012210000306367874
1451575611896,2,-0.040293000638484955,0.05860799923539162,0.003662999952211976
1451575611917,2,-0.004883999936282635,-0.00976799987256527,-0.004883999936282635
1451575611936,2,0.006105000153183937,-0.06104999780654907,0.0012209999840706587
1451575611957,2,0.04395600035786629,-0.050060998648405075,0.04639799892902374
1451575611976,2,0.0488400012254715,-0.021978000178933144,0.013430999591946602
1451575611996,2,0.010989000089466572,0.025640999898314476,-0.030524998903274536
1451575612017,2,-0.05128199979662895,0.0647130012512207,-0.06349200010299683
1451575612038,2,-0.05250300094485283,0.08546999841928482,-0.04639799892902374
1451575612057,2,0.006105000153183937,0.08791200071573257,0.02319899946451187
1451575612078,2,0.10012199729681015,0.17704500257968903,0.08180700242519379
1451575612098,2,0.09401699900627136,0.20879100263118744,0.08913300186395645
1451575612118,2,0.07814399898052216,0.2002439945936203,0.0866909995675087
1451575612139,2,0.06227099895477295,0.1355309933423996,0.09035399556159973
1451575612158,1,0.0488400012254715,0.05250300094485283,0.08424899727106094
1451575612178,1,0.09523800015449524,0.05250300094485283,0.026861999183893204
1451575612199,1,0.1025639995932579,0.10378500074148178,0.035408999770879745
1451575612224,1,0.08424899727106094,0.10744799673557281,0.0488400012254715
1451575612238,1,0.04273499920964241,0.07936500012874603,0.02808300033211708
1451575612260,1,-0.01831500045955181,0.06349200010299683,-0.00976799987256527
1451575612278,1,-0.04273499920964241,0.04273499920964241,-0.1245419979095459
1451575612299,1,0.003662999952211976,-0.045176997780799866,-0.06227099895477295
1451575612319,1,0.02319899946451187,-0.04761900007724762,0.012210000306367874
1451575612339,1,0.012210000306367874,-0.004883999936282635,0.04761900007724762
1451575612359,1,0.01953599974513054,0.10378500074148178,0.014651999808847904
1451575612379,1,0.11111100018024445,0.10500600188970566,-0.05616600066423416
1451575612399,1,0.26739898324012756,-0.06104999780654907,0.08546999841928482
1451575612420,1,0.1892549991607666,-0.1294260025024414,0.14407800137996674
1451575612439,1,0.059829000383615494,-0.1782660037279129,0.15262499451637268
1451575612460,1,-0.0488400012254715,-0.2551890015602112,0.15873000025749207
1451575612479,1,-0.1135529950261116,-0.46886399388313293,0.16117200255393982
1451575612499,1,-0.12209999561309814,0.10622699558734894,0.45665398240089417
1451575612520,1,-0.02808300033211708,0.6019529700279236,0.6434670090675354
1451575612543,1,-0.37118399143218994,1.2661769390106201,0.7277159690856934
1451575612565,1,-0.8266170024871826,1.8913289308547974,0.4432229995727539
1451575612580,1,-1.181928038597107,2.538459062576294,0.33211198449134827
1451575612600,1,-1.8156269788742065,2.3809499740600586,-0.10744799673557281
1451575612620,1,-1.758239984512329,1.6776540279388428,-0.38705700635910034
1451575612643,1,-1.2246630191802979,0.7472519874572754,-0.5677649974822998
1451575612660,1,-0.1782660037279129,-0.35897400975227356,-0.22832699120044708
1451575612680,1,0.8986560106277466,-0.8156279921531677,0.1355309933423996
1451575612701,1,1.5531120300292969,-0.647130012512207,0.27960899472236633
1451575612721,1,0.8070809841156006,-1.3675199747085571,0.07936500012874603
1451575612741,1,0.42490798234939575,-1.2393150329589844,0.015873000025749207
1451575612761,1,0.23687399923801422,-0.689864993095398,0.06715499609708786
1451575612781,1,-0.04151399806141853,0.14774100482463837,0.19658099114894867
1451575612801,1,-0.30524998903274536,-0.02319899946451187,0.23076899349689484
1451575612827,1,0.46275898814201355,-0.9621480107307434,-0.10988999903202057
1451575612842,1,0.8461529612541199,-0.9279599785804749,-0.09279599785804749
1451575612861,1,0.9572640061378479,-0.9035400152206421,-0.014651999808847904
1451575612883,1,0.9120869636535645,-1.0988999605178833,-0.05616600066423416
1451575612903,1,0.7619040012359619,-1.2820500135421753,-0.1294260025024414
1451575612924,1,0.2588520050048828,-0.926738977432251,-0.21489599347114563
1451575612942,1,0.13430999219417572,-0.34798499941825867,-0.3736259937286377
1451575612962,1,0.07203900068998337,0.4810740053653717,-0.5018309950828552
1451575612982,1,-0.01831500045955181,1.1257619857788086,-0.5128200054168701
1451575613003,1,-0.08302799612283707,1.505492925643921,-0.5518919825553894
1451575613023,1,-0.14163599908351898,1.8644670248031616,-0.6324779987335205
1451575613042,1,0.14774100482463837,2.830277919769287,-0.6947489976882935
1451575613062,1,0.5225880146026611,3.2026829719543457,-0.6788759827613831
1451575613083,1,0.6104999780654907,2.985344886779785,-0.7460309863090515
1451575613103,1,0.5091570019721985,1.4468849897384644,0.7912079691886902
1451575613123,1,1.037850022315979,-0.32600700855255127,1.62637197971344
1451575613143,1,1.061048984527588,-0.8315010070800781,1.3406579494476318
1451575613163,1,0.422465980052948,-0.8070809841156006,0.1892549991607666
1451575613188,1,-0.3577530086040497,-0.6947489976882935,-0.6935279965400696
1451575613208,1,-0.8192909955978394,-0.5885220170021057,-0.8461529612541199
1451575613229,1,-1.1025630235671997,-0.1843709945678711,-0.4529910087585449
1451575613244,1,-0.43467599153518677,-0.42979198694229126,0.054944999516010284
1451575613264,1,0.1245419979095459,-0.22344300150871277,-0.0378509983420372
1451575613284,1,0.27960899472236633,-0.16117200255393982,-0.19291800260543823
1451575613305,1,0.1294260025024414,-0.1843709945678711,-0.26739898324012756
1451575613327,1,-0.097680002450943,-0.26739898324012756,-0.21001200377941132
1451575613345,1,-0.18070799112319946,-0.3577530086040497,-0.03663000091910362
1451575613364,1,0.25641000270843506,-0.5750910043716431,0.09401699900627136
1451575613390,1,0.334553986787796,-0.7252739667892456,0.02808300033211708
1451575613411,1,0.20390699803829193,-0.6715499758720398,0.0
1451575613425,1,-0.09890099614858627,-0.2698409855365753,-0.02808300033211708
1451575613444,1,-0.23687399923801422,-0.1355309933423996,0.05738699808716774
1451575613467,1,-0.09890099614858627,-0.21001200377941132,0.3125759959220886
1451575613487,1,0.017093999311327934,-0.3357749879360199,0.2771669924259186
1451575613506,1,-0.03907199949026108,-0.5067149996757507,0.10988999903202057
1451575613532,1,-0.18681299686431885,-0.627593994140625,-0.013430999591946602
1451575613550,1,-0.3308909833431244,-0.6703289747238159,-0.03663000091910362
1451575613566,1,-0.31623899936676025,-0.059829000383615494,0.1684979945421219
1451575613587,1,-0.17216099798679352,0.03418799862265587,0.195360004901886
1451575613608,1,-0.15018299221992493,-0.2967030107975006,0.14774100482463837
1451575613626,1,-0.25152599811553955,-0.8485949635505676,0.035408999770879745
1451575613647,1,-0.299144983291626,-1.1184359788894653,-0.035408999770879745
1451575613668,1,-0.05616600066423416,-0.9755789637565613,0.02442000061273575
1451575613688,1,0.42979198694229126,-0.17582400143146515,0.07448099553585052
1451575613710,1,0.2600730061531067,-0.07081799954175949,-0.0024419999681413174
1451575613727,1,0.05738699808716774,-0.03663000091910362,-0.11111100018024445
1451575613748,1,0.05128199979662895,-0.1623930037021637,-0.11599499732255936
1451575613767,1,0.318681001663208,-0.39194098114967346,-0.0866909995675087
1451575613787,1,0.6398040056228638,-0.43589699268341064,-0.0866909995675087
1451575613808,1,0.3308909833431244,-0.28937700390815735,-0.05738699808716774
1451575613827,1,-0.0488400012254715,0.04639799892902374,-0.0647130012512207
1451575613848,1,-0.18803399801254272,0.23565299808979034,-0.07326000183820724
1451575613869,1,-0.045176997780799866,0.33333298563957214,-0.04273499920964241
1451575613889,1,0.30158698558807373,-0.020756999030709267,0.08302799612283707
1451575613909,1,0.16361400485038757,-0.3296699821949005,0.045176997780799866
1451575613927,1,-0.08424899727106094,-0.4285709857940674,0.02930399961769581
1451575613949,1,-0.22832699120044708,-0.299144983291626,0.0378509983420372
1451575613969,1,-0.26739898324012756,0.02442000061273575,0.03907199949026108
1451575613990,1,-0.24542099237442017,0.5433449745178223,0.021978000178933144
1451575614011,1,-0.10744799673557281,0.6813179850578308,0.014651999808847904
1451575614033,1,-0.030524998903274536,0.7374839782714844,-0.014651999808847904
1451575614050,1,-0.0012209999840706587,0.7142850160598755,-0.08791200071573257
1451575614070,1,0.045176997780799866,0.6312569975852966,-0.15384599566459656
1451575614090,1,0.05128199979662895,0.4652009904384613,-0.15262499451637268
1451575614111,1,0.15018299221992493,0.012210000306367874,-0.01831500045955181
1451575614129,1,0.17704500257968903,-0.05738699808716774,0.0012209999840706587
1451575614149,1,0.15995100140571594,0.0488400012254715,-0.02930399961769581
1451575614170,2,0.05860799923539162,0.2503049969673157,-0.08058600127696991
1451575614197,2,-0.10500600188970566,0.25763100385665894,-0.1294260025024414
1451575614212,2,-0.11111100018024445,-0.10744799673557281,-0.09035399556159973
1451575614230,2,-0.02319899946451187,-0.2222220003604889,-0.06349200010299683
1451575614255,2,0.08180700242519379,-0.01831500045955181,0.006105000153183937
1451575614276,2,-0.0012209999840706587,0.12087900191545486,-0.059829000383615494
1451575614291,2,-0.10012199729681015,0.15873000025749207,-0.12698400020599365
1451575614311,2,0.12698400020599365,-0.06837599724531174,-0.14163599908351898
1451575614330,2,0.2759459912776947,-0.21977999806404114,-0.09645900130271912
1451575614351,2,0.3528690040111542,-0.2002439945936203,-0.11721599847078323
1451575614370,2,0.2759459912776947,-0.22344300150871277,-0.17948700487613678
1451575614391,2,0.08424899727106094,-0.25641000270843506,-0.24053700268268585
1451575614410,2,-0.06715499609708786,-0.17460300028324127,-0.15384599566459656
1451575614431,2,0.050060998648405075,-0.21245399117469788,0.09890099614858627
1451575614451,2,0.17216099798679352,0.07203900068998337,0.21855899691581726
1451575614472,2,0.2649570107460022,0.4761900007724762,0.17216099798679352
1451575614492,2,0.30158698558807373,0.2808299958705902,-0.008546999655663967
1451575614511,2,0.07081799954175949,0.211232990026474,-0.1452990025281906
1451575614533,2,-0.017093999311327934,-0.04761900007724762,-0.17948700487613678
1451575614552,2,0.02808300033211708,-0.31746000051498413,-0.18803399801254272
1451575614572,2,0.06837599724531174,-0.5506709814071655,-0.2051279991865158
1451575614594,2,0.03296700119972229,-0.7118430137634277,-0.20390699803829193
1451575614611,2,-0.06959699839353561,-0.43101298809051514,-0.195360004901886
1451575614633,2,0.04273499920964241,0.27960899472236633,-0.05738699808716774
1451575614653,2,-0.03418799862265587,0.36629998683929443,-0.04395600035786629
1451575614672,2,-0.18070799112319946,0.15506699681282043,-0.14163599908351898
1451575614698,2,-0.2588520050048828,-0.07936500012874603,-0.26861998438835144
1451575614713,2,-0.20390699803829193,-0.11965800076723099,-0.38705700635910034
1451575614732,2,-0.10988999903202057,-0.14285700023174286,-0.3736259937286377
1451575614753,2,0.03296700119972229,-0.17704500257968903,-0.05372399836778641
1451575614774,2,0.04151399806141853,-0.16117200255393982,-0.03663000091910362
1451575614794,2,0.026861999183893204,-0.14774100482463837,-0.06715499609708786
1451575614814,2,0.006105000153183937,-0.18314999341964722,-0.11721599847078323
1451575614835,2,0.015873000025749207,-0.19291800260543823,-0.10988999903202057
1451575614854,2,0.08546999841928482,-0.23687399923801422,-0.05860799923539162
1451575614874,2,0.06837599724531174,-0.25641000270843506,-0.08546999841928482
1451575614894,2,0.021978000178933144,-0.17093999683856964,-0.11843699961900711
1451575614914,2,-0.0012209999840706587,-0.12087900191545486,-0.14163599908351898
1451575614934,2,0.013430999591946602,-0.09645900130271912,-0.13919399678707123
1451575614954,2,0.13430999219417572,0.003662999952211976,-0.08180700242519379
1451575614981,2,0.13675199449062347,-0.006105000153183937,-0.09890099614858627
1451575614994,2,0.11843699961900711,-0.14896199107170105,-0.1562879979610443
1451575615014,2,0.11599499732255936,-0.24053700268268585,-0.1575089991092682
1451575615035,2,0.1514039933681488,-0.2161169946193695,-0.09035399556159973
1451575615055,2,0.12087900191545486,-0.19902299344539642,0.0024419999681413174
1451575615075,2,0.03663000091910362,-0.35897400975227356,0.1562879979610443
1451575615095,2,0.08058600127696991,-0.8180699944496155,0.28815600275993347
1451575615116,2,-0.731378972530365,-0.19780199229717255,1.675212025642395
1451575615136,2,-1.356531023979187,-0.23687399923801422,1.3199009895324707
1451575615156,2,-0.11965800076723099,0.11477399617433548,0.33821699023246765
1451575615177,2,1.206347942352295,-1.25518798828125,0.20634900033473969
1451575615195,2,0.7057380080223083,-0.7448099851608276,0.05250300094485283
1451575615217,2,0.13308899104595184,-0.14896199107170105,-0.15506699681282043
1451575615237,2,-0.13675199449062347,0.3455429971218109,-0.3247860074043274
1451575615256,2,-0.030524998903274536,0.35409000515937805,-0.5335769653320313
1451575615284,2,0.14407800137996674,-0.33943799138069153,-0.9084239602088928
1451575615300,2,-0.008546999655663967,-0.14163599908351898,-0.6117209792137146
1451575615317,2,-0.35897400975227356,0.7350419759750366,-0.15506699681282043
1451575615336,2,-0.318681001663208,1.264955997467041,0.0024419999681413174
1451575615356,2,-0.1892549991607666,1.0073249340057373,0.05738699808716774
1451575615376,2,-0.02930399961769581,0.48962098360061646,-0.0012209999840706587
1451575615397,2,0.16605599224567413,-0.31013399362564087,-0.10134299844503403
1451575615417,2,0.08546999841928482,-0.16971899569034576,-0.059829000383615494
1451575615437,2,-0.003662999952211976,0.05738699808716774,-0.045176997780799866
1451575615457,2,-0.026861999183893204,0.10622699558734894,-0.05616600066423416
1451575615478,2,0.003662999952211976,-0.02442000061273575,-0.020756999030709267
1451575615498,2,0.035408999770879745,-0.17093999683856964,0.11111100018024445
1451575615519,2,-0.0378509983420372,-0.13186800479888916,0.10744799673557281
1451575615539,2,-0.097680002450943,-0.03296700119972229,0.04639799892902374
1451575615559,2,-0.10988999903202057,0.014651999808847904,-0.01831500045955181
1451575615584,2,-0.07203900068998337,0.0,-0.02808300033211708
1451575615598,2,0.0012209999840706587,-0.08913300186395645,0.04761900007724762
1451575615619,2,-0.007325999904423952,-0.10866899788379669,0.03174600005149841
1451575615639,2,-0.020756999030709267,-0.1294260025024414,-0.006105000153183937
1451575615661,2,-0.0012209999840706587,-0.14163599908351898,-0.02442000061273575
1451575615678,2,0.007325999904423952,-0.12698400020599365,-0.03174600005149841
1451575615699,2,0.006105000153183937,-0.0488400012254715,-0.04639799892902374
1451575615720,2,-0.045176997780799866,0.07814399898052216,-0.04639799892902374
1451575615740,2,-0.020756999030709267,0.040293000638484955,-0.030524998903274536
1451575615761,2,0.021978000178933144,-0.05372399836778641,-0.021978000178933144
1451575615779,2,0.03296700119972229,-0.1355309933423996,-0.014651999808847904
1451575615800,2,0.004883999936282635,-0.13675199449062347,-0.02319899946451187
1451575615820,2,-0.003662999952211976,0.10500600188970566,-0.020756999030709267
1451575615845,2,0.00976799987256527,0.17582400143146515,0.0012209999840706587
1451575615867,2,0.04151399806141853,0.13186800479888916,0.025640999898314476
1451575615880,2,0.04761900007724762,0.02442000061273575,0.025640999898314476
1451575615900,2,0.02442000061273575,-0.0647130012512207,-0.0024419999681413174
1451575615920,2,0.007325999904423952,-0.09890099614858627,-0.013430999591946602
1451575615941,2,0.035408999770879745,-0.03663000091910362,0.012210000306367874
1451575615961,2,0.0488400012254715,0.007325999904423952,0.021978000178933144
1451575615985,2,0.045176997780799866,0.00976799987256527,0.02442000061273575
1451575616001,2,0.020756999030709267,-0.00976799987256527,-0.0012209999840706587
1451575616021,2,-0.010989000089466572,-0.02442000061273575,-0.02930399961769581
1451575616046,2,-0.021978000178933144,-0.09035399556159973,-0.03174600005149841
1451575616062,2,0.008546999655663967,-0.06593400239944458,-0.01831500045955181
1451575616082,2,0.035408999770879745,0.01831500045955181,-0.0012209999840706587
1451575616102,2,0.03663000091910362,0.1025639995932579,-0.01831500045955181
1451575616122,2,0.021978000178933144,0.12820500135421753,-0.02930399961769581
1451575616142,2,0.0012209999840706587,0.026861999183893204,-0.03296700119972229
1451575616161,2,-0.008546999655663967,-0.017093999311327934,-0.026861999183893204
1451575616182,2,-0.0024419999681413174,-0.007325999904423952,-0.015873000025749207
