1451575668138,1,-0.05616600066423416,-0.1025639995932579,-0.09279599785804749
1451575668157,1,-0.12209999561309814,0.05250300094485283,-0.21245399117469788
1451575668177,1,-0.09157499670982361,-0.04639799892902374,-0.14896199107170105
1451575668198,1,0.0012209999840706587,-0.18070799112319946,-0.008546999655663967
1451575668219,1,0.06227099895477295,-0.17460300028324127,0.012210000306367874
1451575668239,1,0.06104999780654907,-0.08791200071573257,-0.05128199979662895
1451575668258,1,0.03907199949026108,-0.017093999311327934,-0.06715499609708786
1451575668279,1,0.04761900007724762,0.0012209999840706587,-0.07936500012874603
1451575668297,1,0.05616600066423416,0.0012209999840706587,-0.1355309933423996
1451575668318,1,0.06715499609708786,0.021978000178933144,-0.17948700487613678
1451575668339,1,0.0647130012512207,0.05250300094485283,-0.2161169946193695
1451575668359,1,0.04395600035786629,0.07936500012874603,-0.22588500380516052
1451575668378,1,0.006105000153183937,0.08302799612283707,-0.1941390037536621
1451575668398,1,-0.10744799673557281,0.01831500045955181,0.017093999311327934
1451575668419,1,-0.09279599785804749,-0.04639799892902374,0.06959699839353561
1451575668439,1,-0.08180700242519379,-0.015873000025749207,0.06959699839353561
1451575668459,1,-0.06104999780654907,0.10134299844503403,0.16117200255393982
1451575668479,1,0.035408999770879745,0.36019498109817505,0.4554329812526703
1451575668499,1,0.06227099895477295,0.23076899349689484,1.9706939458847046
1451575668519,1,0.12820500135421753,-0.26739898324012756,1.9633679389953613
1451575668540,1,0.2905980050563812,-0.659339964389801,1.4358960390090942
1451575668560,1,0.2698409855365753,-0.7020750045776367,0.6202679872512817
1451575668580,1,-0.11721599847078323,-0.299144983291626,-0.22344300150871277
1451575668601,1,-0.8339430093765259,0.09890099614858627,-0.9548220038414001
1451575668620,1,-0.7423679828643799,0.015873000025749207,-0.6849809885025024
1451575668641,1,-0.6532350182533264,-0.11111100018024445,-0.36629998683929443
1451575668661,1,-0.40659299492836,-0.1623930037021637,-0.08791200071573257
1451575668680,1,-0.14896199107170105,-0.1575089991092682,-0.025640999898314476
1451575668702,1,0.07448099553585052,-0.10012199729681015,-0.06349200010299683
1451575668721,1,0.17093999683856964,0.008546999655663967,-0.02808300033211708
1451575668740,1,0.13430999219417572,-0.030524998903274536,-0.0024419999681413174
1451575668763,1,0.10622699558734894,-0.12698400020599365,0.015873000025749207
1451575668785,1,0.10866899788379669,-0.2051279991865158,0.04151399806141853
1451575668805,1,0.1025639995932579,-0.25152599811553955,0.01953599974513054
1451575668821,1,0.030524998903274536,-0.1452990025281906,-0.13919399678707123
1451575668841,1,0.0024419999681413174,-0.0866909995675087,-0.18559199571609497
1451575668862,1,-0.02442000061273575,-0.04761900007724762,-0.19291800260543823
1451575668881,1,-0.014651999808847904,-0.05372399836778641,-0.1623930037021637
1451575668902,1,0.03663000091910362,-0.07203900068998337,-0.12698400020599365
1451575668923,1,0.1843709945678711,-0.10012199729681015,-0.09035399556159973
1451575668943,1,0.17948700487613678,-0.03174600005149841,-0.09645900130271912
1451575668963,1,0.1135529950261116,0.0378509983420372,-0.09157499670982361
1451575668981,1,0.050060998648405075,0.05616600066423416,-0.0757019966840744
1451575669003,1,0.040293000638484955,0.03296700119972229,-0.03418799862265587
1451575669023,1,0.04639799892902374,-0.02930399961769581,-0.007325999904423952
1451575669044,1,0.0757019966840744,-0.10012199729681015,0.01831500045955181
1451575669064,1,0.06715499609708786,-0.020756999030709267,-0.013430999591946602
1451575669082,1,0.04639799892902374,0.05616600066423416,-0.06227099895477295
1451575669103,1,0.02930399961769581,0.08546999841928482,-0.06715499609708786
1451575669123,1,0.026861999183893204,0.05616600066423416,-0.045176997780799866
1451575669144,1,0.06837599724531174,-0.03296700119972229,0.0
1451575669163,1,0.05128199979662895,0.02808300033211708,-0.025640999898314476
1451575669183,1,0.030524998903274536,0.06227099895477295,-0.04151399806141853
1451575669204,1,-0.00976799987256527,0.05860799923539162,-0.04639799892902374
1451575669225,1,-0.017093999311327934,0.00976799987256527,-0.03174600005149841
1451575669243,1,0.01831500045955181,-0.010989000089466572,-0.050060998648405075
1451575669269,1,0.010989000089466572,0.01953599974513054,-0.05128199979662895
1451575669284,1,-0.006105000153183937,0.03907199949026108,-0.03296700119972229
1451575669304,1,-0.013430999591946602,0.01831500045955181,-0.008546999655663967
1451575669325,1,0.0012209999840706587,-0.025640999898314476,0.0024419999681413174
1451575669344,1,0.02319899946451187,-0.03418799862265587,-0.04151399806141853
1451575669364,1,0.0024419999681413174,0.025640999898314476,-0.015873000025749207
1451575669385,1,0.007325999904423952,0.03296700119972229,0.021978000178933144
1451575669406,1,0.0378509983420372,0.004883999936282635,0.05738699808716774
1451575669425,1,0.05250300094485283,-0.021978000178933144,0.06349200010299683
1451575669447,1,0.03174600005149841,-0.03174600005149841,0.03174600005149841
1451575669467,1,-0.18803399801254272,-0.040293000638484955,-0.04395600035786629
1451575669485,1,-0.19902299344539642,-0.026861999183893204,-0.021978000178933144
1451575669504,1,-0.1025639995932579,0.0024419999681413174,0.02319899946451187
1451575669525,1,0.050060998648405075,0.025640999898314476,0.06104999780654907
1451575669545,1,0.13675199449062347,0.050060998648405075,0.05616600066423416
1451575669565,1,0.06715499609708786,0.06349200010299683,-0.0378509983420372
1451575669585,1,0.02319899946451187,0.02930399961769581,-0.04639799892902374
1451575669606,1,0.01953599974513054,-0.015873000025749207,-0.017093999311327934
1451575669626,1,0.02930399961769581,-0.04151399806141853,0.006105000153183937
1451575669651,1,0.05128199979662895,-0.03418799862265587,0.02319899946451187
1451575669665,1,0.054944999516010284,0.02808300033211708,-0.012210000306367874
1451575669686,1,0.02319899946451187,0.01831500045955181,0.003662999952211976
1451575669706,1,0.007325999904423952,-0.02319899946451187,0.017093999311327934
1451575669726,1,0.014651999808847904,-0.0647130012512207,0.03663000091910362
1451575669746,1,0.02442000061273575,-0.10134299844503403,0.04639799892902374
1451575669766,1,0.030524998903274536,-0.07203900068998337,0.03174600005149841
1451575669787,1,0.03907199949026108,0.008546999655663967,0.020756999030709267
1451575669807,1,0.035408999770879745,0.0,0.013430999591946602
1451575669827,1,0.0378509983420372,-0.025640999898314476,0.006105000153183937
1451575669847,1,0.03663000091910362,-0.02930399961769581,-0.004883999936282635
1451575669868,1,0.021978000178933144,-0.030524998903274536,-0.03174600005149841
1451575669888,1,0.02319899946451187,-0.02808300033211708,-0.02808300033211708
1451575669908,1,0.021978000178933144,-0.03663000091910362,-0.0378509983420372
1451575669928,1,0.02442000061273575,-0.04273499920964241,-0.0488400012254715
1451575669947,1,0.01831500045955181,-0.05372399836778641,-0.05128199979662895
1451575669969,1,0.008546999655663967,-0.05250300094485283,-0.05372399836778641
1451575669989,1,-0.012210000306367874,-0.04761900007724762,-0.0866909995675087
1451575670008,2,-0.02930399961769581,-0.030524998903274536,-0.07936500012874603
1451575670028,2,-0.025640999898314476,-0.02808300033211708,-0.03296700119972229
1451575670051,2,-0.006105000153183937,-0.04151399806141853,0.01953599974513054
1451575670068,2,0.010989000089466572,-0.04151399806141853,0.026861999183893204
1451575670089,2,0.015873000025749207,-0.03296700119972229,-0.0024419999681413174
1451575670109,2,0.00976799987256527,0.0,-0.026861999183893204
1451575670129,2,0.010989000089466572,-0.003662999952211976,-0.003662999952211976
1451575670149,2,0.02319899946451187,-0.012210000306367874,0.02319899946451187
1451575670171,2,0.05250300094485283,-0.020756999030709267,0.030524998903274536
1451575670190,2,0.06715499609708786,-0.02442000061273575,0.00976799987256527
1451575670211,2,0.059829000383615494,-0.06227099895477295,-0.03663000091910362
1451575670229,2,0.0488400012254715,-0.08791200071573257,-0.021978000178933144
1451575670249,2,0.05860799923539162,-0.12209999561309814,0.00976799987256527
1451575670270,2,0.09279599785804749,-0.16117200255393982,0.01831500045955181
1451575670290,2,0.10500600188970566,-0.14774100482463837,-0.008546999655663967
1451575670311,2,0.03418799862265587,0.010989000089466572,-0.08791200071573257
1451575670332,2,-0.020756999030709267,0.0488400012254715,-0.1025639995932579
1451575670351,2,-0.030524998903274536,0.004883999936282635,-0.07326000183820724
1451575670375,2,0.004883999936282635,-0.050060998648405075,-0.026861999183893204
1451575670391,2,0.02319899946451187,-0.07081799954175949,-0.017093999311327934
1451575670416,2,0.013430999591946602,-0.03296700119972229,-0.03663000091910362
1451575670430,2,-0.010989000089466572,-0.008546999655663967,0.0378509983420372
1451575670451,2,0.10500600188970566,-0.19291800260543823,0.2319899946451187
1451575670472,2,0.6434670090675354,-1.0781430006027222,-3.851033926010132
1451575670497,2,1.2735029458999634,1.2771660089492798,-1.9914510250091553
1451575670511,2,0.7277159690856934,1.1318669319152832,-0.49084198474884033
1451575670534,2,0.3748469948768616,-0.6727709770202637,1.1269829273223877
1451575670551,2,-0.08546999841928482,-1.057386040687561,1.196579933166504
1451575670572,2,-0.699633002281189,-0.9377279877662659,0.689864993095398
1451575670592,2,-0.864467978477478,-0.7948709726333618,0.18192899227142334
1451575670612,2,-0.6190469861030579,-0.4713059961795807,-0.040293000638484955
1451575670632,2,0.02319899946451187,0.2759459912776947,0.020756999030709267
1451575670651,2,0.20757000148296356,0.28327199816703796,0.0647130012512207
1451575670673,2,0.22100099921226501,0.18559199571609497,0.06715499609708786
1451575670693,2,0.13797299563884735,0.10378500074148178,0.06837599724531174
1451575670713,2,0.06715499609708786,0.09645900130271912,0.08913300186395645
1451575670732,2,0.02930399961769581,0.1294260025024414,0.09157499670982361
1451575670753,2,0.11111100018024445,0.1025639995932579,0.0866909995675087
1451575670773,2,0.1843709945678711,0.05738699808716774,0.08791200071573257
1451575670794,2,0.19291800260543823,0.02319899946451187,0.09401699900627136
1451575670814,2,0.13797299563884735,0.020756999030709267,0.07448099553585052
1451575670832,2,0.054944999516010284,0.04273499920964241,0.03663000091910362
1451575670854,2,-0.11477399617433548,0.017093999311327934,-0.03174600005149841
1451575670874,2,-0.1135529950261116,-0.04639799892902374,-0.03174600005149841
1451575670894,2,-0.06227099895477295,-0.07203900068998337,-0.03663000091910362
1451575670914,2,-0.015873000025749207,-0.04761900007724762,-0.0488400012254715
1451575670933,2,0.006105000153183937,-0.020756999030709267,-0.04273499920964241
1451575670954,2,-0.004883999936282635,0.02442000061273575,-0.021978000178933144
1451575670974,2,0.008546999655663967,0.05860799923539162,-0.045176997780799866
1451575670994,2,0.020756999030709267,0.07448099553585052,-0.06349200010299683
1451575671014,2,0.02319899946451187,0.07081799954175949,-0.07081799954175949
1451575671033,2,0.02808300033211708,0.040293000638484955,-0.07326000183820724
1451575671054,2,0.07203900068998337,-0.026861999183893204,-0.05738699808716774
1451575671075,2,0.07814399898052216,-0.05250300094485283,-0.013430999591946602
1451575671095,2,0.035408999770879745,-0.0647130012512207,0.02319899946451187
1451575671114,2,-0.008546999655663967,-0.09523800015449524,0.02930399961769581
1451575671135,2,-0.04761900007724762,-0.13675199449062347,0.02319899946451187
1451575671156,2,-0.06227099895477295,-0.18192899227142334,0.014651999808847904
1451575671176,2,-0.04761900007724762,-0.11111100018024445,0.0012209999840706587
1451575671196,2,-0.00976799987256527,-0.01953599974513054,-0.03296700119972229
1451575671215,2,0.03296700119972229,0.02319899946451187,-0.05860799923539162
1451575671236,2,0.03663000091910362,0.050060998648405075,-0.059829000383615494
1451575671256,2,-0.004883999936282635,0.05738699808716774,-0.05616600066423416
1451575671276,2,-0.06715499609708786,0.03296700119972229,-0.01831500045955181
1451575671298,2,-0.02442000061273575,0.06593400239944458,0.0
1451575671316,2,0.09157499670982361,0.0866909995675087,-0.015873000025749207
1451575671336,2,0.17216099798679352,0.09890099614858627,-0.006105000153183937
1451575671357,2,0.1684979945421219,0.08424899727106094,0.010989000089466572
1451575671377,2,0.10866899788379669,0.05860799923539162,0.030524998903274536
1451575671407,2,-0.004883999936282635,0.08546999841928482,0.045176997780799866
1451575671416,2,-0.03174600005149841,0.10988999903202057,0.06715499609708786
1451575671485,2,0.04151399806141853,0.07692299783229828,-0.006105000153183937
1451575671500,2,0.01953599974513054,0.11843699961900711,0.026861999183893204
1451575671517,2,0.04151399806141853,0.01953599974513054,0.0378509983420372
1451575671537,2,0.021978000178933144,-0.04761900007724762,0.03663000091910362
1451575671557,2,-0.021978000178933144,-0.04761900007724762,0.02442000061273575
1451575671577,2,-0.05128199979662895,-0.017093999311327934,0.0012209999840706587
1451575671597,2,0.00976799987256527,0.030524998903274536,0.04151399806141853
1451575671617,2,0.04761900007724762,-0.026861999183893204,0.0488400012254715
1451575671637,2,0.04639799892902374,-0.06104999780654907,0.026861999183893204
1451575671663,2,-0.00976799987256527,-0.03296700119972229,-0.021978000178933144
1451575671678,2,-0.08180700242519379,0.020756999030709267,-0.02930399961769581
1451575671698,2,-0.07448099553585052,-0.01953599974513054,0.07081799954175949
1451575671718,2,0.06959699839353561,-0.013430999591946602,0.05250300094485283
1451575671739,2,0.06593400239944458,0.021978000178933144,0.021978000178933144
1451575671759,2,0.04395600035786629,0.03907199949026108,0.017093999311327934
1451575671779,2,0.030524998903274536,0.0024419999681413174,0.02319899946451187
1451575671798,2,0.04151399806141853,-0.02319899946451187,0.02319899946451187
1451575671820,2,0.050060998648405075,0.03418799862265587,-0.00976799987256527
1451575671840,2,0.01831500045955181,0.05372399836778641,-0.01831500045955181
1451575671861,2,0.003662999952211976,0.03907199949026108,-0.004883999936282635
1451575671880,2,0.01953599974513054,0.0378509983420372,0.0
1451575671899,2,0.035408999770879745,0.03296700119972229,-0.020756999030709267
1451575671919,2,0.008546999655663967,-0.017093999311327934,0.0024419999681413174
1451575671941,2,0.006105000153183937,-0.012210000306367874,0.02319899946451187
1451575671960,2,0.006105000153183937,0.006105000153183937,-0.02808300033211708
1451575671980,2,0.008546999655663967,0.04395600035786629,-0.05128199979662895
1451575672000,2,0.021978000178933144,0.059829000383615494,-0.045176997780799866
1451575672020,1,0.06104999780654907,-0.0012209999840706587,0.06959699839353561
1451575672041,1,0.07814399898052216,-0.03296700119972229,0.06593400239944458
1451575672064,1,0.04395600035786629,-0.014651999808847904,0.0024419999681413174
1451575672082,1,-0.015873000025749207,0.014651999808847904,-0.03418799862265587
1451575672101,1,-0.05128199979662895,0.01831500045955181,-0.02442000061273575
1451575672121,1,-0.014651999808847904,0.010989000089466572,0.020756999030709267
1451575672141,1,0.05860799923539162,0.0024419999681413174,0.015873000025749207
1451575672161,1,0.03174600005149841,0.0024419999681413174,-0.007325999904423952
1451575672181,1,-0.007325999904423952,0.006105000153183937,-0.026861999183893204
1451575672201,1,-0.02442000061273575,0.015873000025749207,-0.02442000061273575
1451575672222,1,-0.006105000153183937,0.008546999655663967,-0.030524998903274536
1451575672242,1,0.054944999516010284,-0.003662999952211976,-0.00976799987256527
1451575672262,1,0.04395600035786629,0.0024419999681413174,-0.017093999311327934
1451575672281,1,0.017093999311327934,0.010989000089466572,-0.035408999770879745
1451575672302,1,0.0,0.026861999183893204,-0.07326000183820724
1451575672322,1,-0.0012209999840706587,0.05616600066423416,-0.1135529950261116
1451575672342,1,0.05250300094485283,0.10988999903202057,-0.14407800137996674
1451575672364,1,0.06104999780654907,0.1294260025024414,-0.16361400485038757
1451575672381,1,0.04761900007724762,0.14407800137996674,-0.16361400485038757
1451575672403,1,0.0012209999840706587,0.13675199449062347,-0.1575089991092682
1451575672424,1,-0.05250300094485283,0.15995100140571594,-0.12576299905776978
1451575672442,1,-0.05128199979662895,0.25641000270843506,-0.05860799923539162
1451575672463,1,0.504272997379303,1.2771660089492798,-0.28937700390815735
1451575672490,1,0.699633002281189,1.647128939628601,-0.4285709857940674
1451575672502,1,1.0048829317092896,0.5641019940376282,0.781440019607544
1451575672528,1,1.9987770318984985,-0.6459090113639832,1.5323549509048462
1451575672543,1,2.0732579231262207,-1.0866899490356445,1.93162202835083
1451575672563,1,1.0366289615631104,-1.2405359745025635,0.8485949635505676
1451575672587,1,0.05372399836778641,-0.9194129705429077,-0.05372399836778641
1451575672604,1,-0.8656889796257019,-0.5714280009269714,-0.689864993095398
1451575672625,1,-1.4407799243927002,-0.3614159822463989,-0.9426119923591614
1451575672644,1,-1.4407799243927002,-0.2503049969673157,-0.7802190184593201
1451575672664,1,-0.7936499714851379,0.3846150040626526,-0.30524998903274536
1451575672683,1,-1.0268609523773193,0.39316198229789734,-0.13064700365066528
1451575672705,1,-0.8693519830703735,0.17093999683856964,-0.03663000091910362
1451575672724,1,-0.5799750089645386,0.10744799673557281,-0.1135529950261116
1451575672745,1,-0.2771669924259186,0.12209999561309814,-0.1245419979095459
1451575672764,1,0.00976799987256527,0.04395600035786629,-0.017093999311327934
1451575672786,1,0.2380950003862381,-0.05250300094485283,0.05250300094485283
1451575672805,1,0.19658099114894867,-0.02930399961769581,0.04395600035786629
1451575672825,1,0.1025639995932579,-0.006105000153183937,0.04395600035786629
1451575672848,1,0.008546999655663967,0.008546999655663967,0.03663000091910362
1451575672866,1,-0.04395600035786629,-0.03418799862265587,0.006105000153183937
1451575672885,1,-0.03296700119972229,-0.05372399836778641,-0.08424899727106094
1451575672906,1,-0.03663000091910362,-0.003662999952211976,-0.08791200071573257
1451575672926,1,-0.008546999655663967,0.007325999904423952,-0.03663000091910362
1451575672947,1,0.014651999808847904,-0.03296700119972229,0.013430999591946602
1451575672966,1,0.0378509983420372,-0.09645900130271912,0.05128199979662895
1451575672987,1,0.021978000178933144,-0.04151399806141853,0.003662999952211976
1451575673007,1,-0.030524998903274536,0.035408999770879745,-0.0488400012254715
1451575673028,1,-0.05372399836778641,0.05250300094485283,-0.05616600066423416
1451575673052,1,-0.03174600005149841,0.0012209999840706587,-0.025640999898314476
1451575673066,1,0.0012209999840706587,-0.06227099895477295,0.003662999952211976
1451575673087,1,0.02808300033211708,-0.08180700242519379,0.014651999808847904
1451575673107,1,0.0024419999681413174,0.015873000025749207,-0.01953599974513054
1451575673127,1,-0.007325999904423952,0.025640999898314476,-0.02808300033211708
1451575673148,1,-0.004883999936282635,-0.004883999936282635,-0.02930399961769581
1451575673167,1,-0.013430999591946602,-0.030524998903274536,-0.0378509983420372
1451575673188,1,-0.02930399961769581,-0.0378509983420372,-0.04395600035786629
1451575673208,1,-0.05128199979662895,-0.020756999030709267,-0.015873000025749207
1451575673228,1,-0.050060998648405075,-0.03418799862265587,-0.012210000306367874
1451575673248,1,-0.04151399806141853,-0.04273499920964241,-0.020756999030709267
1451575673269,1,-0.02442000061273575,-0.035408999770879745,-0.054944999516010284
1451575673289,1,-0.025640999898314476,0.006105000153183937,-0.05738699808716774
1451575673309,1,-0.014651999808847904,0.03418799862265587,-0.020756999030709267
1451575673331,1,-0.008546999655663967,0.02442000061273575,-0.003662999952211976
1451575673348,1,-0.014651999808847904,0.040293000638484955,-0.02808300033211708
1451575673368,1,-0.03418799862265587,0.04761900007724762,-0.03907199949026108
1451575673389,1,-0.021978000178933144,0.025640999898314476,-0.03174600005149841
1451575673409,1,0.0,0.006105000153183937,-0.01953599974513054
1451575673436,1,0.00976799987256527,-0.012210000306367874,-0.026861999183893204
1451575673449,1,-0.025640999898314476,-0.006105000153183937,-0.03907199949026108
1451575673469,1,-0.06227099895477295,-0.007325999904423952,-0.040293000638484955
1451575673494,1,-0.05860799923539162,-0.01831500045955181,-0.02442000061273575
1451575673508,1,-0.02319899946451187,-0.02930399961769581,-0.004883999936282635
1451575673528,1,0.013430999591946602,-0.06349200010299683,-0.006105000153183937
1451575673549,1,-0.007325999904423952,-0.054944999516010284,-0.03174600005149841
1451575673571,1,-0.04151399806141853,-0.03663000091910362,-0.04395600035786629
1451575673591,1,-0.05250300094485283,-0.04639799892902374,-0.02442000061273575
1451575673611,1,-0.03663000091910362,-0.07081799954175949,0.0024419999681413174
1451575673631,1,0.040293000638484955,-0.07081799954175949,0.03663000091910362
1451575673650,1,0.05738699808716774,-0.0378509983420372,0.04151399806141853
1451575673671,1,0.05860799923539162,-0.03296700119972229,0.05860799923539162
1451575673691,1,0.02930399961769581,-0.04151399806141853,0.054944999516010284
1451575673711,1,-0.006105000153183937,-0.0488400012254715,0.03907199949026108
1451575673732,1,-0.017093999311327934,-0.010989000089466572,0.017093999311327934
1451575673750,1,-0.00976799987256527,0.013430999591946602,0.006105000153183937
1451575673771,1,-0.004883999936282635,0.007325999904423952,0.007325999904423952
1451575673791,1,-0.007325999904423952,-0.01831500045955181,0.00976799987256527
1451575673812,1,0.0012209999840706587,-0.03907199949026108,0.004883999936282635
1451575673830,1,0.040293000638484955,-0.04395600035786629,0.02930399961769581
1451575673852,1,0.0378509983420372,-0.008546999655663967,0.02930399961769581
1451575673872,1,0.012210000306367874,0.008546999655663967,-0.0012209999840706587
1451575673891,1,0.007325999904423952,-0.003662999952211976,-0.007325999904423952
1451575673911,1,0.020756999030709267,-0.013430999591946602,0.00976799987256527
1451575673931,1,0.04273499920964241,-0.020756999030709267,0.03296700119972229
1451575673952,1,0.05738699808716774,-0.04639799892902374,0.013430999591946602
1451575673973,1,0.004883999936282635,-0.035408999770879745,0.006105000153183937
1451575673992,1,-0.03907199949026108,-0.008546999655663967,-0.004883999936282635
1451575674017,1,-0.0378509983420372,0.021978000178933144,-0.0024419999681413174
1451575674034,2,0.0024419999681413174,0.020756999030709267,0.02808300033211708
1451575674051,2,0.040293000638484955,-0.01953599974513054,0.014651999808847904
1451575674073,2,0.0,-0.012210000306367874,-0.0012209999840706587
1451575674095,2,-0.040293000638484955,0.017093999311327934,-0.008546999655663967
1451575674113,2,-0.02442000061273575,0.021978000178933144,0.012210000306367874
1451575674132,2,0.025640999898314476,0.012210000306367874,0.040293000638484955
1451575674154,2,0.054944999516010284,0.0,0.050060998648405075
1451575674174,2,0.013430999591946602,0.013430999591946602,-0.0024419999681413174
1451575674195,2,-0.00976799987256527,0.04273499920964241,-0.035408999770879745
1451575674215,2,0.0,0.03663000091910362,-0.015873000025749207
1451575674234,2,0.030524998903274536,0.003662999952211976,0.007325999904423952
1451575674253,2,0.03418799862265587,-0.03418799862265587,0.008546999655663967
1451575674273,2,-0.015873000025749207,-0.014651999808847904,-0.05372399836778641
1451575674298,2,-0.01953599974513054,0.020756999030709267,-0.05738699808716774
1451575674314,2,0.003662999952211976,0.02808300033211708,-0.05372399836778641
1451575674333,2,0.02808300033211708,0.003662999952211976,-0.020756999030709267
1451575674354,2,0.026861999183893204,-0.03907199949026108,-0.01953599974513054
1451575674374,2,-0.0378509983420372,-0.025640999898314476,-0.04151399806141853
1451575674394,2,-0.04273499920964241,0.00976799987256527,-0.05738699808716774
1451575674415,2,-0.026861999183893204,0.02319899946451187,-0.03418799862265587
1451575674435,2,0.007325999904423952,0.003662999952211976,0.007325999904423952
1451575674456,2,0.03418799862265587,-0.03907199949026108,0.05738699808716774
1451575674475,2,0.04395600035786629,-0.0488400012254715,0.13064700365066528
1451575674499,2,1.3748459815979004,1.4041500091552734,-1.5579960346221924
1451575674514,2,1.1245410442352295,1.6678860187530518,-0.9145289659500122
1451575674535,2,0.4017089903354645,0.7264949679374695,0.23687399923801422
1451575674556,2,-0.26129400730133057,-0.41391900181770325,0.8693519830703735
1451575674576,2,-0.8583629727363586,-1.153844952583313,0.7692300081253052
1451575674598,2,-1.1892539262771606,-1.28815495967865,0.04273499920964241
1451575674615,2,-0.6031739711761475,-0.8705729842185974,-0.014651999808847904
1451575674636,2,-0.03418799862265587,-0.2380950003862381,0.03663000091910362
1451575674656,2,0.28449299931526184,0.19291800260543823,0.08180700242519379
1451575674675,2,0.3614159822463989,0.28327199816703796,0.08180700242519379
1451575674698,2,0.12820500135421753,0.11477399617433548,0.08913300186395645
1451575674716,2,0.02808300033211708,0.08424899727106094,0.13675199449062347
1451575674736,2,-0.006105000153183937,0.07448099553585052,0.15506699681282043
1451575674757,2,0.02319899946451187,0.06349200010299683,0.1452990025281906
1451575674777,2,0.07692299783229828,0.04273499920964241,0.08913300186395645
1451575674798,2,0.1245419979095459,0.02319899946451187,0.010989000089466572
1451575674865,2,-0.10500600188970566,-0.07936500012874603,-0.017093999311327934
1451575674881,2,-0.09401699900627136,-0.09157499670982361,-0.004883999936282635
1451575674896,2,-0.059829000383615494,-0.09401699900627136,-0.014651999808847904
1451575674917,2,0.006105000153183937,-0.04395600035786629,-0.03296700119972229
1451575674938,2,0.007325999904423952,-0.04395600035786629,-0.02442000061273575
1451575674958,2,-0.007325999904423952,-0.05250300094485283,-0.015873000025749207
1451575674981,2,-0.015873000025749207,-0.03174600005149841,-0.03418799862265587
1451575674998,2,-0.013430999591946602,-0.020756999030709267,-0.03663000091910362
1451575675018,2,0.045176997780799866,-0.04639799892902374,0.010989000089466572
1451575675039,2,0.054944999516010284,-0.0488400012254715,0.007325999904423952
1451575675059,2,0.03907199949026108,-0.030524998903274536,-0.01953599974513054
1451575675079,2,0.004883999936282635,-0.010989000089466572,-0.03907199949026108
1451575675098,2,-0.00976799987256527,-0.020756999030709267,-0.013430999591946602
1451575675118,2,-0.004883999936282635,-0.03296700119972229,0.030524998903274536
1451575675140,2,0.026861999183893204,-0.04639799892902374,0.04395600035786629
1451575675160,2,0.01831500045955181,-0.004883999936282635,0.003662999952211976
1451575675179,2,0.010989000089466572,0.01953599974513054,-0.025640999898314476
1451575675199,2,0.006105000153183937,0.01953599974513054,-0.003662999952211976
1451575675220,2,0.014651999808847904,-0.0024419999681413174,0.02319899946451187
1451575675240,2,0.03907199949026108,-0.01831500045955181,0.030524998903274536
1451575675260,2,0.025640999898314476,0.015873000025749207,-0.006105000153183937
1451575675281,2,0.013430999591946602,0.03418799862265587,-0.020756999030709267
1451575675299,2,0.02808300033211708,0.021978000178933144,-0.006105000153183937
1451575675319,2,0.054944999516010284,-0.008546999655663967,0.025640999898314476
1451575675340,2,0.06349200010299683,-0.01831500045955181,0.021978000178933144
1451575675360,2,0.021978000178933144,0.006105000153183937,-0.010989000089466572
1451575675380,2,-0.017093999311327934,0.017093999311327934,-0.03174600005149841
1451575675400,2,-0.006105000153183937,0.006105000153183937,-0.01831500045955181
1451575675420,2,0.035408999770879745,-0.006105000153183937,0.0024419999681413174
1451575675440,2,0.06959699839353561,-0.015873000025749207,0.013430999591946602
1451575675461,2,0.035408999770879745,0.00976799987256527,-0.01831500045955181
1451575675480,2,0.013430999591946602,0.020756999030709267,-0.015873000025749207
1451575675501,2,0.008546999655663967,0.004883999936282635,-0.014651999808847904
1451575675520,2,0.012210000306367874,-0.025640999898314476,0.0
1451575675541,2,0.008546999655663967,-0.0488400012254715,-0.0024419999681413174
1451575675562,2,0.0012209999840706587,0.008546999655663967,-0.013430999591946602
1451575675581,2,0.003662999952211976,0.026861999183893204,-0.0012209999840706587
1451575675602,2,0.02319899946451187,0.012210000306367874,0.012210000306367874
1451575675622,2,0.040293000638484955,-0.026861999183893204,0.025640999898314476
1451575675643,2,0.0378509983420372,-0.04639799892902374,0.03418799862265587
1451575675664,2,0.0,0.014651999808847904,0.017093999311327934
1451575675681,2,0.010989000089466572,0.03418799862265587,0.0024419999681413174
1451575675702,2,0.026861999183893204,0.02442000061273575,0.004883999936282635
1451575675722,2,0.05128199979662895,-0.0024419999681413174,0.00976799987256527
1451575675743,2,0.054944999516010284,-0.00976799987256527,0.021978000178933144
1451575675764,2,0.015873000025749207,0.0024419999681413174,-0.004883999936282635
1451575675785,2,0.004883999936282635,0.004883999936282635,-0.012210000306367874
1451575675803,2,0.006105000153183937,-0.0024419999681413174,-0.0024419999681413174
1451575675823,2,0.006105000153183937,-0.014651999808847904,-0.003662999952211976
1451575675843,2,0.004883999936282635,-0.012210000306367874,-0.008546999655663967
1451575675865,2,0.012210000306367874,-0.006105000153183937,0.0012209999840706587
1451575675884,2,0.0488400012254715,0.017093999311327934,0.0
1451575675903,2,0.03418799862265587,0.030524998903274536,0.0
1451575675924,2,0.01953599974513054,0.0012209999840706587,0.010989000089466572
1451575675943,2,0.01831500045955181,-0.010989000089466572,0.012210000306367874
1451575675964,2,0.006105000153183937,-0.013430999591946602,0.004883999936282635
1451575675983,2,0.007325999904423952,-0.010989000089466572,-0.003662999952211976
1451575676005,2,0.008546999655663967,0.013430999591946602,0.0024419999681413174
1451575676024,2,0.01831500045955181,0.004883999936282635,0.008546999655663967
1451575676048,2,0.02930399961769581,0.015873000025749207,-0.006105000153183937
1451575676064,1,0.025640999898314476,0.012210000306367874,-0.007325999904423952
1451575676085,1,0.03296700119972229,-0.007325999904423952,-0.017093999311327934
1451575676105,1,0.01953599974513054,0.01831500045955181,-0.03418799862265587
1451575676126,1,0.004883999936282635,0.040293000638484955,-0.02319899946451187
1451575676145,1,0.013430999591946602,0.021978000178933144,-0.00976799987256527
1451575676165,1,0.026861999183893204,-0.017093999311327934,0.013430999591946602
1451575676184,1,0.01953599974513054,-0.02930399961769581,0.01953599974513054
1451575676206,1,0.00976799987256527,-0.025640999898314476,0.0378509983420372
1451575676226,1,0.025640999898314476,-0.045176997780799866,0.05250300094485283
1451575676245,1,0.03907199949026108,-0.050060998648405075,0.06593400239944458
1451575676265,1,0.045176997780799866,-0.03418799862265587,0.04761900007724762
1451575676285,1,0.040293000638484955,0.010989000089466572,0.01831500045955181
1451575676305,1,0.013430999591946602,0.07448099553585052,-0.0647130012512207
1451575676326,1,0.02442000061273575,0.020756999030709267,-0.0647130012512207
1451575676346,1,0.035408999770879745,-0.012210000306367874,-0.07326000183820724
1451575676365,1,0.04273499920964241,0.05128199979662895,-0.11965800076723099
1451575676387,1,0.02930399961769581,0.19169700145721436,-0.1562879979610443
1451575676406,1,0.15506699681282043,1.0500600337982178,0.004883999936282635
1451575676426,1,0.5164830088615417,1.5946259498596191,0.07814399898052216
1451575676448,1,0.5934060215950012,1.8852239847183228,0.08424899727106094
1451575676465,1,0.8815619945526123,0.54578697681427,0.9523800015449524
1451575676488,1,1.7863229513168335,-0.5494499802589417,1.7948700189590454
1451575676506,1,2.067152976989746,-1.318679928779602,2.191694974899292
1451575676536,1,0.9438329935073853,-1.399266004562378,0.7374839782714844
1451575676548,1,-0.4590959846973419,-0.6312569975852966,-0.3943829834461212
1451575676571,1,-1.511597990989685,-0.06715499609708786,-1.1391929388046265
1451575676587,1,-1.824173927307129,0.22954799234867096,-1.2503039836883545
1451575676612,1,-1.5299129486083984,0.5152620077133179,-0.9145289659500122
1451575676627,1,-1.2832709550857544,0.617825984954834,-0.17704500257968903
1451575676648,1,-0.6654449701309204,0.04761900007724762,-0.15506699681282043
1451575676668,1,-0.1623930037021637,-0.09401699900627136,-0.2332109957933426
1451575676689,1,0.09890099614858627,-0.05372399836778641,-0.25641000270843506
1451575676708,1,0.2222220003604889,-0.10378500074148178,-0.13675199449062347
1451575676728,1,0.20634900033473969,-0.2319899946451187,-0.004883999936282635
1451575676749,1,0.18803399801254272,-0.20268599689006805,-0.06227099895477295
1451575676768,1,0.13064700365066528,-0.14163599908351898,-0.10500600188970566
1451575676789,1,0.04151399806141853,-0.06959699839353561,-0.11111100018024445
1451575676809,1,-0.05128199979662895,-0.07081799954175949,-0.07936500012874603
1451575676831,1,-0.07814399898052216,-0.10866899788379669,-0.05250300094485283
1451575676848,1,-0.04151399806141853,-0.08546999841928482,-0.1623930037021637
1451575676870,1,-0.020756999030709267,-0.06227099895477295,-0.13919399678707123
1451575676890,1,-0.0012209999840706587,-0.06593400239944458,-0.06593400239944458
1451575676910,1,0.025640999898314476,-0.12087900191545486,0.025640999898314476
1451575676929,1,0.07936500012874603,-0.1294260025024414,0.07203900068998337
1451575676960,1,0.05250300094485283,0.045176997780799866,-0.05250300094485283
1451575676969,1,-0.006105000153183937,0.12576299905776978,-0.06349200010299683
1451575676990,1,-0.0378509983420372,0.11721599847078323,-0.04395600035786629
1451575677010,1,-0.008546999655663967,0.05860799923539162,-0.007325999904423952
1451575677037,1,0.04395600035786629,0.007325999904423952,0.006105000153183937
1451575677050,1,0.06837599724531174,-0.03296700119972229,0.035408999770879745
1451575677071,1,0.02930399961769581,-0.045176997780799866,0.04151399806141853
1451575677090,1,-0.008546999655663967,-0.06349200010299683,0.020756999030709267
1451575677110,1,-0.0024419999681413174,-0.05128199979662895,-0.013430999591946602
1451575677135,1,0.008546999655663967,-0.02442000061273575,-0.045176997780799866
1451575677150,1,0.017093999311327934,-0.021978000178933144,-0.03663000091910362
1451575677171,1,-0.045176997780799866,-0.08058600127696991,-0.015873000025749207
1451575677191,1,-0.06837599724531174,-0.0866909995675087,-0.0012209999840706587
1451575677211,1,-0.07326000183820724,-0.0488400012254715,-0.008546999655663967
1451575677231,1,-0.054944999516010284,0.006105000153183937,-0.006105000153183937
1451575677252,1,-0.04151399806141853,0.040293000638484955,0.006105000153183937
1451575677272,1,-0.04273499920964241,0.01831500045955181,0.03663000091910362
1451575677291,1,-0.04273499920964241,0.03663000091910362,0.035408999770879745
1451575677314,1,-0.026861999183893204,0.0378509983420372,0.04395600035786629
1451575677332,1,0.0378509983420372,-0.021978000178933144,0.08302799612283707
1451575677351,1,0.10988999903202057,0.00976799987256527,0.07081799954175949
1451575677373,1,-0.004883999936282635,0.03418799862265587,0.004883999936282635
1451575677393,1,-0.0378509983420372,-0.006105000153183937,0.035408999770879745
1451575677419,1,-0.006105000153183937,-0.004883999936282635,0.030524998903274536
1451575677435,1,0.05128199979662895,0.02930399961769581,0.0012209999840706587
1451575677453,1,0.07326000183820724,0.06227099895477295,-0.014651999808847904
1451575677473,1,0.05128199979662895,0.08058600127696991,0.003662999952211976
1451575677493,1,-0.008546999655663967,-0.026861999183893204,0.014651999808847904
1451575677514,1,0.008546999655663967,-0.05250300094485283,0.008546999655663967
1451575677532,1,0.021978000178933144,-0.030524998903274536,-0.021978000178933144
1451575677553,1,0.021978000178933144,0.01953599974513054,-0.045176997780799866
1451575677573,1,0.007325999904423952,0.050060998648405075,-0.04151399806141853
1451575677593,1,0.021978000178933144,-0.003662999952211976,0.006105000153183937
1451575677613,1,0.0488400012254715,-0.040293000638484955,0.020756999030709267
1451575677634,1,0.05616600066423416,-0.025640999898314476,-0.006105000153183937
1451575677653,1,0.035408999770879745,0.020756999030709267,-0.021978000178933144
1451575677675,1,0.004883999936282635,0.04761900007724762,-0.03663000091910362
1451575677698,1,0.004883999936282635,-0.004883999936282635,-0.006105000153183937
1451575677714,1,0.008546999655663967,-0.0378509983420372,-0.004883999936282635
1451575677734,1,0.004883999936282635,-0.021978000178933144,-0.02808300033211708
1451575677755,1,-0.020756999030709267,0.020756999030709267,-0.04151399806141853
1451575677781,1,-0.021978000178933144,0.040293000638484955,-0.03907199949026108
1451575677798,1,0.04151399806141853,-0.01953599974513054,0.007325999904423952
1451575677814,1,0.05128199979662895,-0.040293000638484955,0.007325999904423952
1451575677835,1,0.035408999770879745,-0.0378509983420372,-0.003662999952211976
1451575677856,1,-0.006105000153183937,0.0012209999840706587,-0.007325999904423952
1451575677876,1,-0.021978000178933144,0.021978000178933144,-0.017093999311327934
1451575677898,1,-0.00976799987256527,0.017093999311327934,-0.02930399961769581
1451575677914,1,0.02442000061273575,-0.035408999770879745,0.025640999898314476
1451575677936,1,0.03296700119972229,-0.040293000638484955,0.04273499920964241
1451575677956,1,0.010989000089466572,-0.006105000153183937,0.021978000178933144
1451575677976,1,0.0,0.02319899946451187,0.01831500045955181
1451575677998,1,0.026861999183893204,0.02442000061273575,0.04273499920964241
1451575678015,1,0.06837599724531174,0.025640999898314476,0.0378509983420372
1451575678036,1,0.05860799923539162,0.04273499920964241,0.010989000089466572
1451575678056,1,0.04151399806141853,0.04761900007724762,0.010989000089466572
1451575678077,1,0.01953599974513054,0.03174600005149841,0.013430999591946602
1451575678101,2,0.0,-0.017093999311327934,0.0024419999681413174
1451575678116,2,-0.007325999904423952,-0.02319899946451187,-0.026861999183893204
1451575678137,2,-0.00976799987256527,0.006105000153183937,-0.03418799862265587
1451575678158,2,-0.003662999952211976,0.025640999898314476,-0.04151399806141853
1451575678177,2,-0.008546999655663967,0.012210000306367874,-0.026861999183893204
1451575678197,2,0.003662999952211976,-0.007325999904423952,-0.015873000025749207
1451575678218,2,0.014651999808847904,-0.014651999808847904,-0.01953599974513054
1451575678238,2,0.003662999952211976,-0.017093999311327934,-0.01831500045955181
1451575678258,2,0.0024419999681413174,0.013430999591946602,-0.026861999183893204
1451575678281,2,0.003662999952211976,0.01953599974513054,-0.025640999898314476
1451575678297,2,0.01831500045955181,0.017093999311327934,-0.012210000306367874
1451575678319,2,0.030524998903274536,0.0012209999840706587,-0.010989000089466572
1451575678338,2,0.02442000061273575,-0.010989000089466572,-0.013430999591946602
1451575678358,2,-0.003662999952211976,-0.0012209999840706587,-0.02808300033211708
1451575678381,2,0.007325999904423952,-0.0024419999681413174,-0.017093999311327934
1451575678398,2,0.03296700119972229,-0.020756999030709267,-0.004883999936282635
1451575678423,2,0.05128199979662895,-0.02808300033211708,0.02442000061273575
1451575678439,2,0.06349200010299683,-0.02808300033211708,0.03296700119972229
1451575678459,2,0.035408999770879745,-0.012210000306367874,-0.007325999904423952
1451575678479,2,0.007325999904423952,-0.003662999952211976,-0.01831500045955181
1451575678501,2,-0.008546999655663967,-0.003662999952211976,-0.014651999808847904
1451575678525,2,-0.0024419999681413174,-0.00976799987256527,-0.003662999952211976
1451575678538,2,0.008546999655663967,-0.012210000306367874,0.012210000306367874
1451575678559,2,0.010989000089466572,-0.004883999936282635,0.035408999770879745
1451575678578,2,-0.0012209999840706587,-0.00976799987256527,0.03418799862265587
1451575678599,2,-0.010989000089466572,0.0,0.050060998648405075
1451575678619,2,0.32844898104667664,-0.1892549991607666,-3.5982868671417236
1451575678639,2,1.2148950099945068,1.4700839519500732,-2.4651989936828613
1451575678661,2,0.26251500844955444,0.4749689996242523,0.6092789769172668
1451575678679,2,0.699633002281189,-0.8583629727363586,1.3003649711608887
1451575678699,2,0.54578697681427,-1.4957250356674194,1.2930389642715454
1451575678720,2,-0.26739898324012756,-1.4065920114517212,0.8351640105247498
1451575678746,2,-1.0244189500808716,-0.8205119967460632,0.27838799357414246
1451575678761,2,-0.8852249979972839,0.08913300186395645,-0.12209999561309814
1451575678781,2,-0.32112300395965576,0.22344300150871277,-0.08424899727106094
1451575678801,2,0.15506699681282043,0.12209999561309814,0.010989000089466572
1451575678826,2,0.37118399143218994,-0.05616600066423416,0.07326000183820724
1451575678846,2,0.2979239821434021,-0.11721599847078323,0.06959699839353561
1451575678862,2,0.10134299844503403,0.02930399961769581,0.08791200071573257
1451575678881,2,-0.0757019966840744,0.21001200377941132,0.10134299844503403
1451575678900,2,0.05372399836778641,0.11599499732255936,0.09035399556159973
1451575678922,2,0.19780199229717255,0.00976799987256527,0.07326000183820724
1451575678942,2,0.2441999912261963,-0.026861999183893204,0.07448099553585052
1451575678962,2,0.16971899569034576,0.0,0.07692299783229828
1451575678981,2,-0.07203900068998337,0.0647130012512207,0.0378509983420372
1451575679002,2,-0.10622699558734894,0.03907199949026108,0.0012209999840706587
1451575679023,2,-0.06349200010299683,-0.003662999952211976,-0.013430999591946602
1451575679043,2,0.004883999936282635,-0.03174600005149841,-0.013430999591946602
1451575679064,2,0.04151399806141853,-0.054944999516010284,0.003662999952211976
1451575679081,2,0.030524998903274536,-0.035408999770879745,-0.004883999936282635
1451575679102,2,0.0012209999840706587,-0.004883999936282635,-0.0378509983420372
1451575679122,2,-0.008546999655663967,0.01953599974513054,-0.03418799862265587
1451575679143,2,0.0024419999681413174,0.017093999311327934,-0.007325999904423952
1451575679164,2,0.02930399961769581,-0.00976799987256527,0.01953599974513054
1451575679182,2,0.05372399836778641,-0.02808300033211708,0.02442000061273575
1451575679203,2,0.05616600066423416,-0.006105000153183937,0.003662999952211976
1451575679225,2,0.03296700119972229,0.015873000025749207,-0.010989000089466572
1451575679243,2,0.010989000089466572,0.02442000061273575,-0.008546999655663967
1451575679263,2,0.010989000089466572,0.020756999030709267,0.0024419999681413174
1451575679287,2,0.02930399961769581,0.0024419999681413174,0.012210000306367874
1451575679304,2,0.05738699808716774,0.015873000025749207,-0.007325999904423952
1451575679324,2,0.04395600035786629,0.06104999780654907,0.007325999904423952
1451575679344,2,0.04151399806141853,0.08058600127696991,0.01953599974513054
1451575679370,2,0.06837599724531174,0.11477399617433548,0.013430999591946602
1451575679384,2,0.10988999903202057,0.14285700023174286,-0.007325999904423952
1451575679405,2,0.09035399556159973,0.09279599785804749,0.004883999936282635
1451575679425,2,0.04639799892902374,0.054944999516010284,0.015873000025749207
1451575679447,2,-0.006105000153183937,0.097680002450943,0.0
1451575679465,2,-0.03663000091910362,0.2271059900522232,-0.035408999770879745
1451575679485,2,-0.07448099553585052,0.1684979945421219,-0.054944999516010284
1451575679504,2,0.026861999183893204,0.10500600188970566,-0.14774100482463837
1451575679525,2,0.10988999903202057,-0.0488400012254715,-0.18070799112319946
1451575679544,2,0.09401699900627136,-0.13675199449062347,-0.18070799112319946
1451575679565,2,0.10012199729681015,-0.22588500380516052,-0.18314999341964722
1451575679585,2,0.09157499670982361,-0.31013399362564087,-0.08791200071573257
1451575679606,2,0.03907199949026108,-0.3797309994697571,0.05860799923539162
1451575679626,2,0.10866899788379669,-0.4590959846973419,0.1294260025024414
1451575679646,2,0.12576299905776978,-0.42979198694229126,0.11477399617433548
1451575679665,2,0.07081799954175949,-0.41880300641059875,0.11233200132846832
1451575679687,2,0.06349200010299683,-0.2698409855365753,0.11477399617433548
1451575679707,2,0.06349200010299683,-0.06959699839353561,0.0757019966840744
1451575679727,2,-0.0024419999681413174,0.20146499574184418,-0.06227099895477295
1451575679747,2,-0.004883999936282635,0.30524998903274536,-0.09523800015449524
1451575679766,2,0.03663000091910362,0.38095200061798096,-0.08302799612283707
1451575679787,2,0.07326000183820724,0.44200199842453003,-0.03418799862265587
1451575679807,2,0.08913300186395645,0.39682498574256897,0.003662999952211976
1451575679828,2,0.18803399801254272,-0.08058600127696991,-0.08913300186395645
1451575679848,2,0.2332109957933426,-0.37606799602508545,-0.16605599224567413
1451575679867,2,0.2551890015602112,-0.5396819710731506,-0.21855899691581726
1451575679888,2,0.003662999952211976,0.19902299344539642,0.24664199352264404
1451575679908,2,-0.08058600127696991,0.9059820175170898,0.5299140214920044
1451575679928,2,0.18192899227142334,0.9242969751358032,0.44688600301742554
1451575679947,2,0.13308899104595184,-0.05372399836778641,0.026861999183893204
1451575679967,2,-0.0378509983420372,-0.40903499722480774,-0.10866899788379669
1451575679988,2,-0.1733819991350174,-0.4395599961280823,-0.16361400485038757
1451575680007,2,-0.19047600030899048,-0.40292999148368835,-0.12820500135421753
1451575680028,2,-0.1294260025024414,-0.4920629858970642,-0.07814399898052216
1451575680047,2,-0.05128199979662895,-0.16117200255393982,0.01831500045955181
1451575680069,2,-0.07936500012874603,0.0757019966840744,0.0378509983420372
1451575680088,2,-0.0647130012512207,-0.040293000638484955,0.03296700119972229
1451575680109,2,-0.02808300033211708,-0.09279599785804749,0.03296700119972229
