1451578714856,1,0.565322995185852,-1.1880329847335815,0.03907199949026108
1451578714876,1,0.035408999770879745,-0.25152599811553955,0.05738699808716774
1451578714903,1,-0.21733799576759338,0.03418799862265587,-0.021978000178933144
1451578714916,1,-0.2380950003862381,-0.12332099676132202,-0.15384599566459656
1451578714936,1,-0.14285700023174286,-0.3956039845943451,-0.2539680004119873
1451578714957,1,-0.12332099676132202,-0.5763120055198669,-0.16483499109745026
1451578714977,1,-0.05372399836778641,-0.6092789769172668,0.05372399836778641
1451578714998,1,0.299144983291626,-0.9890099763870239,0.05860799923539162
1451578715017,1,0.4102559983730316,-1.4139180183410645,-0.0866909995675087
1451578715037,1,0.4395599961280823,-1.7960909605026245,-0.32600700855255127
1451578715058,1,0.5543339848518372,-2.133086919784546,-0.6678869724273682
1451578715078,1,0.7191689610481262,-2.4688620567321777,-0.7179480195045471
1451578715098,1,0.7191689610481262,-1.8815609216690063,-0.3369959890842438
1451578715118,1,0.416361004114151,-0.8412690162658691,0.003662999952211976
1451578715138,1,-0.03663000091910362,0.1575089991092682,0.08424899727106094
1451578715165,1,-0.4334549903869629,0.8840039968490601,0.05128199979662895
1451578715178,1,-0.6568979620933533,1.1269829273223877,0.03907199949026108
1451578715198,1,-0.3199020028114319,0.48473697900772095,-0.14774100482463837
1451578715218,1,-0.09157499670982361,0.15018299221992493,-0.19291800260543823
1451578715238,1,0.00976799987256527,-0.06104999780654907,-0.11721599847078323
1451578715258,1,0.10500600188970566,-0.2637360095977783,-0.02930399961769581
1451578715278,1,0.1025639995932579,-0.32234400510787964,0.026861999183893204
1451578715298,1,0.006105000153183937,-0.26129400730133057,0.06227099895477295
1451578715319,1,-0.08302799612283707,-0.035408999770879745,-0.021978000178933144
1451578715339,1,-0.06593400239944458,0.021978000178933144,-0.003662999952211976
1451578715359,1,-0.02319899946451187,-0.03174600005149841,0.045176997780799866
1451578715379,1,0.04151399806141853,-0.09279599785804749,0.02808300033211708
1451578715398,1,0.04273499920964241,-0.09157499670982361,-0.007325999904423952
1451578715419,1,-0.04639799892902374,0.035408999770879745,-0.04151399806141853
1451578715440,1,-0.0378509983420372,0.0757019966840744,-0.054944999516010284
1451578715459,1,0.010989000089466572,0.09401699900627136,-0.08546999841928482
1451578715486,1,0.04151399806141853,0.10012199729681015,-0.11843699961900711
1451578715499,1,0.04639799892902374,0.09523800015449524,-0.1782660037279129
1451578715521,1,-0.05738699808716774,0.24175800383090973,-0.2527469992637634
1451578715540,1,-0.11233200132846832,0.34310099482536316,-0.19047600030899048
1451578715560,1,-0.13675199449062347,0.36019498109817505,-0.10744799673557281
1451578715581,1,-0.11477399617433548,0.293040007352829,-0.08424899727106094
1451578715600,1,-0.02442000061273575,0.23931600153446198,-0.1941390037536621
1451578715621,1,0.12087900191545486,0.4114769995212555,-0.4761900007724762
1451578715641,1,0.6862019896507263,0.13430999219417572,0.21489599347114563
1451578715661,1,1.6800960302352905,-0.08058600127696991,0.6239309906959534
1451578715681,1,1.6971899271011353,-0.6642239689826965,1.4871779680252075
1451578715701,1,1.5763109922409058,-1.2246630191802979,1.2136739492416382
1451578715721,1,0.9438329935073853,-1.1916959285736084,0.3516480028629303
1451578715740,1,-0.9682530164718628,0.6642239689826965,-1.0207560062408447
1451578715768,1,-1.4749679565429688,1.4334540367126465,-0.9010980129241943
1451578715781,1,-1.399266004562378,1.3858349323272705,-0.43467599153518677
1451578715802,1,-0.7460309863090515,0.8693519830703735,-0.21245399117469788
1451578715822,1,-0.07936500012874603,0.29548200964927673,-0.18192899227142334
1451578715842,1,0.22588500380516052,-0.2661779820919037,-0.00976799987256527
1451578715862,1,0.01953599974513054,-0.26739898324012756,0.01831500045955181
1451578715882,1,-0.16361400485038757,-0.1294260025024414,0.021978000178933144
1451578715902,1,-0.28937700390815735,0.10012199729681015,-0.014651999808847904
1451578715923,1,-0.34310099482536316,0.26739898324012756,-0.059829000383615494
1451578715943,1,-0.30158698558807373,0.2905980050563812,-0.06959699839353561
1451578715964,1,0.02319899946451187,-0.07448099553585052,-0.08546999841928482
1451578715983,1,0.059829000383615494,-0.08302799612283707,-0.06227099895477295
1451578716003,1,-0.012210000306367874,0.0024419999681413174,-0.0012209999840706587
1451578716022,1,-0.07203900068998337,0.06349200010299683,0.06227099895477295
1451578716043,1,-0.09645900130271912,0.054944999516010284,0.11965800076723099
1451578716065,1,0.013430999591946602,0.09645900130271912,-0.02930399961769581
1451578716084,1,-0.10988999903202057,0.3956039845943451,-0.050060998648405075
1451578716103,1,-0.19902299344539642,0.5873010158538818,-0.04151399806141853
1451578716123,1,-0.19047600030899048,0.5836380124092102,-0.004883999936282635
1451578716144,1,-0.19658099114894867,0.46886399388313293,-0.25763100385665894
1451578716164,1,-0.2649570107460022,-0.05250300094485283,-0.5543339848518372
1451578716184,1,-0.2820509970188141,-0.2979239821434021,-0.20757000148296356
1451578716204,1,-0.15018299221992493,-0.47374799847602844,0.14163599908351898
1451578716224,1,0.059829000383615494,-0.5433449745178223,0.1843709945678711
1451578716245,1,0.12698400020599365,-0.5347979664802551,0.11477399617433548
1451578716265,1,0.14285700023174286,-0.598289966583252,0.10378500074148178
1451578716289,1,0.1562879979610443,-0.6324779987335205,0.1294260025024414
1451578716305,1,0.10378500074148178,-0.40415099263191223,0.11111100018024445
1451578716325,1,0.05128199979662895,-0.1892549991607666,0.08180700242519379
1451578716345,1,0.04273499920964241,-0.06593400239944458,0.059829000383615494
1451578716364,1,0.050060998648405075,0.004883999936282635,0.021978000178933144
1451578716389,1,0.07692299783229828,0.07814399898052216,0.0
1451578716406,1,0.09523800015449524,0.06837599724531174,0.0378509983420372
1451578716426,1,0.09645900130271912,0.0024419999681413174,0.06349200010299683
1451578716448,1,0.07936500012874603,-0.05372399836778641,0.035408999770879745
1451578716465,1,0.06104999780654907,-0.015873000025749207,-0.040293000638484955
1451578716490,1,-0.008546999655663967,0.10988999903202057,-0.06715499609708786
1451578716506,1,-0.0024419999681413174,0.07448099553585052,-0.04639799892902374
1451578716526,1,-0.015873000025749207,0.006105000153183937,-0.0488400012254715
1451578716548,1,-0.04395600035786629,-0.0647130012512207,-0.07936500012874603
1451578716566,1,-0.04395600035786629,-0.09279599785804749,-0.09401699900627136
1451578716587,1,0.02319899946451187,-0.06593400239944458,0.020756999030709267
1451578716607,1,0.04151399806141853,-0.1355309933423996,0.05616600066423416
1451578716627,1,0.02930399961769581,-0.2429789900779724,0.017093999311327934
1451578716653,1,0.013430999591946602,-0.31623899936676025,-0.03174600005149841
1451578716666,1,-0.003662999952211976,-0.2600730061531067,-0.0378509983420372
1451578716688,1,-0.06837599724531174,-0.01831500045955181,0.0488400012254715
1451578716707,2,-0.05372399836778641,0.36996299028396606,0.01953599974513054
1451578716727,2,-0.003662999952211976,0.34432199597358704,-0.00976799987256527
1451578716749,2,0.02319899946451187,0.18803399801254272,0.0024419999681413174
1451578716769,2,0.030524998903274536,0.035408999770879745,0.021978000178933144
1451578716791,2,0.04761900007724762,-0.059829000383615494,0.0378509983420372
1451578716808,2,-0.014651999808847904,0.05616600066423416,-0.014651999808847904
1451578716828,2,-0.0024419999681413174,0.07448099553585052,-0.026861999183893204
1451578716848,2,0.010989000089466572,0.02319899946451187,-0.008546999655663967
1451578716868,2,0.02319899946451187,-0.07814399898052216,0.015873000025749207
1451578716888,2,0.03663000091910362,-0.13797299563884735,-0.0012209999840706587
1451578716908,2,0.020756999030709267,-0.007325999904423952,-0.03418799862265587
1451578716929,2,0.03174600005149841,0.0024419999681413174,-0.01831500045955181
1451578716948,2,0.03174600005149841,-0.03663000091910362,-0.0024419999681413174
1451578716969,2,-0.007325999904423952,-0.054944999516010284,-0.004883999936282635
1451578716988,2,-0.05250300094485283,-0.04395600035786629,-0.006105000153183937
1451578717009,2,-0.11843699961900711,-0.008546999655663967,-0.040293000638484955
1451578717031,2,-0.040293000638484955,0.07326000183820724,-0.04395600035786629
1451578717049,2,0.03296700119972229,0.040293000638484955,-0.007325999904423952
1451578717069,2,0.06593400239944458,-0.030524998903274536,0.004883999936282635
1451578717089,2,0.0378509983420372,-0.07936500012874603,-0.003662999952211976
1451578717109,2,-0.00976799987256527,-0.08546999841928482,-0.007325999904423952
1451578717133,2,-0.035408999770879745,-0.09035399556159973,0.014651999808847904
1451578717150,2,0.01953599974513054,-0.1404149979352951,0.03907199949026108
1451578717170,2,0.06837599724531174,-0.19047600030899048,0.045176997780799866
1451578717190,2,0.03907199949026108,-0.17216099798679352,0.0024419999681413174
1451578717210,2,-0.013430999591946602,-0.11965800076723099,-0.054944999516010284
1451578717231,2,-0.006105000153183937,-0.06227099895477295,-0.02808300033211708
1451578717250,2,0.01953599974513054,-0.08180700242519379,0.00976799987256527
1451578717271,2,0.03174600005149841,-0.09401699900627136,0.021978000178933144
1451578717291,2,0.015873000025749207,-0.10378500074148178,0.0024419999681413174
1451578717311,2,-0.0024419999681413174,-0.1514039933681488,-0.014651999808847904
1451578717331,2,0.03174600005149841,-0.24175800383090973,0.015873000025749207
1451578717354,2,0.05738699808716774,-0.37118399143218994,0.06349200010299683
1451578717371,2,0.02319899946451187,-0.390720009803772,0.05128199979662895
1451578717391,2,-0.008546999655663967,-0.30158698558807373,0.06104999780654907
1451578717412,2,0.003662999952211976,-0.12209999561309814,0.22100099921226501
1451578717431,2,0.10500600188970566,-0.059829000383615494,0.49572598934173584
1451578717452,2,-0.7557989954948425,5.593400955200195,1.439558982849121
1451578717472,2,-0.5445659756660461,4.641020774841309,0.9450539946556091
1451578717493,2,0.00976799987256527,2.1282029151916504,0.3296699821949005
1451578717512,2,0.37606799602508545,-0.6971909999847412,0.00976799987256527
1451578717532,2,0.5335769653320313,-2.316236972808838,0.01953599974513054
1451578717552,2,0.6874229907989502,-2.1977999210357666,0.02442000061273575
1451578717573,2,0.39804598689079285,-1.501829981803894,-0.22588500380516052
1451578717593,2,0.030524998903274536,-0.8864459991455078,-0.49450498819351196
1451578717615,2,-0.13797299563884735,-0.7777770161628723,-0.5738700032234192
1451578717632,2,-0.13186800479888916,-0.8852249979972839,-0.5250300168991089
1451578717657,2,-0.10500600188970566,-0.6300359964370728,-0.38095200061798096
1451578717673,2,-0.1575089991092682,0.3785099983215332,-0.17948700487613678
1451578717693,2,-0.14774100482463837,0.3028079867362976,-0.20757000148296356
1451578717715,2,-0.1514039933681488,0.04273499920964241,-0.211232990026474
1451578717733,2,-0.1514039933681488,-0.1623930037021637,-0.15873000025749207
1451578717754,2,-0.09890099614858627,-0.2490839958190918,-0.09279599785804749
1451578717773,2,-0.015873000025749207,-0.23687399923801422,-0.09157499670982361
1451578717794,2,0.0378509983420372,-0.2429789900779724,-0.10866899788379669
1451578717814,2,0.07692299783229828,-0.23687399923801422,-0.12698400020599365
1451578717834,2,0.07081799954175949,-0.2051279991865158,-0.12332099676132202
1451578717854,2,0.050060998648405075,-0.1782660037279129,-0.09401699900627136
1451578717874,2,0.01831500045955181,-0.1623930037021637,0.004883999936282635
1451578717895,2,0.012210000306367874,-0.18803399801254272,0.007325999904423952
1451578717927,2,0.020756999030709267,-0.18559199571609497,-0.03663000091910362
1451578717954,2,-0.004883999936282635,-0.1514039933681488,-0.014651999808847904
1451578717967,2,-0.03296700119972229,-0.0757019966840744,0.025640999898314476
1451578717988,2,-0.0488400012254715,-0.02808300033211708,0.05860799923539162
1451578718009,2,0.012210000306367874,-0.08302799612283707,0.06349200010299683
1451578718028,2,0.021978000178933144,-0.14163599908351898,0.054944999516010284
1451578718048,2,0.020756999030709267,-0.15873000025749207,0.035408999770879745
1451578718068,2,-0.003662999952211976,-0.08424899727106094,0.006105000153183937
1451578718094,2,-0.03418799862265587,-0.00976799987256527,-0.003662999952211976
1451578718109,2,0.010989000089466572,-0.07814399898052216,0.0378509983420372
1451578718129,2,0.07692299783229828,-0.14285700023174286,0.05860799923539162
1451578718149,2,0.1025639995932579,-0.10744799673557281,0.0488400012254715
1451578718174,2,0.06837599724531174,0.008546999655663967,0.020756999030709267
1451578718189,2,-0.007325999904423952,0.27228298783302307,0.035408999770879745
1451578718209,2,-0.05250300094485283,0.4981679916381836,0.1843709945678711
1451578718236,2,0.07326000183820724,0.22466400265693665,0.11965800076723099
1451578718249,2,0.10378500074148178,0.1025639995932579,0.08791200071573257
1451578718266,2,0.10744799673557281,0.02319899946451187,0.07081799954175949
1451578718287,2,0.08424899727106094,-0.03174600005149841,0.0647130012512207
1451578718307,2,0.045176997780799866,-0.03296700119972229,0.04151399806141853
1451578718327,2,0.0012209999840706587,-0.010989000089466572,0.008546999655663967
1451578718348,2,-0.03418799862265587,0.035408999770879745,-0.004883999936282635
1451578718367,2,-0.004883999936282635,0.02930399961769581,0.012210000306367874
1451578718388,2,0.030524998903274536,0.015873000025749207,0.035408999770879745
1451578718408,2,0.03418799862265587,0.010989000089466572,0.04395600035786629
1451578718428,2,0.006105000153183937,0.04395600035786629,0.03174600005149841
1451578718454,2,-0.030524998903274536,0.07081799954175949,0.004883999936282635
1451578718468,2,-0.030524998903274536,0.04761900007724762,-0.013430999591946602
1451578718488,2,0.01831500045955181,-0.003662999952211976,0.008546999655663967
1451578718508,2,0.06227099895477295,-0.06593400239944458,0.017093999311327934
1451578718528,2,0.06104999780654907,-0.08791200071573257,0.013430999591946602
1451578718549,2,0.015873000025749207,-0.06593400239944458,-0.012210000306367874
1451578718568,2,-0.02930399961769581,0.02808300033211708,-0.025640999898314476
1451578718589,2,0.008546999655663967,0.007325999904423952,-0.00976799987256527
1451578718608,2,0.035408999770879745,-0.02808300033211708,-0.006105000153183937
1451578718628,2,0.0378509983420372,-0.05860799923539162,-0.010989000089466572
1451578718651,2,0.026861999183893204,-0.05616600066423416,-0.01831500045955181
1451578718669,2,0.0012209999840706587,-0.01953599974513054,-0.013430999591946602
1451578718694,2,-0.04273499920964241,0.0024419999681413174,-0.01831500045955181
1451578718709,2,-0.05616600066423416,-0.003662999952211976,-0.015873000025749207
1451578718731,1,-0.06959699839353561,-0.0378509983420372,0.008546999655663967
1451578718749,1,-0.0647130012512207,-0.0488400012254715,0.026861999183893204
1451578718771,1,-0.0488400012254715,-0.045176997780799866,0.017093999311327934
1451578718791,1,-0.045176997780799866,-0.09645900130271912,0.03296700119972229
1451578718809,1,-0.11965800076723099,-0.08058600127696991,-0.010989000089466572
1451578718830,1,-0.29426100850105286,0.05128199979662895,-0.06227099895477295
1451578718850,1,-0.46275898814201355,0.12698400020599365,-0.09645900130271912
1451578718870,1,-0.49450498819351196,0.07936500012874603,-0.14285700023174286
1451578718890,1,-0.22588500380516052,-0.25641000270843506,-0.08058600127696991
1451578718910,1,-0.05860799923539162,-0.3626369833946228,0.045176997780799866
1451578718931,1,0.05616600066423416,-0.3687419891357422,0.1245419979095459
1451578718950,1,0.12332099676132202,-0.3235650062561035,0.1355309933423996
1451578718971,1,0.13430999219417572,-0.2503049969673157,0.08180700242519379
1451578718990,1,0.08424899727106094,-0.12332099676132202,-0.06349200010299683
1451578719023,1,0.010989000089466572,-0.035408999770879745,-0.12087900191545486
1451578719031,1,0.0,0.07692299783229828,-0.15384599566459656
1451578719051,1,0.006105000153183937,0.13430999219417572,-0.17460300028324127
1451578719071,1,0.030524998903274536,0.11965800076723099,-0.17216099798679352
1451578719091,1,0.030524998903274536,0.07814399898052216,-0.18070799112319946
1451578719119,1,-0.013430999591946602,0.0378509983420372,-0.20268599689006805
1451578719137,1,-0.06104999780654907,0.021978000178933144,-0.11233200132846832
1451578719152,1,-0.054944999516010284,0.01953599974513054,-0.008546999655663967
1451578719172,1,0.010989000089466572,0.13308899104595184,-0.06959699839353561
1451578719192,1,0.13430999219417572,0.41880300641059875,-0.2905980050563812
1451578719212,1,0.6703289747238159,1.9792410135269165,-0.5152620077133179
1451578719232,1,1.338215947151184,1.2429779767990112,1.0891319513320923
1451578719253,1,1.8351629972457886,0.41269800066947937,1.5518909692764282
1451578719273,1,1.5360180139541626,-0.32600700855255127,1.4859570264816284
1451578719293,1,1.1123310327529907,-0.8876670002937317,0.8217329978942871
1451578719313,1,-0.565322995185852,0.014651999808847904,-0.536018967628479
1451578719333,1,-1.2295470237731934,0.3846150040626526,-0.7777770161628723
1451578719353,1,-1.2722820043563843,0.39804598689079285,-0.5738700032234192
1451578719373,1,-0.844931960105896,0.03663000091910362,-0.308912992477417
1451578719393,1,-0.32112300395965576,-0.26739898324012756,-0.22954799234867096
1451578719413,1,-0.08058600127696991,-0.3687419891357422,-0.26251500844955444
1451578719433,1,-0.14407800137996674,-0.2161169946193695,-0.09279599785804749
1451578719453,1,-0.23076899349689484,-0.1135529950261116,0.025640999898314476
1451578719473,1,-0.2857140004634857,-0.02808300033211708,0.03663000091910362
1451578719498,1,-0.26739898324012756,-0.020756999030709267,0.006105000153183937
1451578719514,1,-0.15873000025749207,-0.07203900068998337,-0.05738699808716774
1451578719533,1,0.05128199979662895,-0.11843699961900711,-0.07081799954175949
1451578719554,1,0.04395600035786629,-0.07814399898052216,-0.02442000061273575
1451578719574,1,-0.03418799862265587,-0.045176997780799866,0.01953599974513054
1451578719595,1,-0.06959699839353561,-0.08424899727106094,0.04639799892902374
1451578719614,1,-0.0488400012254715,-0.14285700023174286,0.03296700119972229
1451578719635,1,-0.008546999655663967,-0.0757019966840744,-0.03296700119972229
1451578719655,1,-0.026861999183893204,-0.05250300094485283,0.008546999655663967
1451578719675,1,-0.012210000306367874,-0.09035399556159973,0.05738699808716774
1451578719695,1,0.03907199949026108,-0.15018299221992493,0.06349200010299683
1451578719717,1,0.06104999780654907,-0.12332099676132202,0.03418799862265587
1451578719735,1,-0.010989000089466572,-0.06715499609708786,0.012210000306367874
1451578719756,1,-0.12332099676132202,0.004883999936282635,-0.02808300033211708
1451578719775,1,-0.08302799612283707,-0.02319899946451187,-0.03418799862265587
1451578719796,1,-0.0012209999840706587,-0.04639799892902374,-0.01953599974513054
1451578719815,1,0.03296700119972229,-0.01953599974513054,-0.013430999591946602
1451578719836,1,0.03418799862265587,0.05250300094485283,-0.026861999183893204
1451578719856,1,0.02442000061273575,0.15262499451637268,-0.12087900191545486
1451578719876,1,0.02319899946451187,0.08302799612283707,-0.10134299844503403
1451578719896,1,0.02442000061273575,0.017093999311327934,-0.06104999780654907
1451578719917,1,0.010989000089466572,-0.010989000089466572,-0.020756999030709267
1451578719937,1,-0.012210000306367874,-0.003662999952211976,0.0
1451578719957,1,0.04151399806141853,-0.03663000091910362,-0.00976799987256527
1451578719977,1,0.05738699808716774,-0.0024419999681413174,-0.015873000025749207
1451578720003,1,-0.0024419999681413174,0.04395600035786629,-0.04273499920964241
1451578720017,1,-0.04273499920964241,0.06837599724531174,-0.035408999770879745
1451578720038,1,-0.03174600005149841,0.04151399806141853,0.006105000153183937
1451578720058,1,0.017093999311327934,-0.021978000178933144,0.03418799862265587
1451578720077,1,0.09523800015449524,-0.07203900068998337,0.0378509983420372
1451578720098,1,0.05616600066423416,-0.010989000089466572,0.003662999952211976
1451578720117,1,-0.012210000306367874,0.04761900007724762,-0.00976799987256527
1451578720138,1,-0.04395600035786629,0.06227099895477295,0.021978000178933144
1451578720158,1,-0.02808300033211708,0.020756999030709267,0.0488400012254715
1451578720178,1,0.03174600005149841,-0.06593400239944458,0.04639799892902374
1451578720199,1,0.026861999183893204,-0.04761900007724762,0.035408999770879745
1451578720218,1,0.013430999591946602,0.0,0.02442000061273575
1451578720239,1,0.02442000061273575,0.02442000061273575,0.010989000089466572
1451578720259,1,0.030524998903274536,0.01831500045955181,-0.00976799987256527
1451578720286,1,-0.015873000025749207,-0.010989000089466572,-0.01953599974513054
1451578720299,1,-0.004883999936282635,-0.01953599974513054,-0.0024419999681413174
1451578720319,1,0.02930399961769581,-0.02930399961769581,0.02808300033211708
1451578720339,1,0.06104999780654907,-0.02930399961769581,0.03418799862265587
1451578720366,1,0.04761900007724762,0.01831500045955181,0.010989000089466572
1451578720387,1,0.003662999952211976,0.04761900007724762,-0.013430999591946602
1451578720399,1,-0.00976799987256527,0.006105000153183937,0.006105000153183937
1451578720419,1,0.04273499920964241,-0.02930399961769581,0.017093999311327934
1451578720440,1,0.07326000183820724,-0.045176997780799866,0.03418799862265587
1451578720460,1,0.05250300094485283,-0.010989000089466572,0.02319899946451187
1451578720480,1,0.004883999936282635,0.013430999591946602,0.020756999030709267
1451578720500,1,0.008546999655663967,0.004883999936282635,0.0378509983420372
1451578720521,1,0.030524998903274536,-0.035408999770879745,0.0378509983420372
1451578720540,1,0.020756999030709267,-0.04639799892902374,0.012210000306367874
1451578720561,1,-0.02808300033211708,-0.02930399961769581,-0.025640999898314476
1451578720582,1,-0.05738699808716774,0.0024419999681413174,-0.02808300033211708
1451578720600,1,0.0012209999840706587,0.04395600035786629,0.01953599974513054
1451578720621,1,0.035408999770879745,0.020756999030709267,0.013430999591946602
1451578720641,1,0.02930399961769581,0.008546999655663967,0.003662999952211976
1451578720662,1,-0.00976799987256527,-0.004883999936282635,-0.008546999655663967
1451578720681,1,-0.040293000638484955,-0.008546999655663967,-0.010989000089466572
1451578720701,1,-0.050060998648405075,-0.007325999904423952,-0.014651999808847904
1451578720721,1,-0.015873000025749207,-0.014651999808847904,0.0
1451578720742,1,0.004883999936282635,-0.01831500045955181,0.014651999808847904
1451578720774,2,0.017093999311327934,-0.015873000025749207,0.010989000089466572
1451578720784,2,0.0012209999840706587,0.010989000089466572,-0.014651999808847904
1451578720806,2,-0.05250300094485283,0.07326000183820724,-0.04395600035786629
1451578720823,2,-0.04395600035786629,0.097680002450943,-0.030524998903274536
1451578720842,2,-0.020756999030709267,0.03296700119972229,-0.021978000178933144
1451578720868,2,-0.0378509983420372,-0.0378509983420372,-0.04639799892902374
1451578720882,2,-0.0866909995675087,-0.0647130012512207,-0.08913300186395645
1451578720902,2,-0.12209999561309814,-0.07448099553585052,-0.10134299844503403
1451578720923,2,-0.05128199979662895,-0.1245419979095459,-0.017093999311327934
1451578720943,2,0.01831500045955181,-0.13064700365066528,0.0012209999840706587
1451578720964,2,0.07448099553585052,-0.0866909995675087,-0.006105000153183937
1451578720982,2,0.05738699808716774,0.014651999808847904,-0.03296700119972229
1451578721004,2,-0.01831500045955181,0.13919399678707123,-0.05128199979662895
1451578721023,2,-0.12087900191545486,0.16605599224567413,-0.10988999903202057
1451578721043,2,-0.06593400239944458,-0.10134299844503403,-0.059829000383615494
1451578721063,2,0.017093999311327934,-0.3247860074043274,-0.01953599974513054
1451578721084,2,0.021978000178933144,-0.4212450087070465,-0.06715499609708786
1451578721110,2,0.05860799923539162,-0.37606799602508545,-0.07814399898052216
1451578721124,2,0.06593400239944458,-0.19658099114894867,-0.0488400012254715
1451578721143,2,-0.09279599785804749,0.15018299221992493,-0.003662999952211976
1451578721164,2,-0.10012199729681015,0.13308899104595184,-0.025640999898314476
1451578721184,2,-0.030524998903274536,0.040293000638484955,-0.045176997780799866
1451578721205,2,0.05250300094485283,-0.04395600035786629,-0.05616600066423416
1451578721225,2,0.09523800015449524,-0.0757019966840744,-0.021978000178933144
1451578721245,2,0.02319899946451187,-0.059829000383615494,0.021978000178933144
1451578721265,2,-0.025640999898314476,-0.0647130012512207,0.0
1451578721285,2,-0.05372399836778641,-0.08424899727106094,-0.02319899946451187
1451578721305,2,-0.03907199949026108,-0.1135529950261116,-0.050060998648405075
1451578721325,2,0.0,-0.09890099614858627,-0.07081799954175949
1451578721347,2,0.11111100018024445,-0.12209999561309814,0.025640999898314476
1451578721365,2,0.08180700242519379,-0.11477399617433548,0.059829000383615494
1451578721386,2,0.0012209999840706587,-0.05250300094485283,0.03907199949026108
1451578721406,2,-0.0866909995675087,0.003662999952211976,-0.003662999952211976
1451578721426,2,-0.11599499732255936,0.020756999030709267,-0.020756999030709267
1451578721446,2,-0.035408999770879745,-0.003662999952211976,0.06593400239944458
1451578721466,2,-0.8815619945526123,2.17215895652771,1.515260934829712
1451578721486,2,-0.4822950065135956,3.6141600608825684,1.1050050258636475
1451578721507,2,-0.5396819710731506,2.6019508838653564,0.6666659712791443
1451578721526,2,-0.11477399617433548,1.274724006652832,0.13308899104595184
1451578721546,2,0.30647099018096924,-0.43101298809051514,-0.1355309933423996
1451578721566,2,0.6202679872512817,-1.9902299642562866,-0.15018299221992493
1451578721587,2,0.5689859986305237,-1.5042719841003418,-0.167276993393898
1451578721607,2,0.3418799936771393,-0.9145289659500122,-0.28937700390815735
1451578721627,2,0.05616600066423416,-0.40292999148368835,-0.4749689996242523
1451578721649,2,-0.11111100018024445,-0.2661779820919037,-0.5677649974822998
1451578721667,2,0.025640999898314476,-0.6031739711761475,-0.29426100850105286
1451578721688,2,0.10012199729681015,-0.3199020028114319,-0.07692299783229828
1451578721707,2,0.11233200132846832,0.13064700365066528,0.03418799862265587
1451578721727,2,0.07081799954175949,0.35531100630760193,0.054944999516010284
1451578721748,2,0.03907199949026108,0.32722800970077515,0.03418799862265587
1451578721767,2,-0.003662999952211976,0.20146499574184418,-0.015873000025749207
1451578721788,2,-0.05250300094485283,-0.05616600066423416,-0.0488400012254715
1451578721808,2,-0.01831500045955181,-0.12576299905776978,-0.04639799892902374
1451578721828,2,0.0012209999840706587,-0.15995100140571594,-0.03296700119972229
1451578721848,2,0.030524998903274536,-0.16361400485038757,-0.02319899946451187
1451578721868,2,0.07326000183820724,-0.1245419979095459,-0.025640999898314476
1451578721888,2,0.00976799987256527,-0.02930399961769581,0.003662999952211976
1451578721908,2,-0.0488400012254715,-0.04273499920964241,0.00976799987256527
1451578721929,2,-0.06593400239944458,-0.11965800076723099,0.026861999183893204
1451578721949,2,-0.0378509983420372,-0.15873000025749207,0.03418799862265587
1451578721973,2,0.025640999898314476,-0.15995100140571594,0.030524998903274536
1451578721990,2,0.020756999030709267,0.0647130012512207,0.07692299783229828
1451578722009,2,0.0024419999681413174,0.16361400485038757,0.11233200132846832
1451578722031,2,0.03174600005149841,0.10500600188970566,0.0866909995675087
1451578722050,2,0.03907199949026108,0.008546999655663967,0.054944999516010284
1451578722070,2,0.05128199979662895,-0.04639799892902374,0.050060998648405075
1451578722090,2,0.07326000183820724,-0.03296700119972229,0.04761900007724762
1451578722110,2,0.08180700242519379,0.03907199949026108,0.013430999591946602
1451578722131,2,0.05250300094485283,0.05616600066423416,-0.0378509983420372
1451578722149,2,0.026861999183893204,0.045176997780799866,-0.0647130012512207
1451578722170,2,0.008546999655663967,0.02319899946451187,-0.040293000638484955
1451578722190,2,0.006105000153183937,0.014651999808847904,-0.00976799987256527
1451578722210,2,0.003662999952211976,0.02442000061273575,0.006105000153183937
1451578722232,2,0.0,0.008546999655663967,-0.010989000089466572
1451578722250,2,0.006105000153183937,-0.020756999030709267,-0.02442000061273575
1451578722271,2,0.021978000178933144,-0.05372399836778641,-0.015873000025749207
1451578722291,2,0.030524998903274536,-0.06104999780654907,-0.006105000153183937
1451578722311,2,-0.040293000638484955,0.03663000091910362,-0.020756999030709267
1451578722332,2,-0.0647130012512207,0.06593400239944458,0.0
1451578722351,2,-0.05860799923539162,0.04761900007724762,0.02930399961769581
1451578722372,2,-0.08058600127696991,0.07936500012874603,0.06959699839353561
1451578722391,2,-0.012210000306367874,0.03418799862265587,0.09523800015449524
1451578722412,2,-0.0012209999840706587,0.015873000025749207,0.10134299844503403
1451578722431,2,-0.097680002450943,0.1684979945421219,0.08180700242519379
1451578722452,2,-0.19658099114894867,0.2869350016117096,0.06715499609708786
1451578722472,2,-0.24542099237442017,0.19169700145721436,0.06837599724531174
1451578722493,2,-0.14407800137996674,0.10134299844503403,0.06593400239944458
1451578722512,2,-0.1404149979352951,0.13430999219417572,-0.0378509983420372
1451578722534,2,-0.2051279991865158,0.10866899788379669,-0.09890099614858627
1451578722553,2,-0.1135529950261116,-0.05372399836778641,-0.04761900007724762
1451578722572,2,-0.003662999952211976,-0.15384599566459656,-0.0012209999840706587
1451578722593,2,0.035408999770879745,-0.21489599347114563,0.03907199949026108
1451578722613,2,0.025640999898314476,-0.2380950003862381,0.045176997780799866
1451578722633,2,-0.017093999311327934,-0.11965800076723099,-0.01831500045955181
1451578722653,2,-0.008546999655663967,-0.0488400012254715,-0.06593400239944458
1451578722673,2,-0.008546999655663967,-0.02930399961769581,-0.06593400239944458
1451578722693,2,0.02442000061273575,-0.10866899788379669,-0.030524998903274536
1451578722715,2,0.0378509983420372,-0.1733819991350174,-0.030524998903274536
1451578722733,2,0.025640999898314476,-0.12332099676132202,-0.0647130012512207
1451578722754,2,-0.006105000153183937,-0.09035399556159973,-0.045176997780799866
1451578722774,2,-0.0024419999681413174,-0.07081799954175949,0.004883999936282635
1451578722795,1,0.003662999952211976,-0.06349200010299683,0.012210000306367874
1451578722818,1,-0.003662999952211976,-0.02319899946451187,-0.012210000306367874
1451578722835,1,-0.017093999311327934,0.00976799987256527,-0.02442000061273575
1451578722856,1,-0.003662999952211976,0.017093999311327934,-0.008546999655663967
1451578722875,1,0.01831500045955181,-0.014651999808847904,0.007325999904423952
1451578722895,1,0.04639799892902374,-0.00976799987256527,-0.02319899946451187
1451578722915,1,0.05250300094485283,0.010989000089466572,-0.04639799892902374
1451578722935,1,0.03296700119972229,0.017093999311327934,-0.06349200010299683
1451578722955,1,0.004883999936282635,0.04273499920964241,-0.09523800015449524
1451578722975,1,0.012210000306367874,0.05128199979662895,-0.09279599785804749
1451578722995,1,0.015873000025749207,0.035408999770879745,-0.05250300094485283
1451578723016,1,0.003662999952211976,0.02319899946451187,-0.04273499920964241
1451578723036,1,-0.00976799987256527,0.02808300033211708,-0.07936500012874603
1451578723056,1,-0.007325999904423952,0.10134299844503403,-0.1684979945421219
1451578723076,1,-0.012210000306367874,0.07936500012874603,-0.1404149979352951
1451578723098,1,-0.02319899946451187,0.04395600035786629,-0.10378500074148178
1451578723116,1,-0.04151399806141853,0.04273499920964241,-0.10134299844503403
1451578723136,1,-0.03174600005149841,0.09890099614858627,-0.12209999561309814
1451578723156,1,0.015873000025749207,0.1355309933423996,-0.11843699961900711
1451578723176,1,0.7948709726333618,0.7350419759750366,-0.6019529700279236
1451578723196,1,1.0732589960098267,1.0891319513320923,-0.5592179894447327
1451578723216,1,1.2075690031051636,0.03418799862265587,0.37118399143218994
1451578723236,1,1.8217319250106812,-0.9682530164718628,1.100121021270752
1451578723257,1,1.799754023551941,-1.8998759984970093,1.5457860231399536
1451578723276,1,0.5103780031204224,-1.3357739448547363,0.19047600030899048
1451578723297,1,-0.7851029634475708,0.2771669924259186,-0.6092789769172668
1451578723316,1,-1.9328429698944092,1.6825380325317383,-0.9108659625053406
1451578723337,1,-2.3003640174865723,1.752134919166565,-0.7179480195045471
1451578723358,1,-1.7069579362869263,1.181928038597107,-0.29548200964927673
1451578723378,1,-0.2002439945936203,-0.04395600035786629,-0.07203900068998337
1451578723398,1,0.48473697900772095,-0.45054900646209717,-0.13186800479888916
1451578723417,1,0.5824170112609863,-0.5091570019721985,-0.09523800015449524
1451578723438,1,0.26861998438835144,-0.32600700855255127,0.004883999936282635
1451578723458,1,-0.06959699839353561,-0.08546999841928482,0.06104999780654907
1451578723478,1,-0.2222220003604889,0.07814399898052216,0.03663000091910362
1451578723499,1,-0.01831500045955181,0.02808300033211708,-0.01831500045955181
1451578723518,1,0.09157499670982361,-0.1135529950261116,0.012210000306367874
1451578723554,1,0.12332099676132202,-0.14774100482463837,0.008546999655663967
1451578723560,1,0.03907199949026108,-0.05616600066423416,0.004883999936282635
1451578723578,1,-0.059829000383615494,0.02930399961769581,0.01953599974513054
1451578723598,1,-0.01831500045955181,-0.006105000153183937,0.007325999904423952
1451578723619,1,0.01953599974513054,-0.025640999898314476,-0.0647130012512207
1451578723639,1,0.017093999311327934,0.017093999311327934,-0.09890099614858627
1451578723666,1,-0.0378509983420372,0.04151399806141853,-0.06227099895477295
1451578723684,1,-0.06227099895477295,-0.013430999591946602,0.035408999770879745
1451578723699,1,0.012210000306367874,-0.15384599566459656,0.08546999841928482
1451578723720,1,-0.02930399961769581,-0.09157499670982361,0.05128199979662895
1451578723740,1,-0.10988999903202057,0.003662999952211976,0.05128199979662895
1451578723759,1,-0.12820500135421753,0.026861999183893204,0.05250300094485283
1451578723780,1,-0.05372399836778641,-0.04761900007724762,0.04761900007724762
1451578723799,1,0.07448099553585052,-0.16117200255393982,0.040293000638484955
1451578723820,1,0.017093999311327934,-0.026861999183893204,-0.010989000089466572
1451578723840,1,-0.05250300094485283,0.04273499920964241,-0.006105000153183937
1451578723861,1,-0.05616600066423416,0.03418799862265587,0.0
1451578723880,1,-0.012210000306367874,-0.02319899946451187,0.0
1451578723900,1,0.01953599974513054,-0.06593400239944458,-0.0012209999840706587
1451578723920,1,0.02930399961769581,0.02808300033211708,-0.10500600188970566
1451578723941,1,0.03663000091910362,0.06104999780654907,-0.09279599785804749
1451578723961,1,0.050060998648405075,0.07326000183820724,-0.04273499920964241
1451578723983,1,0.06715499609708786,0.025640999898314476,-0.00976799987256527
1451578724007,1,0.06715499609708786,0.0012209999840706587,-0.006105000153183937
1451578724021,1,-0.05860799923539162,0.1452990025281906,-0.014651999808847904
1451578724041,1,-0.02930399961769581,0.1684979945421219,-0.02319899946451187
1451578724064,1,0.03663000091910362,0.09645900130271912,-0.017093999311327934
1451578724088,1,0.10744799673557281,-0.0757019966840744,0.045176997780799866
1451578724102,1,0.1843709945678711,-0.17582400143146515,0.06715499609708786
1451578724122,1,0.11721599847078323,-0.06227099895477295,0.03296700119972229
1451578724142,1,-0.06104999780654907,0.15995100140571594,0.025640999898314476
1451578724162,1,0.01831500045955181,0.12087900191545486,0.03174600005149841
1451578724182,1,0.11965800076723099,0.0378509983420372,0.054944999516010284
1451578724202,1,0.13064700365066528,-0.01953599974513054,0.04639799892902374
1451578724222,1,0.03296700119972229,0.025640999898314476,0.013430999591946602
1451578724243,1,-0.08180700242519379,0.1465200036764145,-0.0012209999840706587
1451578724262,1,-0.014651999808847904,0.08913300186395645,0.026861999183893204
1451578724283,1,0.06227099895477295,-0.010989000089466572,0.05250300094485283
1451578724302,1,0.08302799612283707,-0.06837599724531174,0.03907199949026108
1451578724323,1,0.06593400239944458,-0.05128199979662895,0.00976799987256527
1451578724343,1,-0.03418799862265587,0.030524998903274536,-0.01831500045955181
1451578724365,1,-0.05128199979662895,0.017093999311327934,0.003662999952211976
1451578724384,1,-0.020756999030709267,-0.0378509983420372,0.014651999808847904
1451578724403,1,0.0378509983420372,-0.0757019966840744,0.00976799987256527
1451578724423,1,0.05128199979662895,-0.059829000383615494,0.012210000306367874
1451578724444,1,0.026861999183893204,-0.03174600005149841,-0.007325999904423952
1451578724463,1,-0.02930399961769581,0.012210000306367874,-0.008546999655663967
1451578724483,1,-0.0024419999681413174,-0.01831500045955181,0.0024419999681413174
1451578724504,1,0.02319899946451187,-0.059829000383615494,0.01953599974513054
1451578724524,1,0.03907199949026108,-0.07692299783229828,0.015873000025749207
1451578724545,1,0.03174600005149841,-0.054944999516010284,-0.0024419999681413174
1451578724569,1,0.04151399806141853,0.010989000089466572,0.020756999030709267
1451578724584,1,0.06104999780654907,-0.008546999655663967,0.02808300033211708
1451578724605,1,0.06959699839353561,-0.05128199979662895,0.03663000091910362
1451578724625,1,0.03663000091910362,-0.0757019966840744,0.0012209999840706587
1451578724645,1,-0.05128199979662895,-0.007325999904423952,-0.07326000183820724
1451578724665,1,-0.030524998903274536,0.0378509983420372,-0.04151399806141853
1451578724685,1,0.03296700119972229,0.0,0.006105000153183937
1451578724706,1,0.03418799862265587,0.006105000153183937,-0.007325999904423952
1451578724725,1,-0.012210000306367874,0.020756999030709267,-0.045176997780799866
1451578724746,1,-0.05616600066423416,0.040293000638484955,-0.054944999516010284
1451578724766,1,-0.014651999808847904,-0.008546999655663967,-0.030524998903274536
1451578724786,1,0.04151399806141853,-0.015873000025749207,-0.007325999904423952
1451578724806,1,0.05250300094485283,0.05250300094485283,0.00976799987256527
1451578724826,2,0.0012209999840706587,0.20879100263118744,-0.008546999655663967
1451578724847,2,-0.06227099895477295,0.33333298563957214,-0.04395600035786629
1451578724869,2,-0.06715499609708786,0.31135499477386475,-0.03907199949026108
1451578724889,2,0.05250300094485283,-0.38583600521087646,-0.05128199979662895
1451578724907,2,0.03663000091910362,-0.2808299958705902,-0.007325999904423952
1451578724931,2,0.02442000061273575,0.19169700145721436,0.021978000178933144
1451578724948,2,-0.025640999898314476,0.6288149952888489,0.02808300033211708
1451578724967,2,-0.06959699839353561,0.7374839782714844,0.05616600066423416
1451578724988,2,0.020756999030709267,0.19291800260543823,0.006105000153183937
1451578725012,2,0.07326000183820724,-0.05128199979662895,-0.04639799892902374
1451578725034,2,0.06104999780654907,-0.15262499451637268,-0.030524998903274536
1451578725049,2,0.015873000025749207,-0.1575089991092682,0.01831500045955181
1451578725072,2,-0.015873000025749207,-0.11599499732255936,0.03663000091910362
1451578725088,2,-0.01831500045955181,0.07203900068998337,0.003662999952211976
1451578725108,2,0.0024419999681413174,0.15262499451637268,-0.003662999952211976
1451578725128,2,0.0,0.12087900191545486,-0.004883999936282635
1451578725148,2,-0.003662999952211976,0.014651999808847904,-0.0024419999681413174
1451578725173,2,0.00976799987256527,-0.14896199107170105,-0.003662999952211976
1451578725188,2,0.021978000178933144,-0.2649570107460022,-0.021978000178933144
1451578725208,2,-0.03296700119972229,-0.2319899946451187,-0.05738699808716774
1451578725229,2,-0.03663000091910362,-0.211232990026474,-0.04761900007724762
1451578725248,2,-0.020756999030709267,-0.2600730061531067,-0.00976799987256527
1451578725273,2,0.01831500045955181,-0.27960899472236633,0.02930399961769581
1451578725289,2,0.02808300033211708,-0.21855899691581726,0.08913300186395645
1451578725309,2,-0.6104999780654907,1.9621469974517822,1.5457860231399536
1451578725335,2,-0.390720009803772,3.960923910140991,0.9511590003967285
1451578725354,2,-0.5738700032234192,3.1037819385528564,0.6056159734725952
1451578725369,2,-0.02319899946451187,1.0793639421463013,0.08180700242519379
1451578725390,2,0.44688600301742554,-1.090353012084961,-0.1562879979610443
1451578725410,2,0.7277159690856934,-2.634917974472046,-0.1294260025024414
1451578725432,2,0.6043949723243713,-2.2564079761505127,-0.16361400485038757
1451578725449,2,0.2820509970188141,-1.6239299774169922,-0.30524998903274536
1451578725470,2,-0.06593400239944458,-0.9914519786834717,-0.4822950065135956
1451578725490,2,-0.26739898324012756,-0.4871789813041687,-0.5384609699249268
1451578725510,2,-0.2918190062046051,-0.15873000025749207,-0.4481070041656494
1451578725531,2,-0.097680002450943,0.09279599785804749,-0.14407800137996674
1451578725550,2,-0.003662999952211976,0.015873000025749207,-0.03663000091910362
1451578725571,2,0.06227099895477295,-0.07203900068998337,0.006105000153183937
1451578725591,2,0.06837599724531174,-0.006105000153183937,-0.03907199949026108
1451578725610,2,0.05616600066423416,0.03418799862265587,-0.04395600035786629
1451578725631,2,0.05860799923539162,-0.08546999841928482,-0.004883999936282635
1451578725651,2,0.02930399961769581,-0.1514039933681488,-0.03663000091910362
1451578725671,2,0.008546999655663967,-0.1684979945421219,-0.08424899727106094
1451578725691,2,0.040293000638484955,-0.13675199449062347,-0.09523800015449524
1451578725711,2,0.0757019966840744,-0.09279599785804749,-0.05128199979662895
1451578725732,2,0.021978000178933144,0.02808300033211708,0.06715499609708786
1451578725752,2,-0.04273499920964241,0.1025639995932579,0.025640999898314476
1451578725772,2,-0.097680002450943,0.11599499732255936,-0.06349200010299683
1451578725792,2,-0.11477399617433548,0.06349200010299683,-0.0757019966840744
1451578725812,2,-0.07936500012874603,-0.003662999952211976,-0.004883999936282635
1451578725832,2,-0.008546999655663967,-0.013430999591946602,0.11111100018024445
1451578725851,2,0.06715499609708786,-0.007325999904423952,0.10500600188970566
1451578725872,2,0.04151399806141853,0.026861999183893204,0.04273499920964241
1451578725893,2,0.02808300033211708,0.030524998903274536,0.0024419999681413174
1451578725913,2,0.03418799862265587,-0.02930399961769581,0.004883999936282635
1451578725932,2,0.05860799923539162,-0.09035399556159973,0.03174600005149841
1451578725953,2,0.02442000061273575,-0.03296700119972229,0.04395600035786629
1451578725973,2,0.008546999655663967,-0.012210000306367874,0.03296700119972229
1451578725994,2,-0.0024419999681413174,-0.010989000089466572,0.014651999808847904
1451578726014,2,-0.004883999936282635,-0.014651999808847904,0.0
1451578726032,2,-0.008546999655663967,-0.010989000089466572,0.00976799987256527
1451578726057,2,0.040293000638484955,-0.03418799862265587,0.017093999311327934
1451578726073,2,0.059829000383615494,-0.03907199949026108,0.012210000306367874
1451578726100,2,0.03663000091910362,-0.017093999311327934,0.004883999936282635
1451578726113,2,-0.017093999311327934,0.01831500045955181,0.0012209999840706587
1451578726133,2,-0.04151399806141853,0.030524998903274536,-0.003662999952211976
1451578726156,2,-0.014651999808847904,0.015873000025749207,0.008546999655663967
1451578726176,2,0.0757019966840744,-0.021978000178933144,0.03907199949026108
1451578726198,2,0.06837599724531174,-0.02930399961769581,0.045176997780799866
1451578726216,2,0.04395600035786629,-0.006105000153183937,0.04273499920964241
1451578726238,2,-0.017093999311327934,0.097680002450943,0.030524998903274536
1451578726257,2,-0.02442000061273575,0.09157499670982361,0.01953599974513054
1451578726276,2,-0.0012209999840706587,0.0378509983420372,0.013430999591946602
1451578726297,2,0.020756999030709267,-0.021978000178933144,0.017093999311327934
1451578726317,2,0.025640999898314476,-0.0378509983420372,0.021978000178933144
1451578726337,2,0.02319899946451187,-0.017093999311327934,0.020756999030709267
1451578726357,2,0.004883999936282635,0.07081799954175949,-0.0024419999681413174
1451578726377,2,0.014651999808847904,0.0647130012512207,0.003662999952211976
1451578726398,2,0.02319899946451187,0.059829000383615494,0.01831500045955181
1451578726417,2,0.014651999808847904,0.04151399806141853,0.04639799892902374
1451578726438,2,0.01831500045955181,0.03174600005149841,0.026861999183893204
1451578726459,2,-0.13064700365066528,0.1684979945421219,-0.11111100018024445
1451578726478,2,-0.1684979945421219,0.12820500135421753,-0.21367499232292175
1451578726506,2,-0.03296700119972229,0.23565299808979034,-0.19047600030899048
1451578726531,2,-0.1135529950261116,0.2905980050563812,-0.06715499609708786
1451578726546,2,-0.19902299344539642,0.11721599847078323,-0.050060998648405075
1451578726574,2,-0.21367499232292175,-0.025640999898314476,-0.06715499609708786
1451578726587,2,-0.18314999341964722,-0.17948700487613678,-0.010989000089466572
1451578726606,2,-0.08424899727106094,-0.3455429971218109,0.10866899788379669
1451578726627,2,0.020756999030709267,-0.3943829834461212,0.15506699681282043
1451578726647,2,0.06715499609708786,-0.2649570107460022,0.08791200071573257
1451578726667,2,-0.013430999591946602,-0.1465200036764145,0.06227099895477295
1451578726687,2,-0.0757019966840744,-0.11965800076723099,0.0757019966840744
1451578726707,2,-0.05128199979662895,-0.13064700365066528,0.06593400239944458
1451578726728,2,0.01953599974513054,-0.1135529950261116,0.03418799862265587
1451578726748,2,0.04395600035786629,-0.04395600035786629,-0.013430999591946602
1451578726767,2,0.006105000153183937,-0.026861999183893204,-0.00976799987256527
1451578726788,2,0.008546999655663967,-0.008546999655663967,0.004883999936282635
1451578726808,2,0.010989000089466572,-0.010989000089466572,-0.0024419999681413174
1451578726831,2,0.014651999808847904,-0.0378509983420372,-0.006105000153183937
