1451645868899,1,0.11721599847078323,-0.5726490020751953,-0.40903499722480774
1451645868920,1,0.2747249901294708,-0.5689859986305237,-0.44078099727630615
1451645868940,1,0.4920629858970642,-0.5628809928894043,-0.3956039845943451
1451645868960,1,0.70940101146698,-0.5811960101127625,-0.35897400975227356
1451645868980,1,0.7350419759750366,-0.5054939985275269,-0.2441999912261963
1451645869002,1,0.46764299273490906,-0.42612898349761963,-0.1892549991607666
1451645869019,1,0.1684979945421219,-0.26739898324012756,-0.04395600035786629
1451645869040,1,-0.015873000025749207,0.04395600035786629,0.05616600066423416
1451645869066,1,-0.04151399806141853,0.28327199816703796,0.035408999770879745
1451645869082,1,0.05372399836778641,0.2918190062046051,-0.1514039933681488
1451645869103,1,0.04273499920964241,0.12820500135421753,-0.15873000025749207
1451645869120,1,0.0024419999681413174,-0.0024419999681413174,-0.07326000183820724
1451645869142,1,-0.12576299905776978,-0.035408999770879745,0.008546999655663967
1451645869162,1,-0.22588500380516052,0.0,0.017093999311327934
1451645869182,1,-0.23565299808979034,0.08913300186395645,-0.21855899691581726
1451645869202,1,-0.13308899104595184,0.11233200132846832,-0.2600730061531067
1451645869220,1,-0.0647130012512207,0.09035399556159973,-0.16117200255393982
1451645869242,1,0.02319899946451187,0.006105000153183937,-0.04273499920964241
1451645869263,1,0.18681299686431885,-0.14285700023174286,-0.11965800076723099
1451645869282,1,0.3125759959220886,0.010989000089466572,-0.3076919913291931
1451645869303,1,-0.07326000183820724,0.5323559641838074,-0.4761900007724762
1451645869323,1,-0.19902299344539642,0.637362003326416,-0.4432229995727539
1451645869343,1,-0.16971899569034576,0.5494499802589417,-0.23565299808979034
1451645869363,1,0.012210000306367874,0.5030519962310791,-0.167276993393898
1451645869385,1,0.13919399678707123,0.8888880014419556,-0.3137969970703125
1451645869402,1,-0.16483499109745026,1.039070963859558,-0.0757019966840744
1451645869427,1,-0.31135499477386475,0.782660961151123,0.3137969970703125
1451645869443,1,-0.5506709814071655,0.8766779899597168,0.6398040056228638
1451645869463,1,-0.6361410021781921,0.8974350094795227,0.5030519962310791
1451645869485,1,-0.5091570019721985,0.8180699944496155,0.16605599224567413
1451645869503,1,-0.025640999898314476,0.24664199352264404,-0.1025639995932579
1451645869522,1,0.0757019966840744,-0.004883999936282635,-0.08913300186395645
1451645869543,1,0.06349200010299683,0.02808300033211708,-0.07448099553585052
1451645869564,1,0.012210000306367874,0.30036598443984985,-0.09401699900627136
1451645869583,1,0.025640999898314476,0.6190469861030579,-0.19658099114894867
1451645869603,1,0.13430999219417572,0.6581189632415771,-0.31013399362564087
1451645869625,1,0.25763100385665894,0.432233989238739,-0.3785099983215332
1451645869644,1,0.1245419979095459,0.3199020028114319,-0.19780199229717255
1451645869664,1,-0.2600730061531067,-0.06593400239944458,1.2490830421447754
1451645869686,1,-0.6056159734725952,0.02442000061273575,1.738703966140747
1451645869704,1,-0.6422460079193115,0.06104999780654907,1.25518798828125
1451645869724,1,0.05372399836778641,-0.536018967628479,-0.5946269631385803
1451645869749,1,0.2490839958190918,-1.0512809753417969,-0.731378972530365
1451645869771,1,0.3040289878845215,-1.4346749782562256,-0.5152620077133179
1451645869787,1,0.3406589925289154,-1.5848579406738281,-0.1782660037279129
1451645869805,1,0.4444440007209778,-1.5714269876480103,0.13797299563884735
1451645869826,1,0.06593400239944458,-0.9218549728393555,0.16483499109745026
1451645869846,1,-0.19047600030899048,-0.5702069997787476,0.05616600066423416
1451645869869,1,-0.30647099018096924,-0.26129400730133057,0.0012209999840706587
1451645869885,1,-0.3028079867362976,0.03174600005149841,0.0024419999681413174
1451645869906,1,-0.1843709945678711,0.06593400239944458,0.0024419999681413174
1451645869927,1,-0.013430999591946602,-0.07081799954175949,-0.006105000153183937
1451645869947,1,0.10622699558734894,-0.2527469992637634,0.0012209999840706587
1451645869969,1,0.020756999030709267,-0.24053700268268585,0.014651999808847904
1451645869985,1,-0.09401699900627136,-0.17460300028324127,0.014651999808847904
1451645870007,1,-0.1733819991350174,-0.09157499670982361,-0.0024419999681413174
1451645870027,1,-0.15384599566459656,-0.1623930037021637,-0.04761900007724762
1451645870047,1,-0.11721599847078323,-0.37118399143218994,-0.11843699961900711
1451645870067,1,-0.15018299221992493,-0.3748469948768616,-0.07692299783229828
1451645870086,1,-0.14285700023174286,-0.36629998683929443,0.01831500045955181
1451645870108,1,-0.10134299844503403,-0.41391900181770325,0.08424899727106094
1451645870128,1,-0.10500600188970566,-0.4969469904899597,0.045176997780799866
1451645870147,1,-0.22466400265693665,-0.35897400975227356,-0.15873000025749207
1451645870168,1,-0.18559199571609497,-0.32234400510787964,-0.14407800137996674
1451645870188,1,-0.20757000148296356,-0.13919399678707123,-0.059829000383615494
1451645870207,1,-0.20757000148296356,-0.07448099553585052,0.08791200071573257
1451645870228,1,-0.13797299563884735,-0.2161169946193695,0.0757019966840744
1451645870248,1,-0.10378500074148178,-0.4969469904899597,0.04273499920964241
1451645870268,1,0.020756999030709267,-0.7228319644927979,0.06593400239944458
1451645870288,1,0.17948700487613678,-0.42002400755882263,0.08424899727106094
1451645870309,1,0.25763100385665894,-0.1892549991607666,0.07448099553585052
1451645870328,1,0.18559199571609497,-0.1135529950261116,0.025640999898314476
1451645870359,1,0.059829000383615494,-0.09890099614858627,-0.03296700119972229
1451645870368,1,0.03174600005149841,-0.0012209999840706587,-0.10744799673557281
1451645870389,1,0.18559199571609497,0.035408999770879745,-0.16483499109745026
1451645870410,1,0.3577530086040497,-0.004883999936282635,-0.21977999806404114
1451645870430,1,0.3943829834461212,-0.11965800076723099,-0.2918190062046051
1451645870451,1,0.3247860074043274,-0.14896199107170105,-0.39194098114967346
1451645870468,1,-0.007325999904423952,-0.0024419999681413174,-0.5274720191955566
1451645870490,1,-0.11843699961900711,0.00976799987256527,-0.5299140214920044
1451645870510,1,-0.14285700023174286,-0.09035399556159973,-0.45177000761032104
1451645870529,1,-0.05860799923539162,-0.30524998903274536,-0.18681299686431885
1451645870550,1,-0.025640999898314476,-0.4871789813041687,-0.11233200132846832
1451645870574,1,-0.07081799954175949,-0.7765560150146484,-0.097680002450943
1451645870591,1,-0.3785099983215332,-0.7680090069770813,-0.0647130012512207
1451645870610,1,-0.4334549903869629,-0.3956039845943451,0.04273499920964241
1451645870631,1,-0.4151400029659271,0.026861999183893204,0.10134299844503403
1451645870652,1,-0.3687419891357422,0.21245399117469788,0.05128199979662895
1451645870669,1,-0.27960899472236633,0.24664199352264404,-0.06104999780654907
1451645870695,1,0.06959699839353561,-0.07936500012874603,-0.026861999183893204
1451645870710,1,0.26861998438835144,-0.20879100263118744,0.08424899727106094
1451645870731,1,0.308912992477417,-0.14774100482463837,0.1404149979352951
1451645870752,1,0.18070799112319946,-0.06104999780654907,0.026861999183893204
1451645870771,2,0.07936500012874603,-0.08302799612283707,-0.11965800076723099
1451645870792,2,0.010989000089466572,-0.11965800076723099,-0.22588500380516052
1451645870812,2,0.06715499609708786,-0.07814399898052216,-0.17460300028324127
1451645870836,2,0.05250300094485283,-0.09157499670982361,0.13430999219417572
1451645870852,2,-0.1575089991092682,-0.0866909995675087,0.2869350016117096
1451645870872,2,-0.29548200964927673,0.1684979945421219,0.09279599785804749
1451645870893,2,-0.38705700635910034,0.5213670134544373,-0.19291800260543823
1451645870913,2,-0.28937700390815735,0.45054900646209717,-0.13430999219417572
1451645870935,2,-0.08546999841928482,0.38583600521087646,-0.0378509983420372
1451645870952,2,0.09401699900627136,0.3736259937286377,0.06349200010299683
1451645870973,2,0.15506699681282043,0.3638579845428467,0.09279599785804749
1451645870993,2,0.13430999219417572,0.36629998683929443,0.07326000183820724
1451645871013,2,-0.021978000178933144,0.14407800137996674,0.030524998903274536
1451645871036,2,-0.08180700242519379,-0.0378509983420372,0.08180700242519379
1451645871053,2,-0.08180700242519379,-0.11843699961900711,0.14896199107170105
1451645871074,2,0.003662999952211976,-0.006105000153183937,0.15018299221992493
1451645871093,2,0.08302799612283707,0.16117200255393982,0.07203900068998337
1451645871113,2,-0.004883999936282635,0.10866899788379669,-0.07081799954175949
1451645871135,2,-0.04761900007724762,-0.10500600188970566,-0.07814399898052216
1451645871152,2,-0.05738699808716774,-0.3455429971218109,-0.06227099895477295
1451645871173,2,-0.01831500045955181,-0.514041006565094,-0.059829000383615494
1451645871194,2,-0.007325999904423952,-0.5848590135574341,-0.07692299783229828
1451645871213,2,-0.05372399836778641,-0.8205119967460632,-0.0024419999681413174
1451645871236,2,0.030524998903274536,-1.008545994758606,0.09523800015449524
1451645871253,2,0.23565299808979034,-1.1404139995574951,0.2161169946193695
1451645871275,2,0.29548200964927673,-0.7765560150146484,0.3736259937286377
1451645871295,2,-0.23931600153446198,-0.32600700855255127,2.0146498680114746
1451645871314,2,-0.5531129837036133,0.4810740053653717,1.4358960390090942
1451645871335,2,-0.10378500074148178,0.8840039968490601,0.34920600056648254
1451645871354,2,0.10866899788379669,0.18314999341964722,-0.026861999183893204
1451645871374,2,0.318681001663208,-0.4932839870452881,-0.19658099114894867
1451645871396,2,0.5995109677314758,-0.7936499714851379,-0.21489599347114563
1451645871415,2,0.7631250023841858,-0.38583600521087646,-0.13308899104595184
1451645871436,2,0.2503049969673157,0.38095200061798096,-0.3797309994697571
1451645871455,2,-0.06593400239944458,-0.05372399836778641,-0.5750910043716431
1451645871476,2,-0.09401699900627136,-0.45787498354911804,-0.5873010158538818
1451645871496,2,0.012210000306367874,-0.3028079867362976,-0.35409000515937805
1451645871519,2,-0.10866899788379669,0.6361410021781921,0.012210000306367874
1451645871536,2,-0.3137969970703125,1.1220990419387817,0.16483499109745026
1451645871557,2,-0.2600730061531067,0.4713059961795807,0.02319899946451187
1451645871577,2,-0.14163599908351898,-0.1025639995932579,-0.1514039933681488
1451645871597,2,-0.05128199979662895,-0.40903499722480774,-0.22832699120044708
1451645871616,2,0.006105000153183937,-0.5054939985275269,-0.15384599566459656
1451645871636,2,0.021978000178933144,-0.5115990042686462,-0.02808300033211708
1451645871657,2,-0.05860799923539162,-0.22832699120044708,-0.14163599908351898
1451645871677,2,-0.07448099553585052,-0.0866909995675087,-0.3772889971733093
1451645871697,2,0.26129400730133057,-0.19047600030899048,-0.7838819622993469
1451645871719,2,0.6324779987335205,-0.6947489976882935,-0.7851029634475708
1451645871741,2,0.721610963344574,-0.7899869680404663,-0.35531100630760193
1451645871758,2,-0.01953599974513054,-0.3150179982185364,0.21001200377941132
1451645871778,2,-0.3199020028114319,-0.12332099676132202,0.2002439945936203
1451645871799,2,-0.4774110019207001,-0.20146499574184418,0.18681299686431885
1451645871817,2,-0.6495720148086548,-0.2857140004634857,0.24053700268268585
1451645871841,2,-0.7655670046806335,-0.3528690040111542,0.4004879891872406
1451645871857,2,-0.760683000087738,-0.12820500135421753,0.6849809885025024
1451645871878,2,-0.5518919825553894,0.31746000051498413,0.6813179850578308
1451645871898,2,-0.34310099482536316,0.4529910087585449,0.5335769653320313
1451645871918,2,-0.10012199729681015,0.5421239733695984,0.2747249901294708
1451645871937,2,0.054944999516010284,0.5274720191955566,0.14163599908351898
1451645871959,2,0.1025639995932579,0.4017089903354645,0.09401699900627136
1451645871979,2,0.2051279991865158,0.05128199979662895,0.12820500135421753
1451645871999,2,0.2051279991865158,-0.09401699900627136,0.15262499451637268
1451645872020,2,0.15506699681282043,-0.14896199107170105,0.12820500135421753
1451645872038,2,0.09523800015449524,-0.11477399617433548,0.06593400239944458
1451645872059,2,0.0866909995675087,-0.06227099895477295,0.04761900007724762
1451645872079,2,0.17460300028324127,-0.05250300094485283,0.09523800015449524
1451645872099,2,0.19780199229717255,-0.10378500074148178,0.0866909995675087
1451645872119,2,0.2319899946451187,-0.09645900130271912,0.00976799987256527
1451645872139,2,0.2271059900522232,-0.06104999780654907,-0.05372399836778641
1451645872160,2,0.1941390037536621,-0.08058600127696991,-0.08791200071573257
1451645872180,2,0.14285700023174286,-0.18559199571609497,0.0012209999840706587
1451645872201,2,0.19291800260543823,-0.13675199449062347,0.020756999030709267
1451645872220,2,0.2441999912261963,-0.04639799892902374,0.008546999655663967
1451645872241,2,0.21733799576759338,0.02808300033211708,0.03296700119972229
1451645872260,2,0.14285700023174286,0.035408999770879745,0.02808300033211708
1451645872280,2,0.09523800015449524,0.08180700242519379,0.13797299563884735
1451645872302,2,0.059829000383615494,0.03418799862265587,0.19169700145721436
1451645872320,2,0.24053700268268585,0.29548200964927673,0.21001200377941132
1451645872341,2,0.38095200061798096,0.5470079779624939,0.21855899691581726
1451645872361,2,0.308912992477417,0.3516480028629303,0.16483499109745026
1451645872381,2,0.22466400265693665,0.17460300028324127,0.0488400012254715
1451645872401,2,0.08791200071573257,0.19291800260543823,-0.03418799862265587
1451645872420,2,0.059829000383615494,0.1562879979610443,-0.008546999655663967
1451645872441,2,0.04761900007724762,0.08546999841928482,0.04639799892902374
1451645872461,2,0.045176997780799866,-0.015873000025749207,0.07203900068998337
1451645872482,2,0.11477399617433548,-0.045176997780799866,0.04761900007724762
1451645872502,2,0.2332109957933426,0.10866899788379669,0.050060998648405075
1451645872522,2,0.2051279991865158,0.015873000025749207,0.025640999898314476
1451645872543,2,0.16605599224567413,-0.10378500074148178,-0.03296700119972229
1451645872563,2,0.12698400020599365,-0.15384599566459656,-0.06104999780654907
1451645872582,2,0.1025639995932579,-0.10378500074148178,-0.03418799862265587
1451645872603,2,0.05616600066423416,0.11111100018024445,0.012210000306367874
1451645872621,2,-0.11233200132846832,0.32722800970077515,-0.2222220003604889
1451645872641,2,-0.3772889971733093,0.3956039845943451,-0.38583600521087646
1451645872663,2,-0.33211198449134827,0.33333298563957214,-0.2820509970188141
1451645872683,2,-0.1465200036764145,0.3614159822463989,-0.11111100018024445
1451645872702,2,-0.007325999904423952,0.3565320074558258,0.050060998648405075
1451645872723,2,0.27228298783302307,0.25641000270843506,0.01831500045955181
1451645872743,2,0.32112300395965576,0.2527469992637634,-0.06715499609708786
1451645872763,2,0.2551890015602112,0.2918190062046051,-0.1135529950261116
1451645872785,2,0.11721599847078323,0.40415099263191223,-0.10012199729681015
1451645872804,1,-0.01831500045955181,0.4493280053138733,-0.12820500135421753
1451645872822,1,0.020756999030709267,0.11721599847078323,-0.03907199949026108
1451645872844,1,0.15873000025749207,-0.0378509983420372,0.021978000178933144
1451645872874,1,0.24175800383090973,-0.08058600127696991,0.06959699839353561
1451645872886,1,0.21245399117469788,-0.03418799862265587,0.08546999841928482
1451645872903,1,0.0757019966840744,0.11111100018024445,0.06959699839353561
1451645872924,1,-0.07692299783229828,0.2710619866847992,-0.012210000306367874
1451645872945,1,-0.020756999030709267,0.17216099798679352,-0.02930399961769581
1451645872965,1,0.06715499609708786,0.026861999183893204,-0.04151399806141853
1451645872985,1,0.09645900130271912,-0.05616600066423416,-0.045176997780799866
1451645873004,1,0.06227099895477295,-0.04639799892902374,-0.05250300094485283
1451645873025,1,-0.0024419999681413174,0.01953599974513054,-0.05128199979662895
1451645873045,1,-0.07448099553585052,0.06715499609708786,-0.014651999808847904
1451645873066,1,-0.01953599974513054,0.035408999770879745,-0.01831500045955181
1451645873091,1,0.05128199979662895,0.004883999936282635,-0.04761900007724762
1451645873106,1,0.05250300094485283,-0.008546999655663967,-0.07692299783229828
1451645873125,1,-0.012210000306367874,0.0,-0.0866909995675087
1451645873146,1,-0.09279599785804749,0.06959699839353561,-0.09035399556159973
1451645873165,1,-0.05738699808716774,0.05616600066423416,-0.08302799612283707
1451645873185,1,-0.026861999183893204,0.04151399806141853,-0.07692299783229828
1451645873205,1,-0.020756999030709267,0.07203900068998337,-0.11965800076723099
1451645873227,1,-0.040293000638484955,0.21245399117469788,-0.1941390037536621
1451645873247,1,-0.09523800015449524,0.6239309906959534,-0.21245399117469788
1451645873267,1,0.020756999030709267,0.7631250023841858,-0.2661779820919037
1451645873286,1,0.5152620077133179,0.586080014705658,-0.22344300150871277
1451645873307,1,0.9487169981002808,-0.015873000025749207,-0.04761900007724762
1451645873327,1,0.9487169981002808,-1.22222101688385,0.5787540078163147
1451645873347,1,1.1086679697036743,-2.10622501373291,2.0879099369049072
1451645873373,1,0.3797309994697571,-0.6788759827613831,1.2735029458999634
1451645873387,1,-0.40781399607658386,0.4114769995212555,-0.12087900191545486
1451645873407,1,-0.7851029634475708,0.6776549816131592,-0.7631250023841858
1451645873428,1,-0.7277159690856934,0.27350398898124695,-0.44078099727630615
1451645873447,1,-0.4713059961795807,-0.15995100140571594,0.17948700487613678
1451645873469,1,-0.5054939985275269,-0.27350398898124695,0.4615379869937897
1451645873487,1,-0.2747249901294708,-0.20146499574184418,0.10500600188970566
1451645873508,1,-0.10500600188970566,0.02442000061273575,-0.15873000025749207
1451645873528,1,-0.17948700487613678,0.3638579845428467,-0.27838799357414246
1451645873549,1,-0.3137969970703125,0.669107973575592,-0.3626369833946228
1451645873568,1,-0.18681299686431885,0.47374799847602844,-0.4212450087070465
1451645873588,1,-0.09645900130271912,0.11721599847078323,-0.3369959890842438
1451645873609,1,-0.01831500045955181,-0.22588500380516052,-0.24053700268268585
1451645873628,1,0.05128199979662895,-0.36629998683929443,-0.1684979945421219
1451645873651,1,0.004883999936282635,-0.3040289878845215,-0.1514039933681488
1451645873669,1,-0.08791200071573257,-0.1684979945421219,-0.1465200036764145
1451645873689,1,-0.12209999561309814,-0.04639799892902374,-0.10378500074148178
1451645873709,1,-0.025640999898314476,-0.1025639995932579,-0.08180700242519379
1451645873729,1,0.013430999591946602,-0.1135529950261116,-0.10012199729681015
1451645873755,1,-0.007325999904423952,-0.06593400239944458,-0.10012199729681015
1451645873773,1,-0.025640999898314476,-0.003662999952211976,-0.08424899727106094
1451645873792,1,-0.014651999808847904,0.04151399806141853,-0.01953599974513054
1451645873809,1,0.0024419999681413174,0.06837599724531174,-0.05250300094485283
1451645873830,1,-0.007325999904423952,0.11111100018024445,-0.08180700242519379
1451645873850,1,-0.01953599974513054,0.1452990025281906,-0.08913300186395645
1451645873870,1,-0.015873000025749207,0.15384599566459656,-0.09157499670982361
1451645873889,1,0.05372399836778641,0.08424899727106094,-0.12209999561309814
1451645873910,1,0.06837599724531174,0.050060998648405075,-0.11721599847078323
1451645873930,1,0.08058600127696991,-0.006105000153183937,-0.11233200132846832
1451645873951,1,0.08302799612283707,-0.040293000638484955,-0.12576299905776978
1451645873975,1,0.09279599785804749,-0.06104999780654907,-0.15506699681282043
1451645873990,1,0.06349200010299683,-0.054944999516010284,-0.09890099614858627
1451645874011,1,-0.17460300028324127,0.3369959890842438,-0.07448099553585052
1451645874031,1,0.017093999311327934,0.16361400485038757,-0.0378509983420372
1451645874052,1,0.017093999311327934,-0.12698400020599365,-0.013430999591946602
1451645874071,1,0.05128199979662895,-0.2271059900522232,-0.08913300186395645
1451645874091,1,0.035408999770879745,-0.23931600153446198,-0.1465200036764145
1451645874111,1,0.03663000091910362,-0.42490798234939575,-0.11721599847078323
1451645874133,1,0.06837599724531174,-0.48962098360061646,-0.05738699808716774
1451645874152,1,0.0378509983420372,-0.35409000515937805,0.06349200010299683
1451645874175,1,0.0647130012512207,-0.26739898324012756,0.07203900068998337
1451645874192,1,0.04273499920964241,-0.2857140004634857,0.021978000178933144
1451645874212,1,0.015873000025749207,-0.32234400510787964,0.00976799987256527
1451645874233,1,0.02442000061273575,-0.3125759959220886,0.05860799923539162
1451645874256,1,0.02808300033211708,-0.26251500844955444,0.04761900007724762
1451645874271,1,0.007325999904423952,-0.13064700365066528,-0.02319899946451187
1451645874293,1,-0.014651999808847904,0.07448099553585052,-0.06715499609708786
1451645874313,1,-0.05250300094485283,0.17582400143146515,0.003662999952211976
1451645874333,1,-0.02319899946451187,0.12576299905776978,0.020756999030709267
1451645874358,1,0.03907199949026108,0.10988999903202057,0.020756999030709267
1451645874374,1,0.08180700242519379,0.04151399806141853,0.004883999936282635
1451645874394,1,0.0757019966840744,-0.025640999898314476,-0.045176997780799866
1451645874415,1,0.010989000089466572,0.0024419999681413174,-0.054944999516010284
1451645874434,1,-0.11721599847078323,0.24053700268268585,-0.059829000383615494
1451645874453,1,-0.16483499109745026,0.2539680004119873,-0.05128199979662895
1451645874474,1,-0.1892549991607666,0.20757000148296356,-0.02930399961769581
1451645874494,1,-0.1684979945421219,0.12576299905776978,0.02808300033211708
1451645874515,1,-0.1355309933423996,0.03907199949026108,0.11111100018024445
1451645874541,1,-0.07203900068998337,0.05372399836778641,0.1892549991607666
1451645874553,1,-0.04273499920964241,0.0866909995675087,0.13186800479888916
1451645874575,1,-0.0647130012512207,0.1025639995932579,0.05372399836778641
1451645874595,1,-0.10866899788379669,0.09645900130271912,0.017093999311327934
1451645874614,1,-0.10988999903202057,0.015873000025749207,-0.0024419999681413174
1451645874642,1,0.02442000061273575,-0.2380950003862381,-0.06227099895477295
1451645874659,1,0.11111100018024445,-0.24786299467086792,-0.07936500012874603
1451645874680,1,0.10012199729681015,-0.17216099798679352,-0.08913300186395645
1451645874696,1,0.07692299783229828,-0.13430999219417572,-0.13675199449062347
1451645874717,1,0.14285700023174286,-0.13430999219417572,-0.14407800137996674
1451645874736,1,0.09035399556159973,-0.10866899788379669,-0.059829000383615494
1451645874756,1,0.05372399836778641,-0.2918190062046051,-0.04761900007724762
1451645874776,1,0.04151399806141853,-0.3638579845428467,-0.12087900191545486
1451645874796,1,-0.01831500045955181,-0.4542119801044464,-0.12209999561309814
1451645874816,1,-0.12209999561309814,-0.5213670134544373,-0.07936500012874603
1451645874838,2,-0.21245399117469788,-0.5897430181503296,-0.02930399961769581
1451645874857,2,-0.01831500045955181,0.07326000183820724,-0.12209999561309814
1451645874875,2,-0.059829000383615494,0.18681299686431885,-0.24175800383090973
1451645874896,2,-0.12820500135421753,0.29548200964927673,-0.2588520050048828
1451645874917,2,-0.06349200010299683,0.09890099614858627,-0.30524998903274536
1451645874935,2,0.08424899727106094,-0.3846150040626526,-0.3846150040626526
1451645874960,2,0.09890099614858627,0.44078099727630615,-0.18070799112319946
1451645874977,2,-0.11233200132846832,0.8937720060348511,-0.07081799954175949
1451645874997,2,-0.3528690040111542,0.781440019607544,-0.03663000091910362
1451645875019,2,-0.4932839870452881,0.6251519918441772,-0.10744799673557281
1451645875037,2,-0.4334549903869629,0.5738700032234192,-0.1452990025281906
1451645875057,2,-0.27838799357414246,0.38217300176620483,-0.1025639995932579
1451645875077,2,0.15018299221992493,-0.0757019966840744,-0.09157499670982361
1451645875098,2,0.10988999903202057,-0.03663000091910362,-0.13919399678707123
1451645875119,2,-0.01953599974513054,0.04273499920964241,-0.17093999683856964
1451645875137,2,-0.06837599724531174,-0.008546999655663967,-0.14896199107170105
1451645875158,2,-0.04639799892902374,-0.13430999219417572,-0.12332099676132202
1451645875178,2,0.01831500045955181,-0.097680002450943,-0.24786299467086792
1451645875198,2,-0.0012209999840706587,0.02442000061273575,-0.27228298783302307
1451645875219,2,-0.05738699808716774,-0.07814399898052216,-0.2710619866847992
1451645875238,2,-0.10988999903202057,-0.43101298809051514,-0.299144983291626
1451645875258,2,-0.12209999561309814,-0.8351640105247498,-0.39682498574256897
1451645875278,2,0.09523800015449524,-1.4261280298233032,-0.7008540034294128
1451645875298,2,0.2222220003604889,-1.4932830333709717,-0.5934060215950012
1451645875318,2,0.3565320074558258,-1.3492050170898438,-0.2539680004119873
1451645875342,2,0.54578697681427,-1.0622700452804565,0.22100099921226501
1451645875359,2,0.40659299492836,1.6630020141601563,1.1953589916229248
1451645875380,2,-0.8009759783744812,3.957260847091675,2.0146498680114746
1451645875399,2,-0.514041006565094,2.241755962371826,0.05372399836778641
1451645875424,2,0.17460300028324127,0.35409000515937805,-0.18070799112319946
1451645875440,2,0.5763120055198669,-0.4236869812011719,-0.18314999341964722
1451645875460,2,0.8803409934043884,-0.6019529700279236,-0.04273499920964241
1451645875480,2,0.9377279877662659,-0.8315010070800781,0.04151399806141853
1451645875503,2,0.21001200377941132,-0.9706949591636658,-0.31135499477386475
1451645875520,2,-0.0378509983420372,-1.0048829317092896,-0.47863200306892395
1451645875540,2,-0.045176997780799866,-0.8083019852638245,-0.5372399687767029
1451645875560,2,0.12209999561309814,-0.416361004114151,-0.42612898349761963
1451645875581,2,0.10134299844503403,0.3076919913291931,-0.17948700487613678
1451645875599,2,-0.20634900033473969,0.9108659625053406,0.01953599974513054
1451645875620,2,-0.22588500380516052,0.49572598934173584,-0.03418799862265587
1451645875641,2,-0.18803399801254272,0.017093999311327934,-0.10866899788379669
1451645875660,2,-0.11599499732255936,-0.24664199352264404,-0.12698400020599365
1451645875681,2,-0.06837599724531174,-0.2820509970188141,-0.08791200071573257
1451645875703,2,-0.0757019966840744,-0.2808299958705902,-0.05250300094485283
1451645875720,2,-0.0488400012254715,-0.3846150040626526,-0.08058600127696991
1451645875741,2,-0.054944999516010284,-0.4652009904384613,-0.12332099676132202
1451645875761,2,-0.07081799954175949,-0.4590959846973419,-0.15262499451637268
1451645875780,2,-0.0647130012512207,-0.28327199816703796,-0.09401699900627136
1451645875802,2,-0.05738699808716774,-0.06837599724531174,-0.01831500045955181
1451645875822,2,0.021978000178933144,0.11233200132846832,-0.02442000061273575
1451645875843,2,0.007325999904423952,0.05616600066423416,-0.06593400239944458
1451645875861,2,-0.045176997780799866,-0.004883999936282635,-0.08791200071573257
1451645875887,2,-0.06349200010299683,-0.05128199979662895,-0.07448099553585052
1451645875903,2,-0.02930399961769581,-0.10866899788379669,-0.07448099553585052
1451645875922,2,0.10378500074148178,-0.18559199571609497,-0.025640999898314476
1451645875942,2,0.11965800076723099,-0.12820500135421753,0.0
1451645875963,2,0.09401699900627136,-0.06837599724531174,0.01953599974513054
1451645875983,2,0.05250300094485283,-0.08424899727106094,0.03174600005149841
1451645876002,2,0.010989000089466572,-0.1245419979095459,0.014651999808847904
1451645876022,2,0.008546999655663967,-0.05616600066423416,-0.014651999808847904
1451645876044,2,0.026861999183893204,-0.03663000091910362,0.045176997780799866
1451645876064,2,0.040293000638484955,-0.03907199949026108,0.09157499670982361
1451645876086,2,0.03174600005149841,-0.04395600035786629,0.06959699839353561
1451645876103,2,-0.0012209999840706587,-0.05738699808716774,-0.0024419999681413174
1451645876127,2,-0.05860799923539162,-0.10134299844503403,-0.06593400239944458
1451645876144,2,-0.0488400012254715,-0.15018299221992493,-0.03174600005149841
1451645876164,2,0.02442000061273575,-0.0866909995675087,0.014651999808847904
1451645876184,2,0.05250300094485283,-0.03418799862265587,0.0488400012254715
1451645876203,2,0.05616600066423416,0.003662999952211976,0.05250300094485283
1451645876225,2,0.054944999516010284,0.020756999030709267,0.050060998648405075
1451645876245,2,0.017093999311327934,-0.06349200010299683,0.02930399961769581
1451645876264,2,0.02319899946451187,-0.13064700365066528,0.04151399806141853
1451645876284,2,0.04273499920964241,-0.167276993393898,0.05250300094485283
1451645876304,2,0.04761900007724762,-0.19169700145721436,0.04151399806141853
1451645876325,2,0.054944999516010284,-0.11111100018024445,0.03174600005149841
1451645876344,2,-0.015873000025749207,0.167276993393898,-0.026861999183893204
1451645876364,2,-0.07081799954175949,0.19291800260543823,-0.02442000061273575
1451645876384,2,-0.07692299783229828,0.13064700365066528,0.01831500045955181
1451645876404,2,-0.045176997780799866,0.05616600066423416,0.059829000383615494
1451645876426,2,-0.030524998903274536,0.010989000089466572,0.07081799954175949
1451645876447,2,-0.01831500045955181,0.007325999904423952,0.06227099895477295
1451645876466,2,-0.01953599974513054,-0.035408999770879745,0.040293000638484955
1451645876486,2,-0.025640999898314476,-0.08058600127696991,-0.0024419999681413174
1451645876507,2,-0.02319899946451187,-0.06593400239944458,-0.0488400012254715
1451645876527,2,-0.02808300033211708,-0.021978000178933144,-0.07692299783229828
1451645876546,2,-0.014651999808847904,-0.017093999311327934,-0.04761900007724762
1451645876566,2,0.035408999770879745,0.045176997780799866,0.02442000061273575
1451645876585,2,0.008546999655663967,0.08546999841928482,-0.006105000153183937
1451645876606,2,-0.040293000638484955,0.07326000183820724,-0.059829000383615494
1451645876627,2,-0.06715499609708786,0.02808300033211708,-0.06104999780654907
1451645876646,2,-0.09401699900627136,0.07081799954175949,-0.030524998903274536
1451645876669,2,0.0012209999840706587,0.006105000153183937,-0.01831500045955181
1451645876686,2,0.02930399961769581,-0.006105000153183937,-0.021978000178933144
1451645876707,2,0.013430999591946602,0.014651999808847904,-0.006105000153183937
1451645876727,2,-0.035408999770879745,0.02808300033211708,0.03418799862265587
1451645876747,2,-0.07081799954175949,0.04273499920964241,0.05128199979662895
1451645876767,2,-0.07814399898052216,0.00976799987256527,0.026861999183893204
1451645876787,2,-0.09157499670982361,-0.04273499920964241,0.05616600066423416
1451645876807,2,-0.040293000638484955,0.007325999904423952,0.16605599224567413
1451645876828,2,0.02808300033211708,0.021978000178933144,0.2222220003604889
1451645876849,2,0.003662999952211976,0.18681299686431885,0.25641000270843506
1451645876873,1,-0.007325999904423952,0.20268599689006805,0.2808299958705902
1451645876890,1,0.10134299844503403,0.19169700145721436,0.3626369833946228
1451645876908,1,0.13064700365066528,0.25152599811553955,0.3418799936771393
1451645876939,1,0.10866899788379669,0.30647099018096924,0.28327199816703796
1451645876948,1,0.06349200010299683,0.31623899936676025,0.21489599347114563
1451645876973,1,0.014651999808847904,0.31623899936676025,0.1465200036764145
1451645876993,1,-0.07203900068998337,0.23565299808979034,0.08913300186395645
1451645877013,1,-0.05860799923539162,0.20268599689006805,0.10012199729681015
1451645877030,1,0.04151399806141853,0.1025639995932579,0.11233200132846832
1451645877050,1,0.14896199107170105,0.02442000061273575,0.18314999341964722
1451645877068,1,0.18559199571609497,-0.09035399556159973,0.16605599224567413
1451645877090,1,0.18070799112319946,-0.19780199229717255,0.16361400485038757
1451645877110,1,0.20757000148296356,-0.2661779820919037,0.06715499609708786
1451645877130,1,0.1452990025281906,-0.19047600030899048,0.014651999808847904
1451645877150,1,0.05616600066423416,-0.11477399617433548,0.004883999936282635
1451645877170,1,0.05616600066423416,-0.10012199729681015,-0.0012209999840706587
1451645877189,1,0.09035399556159973,-0.06593400239944458,-0.0488400012254715
1451645877210,1,0.11233200132846832,-0.054944999516010284,-0.13064700365066528
1451645877230,1,0.07936500012874603,-0.09157499670982361,-0.10012199729681015
1451645877251,1,0.05616600066423416,-0.14896199107170105,-0.07692299783229828
1451645877269,1,0.04273499920964241,-0.17093999683856964,-0.05128199979662895
1451645877291,1,0.026861999183893204,-0.1404149979352951,-0.02930399961769581
1451645877311,1,-0.012210000306367874,-0.045176997780799866,0.0024419999681413174
1451645877331,1,0.014651999808847904,-0.05128199979662895,-0.015873000025749207
1451645877351,1,0.040293000638484955,-0.06959699839353561,-0.04151399806141853
1451645877371,1,0.0378509983420372,-0.08424899727106094,-0.05616600066423416
1451645877392,1,0.025640999898314476,-0.07203900068998337,-0.06349200010299683
1451645877412,1,0.008546999655663967,-0.04151399806141853,-0.06104999780654907
1451645877437,1,-0.003662999952211976,0.06593400239944458,-0.13186800479888916
1451645877456,1,-0.01953599974513054,0.09401699900627136,-0.13675199449062347
1451645877470,1,-0.02808300033211708,0.06715499609708786,-0.10866899788379669
1451645877492,1,-0.03174600005149841,0.0488400012254715,-0.08791200071573257
1451645877513,1,-0.05372399836778641,0.05860799923539162,-0.02808300033211708
1451645877532,1,0.07692299783229828,0.4114769995212555,-0.10622699558734894
1451645877552,1,0.08546999841928482,0.781440019607544,-0.003662999952211976
1451645877571,1,0.5628809928894043,-0.015873000025749207,1.346763014793396
1451645877593,1,1.5604380369186401,-0.27960899472236633,1.7362619638442993
1451645877613,1,1.9401689767837524,-0.6007319688796997,2.145297050476074
1451645877631,1,1.7423670291900635,-1.256408929824829,1.7411459684371948
1451645877652,1,1.3577519655227661,-1.1282039880752563,1.1684969663619995
1451645877672,1,0.6910859942436218,-0.3418799936771393,0.4542119801044464
1451645877693,1,-0.19169700145721436,0.2429789900779724,-0.02319899946451187
1451645877713,1,-0.8498159646987915,0.7179480195045471,-0.06593400239944458
1451645877734,1,-1.153844952583313,0.946274995803833,0.04639799892902374
1451645877753,1,-0.5494499802589417,0.416361004114151,-0.05250300094485283
1451645877777,1,-0.15018299221992493,0.1514039933681488,-0.21489599347114563
1451645877794,1,-0.05616600066423416,0.03174600005149841,-0.40903499722480774
1451645877814,1,-0.21367499232292175,0.1245419979095459,-0.5201460123062134
1451645877840,1,-0.4529910087585449,0.3040289878845215,-0.5506709814071655
1451645877858,1,-0.5494499802589417,0.5372399687767029,-0.5311350226402283
1451645877874,1,-0.4590959846973419,0.5543339848518372,-0.5628809928894043
1451645877895,1,-0.33821699023246765,0.432233989238739,-0.5323559641838074
1451645877915,1,-0.14774100482463837,0.26739898324012756,-0.4761900007724762
1451645877938,1,-0.017093999311327934,0.16361400485038757,-0.4175820052623749
1451645877955,1,-0.015873000025749207,0.1294260025024414,-0.26129400730133057
1451645877981,1,-0.04639799892902374,0.04273499920964241,-0.18559199571609497
1451645877995,1,-0.03296700119972229,-0.04395600035786629,-0.17460300028324127
1451645878016,1,-0.04273499920964241,-0.06104999780654907,-0.2161169946193695
1451645878040,1,-0.09401699900627136,-0.026861999183893204,-0.2527469992637634
1451645878055,1,-0.20879100263118744,0.0647130012512207,-0.1465200036764145
1451645878075,1,-0.13308899104595184,0.0,-0.10378500074148178
1451645878096,1,-0.045176997780799866,-0.08302799612283707,-0.11477399617433548
1451645878115,1,-0.02930399961769581,-0.10622699558734894,-0.13919399678707123
1451645878136,1,-0.06227099895477295,-0.07448099553585052,-0.09401699900627136
1451645878155,1,-0.1025639995932579,-0.054944999516010284,-0.02319899946451187
1451645878176,1,-0.06104999780654907,0.014651999808847904,-0.021978000178933144
1451645878196,1,-0.021978000178933144,0.03174600005149841,-0.06959699839353561
1451645878218,1,-0.00976799987256527,0.04639799892902374,-0.1245419979095459
1451645878236,1,-0.020756999030709267,0.05372399836778641,-0.16117200255393982
1451645878256,1,-0.04151399806141853,0.04761900007724762,-0.15995100140571594
1451645878277,1,-0.10622699558734894,0.006105000153183937,-0.004883999936282635
1451645878297,1,-0.08913300186395645,-0.03418799862265587,0.02930399961769581
1451645878317,1,-0.04273499920964241,-0.007325999904423952,-0.03663000091910362
1451645878337,1,-0.03296700119972229,0.08791200071573257,-0.12698400020599365
1451645878356,1,-0.04639799892902374,0.12698400020599365,-0.15384599566459656
1451645878383,1,0.0647130012512207,0.04151399806141853,0.03663000091910362
1451645878397,1,0.05616600066423416,0.03418799862265587,0.045176997780799866
1451645878417,1,-0.007325999904423952,0.08791200071573257,-0.025640999898314476
1451645878439,1,-0.08302799612283707,0.12698400020599365,-0.10988999903202057
1451645878458,1,-0.10134299844503403,0.1452990025281906,-0.13675199449062347
1451645878478,1,-0.06837599724531174,0.1452990025281906,-0.07448099553585052
1451645878498,1,0.07081799954175949,-0.06349200010299683,-0.03907199949026108
1451645878517,1,0.07692299783229828,-0.12820500135421753,-0.06104999780654907
1451645878539,1,0.03418799862265587,-0.10744799673557281,-0.08180700242519379
1451645878557,1,-0.03418799862265587,-0.03418799862265587,-0.07692299783229828
1451645878578,1,-0.08424899727106094,0.045176997780799866,-0.045176997780799866
1451645878599,1,-0.10744799673557281,0.10744799673557281,-0.04395600035786629
1451645878619,1,-0.20757000148296356,0.25763100385665894,-0.01831500045955181
1451645878639,1,-0.05250300094485283,0.1782660037279129,-0.020756999030709267
1451645878660,1,0.054944999516010284,0.0012209999840706587,0.004883999936282635
1451645878679,1,0.03907199949026108,-0.06715499609708786,0.0
1451645878704,1,-0.004883999936282635,-0.021978000178933144,0.004883999936282635
1451645878719,1,-0.012210000306367874,0.00976799987256527,0.020756999030709267
1451645878739,1,-0.012210000306367874,0.035408999770879745,0.017093999311327934
1451645878759,1,0.004883999936282635,0.02930399961769581,0.014651999808847904
1451645878779,1,0.00976799987256527,0.015873000025749207,0.010989000089466572
1451645878799,1,0.006105000153183937,0.006105000153183937,0.003662999952211976
1451645878823,1,0.015873000025749207,-0.02319899946451187,0.0
1451645878839,1,0.007325999904423952,-0.04273499920964241,0.01953599974513054
1451645878859,1,0.0024419999681413174,-0.04151399806141853,0.06104999780654907
1451645878881,1,0.003662999952211976,-0.04639799892902374,0.09890099614858627
1451645878900,2,0.00976799987256527,-0.01953599974513054,0.1025639995932579
1451645878929,2,-0.0488400012254715,0.07936500012874603,0.04639799892902374
1451645878939,2,-0.06349200010299683,0.08546999841928482,0.012210000306367874
1451645878960,2,-0.059829000383615494,0.06349200010299683,0.013430999591946602
1451645878981,2,-0.04761900007724762,0.035408999770879745,0.008546999655663967
1451645879000,2,-0.0378509983420372,0.012210000306367874,-0.003662999952211976
1451645879020,2,-0.04273499920964241,0.040293000638484955,-0.01831500045955181
1451645879040,2,-0.0488400012254715,0.06104999780654907,-0.01953599974513054
1451645879061,2,-0.06959699839353561,0.07203900068998337,-0.0378509983420372
1451645879082,2,-0.06349200010299683,0.050060998648405075,-0.0378509983420372
1451645879100,2,-0.04151399806141853,0.003662999952211976,-0.02808300033211708
1451645879120,2,-0.013430999591946602,-0.0378509983420372,-0.020756999030709267
1451645879142,2,-0.02319899946451187,-0.008546999655663967,-0.04639799892902374
1451645879162,2,-0.0647130012512207,0.09035399556159973,-0.0488400012254715
1451645879187,2,-0.10744799673557281,0.17582400143146515,-0.0757019966840744
1451645879202,2,-0.12820500135421753,0.1025639995932579,-0.12087900191545486
1451645879223,2,-0.09523800015449524,-0.04395600035786629,-0.1355309933423996
1451645879241,2,-0.09279599785804749,-0.17093999683856964,-0.12698400020599365
1451645879288,2,-0.10744799673557281,-0.3199020028114319,-0.013430999591946602
1451645879295,2,-0.09401699900627136,-0.10622699558734894,-0.035408999770879745
1451645879307,2,-0.1404149979352951,0.07936500012874603,-0.10500600188970566
1451645879322,2,-0.18559199571609497,0.21367499232292175,-0.11843699961900711
1451645879343,2,-0.17093999683856964,0.21977999806404114,-0.026861999183893204
1451645879363,2,-0.07203900068998337,0.2551890015602112,-0.015873000025749207
1451645879383,2,-0.014651999808847904,0.28449299931526184,-0.014651999808847904
1451645879403,2,-0.04273499920964241,0.13675199449062347,-0.05128199979662895
1451645879424,2,-0.059829000383615494,-0.04395600035786629,-0.08180700242519379
1451645879444,2,-0.05860799923539162,-0.1892549991607666,-0.07692299783229828
1451645879464,2,-0.06715499609708786,-0.38095200061798096,-0.09157499670982361
1451645879483,2,-0.06593400239944458,-0.4920629858970642,-0.08791200071573257
1451645879503,2,-0.02808300033211708,-0.6068369746208191,-0.050060998648405075
1451645879523,2,0.04395600035786629,-0.6031739711761475,-0.0024419999681413174
1451645879543,2,0.08424899727106094,-0.4481070041656494,-0.02319899946451187
1451645879564,2,0.07692299783229828,-0.2332109957933426,-0.03907199949026108
1451645879585,2,0.09645900130271912,-0.21489599347114563,0.020756999030709267
1451645879604,2,0.08546999841928482,-0.14285700023174286,-0.003662999952211976
1451645879624,2,0.007325999904423952,-0.054944999516010284,-0.0866909995675087
1451645879645,2,-0.06715499609708786,0.008546999655663967,-0.1623930037021637
1451645879665,2,0.10744799673557281,-0.07936500012874603,-0.1623930037021637
1451645879685,2,0.17582400143146515,-0.07326000183820724,-0.06227099895477295
1451645879704,2,0.10744799673557281,-0.04151399806141853,0.0024419999681413174
1451645879726,2,0.006105000153183937,-0.050060998648405075,-0.006105000153183937
1451645879746,2,-0.06104999780654907,-0.0866909995675087,-0.05738699808716774
1451645879766,2,-0.05616600066423416,-0.1025639995932579,-0.14407800137996674
1451645879785,2,0.08913300186395645,-0.010989000089466572,-0.15995100140571594
1451645879806,2,0.097680002450943,-0.006105000153183937,-0.11721599847078323
1451645879827,2,0.08058600127696991,-0.02319899946451187,-0.05616600066423416
1451645879847,2,0.06227099895477295,-0.03907199949026108,0.007325999904423952
1451645879873,2,0.05250300094485283,-0.07692299783229828,0.050060998648405075
1451645879885,2,0.2161169946193695,-0.4334549903869629,0.2661779820919037
1451645879907,2,0.432233989238739,-0.5177040100097656,0.5152620077133179
1451645879927,2,-0.04151399806141853,1.0427340269088745,1.9499369859695435
1451645879947,2,-0.15384599566459656,2.200242042541504,1.1147730350494385
1451645879969,2,-0.2271059900522232,1.8876659870147705,0.6068369746208191
1451645879986,2,0.40781399607658386,-0.3956039845943451,0.014651999808847904
1451645880007,2,0.6434670090675354,-1.0634909868240356,-0.07692299783229828
1451645880027,2,0.7277159690856934,-1.0415129661560059,-0.0866909995675087
1451645880046,2,0.5677649974822998,-0.7545779943466187,-0.07326000183820724
1451645880066,2,0.21855899691581726,-0.514041006565094,-0.1892549991607666
1451645880086,2,-0.28327199816703796,-0.608057975769043,-0.47252699732780457
1451645880107,2,-0.22100099921226501,-0.6422460079193115,-0.4603169858455658
1451645880127,2,-0.017093999311327934,-0.5262510180473328,-0.4432229995727539
1451645880147,2,0.02808300033211708,-0.22466400265693665,-0.2551890015602112
1451645880168,2,-0.08180700242519379,0.11111100018024445,-0.17216099798679352
1451645880186,2,-0.20757000148296356,0.2527469992637634,-0.15506699681282043
1451645880206,2,-0.22344300150871277,-0.1782660037279129,-0.18314999341964722
1451645880226,2,-0.11599499732255936,-0.3736259937286377,-0.1941390037536621
1451645880255,2,-0.008546999655663967,-0.37118399143218994,-0.11599499732255936
1451645880268,2,-0.014651999808847904,-0.22466400265693665,0.0
1451645880287,2,-0.08424899727106094,0.03663000091910362,0.014651999808847904
1451645880307,2,-0.10744799673557281,0.02442000061273575,-0.1575089991092682
1451645880327,2,0.00976799987256527,-0.11843699961900711,-0.2002439945936203
1451645880347,2,0.1684979945421219,-0.17948700487613678,-0.12332099676132202
1451645880368,2,0.19780199229717255,-0.1294260025024414,0.010989000089466572
1451645880388,2,0.08913300186395645,-0.03663000091910362,0.0647130012512207
1451645880413,2,-0.09523800015449524,0.04273499920964241,-0.021978000178933144
1451645880428,2,-0.07448099553585052,-0.08791200071573257,-0.04395600035786629
1451645880449,2,-0.0024419999681413174,-0.2710619866847992,-0.02930399961769581
1451645880469,2,0.0647130012512207,-0.46764299273490906,-0.0024419999681413174
1451645880493,2,0.09401699900627136,-0.5738700032234192,0.06959699839353561
1451645880509,2,0.10500600188970566,-0.4713059961795807,0.14407800137996674
1451645880529,2,0.0488400012254715,-0.04273499920964241,0.10012199729681015
1451645880555,2,0.025640999898314476,-0.02808300033211708,0.09523800015449524
1451645880575,2,0.021978000178933144,-0.014651999808847904,0.1135529950261116
1451645880593,2,0.020756999030709267,-0.004883999936282635,0.13186800479888916
1451645880609,2,0.01953599974513054,0.030524998903274536,0.1465200036764145
1451645880630,2,0.026861999183893204,0.08791200071573257,0.14896199107170105
1451645880658,2,0.02319899946451187,0.08791200071573257,0.097680002450943
1451645880669,2,0.010989000089466572,0.12087900191545486,0.06593400239944458
1451645880694,2,0.010989000089466572,0.1623930037021637,0.054944999516010284
1451645880713,2,0.01831500045955181,0.2002439945936203,0.05738699808716774
1451645880737,2,0.0378509983420372,0.18070799112319946,0.03418799862265587
1451645880751,2,0.0378509983420372,0.16483499109745026,0.007325999904423952
1451645880771,2,0.04273499920964241,0.15873000025749207,0.014651999808847904
1451645880790,2,0.06837599724531174,0.1623930037021637,0.030524998903274536
1451645880811,2,0.07326000183820724,0.20634900033473969,0.06959699839353561
1451645880830,2,0.02442000061273575,0.2600730061531067,0.09035399556159973
1451645880851,2,0.0024419999681413174,0.09157499670982361,0.059829000383615494
1451645880872,2,0.02808300033211708,-0.01831500045955181,0.021978000178933144
1451645880891,2,0.054944999516010284,-0.05128199979662895,-0.017093999311327934
