1451646552405,1,0.097680002450943,0.01953599974513054,0.05250300094485283
1451646552426,1,0.02930399961769581,0.10500600188970566,0.020756999030709267
1451646552447,1,0.050060998648405075,0.025640999898314476,0.04151399806141853
1451646552466,1,0.12820500135421753,-0.05738699808716774,-0.01953599974513054
1451646552492,1,0.21733799576759338,-0.15018299221992493,-0.10134299844503403
1451646552506,1,0.23931600153446198,-0.020756999030709267,-0.20634900033473969
1451646552527,1,0.25152599811553955,-0.02319899946451187,-0.2503049969673157
1451646552547,1,0.27960899472236633,-0.1684979945421219,-0.36629998683929443
1451646552567,1,0.2332109957933426,-0.23443199694156647,-0.41391900181770325
1451646552587,1,0.02442000061273575,-0.10622699558734894,-0.3675209879875183
1451646552607,1,-0.2051279991865158,0.008546999655663967,-0.30158698558807373
1451646552628,1,-0.2918190062046051,0.15873000025749207,-0.26739898324012756
1451646552647,1,0.026861999183893204,0.2588520050048828,-0.2979239821434021
1451646552668,1,0.14285700023174286,0.4334549903869629,-0.48962098360061646
1451646552693,1,0.06104999780654907,0.6556770205497742,-0.7228319644927979
1451646552707,1,0.014651999808847904,0.7533569931983948,-0.7228319644927979
1451646552728,1,0.11721599847078323,0.5396819710731506,-0.5433449745178223
1451646552748,1,0.29548200964927673,0.09523800015449524,-0.30036598443984985
1451646552774,1,0.16117200255393982,0.054944999516010284,-0.25641000270843506
1451646552789,1,-0.0012209999840706587,-0.14285700023174286,-0.2527469992637634
1451646552809,1,-0.04639799892902374,-0.33333298563957214,-0.1404149979352951
1451646552828,1,-0.01953599974513054,-0.5262510180473328,-0.004883999936282635
1451646552849,1,0.003662999952211976,-0.5384609699249268,0.03174600005149841
1451646552868,1,-0.09157499670982361,-0.16361400485038757,0.06715499609708786
1451646552889,1,-0.07936500012874603,0.15384599566459656,0.04639799892902374
1451646552909,1,0.040293000638484955,0.4395599961280823,0.026861999183893204
1451646552929,1,0.18314999341964722,0.6520140171051025,-0.10378500074148178
1451646552949,1,0.37606799602508545,0.6923069953918457,-0.3528690040111542
1451646552969,1,0.1733819991350174,0.6813179850578308,0.4542119801044464
1451646552989,1,0.18070799112319946,0.6837599873542786,0.3772889971733093
1451646553009,1,0.14774100482463837,0.4493280053138733,0.17216099798679352
1451646553029,1,0.16117200255393982,0.17582400143146515,0.03174600005149841
1451646553050,1,0.21977999806404114,-0.04761900007724762,-0.0866909995675087
1451646553070,1,0.3235650062561035,-0.5299140214920044,-0.2051279991865158
1451646553091,1,0.2332109957933426,-0.5873010158538818,-0.04395600035786629
1451646553110,1,0.12576299905776978,-0.5372399687767029,-0.0378509983420372
1451646553130,1,0.097680002450943,-0.30158698558807373,-0.33211198449134827
1451646553150,1,0.05738699808716774,-0.2808299958705902,-0.523809015750885
1451646553171,1,-0.02930399961769581,-0.2600730061531067,-0.30036598443984985
1451646553190,1,0.03296700119972229,-0.46886399388313293,0.3137969970703125
1451646553211,1,0.1135529950261116,-0.47374799847602844,0.1892549991607666
1451646553230,1,0.03296700119972229,-0.35409000515937805,0.03907199949026108
1451646553251,1,0.01953599974513054,-0.2161169946193695,-0.10744799673557281
1451646553271,1,0.0866909995675087,-0.13064700365066528,-0.14407800137996674
1451646553290,1,0.17093999683856964,-0.05250300094485283,-0.1782660037279129
1451646553311,1,0.09645900130271912,-0.10500600188970566,-0.054944999516010284
1451646553332,1,0.0488400012254715,-0.1452990025281906,0.11843699961900711
1451646553352,1,0.012210000306367874,-0.22466400265693665,0.17216099798679352
1451646553377,1,0.0012209999840706587,-0.31746000051498413,0.1575089991092682
1451646553392,1,-0.04395600035786629,-0.33333298563957214,0.097680002450943
1451646553412,1,-0.04639799892902374,-0.2759459912776947,0.06593400239944458
1451646553431,1,-0.04761900007724762,-0.19902299344539642,0.07448099553585052
1451646553452,1,-0.03418799862265587,-0.1575089991092682,0.06593400239944458
1451646553476,1,0.008546999655663967,-0.10134299844503403,0.06715499609708786
1451646553492,1,-0.017093999311327934,-0.020756999030709267,0.09890099614858627
1451646553517,1,-0.09279599785804749,0.09890099614858627,0.08424899727106094
1451646553577,1,-0.09523800015449524,-0.045176997780799866,0.04273499920964241
1451646553592,1,-0.08546999841928482,-0.09523800015449524,0.02808300033211708
1451646553612,1,-0.11233200132846832,-0.059829000383615494,0.01953599974513054
1451646553632,1,-0.1025639995932579,-0.021978000178933144,0.03174600005149841
1451646553654,1,-0.07081799954175949,-0.007325999904423952,0.040293000638484955
1451646553673,1,-0.045176997780799866,-0.0024419999681413174,0.045176997780799866
1451646553693,1,-0.01953599974513054,-0.025640999898314476,0.0488400012254715
1451646553714,1,-0.010989000089466572,-0.0378509983420372,0.014651999808847904
1451646553733,1,-0.017093999311327934,0.006105000153183937,0.006105000153183937
1451646553754,1,-0.004883999936282635,0.030524998903274536,0.00976799987256527
1451646553773,1,-0.0012209999840706587,0.04273499920964241,0.01831500045955181
1451646553794,1,-0.02319899946451187,0.05128199979662895,0.020756999030709267
1451646553814,1,-0.035408999770879745,0.06104999780654907,0.025640999898314476
1451646553834,1,-0.07814399898052216,0.05128199979662895,0.03418799862265587
1451646553854,1,-0.07203900068998337,0.012210000306367874,0.03663000091910362
1451646553874,1,-0.09035399556159973,0.021978000178933144,0.03296700119972229
1451646553894,1,-0.10134299844503403,0.030524998903274536,0.03296700119972229
1451646553914,1,-0.09035399556159973,-0.0024419999681413174,0.045176997780799866
1451646553934,1,-0.06104999780654907,-0.06349200010299683,0.017093999311327934
1451646553954,1,-0.01831500045955181,-0.13675199449062347,0.045176997780799866
1451646553974,1,0.04639799892902374,-0.1941390037536621,0.054944999516010284
1451646553995,1,0.08424899727106094,-0.1684979945421219,0.015873000025749207
1451646554014,1,0.06837599724531174,-0.0866909995675087,-0.0378509983420372
1451646554035,1,0.025640999898314476,0.1135529950261116,-0.05738699808716774
1451646554055,1,0.05860799923539162,0.12820500135421753,-0.04639799892902374
1451646554076,1,0.07814399898052216,0.09401699900627136,-0.059829000383615494
1451646554096,1,0.059829000383615494,0.06959699839353561,-0.06593400239944458
1451646554116,1,0.006105000153183937,0.040293000638484955,-0.03907199949026108
1451646554138,1,-0.05860799923539162,0.06227099895477295,-0.014651999808847904
1451646554155,1,-0.10744799673557281,0.19902299344539642,-0.0012209999840706587
1451646554176,1,-0.08791200071573257,0.25641000270843506,-0.021978000178933144
1451646554196,1,-0.07326000183820724,0.3894990086555481,-0.04639799892902374
1451646554216,1,-0.04151399806141853,0.38705700635910034,-0.017093999311327934
1451646554237,1,-0.04273499920964241,0.44200199842453003,-0.013430999591946602
1451646554258,2,-0.06593400239944458,0.30158698558807373,0.013430999591946602
1451646554276,2,-0.054944999516010284,0.21245399117469788,0.00976799987256527
1451646554296,2,-0.06837599724531174,0.211232990026474,-0.01831500045955181
1451646554316,2,-0.0378509983420372,0.26739898324012756,-0.10866899788379669
1451646554337,2,0.07692299783229828,0.21977999806404114,-0.26129400730133057
1451646554356,2,-0.0488400012254715,0.04761900007724762,0.09157499670982361
1451646554376,2,0.1025639995932579,-0.11599499732255936,0.22100099921226501
1451646554397,2,0.10622699558734894,-0.08424899727106094,0.18070799112319946
1451646554417,2,-0.054944999516010284,-0.007325999904423952,0.08058600127696991
1451646554438,2,-0.17582400143146515,0.13064700365066528,-0.0647130012512207
1451646554457,2,-0.195360004901886,0.1892549991607666,-0.15873000025749207
1451646554478,2,0.012210000306367874,-0.09279599785804749,-0.2051279991865158
1451646554498,2,0.12698400020599365,-0.2429789900779724,-0.3296699821949005
1451646554521,2,0.10012199729681015,-0.318681001663208,-0.30158698558807373
1451646554537,2,-0.010989000089466572,-0.308912992477417,-0.07081799954175949
1451646554558,2,-0.03174600005149841,-0.34920600056648254,0.05616600066423416
1451646554578,2,-0.05860799923539162,-0.2710619866847992,0.04639799892902374
1451646554598,2,-0.08424899727106094,-0.16971899569034576,0.02319899946451187
1451646554619,2,-0.05372399836778641,-0.10988999903202057,0.030524998903274536
1451646554638,2,0.0012209999840706587,-0.06104999780654907,0.04151399806141853
1451646554659,2,0.05250300094485283,-0.04395600035786629,0.0757019966840744
1451646554678,2,0.08058600127696991,-0.04639799892902374,0.11965800076723099
1451646554699,2,0.059829000383615494,-0.07203900068998337,0.11721599847078323
1451646554718,2,0.03296700119972229,-0.08546999841928482,0.09523800015449524
1451646554748,2,0.01953599974513054,-0.09890099614858627,0.07814399898052216
1451646554761,2,0.021978000178933144,-0.11965800076723099,0.06715499609708786
1451646554779,2,0.01953599974513054,-0.15018299221992493,0.07814399898052216
1451646554800,2,0.0,-0.1623930037021637,0.08546999841928482
1451646554819,2,-0.045176997780799866,-0.17216099798679352,0.06959699839353561
1451646554839,2,-0.11111100018024445,-0.1733819991350174,0.06104999780654907
1451646554860,2,-0.15873000025749207,-0.1843709945678711,0.04151399806141853
1451646554880,2,-0.07936500012874603,-0.3846150040626526,0.035408999770879745
1451646554906,2,0.08546999841928482,-0.6935279965400696,0.006105000153183937
1451646554922,2,0.04639799892902374,-0.6117209792137146,0.05250300094485283
1451646554941,2,0.02930399961769581,-0.432233989238739,0.04761900007724762
1451646554960,2,0.0024419999681413174,-0.16605599224567413,0.01953599974513054
1451646554981,2,0.013430999591946602,0.059829000383615494,-0.010989000089466572
1451646555001,2,0.06959699839353561,0.1782660037279129,-0.02319899946451187
1451646555027,2,0.08180700242519379,0.17093999683856964,-0.045176997780799866
1451646555040,2,0.10012199729681015,0.08302799612283707,-0.025640999898314476
1451646555061,2,0.06349200010299683,0.02930399961769581,-0.003662999952211976
1451646555081,2,-0.008546999655663967,0.10012199729681015,0.02319899946451187
1451646555102,2,-0.17948700487613678,0.7228319644927979,0.13675199449062347
1451646555127,2,-0.24053700268268585,1.2735029458999634,0.32112300395965576
1451646555142,2,-0.42002400755882263,1.482293963432312,0.3772889971733093
1451646555162,2,-0.6507930159568787,1.4542109966278076,0.5323559641838074
1451646555182,2,-0.770451009273529,1.2185579538345337,0.6190469861030579
1451646555204,2,-0.659339964389801,0.8388270139694214,0.6214889883995056
1451646555226,2,-0.10500600188970566,-0.7875449657440186,0.02930399961769581
1451646555242,2,0.09157499670982361,-1.781438946723938,-0.22344300150871277
1451646555262,2,0.3199020028114319,-2.367518901824951,-0.35531100630760193
1451646555283,2,0.3833940029144287,-2.1770429611206055,-0.42979198694229126
1451646555302,2,0.2710619866847992,-1.6544549465179443,-0.5836380124092102
1451646555324,2,-0.2551890015602112,0.3956039845943451,-0.3247860074043274
1451646555343,2,-0.299144983291626,1.2429779767990112,-0.06837599724531174
1451646555363,2,-0.3565320074558258,2.1294238567352295,0.23443199694156647
1451646555383,2,-0.5164830088615417,2.6691060066223145,0.7081800103187561
1451646555406,2,-0.6361410021781921,2.4273478984832764,1.0525020360946655
1451646555424,2,-0.7594619989395142,1.6190459728240967,0.9389489889144897
1451646555443,2,-0.7887659668922424,1.0659329891204834,0.8485949635505676
1451646555463,2,-0.6288149952888489,0.6422460079193115,0.6727709770202637
1451646555484,2,-0.22344300150871277,0.4175820052623749,0.34310099482536316
1451646555510,2,0.017093999311327934,-0.08302799612283707,0.06837599724531174
1451646555524,2,0.054944999516010284,-0.5054939985275269,-0.16483499109745026
1451646555543,2,-0.030524998903274536,-1.100121021270752,-0.7472519874572754
1451646555568,2,0.03907199949026108,-1.1843700408935547,-1.04761803150177
1451646555584,2,0.2051279991865158,-1.1648340225219727,-1.1892539262771606
1451646555604,2,0.29426100850105286,-1.216115951538086,-1.2002429962158203
1451646555624,2,0.2710619866847992,-1.3540890216827393,-0.9816839694976807
1451646555644,2,0.15018299221992493,-0.7484729886054993,-0.06349200010299683
1451646555665,2,0.13675199449062347,0.1404149979352951,0.20634900033473969
1451646555685,2,0.059829000383615494,0.6422460079193115,0.3076919913291931
1451646555705,2,0.004883999936282635,0.70940101146698,0.3406589925289154
1451646555728,2,0.01953599974513054,0.5604389905929565,0.30524998903274536
1451646555745,2,0.14407800137996674,-0.021978000178933144,0.16605599224567413
1451646555764,2,0.15262499451637268,-0.20879100263118744,0.05250300094485283
1451646555785,2,0.11599499732255936,-0.3028079867362976,-0.05616600066423416
1451646555805,2,0.10500600188970566,-0.34920600056648254,-0.08302799612283707
1451646555825,2,0.1355309933423996,-0.390720009803772,-0.03907199949026108
1451646555845,2,0.18803399801254272,-0.4285709857940674,0.012210000306367874
1451646555866,2,0.18070799112319946,-0.318681001663208,0.04761900007724762
1451646555886,2,0.14407800137996674,-0.22466400265693665,0.0488400012254715
1451646555905,2,0.09035399556159973,-0.1135529950261116,0.04151399806141853
1451646555926,2,0.059829000383615494,-0.03907199949026108,0.03663000091910362
1451646555946,2,0.05250300094485283,-0.026861999183893204,0.026861999183893204
1451646555966,2,0.08913300186395645,-0.09523800015449524,-0.0024419999681413174
1451646555986,2,0.10134299844503403,-0.12576299905776978,-0.003662999952211976
1451646556007,2,0.09890099614858627,-0.12332099676132202,0.01953599974513054
1451646556026,2,0.097680002450943,-0.1294260025024414,0.04761900007724762
1451646556047,2,0.0757019966840744,-0.14285700023174286,0.045176997780799866
1451646556067,2,0.004883999936282635,-0.06227099895477295,-0.0012209999840706587
1451646556088,2,-0.0488400012254715,0.0024419999681413174,-0.0012209999840706587
1451646556107,2,-0.07203900068998337,0.09279599785804749,0.0012209999840706587
1451646556127,2,-0.08913300186395645,0.1684979945421219,0.013430999591946602
1451646556147,2,-0.10622699558734894,0.2332109957933426,0.0024419999681413174
1451646556167,2,-0.11843699961900711,0.2661779820919037,0.007325999904423952
1451646556189,2,-0.06593400239944458,0.24542099237442017,0.040293000638484955
1451646556207,2,-0.02808300033211708,0.2161169946193695,0.05250300094485283
1451646556227,2,0.0,0.1514039933681488,0.050060998648405075
1451646556248,2,0.01831500045955181,0.08302799612283707,0.02442000061273575
1451646556268,2,0.014651999808847904,0.03418799862265587,0.017093999311327934
1451646556298,1,0.026861999183893204,-0.0024419999681413174,0.03174600005149841
1451646556307,1,0.040293000638484955,-0.010989000089466572,0.03174600005149841
1451646556329,1,0.03907199949026108,-0.003662999952211976,0.03296700119972229
1451646556348,1,0.03907199949026108,0.007325999904423952,0.02319899946451187
1451646556369,1,0.01831500045955181,0.013430999591946602,0.013430999591946602
1451646556389,1,0.006105000153183937,-0.004883999936282635,-0.004883999936282635
1451646556408,1,0.02442000061273575,-0.014651999808847904,-0.008546999655663967
1451646556429,1,0.04761900007724762,-0.04273499920964241,0.0012209999840706587
1451646556449,1,0.05372399836778641,-0.050060998648405075,-0.003662999952211976
1451646556469,1,0.035408999770879745,-0.04395600035786629,-0.00976799987256527
1451646556489,1,0.026861999183893204,-0.025640999898314476,-0.014651999808847904
1451646556514,1,0.0012209999840706587,-0.03296700119972229,-0.02930399961769581
1451646556529,1,-0.0024419999681413174,-0.05372399836778641,-0.050060998648405075
1451646556550,1,0.008546999655663967,-0.08546999841928482,-0.07081799954175949
1451646556571,1,0.03663000091910362,-0.1465200036764145,-0.0757019966840744
1451646556589,1,0.06349200010299683,-0.1782660037279129,-0.06959699839353561
1451646556609,1,0.07936500012874603,-0.14285700023174286,-0.06227099895477295
1451646556630,1,0.08791200071573257,-0.1245419979095459,-0.06104999780654907
1451646556650,1,0.08424899727106094,-0.06227099895477295,-0.0757019966840744
1451646556670,1,0.03663000091910362,0.0012209999840706587,-0.04639799892902374
1451646556690,1,0.07814399898052216,-0.07203900068998337,-0.015873000025749207
1451646556710,1,0.1135529950261116,-0.007325999904423952,-0.02319899946451187
1451646556731,1,0.020756999030709267,0.10744799673557281,-0.059829000383615494
1451646556751,1,-0.04151399806141853,0.2905980050563812,-0.12332099676132202
1451646556771,1,-0.07448099553585052,0.48351600766181946,-0.1843709945678711
1451646556790,1,-0.11599499732255936,0.6410250067710876,-0.18681299686431885
1451646556811,1,-0.18192899227142334,0.760683000087738,-0.15995100140571594
1451646556831,1,-0.42490798234939575,1.1904749870300293,-0.2979239821434021
1451646556852,1,-0.45787498354911804,1.2905969619750977,-0.43589699268341064
1451646556872,1,-0.40781399607658386,1.1587289571762085,-0.17216099798679352
1451646556891,1,-0.30036598443984985,0.8901090025901794,0.1941390037536621
1451646556912,1,-0.08180700242519379,0.6410250067710876,0.25152599811553955
1451646556932,1,0.035408999770879745,0.08791200071573257,-0.014651999808847904
1451646556952,1,0.04639799892902374,-0.02442000061273575,-0.17582400143146515
1451646556971,1,0.02319899946451187,-0.05616600066423416,-0.23443199694156647
1451646556992,1,0.008546999655663967,-0.0757019966840744,-0.23565299808979034
1451646557013,1,0.050060998648405075,-0.1465200036764145,-0.22466400265693665
1451646557032,1,0.19047600030899048,-0.40903499722480774,-0.04395600035786629
1451646557052,1,0.19658099114894867,-0.4603169858455658,0.045176997780799866
1451646557072,1,0.22588500380516052,-0.4713059961795807,0.054944999516010284
1451646557092,1,0.18314999341964722,-0.31135499477386475,0.012210000306367874
1451646557112,1,0.11233200132846832,-0.14163599908351898,-0.030524998903274536
1451646557133,1,0.09401699900627136,0.02319899946451187,-0.09035399556159973
1451646557153,1,0.01953599974513054,0.09890099614858627,0.38095200061798096
1451646557173,1,0.02319899946451187,0.1452990025281906,0.2002439945936203
1451646557193,1,-0.050060998648405075,0.1514039933681488,0.03663000091910362
1451646557214,1,-0.06959699839353561,0.17948700487613678,-0.12576299905776978
1451646557233,1,-0.06104999780654907,0.11477399617433548,-0.21001200377941132
1451646557256,1,0.05372399836778641,-0.195360004901886,-0.22954799234867096
1451646557275,1,0.15018299221992493,-0.35409000515937805,-0.23076899349689484
1451646557294,1,0.19047600030899048,-0.44200199842453003,-0.13797299563884735
1451646557314,1,0.13308899104595184,-0.34432199597358704,0.010989000089466572
1451646557334,1,0.097680002450943,-0.06593400239944458,0.02319899946451187
1451646557355,1,-0.06837599724531174,0.2441999912261963,0.3614159822463989
1451646557374,1,-0.10134299844503403,0.23076899349689484,0.34310099482536316
1451646557395,1,-0.10012199729681015,0.08302799612283707,0.22466400265693665
1451646557414,1,-0.0647130012512207,-0.03174600005149841,0.09035399556159973
1451646557435,1,-0.05372399836778641,-0.1294260025024414,-0.006105000153183937
1451646557456,1,-0.03663000091910362,-0.16605599224567413,-0.06715499609708786
1451646557474,1,0.026861999183893204,-0.167276993393898,-0.05860799923539162
1451646557495,1,0.04761900007724762,-0.18681299686431885,-0.06349200010299683
1451646557515,1,0.05616600066423416,-0.2380950003862381,-0.08913300186395645
1451646557535,1,0.059829000383615494,-0.2869350016117096,-0.07448099553585052
1451646557558,1,0.05250300094485283,-0.3076919913291931,-0.030524998903274536
1451646557575,1,0.02808300033211708,-0.28327199816703796,0.06715499609708786
1451646557595,1,0.035408999770879745,-0.2441999912261963,0.054944999516010284
1451646557616,1,0.0378509983420372,-0.19902299344539642,0.030524998903274536
1451646557636,1,0.025640999898314476,-0.15873000025749207,0.02319899946451187
1451646557655,1,0.010989000089466572,-0.11233200132846832,0.02319899946451187
1451646557675,1,-0.020756999030709267,-0.026861999183893204,0.02930399961769581
1451646557696,1,-0.03296700119972229,-0.013430999591946602,0.025640999898314476
1451646557722,1,-0.03663000091910362,-0.012210000306367874,0.01831500045955181
1451646557739,1,-0.013430999591946602,-0.020756999030709267,0.00976799987256527
1451646557756,1,0.0,-0.02930399961769581,0.015873000025749207
1451646557777,1,-0.00976799987256527,-0.015873000025749207,0.014651999808847904
1451646557797,1,-0.030524998903274536,0.004883999936282635,0.006105000153183937
1451646557817,1,-0.035408999770879745,-0.0012209999840706587,0.010989000089466572
1451646557838,1,-0.02808300033211708,-0.007325999904423952,0.013430999591946602
1451646557856,1,-0.01953599974513054,-0.021978000178933144,0.012210000306367874
1451646557877,1,-0.00976799987256527,-0.035408999770879745,0.012210000306367874
1451646557898,1,-0.010989000089466572,-0.014651999808847904,0.014651999808847904
1451646557917,1,-0.02930399961769581,-0.004883999936282635,0.015873000025749207
1451646557944,1,-0.02319899946451187,-0.0024419999681413174,0.003662999952211976
1451646557958,1,-0.004883999936282635,-0.007325999904423952,0.017093999311327934
1451646557977,1,-0.0024419999681413174,-0.015873000025749207,0.025640999898314476
1451646557998,1,-0.02319899946451187,-0.006105000153183937,0.017093999311327934
1451646558018,1,-0.025640999898314476,0.013430999591946602,0.003662999952211976
1451646558038,1,-0.012210000306367874,0.007325999904423952,0.004883999936282635
1451646558058,1,-0.017093999311327934,0.013430999591946602,0.0012209999840706587
1451646558078,1,-0.00976799987256527,0.01831500045955181,-0.004883999936282635
1451646558099,1,0.007325999904423952,-0.015873000025749207,0.015873000025749207
1451646558121,1,0.003662999952211976,-0.03296700119972229,0.01831500045955181
1451646558138,1,-0.003662999952211976,-0.025640999898314476,0.012210000306367874
1451646558159,1,0.0012209999840706587,-0.026861999183893204,0.02319899946451187
1451646558179,1,-0.0012209999840706587,-0.025640999898314476,0.026861999183893204
1451646558199,1,0.014651999808847904,-0.03663000091910362,0.02808300033211708
1451646558222,1,0.02319899946451187,-0.025640999898314476,0.013430999591946602
1451646558239,1,0.010989000089466572,-0.02930399961769581,0.013430999591946602
1451646558259,1,0.008546999655663967,-0.020756999030709267,0.013430999591946602
1451646558280,1,0.01953599974513054,-0.026861999183893204,0.015873000025749207
1451646558300,1,0.007325999904423952,-0.02442000061273575,0.013430999591946602
1451646558323,2,0.03663000091910362,-0.06837599724531174,0.017093999311327934
1451646558347,2,0.008546999655663967,-0.04151399806141853,0.004883999936282635
1451646558360,2,-0.004883999936282635,-0.007325999904423952,0.010989000089466572
1451646558380,2,0.008546999655663967,0.003662999952211976,0.020756999030709267
1451646558400,2,0.02319899946451187,-0.0024419999681413174,0.014651999808847904
1451646558421,2,-0.012210000306367874,-0.02442000061273575,0.014651999808847904
1451646558440,2,-0.013430999591946602,-0.03907199949026108,0.01953599974513054
1451646558461,2,-0.006105000153183937,-0.0488400012254715,0.03418799862265587
1451646558481,2,-0.013430999591946602,-0.05128199979662895,0.040293000638484955
1451646558500,2,-0.02442000061273575,-0.04273499920964241,0.04639799892902374
1451646558521,2,-0.02930399961769581,-0.03174600005149841,0.0378509983420372
1451646558541,2,0.003662999952211976,-0.059829000383615494,0.035408999770879745
1451646558561,2,-0.008546999655663967,-0.0647130012512207,0.040293000638484955
1451646558581,2,-0.008546999655663967,-0.02808300033211708,0.03174600005149841
1451646558601,2,-0.014651999808847904,-0.008546999655663967,0.013430999591946602
1451646558665,2,0.0012209999840706587,0.012210000306367874,0.004883999936282635
1451646558682,2,0.004883999936282635,-0.003662999952211976,0.0012209999840706587
1451646558707,2,-0.012210000306367874,0.007325999904423952,0.0024419999681413174
1451646558721,2,-0.014651999808847904,0.012210000306367874,-0.006105000153183937
1451646558742,2,0.04273499920964241,-0.10500600188970566,0.017093999311327934
1451646558762,2,0.06959699839353561,-0.18192899227142334,0.013430999591946602
1451646558782,2,0.06959699839353561,-0.18559199571609497,0.013430999591946602
1451646558803,2,0.04273499920964241,-0.1514039933681488,0.021978000178933144
1451646558822,2,0.03174600005149841,-0.13797299563884735,0.014651999808847904
1451646558843,2,0.02808300033211708,-0.11111100018024445,0.040293000638484955
1451646558863,2,0.07081799954175949,-0.014651999808847904,0.10012199729681015
1451646558883,2,0.06349200010299683,-0.05860799923539162,0.097680002450943
1451646558906,2,0.059829000383615494,-0.1135529950261116,0.07326000183820724
1451646558923,2,0.05616600066423416,-0.1575089991092682,0.05860799923539162
1451646558943,2,0.06227099895477295,-0.2759459912776947,0.06959699839353561
1451646558964,2,0.1733819991350174,-0.4603169858455658,0.21367499232292175
1451646558984,2,0.18070799112319946,-0.4822950065135956,0.2637360095977783
1451646559010,2,0.18681299686431885,-0.44200199842453003,0.2905980050563812
1451646559024,2,0.10500600188970566,-0.28449299931526184,0.25763100385665894
1451646559044,2,-0.02319899946451187,-0.040293000638484955,0.22832699120044708
1451646559064,2,-0.1452990025281906,0.4761900007724762,0.1404149979352951
1451646559084,2,-0.11477399617433548,0.4664219915866852,0.07692299783229828
1451646559105,2,-0.06837599724531174,0.30036598443984985,0.05616600066423416
1451646559128,2,-0.02319899946451187,0.19780199229717255,0.1404149979352951
1451646559145,2,-0.0012209999840706587,0.20634900033473969,0.25763100385665894
1451646559165,2,0.004883999936282635,0.3724049925804138,0.2661779820919037
1451646559185,2,-0.34798499941825867,0.9951149821281433,0.4151400029659271
1451646559205,2,-0.5824170112609863,0.6446880102157593,0.7533569931983948
1451646559224,2,-0.5909640192985535,0.721610963344574,1.0219769477844238
1451646559246,2,-0.34920600056648254,1.0415129661560059,1.0268609523773193
1451646559265,2,0.09401699900627136,1.029302954673767,0.6410250067710876
1451646559286,2,0.12087900191545486,-0.13308899104595184,0.15995100140571594
1451646559305,2,0.026861999183893204,-0.4822950065135956,-0.03907199949026108
1451646559326,2,-0.05860799923539162,-0.6532350182533264,-0.20390699803829193
1451646559346,2,-0.17582400143146515,-0.6129419803619385,-0.3406589925289154
1451646559366,2,-0.31623899936676025,-0.4285709857940674,-0.4615379869937897
1451646559386,2,-0.5921850204467773,-0.19780199229717255,-0.7619040012359619
1451646559406,2,-0.5579969882965088,-0.2380950003862381,-0.8437110185623169
1451646559431,2,-0.38705700635910034,-0.19902299344539642,-0.6483510136604309
1451646559451,2,-0.15262499451637268,-0.19658099114894867,-0.2747249901294708
1451646559467,2,0.09401699900627136,-0.2869350016117096,0.06227099895477295
1451646559488,2,0.29426100850105286,-0.36629998683929443,0.17948700487613678
1451646559507,2,0.31623899936676025,-0.27350398898124695,0.015873000025749207
1451646559527,2,0.2649570107460022,-0.2490839958190918,-0.09523800015449524
1451646559547,2,0.20879100263118744,-0.24786299467086792,-0.09157499670982361
1451646559567,2,0.1135529950261116,-0.19902299344539642,-0.03663000091910362
1451646559589,2,0.04761900007724762,-0.020756999030709267,-0.021978000178933144
1451646559607,2,-0.05860799923539162,0.2332109957933426,-0.01831500045955181
1451646559628,2,-0.06715499609708786,0.21001200377941132,-0.003662999952211976
1451646559648,2,-0.06715499609708786,0.13675199449062347,0.007325999904423952
1451646559668,2,-0.050060998648405075,0.04761900007724762,0.00976799987256527
1451646559687,2,-0.01953599974513054,-0.021978000178933144,0.025640999898314476
1451646559708,2,0.06837599724531174,-0.030524998903274536,0.0378509983420372
1451646559728,2,0.04395600035786629,0.020756999030709267,0.025640999898314476
1451646559748,2,0.003662999952211976,0.05616600066423416,0.013430999591946602
1451646559768,2,-0.026861999183893204,0.05372399836778641,-0.013430999591946602
1451646559788,2,-0.02930399961769581,0.03907199949026108,-0.02442000061273575
1451646559808,2,-0.020756999030709267,0.004883999936282635,-0.01831500045955181
1451646559828,2,0.035408999770879745,-0.09890099614858627,-0.006105000153183937
1451646559849,2,0.05860799923539162,-0.12087900191545486,0.007325999904423952
1451646559869,2,0.06349200010299683,-0.11233200132846832,0.013430999591946602
1451646559889,2,0.040293000638484955,-0.097680002450943,0.004883999936282635
1451646559909,2,0.01953599974513054,-0.06837599724531174,-0.003662999952211976
1451646559929,2,0.003662999952211976,-0.02808300033211708,-0.021978000178933144
1451646559949,2,0.015873000025749207,-0.01953599974513054,-0.008546999655663967
1451646559969,2,0.020756999030709267,-0.003662999952211976,-0.006105000153183937
1451646559989,2,0.01831500045955181,0.026861999183893204,-0.003662999952211976
1451646560010,2,-0.012210000306367874,0.04151399806141853,-0.003662999952211976
1451646560030,2,-0.08546999841928482,0.06227099895477295,-0.02930399961769581
1451646560050,2,-0.13308899104595184,0.04273499920964241,-0.03663000091910362
1451646560072,2,-0.195360004901886,0.03418799862265587,-0.054944999516010284
1451646560090,2,-0.2759459912776947,0.03663000091910362,-0.06959699839353561
1451646560110,2,-0.35897400975227356,0.02319899946451187,-0.11233200132846832
1451646560130,2,-0.5787540078163147,0.059829000383615494,-0.3137969970703125
1451646560151,2,-1.3528679609298706,-0.3418799936771393,-0.33211198449134827
1451646560172,2,-1.5372389554977417,-0.5897430181503296,-0.34798499941825867
1451646560190,2,-1.5360180139541626,-1.0415129661560059,-0.22466400265693665
1451646560211,2,-1.4664210081100464,-1.9413899183273315,-0.18070799112319946
1451646560231,2,-1.0231980085372925,-2.1013410091400146,-0.2539680004119873
1451646560251,2,-1.0671539306640625,-0.6654449701309204,-0.5299140214920044
1451646560271,2,-1.3626359701156616,-0.39316198229789734,-0.26251500844955444
1451646560291,2,-1.4590950012207031,-0.19902299344539642,0.11965800076723099
1451646560316,2,-1.3650779724121094,0.059829000383615494,0.4383389949798584
1451646560331,2,-1.1648340225219727,0.22954799234867096,0.5494499802589417
1451646560352,1,-0.7948709726333618,0.47252699732780457,0.2271059900522232
1451646560371,1,-0.7057380080223083,0.6129419803619385,0.059829000383615494
1451646560392,1,-0.7008540034294128,0.5445659756660461,0.020756999030709267
1451646560412,1,-0.7680090069770813,0.3772889971733093,0.014651999808847904
1451646560432,1,-0.8559209704399109,0.2161169946193695,-0.015873000025749207
1451646560452,1,-0.9413909912109375,-0.09157499670982361,-0.059829000383615494
1451646560471,1,-0.7338209748268127,-0.33211198449134827,-0.09890099614858627
1451646560492,1,-0.06349200010299683,-0.26861998438835144,-0.1355309933423996
1451646560512,1,0.504272997379303,-0.5433449745178223,-0.17948700487613678
1451646560533,1,1.0427340269088745,-1.0744799375534058,-0.23076899349689484
1451646560554,1,1.7008529901504517,-1.3028069734573364,-0.2649570107460022
1451646560573,1,2.5140390396118164,-2.0915729999542236,-0.11965800076723099
1451646560593,1,1.7228310108184814,-1.9926719665527344,0.0647130012512207
1451646560613,1,0.8669099807739258,-0.9474959969520569,0.308912992477417
1451646560638,1,0.2429789900779724,-0.19658099114894867,0.4615379869937897
1451646560653,1,-0.01953599974513054,0.2332109957933426,0.5018309950828552
1451646560673,1,0.20390699803829193,0.23931600153446198,0.4102559983730316
1451646560693,1,0.4713059961795807,-0.08546999841928482,0.40415099263191223
1451646560714,1,0.5775330066680908,-0.3418799936771393,0.3943829834461212
1451646560734,1,0.5592179894447327,-0.45177000761032104,0.42490798234939575
1451646560754,1,0.4652009904384613,-0.29426100850105286,0.5152620077133179
1451646560774,1,0.2429789900779724,0.42002400755882263,0.6715499758720398
1451646560794,1,0.05616600066423416,0.9645900130271912,0.6104999780654907
1451646560814,1,-0.23076899349689484,1.6251510381698608,0.5128200054168701
1451646560834,1,-0.4883999824523926,2.1782639026641846,0.40415099263191223
1451646560854,1,-0.5372399687767029,2.451767921447754,0.23443199694156647
1451646560874,1,-0.37606799602508545,2.4945030212402344,0.026861999183893204
1451646560894,1,0.3772889971733093,2.1880319118499756,-0.3528690040111542
1451646560915,1,0.5225880146026611,2.3211209774017334,-0.4713059961795807
1451646560937,1,0.5213670134544373,2.5372378826141357,-0.6568979620933533
1451646560955,1,0.4871789813041687,2.643465042114258,-0.9181919693946838
1451646560974,1,0.5128200054168701,2.327225923538208,-1.2136739492416382
1451646560995,1,0.7362629771232605,0.7765560150146484,0.19902299344539642
1451646561016,1,0.9670320153236389,-0.13919399678707123,0.5995109677314758
1451646561035,1,1.037850022315979,-1.172160029411316,0.28327199816703796
1451646561055,1,1.0488389730453491,-1.8669090270996094,-0.20146499574184418
1451646561075,1,0.8937720060348511,-2.1282029151916504,-0.4774110019207001
1451646561096,1,0.6300359964370728,-1.8229529857635498,-0.08546999841928482
1451646561116,1,0.4883999824523926,-1.410254955291748,0.04395600035786629
1451646561139,1,0.45054900646209717,-1.2820500135421753,0.18314999341964722
1451646561160,1,0.6984120011329651,-1.5286920070648193,0.3687419891357422
1451646561176,1,0.9694739580154419,-1.8180689811706543,0.5384609699249268
1451646561196,1,0.936506986618042,-1.8937709331512451,0.5482289791107178
1451646561216,1,0.21001200377941132,-0.9743579626083374,0.26861998438835144
1451646561236,1,-0.07203900068998337,-0.416361004114151,0.11843699961900711
1451646561261,1,-0.2759459912776947,0.04761900007724762,0.0488400012254715
1451646561281,1,-0.3772889971733093,0.2967030107975006,0.010989000089466572
1451646561296,1,-0.36996299028396606,0.32600700855255127,-0.03907199949026108
1451646561316,1,-0.20757000148296356,0.012210000306367874,-0.11111100018024445
1451646561337,1,-0.20757000148296356,-0.11599499732255936,-0.20634900033473969
1451646561356,1,-0.2979239821434021,-0.12332099676132202,-0.2747249901294708
1451646561377,1,-0.3516480028629303,-0.08302799612283707,-0.28449299931526184
1451646561398,1,-0.3467639982700348,-0.06837599724531174,-0.21733799576759338
1451646561417,1,-0.3247860074043274,-0.007325999904423952,-0.08424899727106094
1451646561438,1,-0.29426100850105286,-0.06715499609708786,-0.02930399961769581
1451646561458,1,-0.27228298783302307,-0.16971899569034576,-0.0024419999681413174
1451646561478,1,-0.2905980050563812,-0.2441999912261963,0.0
1451646561498,1,-0.3528690040111542,-0.2979239821434021,-0.020756999030709267
1451646561525,1,-0.40415099263191223,-0.3833940029144287,-0.020756999030709267
1451646561538,1,-0.5836380124092102,-0.7362629771232605,0.04395600035786629
1451646561559,1,-0.38583600521087646,-0.8241750001907349,0.1733819991350174
1451646561579,1,-0.27960899472236633,-0.9084239602088928,0.25152599811553955
1451646561599,1,-0.33943799138069153,-0.6837599873542786,0.2332109957933426
1451646561619,1,-0.4798530042171478,-0.4102559983730316,0.27838799357414246
1451646561638,1,-0.5921850204467773,-0.10866899788379669,0.4395599961280823
1451646561659,1,-0.6849809885025024,-0.012210000306367874,0.3846150040626526
1451646561679,1,-0.7863239645957947,0.14896199107170105,0.33333298563957214
1451646561699,1,-0.8656889796257019,0.4114769995212555,0.31623899936676025
1451646561722,1,-0.8791199922561646,0.6800969839096069,0.33821699023246765
1451646561739,1,-0.627593994140625,0.6483510136604309,0.34310099482536316
1451646561760,1,-0.5433449745178223,0.7570199966430664,0.2698409855365753
1451646561779,1,-0.4713059961795807,0.907202959060669,0.17093999683856964
1451646561800,1,-0.26861998438835144,0.8339430093765259,0.11965800076723099
1451646561820,1,0.06959699839353561,0.36629998683929443,0.12698400020599365
1451646561845,1,0.44566500186920166,-0.2539680004119873,0.08058600127696991
1451646561860,1,1.153844952583313,-2.60805606842041,-0.05860799923539162
1451646561880,1,1.5714269876480103,-3.6336958408355713,-0.15506699681282043
1451646561900,1,1.843709945678711,-3.632474899291992,-0.13919399678707123
1451646561922,1,1.840047001838684,-3.717944860458374,0.03907199949026108
1451646561940,1,1.4761890172958374,-3.0915720462799072,0.3357749879360199
1451646561961,1,0.1562879979610443,0.27228298783302307,0.8290590047836304
1451646561981,1,-0.3137969970703125,1.5103769302368164,1.0415129661560059
1451646562040,1,0.2747249901294708,1.7973120212554932,0.7338209748268127
1451646562061,1,1.5238080024719238,0.7594619989395142,0.12820500135421753
1451646562081,1,1.7973120212554932,0.3687419891357422,-0.19658099114894867
1451646562101,1,1.7631239891052246,0.37118399143218994,-0.43101298809051514
1451646562122,1,1.4236860275268555,0.7228319644927979,-0.504272997379303
1451646562142,1,0.9951149821281433,1.256408929824829,-0.5543339848518372
1451646562162,1,0.5702069997787476,1.7301570177078247,-0.6385830044746399
1451646562182,1,0.10378500074148178,2.026859998703003,-1.008545994758606
1451646562202,1,-0.02319899946451187,1.8962129354476929,-1.1746020317077637
1451646562222,1,-0.03418799862265587,1.356531023979187,-1.1843700408935547
1451646562242,1,0.13430999219417572,0.7533569931983948,-0.9877889752388
1451646562262,1,0.31746000051498413,0.2869350016117096,-0.6227099895477295
1451646562282,1,0.40903499722480774,-0.3406589925289154,-0.05616600066423416
1451646562304,1,0.422465980052948,-0.40659299492836,-0.05860799923539162
1451646562328,1,0.3614159822463989,-0.3956039845943451,-0.07448099553585052
1451646562342,1,0.22832699120044708,-0.27350398898124695,-0.05128199979662895
1451646562368,1,0.13186800479888916,-0.10134299844503403,-0.012210000306367874
1451646562383,2,0.0757019966840744,0.2490839958190918,0.040293000638484955
1451646562403,2,0.10012199729681015,0.29548200964927673,0.08180700242519379
1451646562424,2,0.16605599224567413,0.21977999806404114,0.09523800015449524
1451646562450,2,0.22832699120044708,0.097680002450943,0.08180700242519379
1451646562463,2,0.26129400730133057,-0.03174600005149841,0.035408999770879745
1451646562483,2,0.23076899349689484,-0.0757019966840744,-0.007325999904423952
1451646562506,2,0.03296700119972229,0.02319899946451187,0.0
1451646562523,2,-0.006105000153183937,0.04639799892902374,0.025640999898314476
1451646562543,2,-0.026861999183893204,0.09035399556159973,0.03418799862265587
1451646562564,2,-0.04273499920964241,0.10622699558734894,0.01953599974513054
1451646562584,2,-0.06593400239944458,0.11721599847078323,0.008546999655663967
1451646562609,2,-0.13308899104595184,0.21367499232292175,0.030524998903274536
1451646562624,2,-0.050060998648405075,0.17216099798679352,-0.003662999952211976
1451646562644,2,0.01831500045955181,0.09035399556159973,-0.003662999952211976
1451646562665,2,0.03174600005149841,0.021978000178933144,-0.05250300094485283
1451646562685,2,0.05372399836778641,0.08058600127696991,-0.059829000383615494
1451646562705,2,-0.01831500045955181,0.16971899569034576,-0.07326000183820724
1451646562729,2,-0.020756999030709267,0.12576299905776978,-0.10134299844503403
1451646562745,2,-0.02930399961769581,0.05128199979662895,-0.17093999683856964
1451646562765,2,-0.06837599724531174,-0.16605599224567413,-0.04639799892902374
1451646562785,2,-0.08913300186395645,-0.49450498819351196,-0.00976799987256527
1451646562804,2,-0.1404149979352951,-0.782660961151123,-0.10744799673557281
1451646562829,2,-0.5335769653320313,-0.7789980173110962,-0.27350398898124695
1451646562845,2,-0.6984120011329651,-0.3846150040626526,-0.30036598443984985
1451646562865,2,-0.7655670046806335,-0.030524998903274536,-0.3199020028114319
1451646562887,2,-0.6947489976882935,0.004883999936282635,-0.35531100630760193
1451646562905,2,-0.5396819710731506,-0.1733819991350174,-0.39316198229789734
1451646562925,2,-0.26739898324012756,-0.4920629858970642,-0.41269800066947937
1451646562946,2,-0.10988999903202057,-0.5763120055198669,-0.514041006565094
1451646562967,2,0.05616600066423416,-0.7435889840126038,-0.617825984954834
1451646562986,2,0.13675199449062347,-0.8998770117759705,-0.6459090113639832
1451646563006,2,0.10988999903202057,-0.9804629683494568,-0.6581189632415771
1451646563026,2,-0.07936500012874603,-0.7435889840126038,-0.6410250067710876
1451646563047,2,-0.27228298783302307,-0.5567759871482849,-0.6349200010299683
1451646563067,2,-0.40781399607658386,-0.3028079867362976,-0.5604389905929565
1451646563094,2,-0.43589699268341064,0.06715499609708786,-0.4236869812011719
1451646563106,2,-0.586080014705658,2.2051260471343994,-0.10500600188970566
1451646563127,2,-1.1404139995574951,3.726491928100586,1.791206955909729
1451646563147,2,-3.253964900970459,3.997554063796997,2.4761879444122314
1451646563167,2,-3.380949020385742,4.4371137619018555,2.3296680450439453
1451646563190,2,-2.5653209686279297,4.218554973602295,1.954820990562439
1451646563208,2,-1.0586069822311401,3.168494939804077,1.492061972618103
1451646563228,2,0.2490839958190918,0.8241750001907349,0.9279599785804749
1451646563248,2,1.399266004562378,-2.7741119861602783,-0.6092789769172668
1451646563268,2,1.5567749738693237,-3.5286898612976074,-1.1611709594726563
1451646563288,2,1.8046380281448364,-3.6349170207977295,-1.5238080024719238
1451646563307,2,2.1977999210357666,-3.5579938888549805,-1.7435879707336426
1451646563328,2,2.3724029064178467,-3.650789976119995,-1.7948700189590454
1451646563348,2,0.8412690162658691,-2.0830259323120117,-1.1587289571762085
1451646563368,2,0.030524998903274536,-0.9853469729423523,-0.5836380124092102
1451646563388,2,-0.3748469948768616,-0.0378509983420372,-0.3150179982185364
1451646563409,2,-0.5311350226402283,0.44566500186920166,-0.23565299808979034
1451646563429,2,-0.3882780075073242,0.555554986000061,-0.15506699681282043
1451646563449,2,0.13430999219417572,0.03174600005149841,0.05372399836778641
1451646563469,2,0.3028079867362976,-0.0757019966840744,0.1465200036764145
1451646563489,2,0.3150179982185364,-0.06715499609708786,0.1843709945678711
1451646563509,2,0.22466400265693665,0.006105000153183937,0.20879100263118744
1451646563531,2,0.1135529950261116,0.14163599908351898,0.21977999806404114
1451646563549,2,0.07203900068998337,0.308912992477417,0.20146499574184418
1451646563575,2,0.18070799112319946,0.2661779820919037,0.12820500135421753
1451646563589,2,0.20634900033473969,0.10866899788379669,0.04761900007724762
1451646563613,2,0.1892549991607666,0.07692299783229828,-0.05250300094485283
1451646563629,2,0.10988999903202057,0.12576299905776978,-0.09157499670982361
1451646563649,2,0.008546999655663967,0.1623930037021637,-0.0866909995675087
1451646563671,2,-0.06104999780654907,0.08424899727106094,-0.0647130012512207
1451646563690,2,0.004883999936282635,0.00976799987256527,-0.040293000638484955
1451646563710,2,0.08424899727106094,-0.03907199949026108,-0.02930399961769581
1451646563731,2,0.10866899788379669,-0.030524998903274536,-0.012210000306367874
1451646563750,2,0.07692299783229828,0.026861999183893204,-0.01953599974513054
1451646563771,2,0.003662999952211976,0.059829000383615494,-0.03174600005149841
1451646563790,2,0.04151399806141853,0.02808300033211708,-0.008546999655663967
1451646563815,2,0.09523800015449524,0.0378509983420372,-0.015873000025749207
1451646563831,2,0.08913300186395645,0.05860799923539162,-0.015873000025749207
1451646563851,2,0.05860799923539162,0.06715499609708786,-0.004883999936282635
1451646563876,2,0.03418799862265587,0.0757019966840744,0.00976799987256527
1451646563896,2,0.0012209999840706587,0.015873000025749207,-0.004883999936282635
1451646563911,2,0.010989000089466572,-0.05372399836778641,0.025640999898314476
1451646563931,2,0.021978000178933144,-0.09035399556159973,0.03663000091910362
1451646563952,2,0.01831500045955181,-0.11233200132846832,0.03663000091910362
1451646563971,2,0.007325999904423952,-0.12332099676132202,0.035408999770879745
1451646563992,2,0.06104999780654907,-0.22466400265693665,0.07081799954175949
1451646564012,2,0.06959699839353561,-0.2637360095977783,0.08791200071573257
1451646564033,2,0.09401699900627136,-0.24786299467086792,0.097680002450943
1451646564052,2,0.06227099895477295,-0.16605599224567413,0.06959699839353561
1451646564072,2,0.035408999770879745,-0.07814399898052216,0.04761900007724762
1451646564093,2,-0.030524998903274536,0.014651999808847904,0.017093999311327934
1451646564113,2,-0.021978000178933144,0.030524998903274536,0.008546999655663967
1451646564133,2,0.006105000153183937,0.0647130012512207,0.01953599974513054
1451646564154,2,0.0024419999681413174,0.07081799954175949,0.0488400012254715
1451646564178,2,-0.040293000638484955,0.10012199729681015,0.05372399836778641
1451646564193,2,-0.08546999841928482,0.11233200132846832,0.04395600035786629
1451646564213,2,-0.19047600030899048,0.05372399836778641,0.054944999516010284
1451646564234,2,-0.2527469992637634,-0.03418799862265587,0.11965800076723099
1451646564261,2,-0.2551890015602112,-0.1733819991350174,0.17460300028324127
1451646564274,2,-0.19658099114894867,-0.30524998903274536,0.16605599224567413
1451646564294,2,-0.16971899569034576,-0.3199020028114319,0.11843699961900711
1451646564314,2,-0.06715499609708786,-0.21489599347114563,-0.017093999311327934
1451646564334,2,0.030524998903274536,-0.20879100263118744,-0.07814399898052216
1451646564355,2,0.1404149979352951,-0.26861998438835144,-0.09035399556159973
1451646564374,2,0.18314999341964722,-0.2429789900779724,-0.10134299844503403
